0.15	0.018976044342020718	5.590166513456431e-5
0.25	0.01900539784403587	3.19369797819194e-5
0.35	0.019050541795376658	2.585297761690803e-5
0.45	0.01915536726856768	1.4583654372213236e-5
0.55	0.019360907304672076	1.3829028303308593e-5
0.65	0.019451162306645002	1.2699836319338074e-5
0.7500000000000001	0.019630669404211053	1.0835060104134794e-5
0.85	0.01988458315719065	8.918819108054208e-6
0.95	0.02016251201585625	8.594627223066558e-6
1.05	0.020468776448863406	6.127222418733094e-6
1.15	0.020834373456509528	5.903909253052762e-6
1.25	0.021190600033781138	5.569374499261489e-6
1.35	0.021563643828116496	7.456307857037296e-6
1.45	0.022002861005349095	5.039146176577543e-6
1.55	0.022572136936225805	5.621553649499854e-6
1.65	0.023046082578544652	5.503701651102006e-6
1.75	0.023634326267243284	4.860569123274237e-6
1.85	0.024321744335274464	4.45475387370408e-6
1.95	0.025095984671911705	4.882020177404318e-6
2.05	0.0257672252095191	4.921748545225382e-6
2.15	0.026616455389533163	3.730234013707766e-6
2.25	0.027549659343371186	4.531192958423919e-6
2.35	0.028570980458173773	4.781716068134459e-6
2.45	0.029540573606030796	4.742733681205033e-6
2.5500000000000003	0.030755688701866436	4.769331612971289e-6
2.65	0.03203994202857249	4.492019870843392e-6
2.75	0.033391081504389734	4.651060958304902e-6
2.85	0.03488401507779169	4.0263346206917105e-6
2.95	0.03666281796807287	4.201925467414578e-6
3.0500000000000003	0.03831439596953013	4.455342977527596e-6
3.15	0.04026517959577266	4.889605520781967e-6
3.25	0.04247587514235687	4.7821266399531874e-6
3.35	0.045051125759520645	4.461565963699868e-6
3.45	0.0475359050743243	5.4575425012285834e-6
3.5500000000000003	0.05055746959359985	4.729689430773767e-6
3.65	0.053731074655838	4.829468120308659e-6
3.75	0.057488303664318695	5.6211339118337796e-6
3.85	0.06093028790056424	6.716789941810086e-6
3.95	0.06581653134240385	6.543857488986927e-6
4.05	0.07075563291297832	8.141476054628656e-6
4.1499999999999995	0.07637971068564346	6.934619098472959e-6
4.25	0.08240033035654244	7.521721926553697e-6
4.35	0.08998107275521072	9.949631043132664e-6
4.449999999999999	0.09762331578962151	1.0069748432784021e-5
4.55	0.1065616181867086	1.0808997878223756e-5
4.6499999999999995	0.11663180795010397	1.1092249794452706e-5
4.75	0.1290379639544768	1.4597774022342862e-5
4.85	0.14302575100227707	1.3548568133996713e-5
4.95	0.15938321643886327	1.6431367815134902e-5
5.05	0.17719205032034824	1.7466484672333915e-5
5.1499999999999995	0.19975823400104797	1.9251777002175883e-5
5.25	0.22435995721732016	2.113503864044705e-5
5.35	0.25497260752816936	2.2264378887676044e-5
5.45	0.2921154900343493	3.231129947116754e-5
5.55	0.3357741759254702	3.154026167889009e-5
5.6499999999999995	0.3871929952535873	3.6083074211860784e-5
5.75	0.453649358658595	4.7065961108357265e-5
5.85	0.5296089584822701	5.446234048020194e-5
5.95	0.6256402769636165	6.351916928087044e-5
6.05	0.7470495789228826	6.843777846727637e-5
6.1499999999999995	0.8998569125445779	9.572279848852021e-5
6.25	1.08300305154458	0.00013861059970457731
6.35	1.3023082942631632	0.0001442403993997786
6.45	1.5788441414901382	0.0001549038743557579
6.55	1.888838364085155	0.00019086143966950045
6.6499999999999995	2.2236097756263744	0.00024322953093023993
6.75	2.5375020387998246	0.0002719366184196916
6.85	2.7896512762613628	0.000326426958843223
6.95	2.9271587803225616	0.00036379768316995443
7.05	2.912935321639064	0.0003404212636560218
7.1499999999999995	2.7729247515450455	0.00028960923055535023
7.25	2.554850811649332	0.00030186110069511083
7.35	2.294148019321716	0.0002286101885182892
7.45	2.0413683510957332	0.0002323489743695649
7.55	1.816611038278564	0.00018935550512756916
7.6499999999999995	1.6059406245603338	0.00015369010382344618
7.75	1.4328052471017592	0.00015017060177860861
7.85	1.2816941631598644	0.00012114093524927872
7.95	1.1608981387058734	0.0001131049067318545
8.05	1.0602520390257033	0.00010025451943434254
8.15	0.9742750977235892	9.874837417376781e-5
8.25	0.9000066369715478	9.054630158978084e-5
8.350000000000001	0.8378974619266623	9.885052763111044e-5
8.450000000000001	0.7878071560727922	7.94521026765345e-5
8.55	0.7437101112241526	6.859514273125389e-5
8.65	0.7065469731774275	7.340287468885122e-5
8.75	0.6768441944941149	5.9549857911884906e-5
8.850000000000001	0.6511476594733459	5.833061119577759e-5
8.950000000000001	0.6293315965580565	5.665642342158687e-5
9.05	0.6121908299444346	4.826937781510293e-5
9.15	0.5980670006143872	6.548393897616231e-5
9.25	0.5870118377884436	6.020376446137816e-5
9.350000000000001	0.5786836369207856	5.6171699401883686e-5
9.450000000000001	0.5728871482597215	5.3202425845986224e-5
9.55	0.5694313503063837	6.749580733672004e-5
9.65	0.5682636199158542	6.250789698924913e-5
9.750000000000002	0.5693784939608185	5.0718070052486637e-5
9.85	0.572542045247676	5.7894170244055485e-5
9.95	0.5777433487029421	5.034609046765832e-5
10.049999999999999	0.5848548318262389	6.152071971305605e-5
10.149999999999999	0.5940875426263187	7.038816054428702e-5
10.25	0.6052524615893238	6.776512357751886e-5
10.35	0.6188789444046298	5.657804211552708e-5
10.45	0.6346513271254588	6.279801474713056e-5
10.549999999999999	0.65211411544524	6.332232978638077e-5
10.649999999999999	0.6722139504617504	6.636878125263778e-5
10.75	0.6954150952533656	8.21396807819245e-5
10.85	0.7205906638389032	7.493841272018314e-5
10.95	0.7472314404555581	8.944008468781951e-5
11.049999999999999	0.7776013709587815	7.246030300820358e-5
11.149999999999999	0.8103265410878225	6.974260437544427e-5
11.25	0.8444957026593128	9.423238930953262e-5
11.35	0.8814405062377239	7.689912139379219e-5
11.45	0.9203271440633103	9.091913912221298e-5
11.549999999999999	0.9611752046524029	9.023830785002573e-5
11.649999999999999	1.0026672196088602	8.852950962224523e-5
11.75	1.0443182100795445	0.00010880086042757598
11.85	1.0859536104667653	0.00011045103925242128
11.95	1.1259695093734199	0.00011005352469820495
12.049999999999999	1.164195929826446	0.0001102711489545699
12.149999999999999	1.199987466922759	0.00010389018561776772
12.25	1.2324526186843323	0.00012243255541288434
12.35	1.260164438847784	0.0001422914948200723
12.45	1.284249941559266	0.00014294401342557933
12.549999999999999	1.3038435927370844	0.00012798539438109321
12.649999999999999	1.3185794440513	0.00015758967951590912
12.75	1.3297498515062842	0.00014444541258649567
12.85	1.3366671693720815	0.00016104588452176973
12.95	1.3395249147950856	0.0001368915244362506
13.049999999999999	1.3386720325789847	0.00012438811248774488
13.149999999999999	1.3347145902201947	0.00012018211971964171
13.25	1.327640094622417	0.00012811938639417439
13.35	1.3171686666254456	0.00012139967956197423
13.45	1.303277630439831	0.00013525841412186974
13.549999999999999	1.2863066650759154	0.00014535514200455905
13.649999999999999	1.2663948660003892	0.0001298785854199346
13.75	1.2436954331929089	0.00011996925456838124
13.85	1.2176199692721956	0.0001236052060344741
13.95	1.1897480526385393	0.0001321288833859563
14.049999999999999	1.1599815248031822	0.0001129641552109187
14.149999999999999	1.1286412597032593	0.00010415469490428787
14.25	1.096774193163786	0.00012148220217278604
14.35	1.0647878111906857	7.806856607791177e-5
14.45	1.0334438457980764	9.748050121454243e-5
14.549999999999999	1.0029314744288884	0.00010684794964632007
14.649999999999999	0.9738484661796711	0.00011205423470547072
14.75	0.9462239935923961	0.00011090716403776048
14.85	0.9208138631057071	9.500460320117129e-5
14.95	0.8973746220105313	9.566467526406196e-5
15.049999999999999	0.8764984947414446	7.823050508985219e-5
15.149999999999999	0.8576147931771613	6.673959523594658e-5
15.25	0.8407183385329583	9.162943524248698e-5
15.35	0.8262763364842556	7.801241231809373e-5
15.45	0.8141204199867985	8.619441665282077e-5
15.549999999999999	0.8038921560460254	8.162335882897791e-5
15.649999999999999	0.7956227329102893	7.829458515288828e-5
15.75	0.7894350848715256	7.030480250169281e-5
15.85	0.7851164775876849	7.351284667644889e-5
15.95	0.7827810043817871	6.135923888210105e-5
16.05	0.7823551453121026	7.433226644611146e-5
16.15	0.7835639021422786	8.586620836457772e-5
16.25	0.786634628181265	7.94288426353374e-5
16.349999999999998	0.7913577333961009	0.00010371659212017693
16.45	0.7978774089355987	0.00012025597749887147
16.55	0.8059201045701814	8.350521540846845e-5
16.65	0.8155591253645044	9.539096946790834e-5
16.75	0.8267006491913456	0.00010246366384039562
16.849999999999998	0.8395419685428503	9.907433606865506e-5
16.95	0.8536422063746214	8.94155120439131e-5
17.05	0.8692913751245928	7.007339536639027e-5
17.15	0.8860766924207216	0.00010002645942168789
17.25	0.9038676698945467	0.00012796936608474392
17.349999999999998	0.9229002488262813	0.00013797705601043336
17.45	0.9426840796497324	9.54403248776428e-5
17.55	0.9627498872174549	8.085871795364618e-5
17.65	0.9837607245757429	7.518367446760658e-5
17.75	1.0049558431623213	0.00011823358224102253
17.849999999999998	1.0260177138176263	0.00012449426114029911
17.95	1.0464669895158645	8.268238854447954e-5
18.05	1.0664469433942043	0.00016976795648635792
18.15	1.0855976540113925	0.00010051138593925703
18.25	1.103490336249852	9.392178100719706e-5
18.349999999999998	1.1197771840765218	0.00012068588379267534
18.45	1.1343124760596397	0.00010541510167906178
18.55	1.1469673586003257	0.00010806000769640572
18.65	1.1575679168170045	0.0001111502775136433
18.75	1.1658691801147507	0.00016316759048462165
18.849999999999998	1.171598829074108	0.0001314387484419639
18.95	1.175051793755995	0.0001908089027644306
19.05	1.1764897337588087	0.00012344466147492784
19.15	1.1756430388789638	0.00012262890072804627
19.25	1.1723635103326147	0.00012439395678041945
19.35	1.1676827586920266	9.497973723213455e-5
19.45	1.1608131803480695	0.00010610031420610869
19.55	1.152654009661452	9.269181341156194e-5
19.65	1.1430547034841947	0.00010876483785591043
19.75	1.1320564440544092	0.00010374487763744388
19.85	1.1202106355367856	0.00010894506961814309
19.95	1.1074754910982283	0.00010882482319666982
20.05	1.0944433751208393	0.00010437045118812333
20.15	1.0805261711120397	0.00010105930344204872
20.25	1.066685203110592	0.00010742007700401745
20.35	1.0527248865548848	7.978942872758583e-5
20.45	1.0383585217216675	9.416439378070608e-5
20.55	1.0242086703156534	0.00010429557768090652
20.65	1.01021335747167	0.0001027492957562998
20.75	0.9968272334324767	9.285134870994895e-5
20.85	0.9837146106026958	0.00011513184049414922
20.95	0.9709353302348088	7.500179724942503e-5
21.05	0.9588873951103345	8.180669661365953e-5
21.15	0.9475017815969758	0.0001227147097544079
21.25	0.9367580833773362	9.027662675695776e-5
21.35	0.9269448902912595	0.00010323870283410435
21.45	0.9178686422813642	7.848304593576996e-5
21.55	0.9095376003209356	9.530824713783441e-5
21.65	0.902489533317089	7.732248887852833e-5
21.75	0.8964574484336778	0.00012099243083303216
21.85	0.8909855942909886	0.00011937819549453238
21.95	0.8868918094265466	0.00011888172607352665
22.05	0.8835152193753631	0.00010787721277574311
22.15	0.881169106051815	0.00010513578697442615
22.25	0.8803578037886833	9.024028349038034e-5
22.35	0.8804572481079092	8.662283394942548e-5
22.45	0.8813635818342482	7.51730570523765e-5
22.55	0.883740678182603	0.00011145572776416288
22.65	0.8866599685756665	8.524332592919773e-5
22.75	0.8908656475840055	0.00010500818084800902
22.85	0.8961034146959583	0.00011015891441121146
22.95	NaN	NaN
23.05	0.9093689305729684	6.918505134413387e-5
23.15	0.9172741694820381	8.934847604568575e-5
23.25	0.9262389941914704	9.668512130138764e-5
23.35	0.9356029585249773	0.00015963585550554953
23.45	0.9456956006806331	0.00014069526055730336
23.55	0.9562984323905945	0.0001507099890699473
23.65	0.9675317856182053	0.00015539311608996602
23.75	0.9791329358799993	0.00012013226219286805
23.85	0.9908650355083143	0.00010594389322450819
23.95	1.0026578984542105	9.99076809679596e-5
24.05	1.014537817006817	7.582860624883238e-5
24.15	1.0262907066867077	0.00013024722755650568
24.25	1.0377884219834221	0.00013948106110695728
24.35	1.0482983914359283	0.00012341407019696087
24.45	1.0586329757751336	0.00012095483022618323
24.55	1.0678452372008298	0.00016029482289949313
24.65	1.0766803232266182	9.767977285378791e-5
24.75	1.084628784399042	0.00011096659462495355
24.85	1.0908771225609777	0.00011094746582639823
24.95	1.0963129692243847	0.00010388379783067262
25.05	1.1003391451527207	0.0001063843678190404
25.15	1.1033790332035	9.174642204163589e-5
25.25	1.104791184192304	9.696906818903856e-5
25.35	1.1050129463812342	8.702479827333085e-5
25.45	1.1040107016715397	0.00019831815038064493
25.55	1.1018144366559661	0.00010681330996820343
25.65	1.0980985072181038	0.0001238043899840531
25.75	1.0940448168268846	9.142152244632372e-5
25.85	1.088633773506387	0.00010180924960728204
25.95	1.082457829695554	9.890352598822651e-5
26.05	1.0755882555176532	0.00010760670439091235
26.15	1.06802151340999	8.733065475045843e-5
26.25	1.0598856660621545	8.94834118556801e-5
26.35	1.0512547179162743	0.0002053167507467039
26.45	1.0430214763615682	0.00010267610749608138
26.55	1.0340106747580249	9.642920475971565e-5
26.65	1.024966329074529	7.560199906598888e-5
26.75	1.0159973596479543	0.0001132736134281835
26.85	1.0071158875505954	8.770486699001797e-5
26.95	0.9987512298893081	0.0001460240207784833
27.05	0.9902966394460816	0.00011912481638973349
27.15	0.9821242508340439	8.526141937483073e-5
27.25	0.9740702006257662	7.857385204668846e-5
27.35	0.966799839231006	9.174238340377954e-5
27.45	0.9599282518080077	0.00012314570396026992
27.55	0.953499220618105	0.00012195484373455018
27.65	0.9480310408810095	0.0001396956695768429
27.75	0.9428170699690293	7.327365389366896e-5
27.85	0.9383714189071897	0.0002712346471065389
27.95	0.934450643207203	9.005236171083484e-5
28.05	0.9309946880203869	0.0001085547705122895
28.15	0.9282665281236667	9.320206682045063e-5
28.25	0.9261927574887313	9.844294218569257e-5
28.35	0.9248911381772884	0.00011363584377685914
28.45	0.9242716897741284	7.966538576807638e-5
28.55	0.9242886406407861	6.859746898989956e-5
28.65	0.9250445066767266	0.00022562506396826002
28.75	0.9262427162724233	6.651387693985017e-5
28.85	0.9282794005137233	0.00010732302620600459
28.95	0.9311041125750867	0.00014839880168646352
29.05	0.9341050478115125	0.0001330459511887874
29.15	0.9380951438482807	7.61826353758045e-5
29.25	0.9424450573842661	0.00010290834867596933
29.35	0.9476875753508851	0.00012158145496094376
29.45	0.9529315234661335	8.846981914051831e-5
29.55	0.9588424763298344	0.00012282205952318588
29.65	0.9653200930236254	8.079638394553467e-5
29.75	0.972035894056367	0.00013897384222519247
29.85	0.9788187338196938	9.930087567140908e-5
29.95	0.9861022994442245	6.944496286199547e-5
30.05	0.9931909563697471	8.814170169140451e-5
30.15	1.0013415299211301	0.00032621272935371326
30.25	1.0079146430181383	7.321765497953032e-5
30.35	1.0154394326149343	0.00011478093236279076
30.45	1.022189833509165	9.60430383839652e-5
30.55	1.029208875949786	9.695066298703879e-5
30.65	1.0354868976845595	0.00011480932229060914
30.75	1.0416909239933003	8.652660402225229e-5
30.85	1.0470765666170119	0.00042684615338937687
30.95	1.0523424547793974	6.97680542398673e-5
31.05	1.0565481334725562	0.00022435093588932744
31.15	1.060380511806028	9.112907806401649e-5
31.25	1.06321514186064	0.00011697413772940353
31.35	1.065734633219407	8.670545554914779e-5
31.45	1.0671523404337575	8.463794809233333e-5
31.55	1.0678674423149317	0.0001185736096414755
31.65	1.0677301947752045	8.600603054113939e-5
31.75	1.0668098228822145	0.00012209905333250405
31.85	1.0650424098930695	9.494609427990454e-5
31.95	1.0630537918972285	0.00013953453024757883
32.05	1.0600968347325066	0.00010507900940442798
32.15	1.056554708327873	0.00010916998864638549
32.25	1.0524478561538322	0.00010828522484978239
32.35	1.0478941845024956	0.0002862010053846718
32.45	1.042920623764121	0.00010349494709997712
32.55	1.0376171798049882	9.896707478498166e-5
32.65	1.0319867315905062	0.00013353521293712009
32.75	1.0260440358816525	0.00018539002256839218
32.85	1.0201476529992854	0.00016174530096237078
32.95	1.0140027866890788	0.00015348564775096945
33.05	1.0078710959795192	0.00012979152255904145
33.15	1.0022553593600063	0.00015327939722176425
33.25	0.9959496641210354	0.00014127979775966235
33.35	0.9904837623586564	7.070987946919929e-5
33.45	0.9850602158294136	9.945742760648757e-5
33.55	0.9796690260434181	0.00022483347884942853
33.65	0.9747400253860401	8.295228525614439e-5
33.75	0.9699459259923191	0.00010728491725688773
33.85	0.9657226079115059	7.818737148467382e-5
33.95	0.9609565295514233	0.0002870200127080937
34.05	0.9583470081441503	8.596184768126317e-5
34.15	0.9552408548763646	0.0001124640669112384
34.25	0.952854902077498	7.10766527809912e-5
34.35	0.9508617514333229	0.00017053205407975336
34.45	0.9492005784956808	9.980699027730734e-5
34.55	0.947930493472062	0.00010201683437296705
34.65	0.947288532511043	0.00011733216164752617
34.75	0.946861715184692	0.00012570784430005865
34.85	0.9475878634710933	7.050015660730576e-5
34.95	0.9483281443051458	0.0001235852744815169
35.05	0.9496477331383243	8.584256961848439e-5
35.15	0.9513153135806484	0.00010001949673073855
35.25	0.9535640689160931	0.00014953781955506762
35.35	0.956438837838178	0.00017319250116575613
35.45	0.959196886725771	0.00012004775241962985
35.55	0.9627566391131441	7.644032427998246e-5
35.65	0.9664023849036052	0.0001039178987026216
35.75	0.9703791254060665	0.00012824088876685938
35.85	0.9747947800641116	9.151192772803706e-5
35.95	0.9794995845743424	9.082265337675231e-5
36.05	0.9842304230065693	9.010369370957572e-5
36.15	0.9891034171542514	7.37267480188993e-5
36.25	0.9942000889918409	6.927672887563185e-5
36.35	0.9990563055451045	0.00010715377671987472
36.45	1.004092583340479	8.204769290030558e-5
36.55	NaN	NaN
36.65	1.0140634796186008	8.405729801847964e-5
36.75	1.01887394548778	8.537401210062847e-5
36.85	1.0230847300303745	0.00034957669981378953
36.95	1.0274153088112916	8.775531593127668e-5
37.05	1.0313542958634703	9.093208142851575e-5
37.15	1.0348322292196088	6.976345494249586e-5
37.25	1.0379897971609588	0.00010121163023615369
37.35	1.040857436355957	9.401597482334814e-5
37.45	1.043024334582641	0.00010521537302519957
37.55	1.0446950815525833	0.00015343122309567926
37.65	NaN	NaN
37.75	1.0467161859706453	0.00024946016088453883
37.85	1.0474041399552398	0.00021111928244472514
37.95	1.0470023052089266	0.00013615707768145822
38.05	1.0460842349401152	0.00011493544067030222
38.15	1.04482495800137	0.00013166784760153117
38.25	1.0432699536698706	0.000194622846044287
38.35	1.0408641380790322	0.00013045967011798284
38.45	1.0387420950097563	0.00017568338780942497
38.550000000000004	1.0354609328792836	0.00012153048505116049
38.65	1.0323354526565034	0.00015055584970115495
38.75	1.0287092313607515	9.47625669048652e-5
38.85	1.0249425375071426	7.795605533968655e-5
38.95	1.0210751087937597	0.00015047673260555798
39.050000000000004	1.0168500494961137	0.00015132237007338913
39.15	NaN	NaN
39.25	NaN	NaN
39.35	NaN	NaN
39.45	NaN	NaN
39.550000000000004	0.9955452539248334	7.690162179477893e-5
39.65	0.991433256841939	0.0001017128894378081
39.75	0.9876248320113994	6.92448662890158e-5
39.85	0.9838618287476202	7.788275636575388e-5
39.95	0.9803161948601165	0.00011150610226688687
40.050000000000004	0.976820694584161	0.00024469439884782743
40.15	NaN	NaN
40.25	0.9711531947659264	8.027239892201785e-5
40.35	0.968696414201683	0.00011423244767782261
40.45	0.9666816645278365	9.075009954714942e-5
40.550000000000004	0.9648650343971487	6.493579641439026e-5
40.65	0.9634617361680604	7.743447398260187e-5
40.75	0.9623256516020419	9.297847225560012e-5
40.85	0.9617337195837186	0.00012519142574368437
40.95	0.9611717140197068	8.629612270911979e-5
41.050000000000004	0.9613956422678962	8.639648972779288e-5
41.15	0.9619975909356083	0.00018671926792406112
41.25	0.962488075963489	0.00011969118677616036
41.35	0.9636907139201708	8.559981304841319e-5
41.45	0.9653198243431486	0.00010393167411575949
41.550000000000004	NaN	NaN
41.65	0.9688510964291612	0.00010965016979496011
41.75	0.9712109883130384	0.00010338828722957321
41.85	0.9739123170400318	0.00010624775550287466
41.95	0.9770017236971316	7.12557978329004e-5
42.050000000000004	0.9799468928519864	6.386120881449168e-5
42.15	NaN	NaN
42.25	0.9865348662443219	8.345091001797989e-5
42.35	0.990343607223001	0.00010481626131760039
42.45	0.9939100716023767	6.369749349049247e-5
42.550000000000004	0.9978456002252635	8.782626478093671e-5
42.65	1.0013188269061093	0.00017139556138894468
42.75	1.0050387024085194	7.603780644532395e-5
42.85	1.0089089935644453	9.902945777588484e-5
42.95	1.0121452137054676	0.00014119018524008257
43.050000000000004	1.0156024907331502	5.88747081309848e-5
43.15	1.0187873832921093	9.267203761058774e-5
43.25	1.0217900867080707	8.500605294553987e-5
43.35	1.0243824670521946	9.671146983855581e-5
43.45	1.027368923855655	0.000164297441985239
43.550000000000004	1.0290973284054679	0.0001445777637039289
43.65	NaN	NaN
43.75	1.0323932479176041	8.849430267937562e-5
43.85	1.0335560629873621	8.475523362204528e-5
43.95	1.0341665166461842	9.748610546998086e-5
44.050000000000004	1.0345122605606643	0.00011414362534154334
44.15	1.0348116209651599	0.00013666709861119794
44.25	NaN	NaN
44.35	1.0335401329462353	9.016502502305091e-5
44.45	1.0325665960522579	9.385048126449912e-5
44.550000000000004	1.0313362483898922	0.00010615500487029194
44.65	1.0295409972032141	8.488314549530918e-5
44.75	1.027672216241381	8.3135282358656e-5
44.85	1.025316541755018	7.813817746834848e-5
44.95	1.022960850576419	9.59468832937519e-5
45.050000000000004	1.0201654577953625	0.00019440911423544862
45.15	1.0175482572192927	9.535140384203e-5
45.25	1.0146092666633073	9.953265900989336e-5
45.35	NaN	NaN
45.45	1.00833196545774	7.803083282685746e-5
45.550000000000004	1.0051110291525889	0.0001443066214346311
45.65	NaN	NaN
45.75	0.9988936157483433	0.00022897637879980303
45.85	0.9956318149132152	6.533771258347767e-5
45.95	0.992389703209572	0.00010418786355977964
46.050000000000004	0.9895784446035821	9.510962742904397e-5
46.15	0.9868217163151003	7.62725767390285e-5
46.25	0.9842827803615241	0.000165812513923254
46.35	0.9817688637345192	0.00015080905044538782
46.45	0.979499316407297	5.768413631688019e-5
46.550000000000004	0.9774421379142073	6.69296747827849e-5
46.65	NaN	NaN
46.75	0.9741785461400373	6.663193285268679e-5
46.85	0.9728969883718891	0.0001143269709285757
46.95	0.9721751485279685	0.00013798306281352147
47.050000000000004	0.9711406268822229	6.959406991212535e-5
47.15	0.9707212991153001	8.279584268499532e-5
47.25	0.9707080501788644	0.00011300707046690969
47.35	0.9708378335546941	0.00012336476459518046
47.45	0.971135889890349	0.00010751845674662538
47.550000000000004	0.9715502465080774	0.00013120135221293038
47.65	0.9728619083297904	5.786680521318245e-5
47.75	0.9740278374560445	9.17388867126479e-5
47.85	0.9755441116873034	8.0781667753024e-5
47.95	0.9771835255656395	7.340845155805391e-5
48.050000000000004	0.9790582157455289	0.00011431575874757167
48.15	0.980807533307719	0.00023811723734182142
48.25	0.9833176972739214	7.813105288260381e-5
48.35	0.9858396307891986	0.00011499350547363269
48.45	0.9883960571966397	8.663405893093528e-5
48.550000000000004	0.9910364164731494	0.00011013438580147602
48.65	0.9936469179774194	8.192700331182915e-5
48.75	0.9965032446342231	7.085048357959492e-5
48.85	0.9993294932068217	8.609437996812892e-5
48.95	1.002268022419739	0.00010677961749740831
49.050000000000004	1.0049933448385746	9.222498853206484e-5
49.15	NaN	NaN
49.25	1.0104272219471986	0.00012045752711622993
49.35	1.0128223844290565	6.706416478723877e-5
49.45	1.0152979218101559	6.902332262721958e-5
49.550000000000004	1.0173999705681882	6.767820019693905e-5
49.65	1.0194245365440333	0.00011399749849443151
49.75	1.0214411743714737	0.00011065457630544972
49.85	1.0228691656192295	6.985407699836653e-5
49.95	1.024197761889842	0.0001611039624116958
50.050000000000004	1.0252647685398195	8.84928053501539e-5
50.15	1.0259454725027692	9.746855732834547e-5
50.25	1.0266457628753858	8.983873235610034e-5
50.35	1.026761547212204	8.958343616550019e-5
50.45	1.0265004041353867	0.00017650443054206187
50.550000000000004	1.0263266642086055	8.394729288839072e-5
50.65	1.025730657298581	0.00011533241104603442
50.75	1.0248601606972496	0.00011125147414886391
50.85	1.0235869791070373	0.00011696946677042517
50.95	NaN	NaN
51.050000000000004	1.0206836749817916	7.982539484271487e-5
51.15	1.018972309694419	0.00011275799870511706
51.25	1.0171120791385362	6.389978909224292e-5
51.35	1.0150336797150974	0.00010428326821206049
51.45	1.0128409998883958	9.892310787240754e-5
51.550000000000004	NaN	NaN
51.65	1.008084147871474	0.00010122857162284047
51.75	1.0056417668822777	8.749028157296615e-5
51.85	1.0031549689357706	0.00011698834682609422
51.95	1.0004507054701017	0.00010598747411076164
52.050000000000004	NaN	NaN
52.15	0.9956033776558114	9.189384024503256e-5
52.25	0.99332960956541	5.551042180938793e-5
52.35	0.9910499745384559	6.639828321462114e-5
52.45	0.9890243031337355	0.00016268451166619587
52.550000000000004	0.9871023066153802	0.0001527445581962269
52.65	0.985356501684312	0.00018251673989521215
52.75	0.9834314040844169	6.044166351898699e-5
52.85	0.9818136666486349	6.359547025685538e-5
52.95	NaN	NaN
53.050000000000004	0.9794010486241043	5.8990879389269245e-5
53.15	NaN	NaN
53.25	0.9777290225993021	0.00010613109525688185
53.35	0.9771846811232804	7.895142198785888e-5
53.45	0.9770379677438379	0.0001386610900413779
53.550000000000004	NaN	NaN
53.65	0.9769010021481718	0.00012477678384022764
53.75	NaN	NaN
53.85	0.9781805801831567	8.784372207015739e-5
53.95	0.9783885935741848	0.0001243228806193029
54.050000000000004	NaN	NaN
54.15	0.9811093621423594	0.00011715696872164943
54.25	NaN	NaN
54.35	0.9840665839882732	8.148285469619852e-5
54.45	0.9856662808769662	6.192974160336621e-5
54.550000000000004	NaN	NaN
54.65	0.9894553333399742	0.00010145657917099819
54.75	0.9915082500632028	0.00017988932133625028
54.85	0.9937245329249434	0.00012907209984946243
54.95	0.9958074050396862	9.488593786471467e-5
55.050000000000004	0.9982617074620079	9.858956659950747e-5
55.15	1.0002918227709277	9.596312792317427e-5
55.25	1.0024890035254537	8.590705430667987e-5
55.35	1.0056932525382256	0.00037068232748943086
55.45	1.0067266007538007	9.809605663258576e-5
55.550000000000004	1.0088240677803515	0.00011954085781844042
55.65	1.0108563042125873	0.0002331632931041207
55.75	1.012411155745437	0.0001816071312249531
55.85	1.0144193221342843	7.878125451158637e-5
55.95	1.0160099360521992	9.759873882109654e-5
56.050000000000004	1.0171185891213137	0.00016400888271523721
56.15	1.01844351389501	0.0001340171179204347
56.25	1.0188867521591782	0.00033823273067434145
56.35	1.0201137547069725	8.848075776020878e-5
56.45	1.020842088048418	0.00012232601633553063
56.550000000000004	1.0207397635380078	0.00016268092496777128
56.65	1.021507551541317	0.00012453440343950306
56.75	NaN	NaN
56.85	1.0208698783586345	9.391408245947098e-5
56.95	1.0201881548701133	0.0001072377915685772
57.050000000000004	1.0195376215949075	4.845633834643154e-5
57.15	1.0186446359681245	8.759769884834263e-5
57.25	1.0173126514184452	0.0001939487719939188
57.35	NaN	NaN
57.45	1.0147135347034284	9.6049655570113e-5
57.550000000000004	1.0129734728031405	7.060777422889413e-5
57.65	1.011474326533895	0.00013846251523718647
57.75	1.0095999021321638	9.280253525756053e-5
57.85	1.0074271572415248	0.0001898126402944176
57.95	1.0058548209267513	0.00011393927753583589
58.050000000000004	1.0037778016625545	0.00011512351312276628
58.15	1.001743441685091	0.00013772949931815253
58.25	0.9997898693271839	0.0001505007485750135
58.35	0.9978715422038569	0.00013116907596213287
58.45	NaN	NaN
58.550000000000004	0.9940843050444046	8.702502927903781e-5
58.65	0.9923654038137393	7.980553335358944e-5
58.75	NaN	NaN
58.85	0.9889935783031675	6.778768266614083e-5
58.95	NaN	NaN
59.050000000000004	0.9864552589587068	0.00015965023992279187
59.15	0.985024506015411	7.127613655330237e-5
59.25	0.9840266260112288	7.928329999055161e-5
59.35	0.9832378999214108	0.00010151812546116622
59.45	0.9823518298570424	8.050616675122838e-5
59.550000000000004	0.9818182278467543	0.0001342484726399606
59.65	0.9817027124780132	7.464962593573545e-5
59.75	0.9814055824587491	0.00014030266604970776
59.85	NaN	NaN
59.95	0.9818007303776978	0.0001097259896776616
60.050000000000004	NaN	NaN
60.15	0.982562029912423	7.983749349971322e-5
60.25	0.9833058573620373	9.465118640149356e-5
60.35	NaN	NaN
60.45	0.9851325325170477	7.494999996987113e-5
60.550000000000004	0.9868881965664019	0.0002607980068924065
60.65	0.9876377171498076	0.00016684742129857933
60.75	0.9891071956875149	6.368552135973975e-5
60.85	0.9904369801165147	0.00018779691829125567
60.95	0.992259023652296	0.00010682710924691048
61.050000000000004	0.9939291257576514	8.13620430358102e-5
61.15	0.9956037518945767	6.283331288401766e-5
61.25	0.9972848375794358	0.00012032415802497823
61.35	0.9990166716732756	0.0001000438299109186
61.45	1.000683532402268	0.00010153089254748202
61.550000000000004	NaN	NaN
61.65	1.00449897778819	9.036286293342746e-5
61.75	NaN	NaN
61.85	NaN	NaN
61.95	1.0093881939901723	0.00011048895010373732
62.050000000000004	1.0106907701813654	7.326306624773781e-5
62.15	1.0123958898013894	0.0001616231023790809
62.25	1.0131603717676412	0.00011749812272111632
62.35	1.0141786673811015	0.000101947597288778
62.45	1.0149894118276936	0.00011968627067200652
62.550000000000004	1.0158405486551554	8.088118144154317e-5
62.65	1.0165354627886678	0.000131431309996385
62.75	1.0167797193724564	0.00010529974273863071
62.85	1.017070394620236	8.82890519558208e-5
62.95	1.017199498641163	6.761216874937099e-5
63.050000000000004	1.0168487303164948	0.00011560608205990765
63.15	1.016720241936173	9.112615612218372e-5
63.25	NaN	NaN
63.35	1.0155163583891211	6.470658837321925e-5
63.45	1.0148450447618598	0.00017636286678041174
63.550000000000004	1.0137172463337984	0.0002349335315683797
63.65	1.0125659065336143	0.0001798740079854413
63.75	1.0115811306576845	7.446452795073545e-5
63.85	1.0103650158722974	0.00010613664088226677
63.95	1.0086488532655666	9.705200362398178e-5
64.05	1.0075330742990631	8.246480604775616e-5
64.14999999999999	1.0059765440452575	7.87053476399172e-5
64.25	1.0045854829414673	0.00015335541315271217
64.35	1.0026544856709552	0.0002060398365323912
64.44999999999999	1.0012334633695659	0.00011579411942027941
64.55	0.9994080706892645	6.916934633058045e-5
64.64999999999999	0.997876505230817	0.00010534835473887132
64.75	0.9964906087229564	0.00018827323999045853
64.85	0.9948160946636904	9.47098089258504e-5
64.94999999999999	0.9932933231505678	8.395467528760404e-5
65.05	0.9920059026062057	0.00011645869081409147
65.14999999999999	0.9908579408924594	0.00010667198210360929
65.25	NaN	NaN
65.35	0.988407018730397	9.259997134785312e-5
65.44999999999999	NaN	NaN
65.55	0.9866090633682175	7.735253768987772e-5
65.64999999999999	0.9858830479176426	0.0001279457146509973
65.75	0.9854271203721534	6.338077629772142e-5
65.85	0.9849644882982944	7.17811542292181e-5
65.94999999999999	0.9847958090218117	6.241270439604275e-5
66.05	NaN	NaN
66.14999999999999	0.9847389154803864	8.24060866011211e-5
66.25	0.9849604987194353	0.00010122908290286124
66.35	0.9853814269119525	0.00012887114335918763
66.44999999999999	0.9857195467427051	8.19789879342455e-5
66.55	0.9863630934490404	8.912053274443755e-5
66.64999999999999	NaN	NaN
66.75	0.9880002241536794	9.24700127102381e-5
66.85	NaN	NaN
66.94999999999999	NaN	NaN
67.05	0.99136352254782	6.461206419246072e-5
67.14999999999999	0.9924458760745893	9.59953866404837e-5
67.25	0.9938956289624653	8.180500150683377e-5
67.35	0.9952540313884113	7.388266551776837e-5
67.44999999999999	0.9967739682525274	6.378780017163952e-5
67.55	0.9981795571107565	0.00013068427523185187
67.64999999999999	NaN	NaN
67.75	NaN	NaN
67.85	1.0024935256959302	0.0002290569381858509
67.94999999999999	1.0041508545430675	6.583005212204478e-5
68.05	1.0054937872677885	8.932631056407185e-5
68.14999999999999	1.0069087978047795	0.00013299436306599038
68.25	NaN	NaN
68.35	1.009001185828796	0.00010056031907708214
68.44999999999999	1.010210937079467	0.00010735552438556555
68.55	1.0112769446456042	8.606101974719749e-5
68.64999999999999	NaN	NaN
68.75	1.0127405067099755	5.576419433360557e-5
68.85	1.013297093576095	0.00013546642520615023
68.94999999999999	1.0139111371557035	8.684835313799608e-5
69.05	1.0141462953165232	9.748289792973232e-5
69.14999999999999	1.0140692329407563	0.0001658099623437729
69.25	1.014153587192134	0.00012267972447915798
69.35	1.014020029182226	7.52430776643844e-5
69.44999999999999	NaN	NaN
69.55	1.0134231755727774	8.539997535750899e-5
69.64999999999999	1.0129139257290054	0.00010563552245625025
69.75	NaN	NaN
69.85	1.011194041435263	0.00012017970900401269
69.94999999999999	NaN	NaN
70.05	1.0093411519928603	8.486358802679501e-5
70.14999999999999	1.0081453161184897	7.210810553443835e-5
70.25	NaN	NaN
70.35	1.0057560004853143	5.805503892043648e-5
70.44999999999999	NaN	NaN
70.55	1.0033808357753298	0.00010589821676464117
70.64999999999999	1.001854830471948	0.00017494413404187996
70.75	1.0004291968394787	0.0001528335216767566
70.85	0.9993095751165015	0.00011557237240963586
70.94999999999999	0.9978698635069506	6.607099536956196e-5
71.05	0.9964511055315519	0.00019019405748083566
71.14999999999999	0.9954601089169473	0.00013236757533996872
71.25	NaN	NaN
71.35	0.9930640073509577	9.39962846541107e-5
71.44999999999999	0.9919783697357681	6.904462428115146e-5
71.55	0.9910386620883375	8.217940886366454e-5
71.64999999999999	0.9900637376565655	9.657416381025858e-5
71.75	0.9893457294667389	8.547602349539177e-5
71.85	0.9887456113858711	5.3975836024886286e-5
71.94999999999999	0.9881873860563715	0.00010824039586610653
72.05	NaN	NaN
72.14999999999999	NaN	NaN
72.25	NaN	NaN
72.35	NaN	NaN
72.44999999999999	0.9871822821831945	0.00012796642971544132
72.55	0.9875180431726964	7.417821015250391e-5
72.64999999999999	0.9878723218485094	8.238675461180705e-5
72.75	NaN	NaN
72.85	0.9888497327090923	0.00011710390885434199
72.94999999999999	0.9894364857268598	7.838755299762823e-5
73.05	0.9902193456693956	5.760972383333058e-5
73.14999999999999	0.9910346077553277	6.680469206306509e-5
73.25	0.9917877754378724	0.00013142980366185713
73.35	0.9930975838443753	6.942876934277227e-5
73.44999999999999	NaN	NaN
73.55	0.9951897710358074	8.407671529815216e-5
73.64999999999999	NaN	NaN
73.75	NaN	NaN
73.85	0.9988403063671243	8.51590185794806e-5
73.94999999999999	1.0000131941054384	7.352364906641728e-5
74.05	1.0012883664651115	9.48307320446132e-5
74.14999999999999	1.0026832238675345	0.0002074972284458747
74.25	1.0037615466249803	0.00010165861297721239
74.35	1.0048500770368556	5.0429126053670866e-5
74.44999999999999	1.0058434198884425	0.00013436932624286783
74.55	1.0068897269677246	8.324189365987e-5
74.64999999999999	1.007861863371965	0.0001441035492970155
74.75	1.0088968368626943	0.00010041011695583347
74.85	1.0096103345660894	9.102081104920709e-5
74.94999999999999	1.0099231806358517	0.00024466496176028146
75.05	1.0108431268607587	5.840004341613239e-5
75.14999999999999	1.0111560666528066	6.362441454658815e-5
75.25	NaN	NaN
75.35	NaN	NaN
75.44999999999999	NaN	NaN
75.55	1.011876336047781	5.8434627821814884e-5
75.64999999999999	NaN	NaN
75.75	NaN	NaN
75.85	1.0110741367185647	8.450417425082353e-5
75.94999999999999	1.0106435797457398	4.994807190505401e-5
76.05	1.010038244715751	6.37712573051817e-5
76.14999999999999	1.0092931274841663	5.8831881559623646e-5
76.25	NaN	NaN
76.35	1.0076513616276759	7.4079283004436e-5
76.44999999999999	NaN	NaN
76.55	1.005608348644222	7.359900566679907e-5
76.64999999999999	1.0048421223007347	0.00010024766577977596
76.75	NaN	NaN
76.85	NaN	NaN
76.95	NaN	NaN
77.05	NaN	NaN
77.14999999999999	0.9992292643143906	0.0001440252573229758
77.25	0.99793528631838	6.516748854658343e-5
77.35	0.9968283658333279	8.93832533007624e-5
77.45	0.9958099522274805	9.346674920445507e-5
77.55	0.9948004253299639	9.7582126028171e-5
77.64999999999999	0.9937438938348584	6.535835842801701e-5
77.75	0.9929877768983069	8.51791378891861e-5
77.85	0.9921841013023824	6.966092532416162e-5
77.95	0.9915981060622171	0.0001112032442798833
78.05	0.9907595239011637	8.792996318791584e-5
78.14999999999999	0.990271336819118	5.2420809082924284e-5
78.25	0.9898282420077945	7.618035653947979e-5
78.35	0.9893998672616091	9.705089650793004e-5
78.45	NaN	NaN
78.55	NaN	NaN
78.64999999999999	0.9891071301394273	0.000101792892531256
78.75	0.9891590332595644	8.258541845997066e-5
78.85	NaN	NaN
78.95	0.9894867166068737	7.785311086051184e-5
79.05	NaN	NaN
79.14999999999999	NaN	NaN
79.25	0.9912377490065629	9.643437960469134e-5
79.35	NaN	NaN
79.45	0.9925597105665414	0.00013246364787060307
79.55	0.9934098817444337	7.988152618223596e-5
79.64999999999999	NaN	NaN
79.75	0.9952768299723297	8.94548780005662e-5
79.85	0.9961703634589623	8.287034972045566e-5
