0.15	0.036663064516521474	0.00011054824146334984
0.25	0.03678965150225478	5.598121032276253e-5
0.35	0.036999697420514545	4.285503625093535e-5
0.45	0.03709499478459835	2.3622722988275044e-5
0.55	0.03750052884927339	2.1096072566950823e-5
0.65	0.03775128726332386	2.3160327199934202e-5
0.7500000000000001	0.038162854536460976	1.541470191914384e-5
0.85	0.03861374358918827	1.7577181039567694e-5
0.95	0.0391089843571071	1.4788520665659407e-5
1.05	0.03968569309118057	1.1666581308642933e-5
1.15	0.04034137973804106	1.2914973184722845e-5
1.25	0.04098914485559255	1.0668584102251084e-5
1.35	0.04189741679870579	9.346336084061189e-6
1.45	0.0427764934657242	9.66934203477815e-6
1.55	0.043727806341942434	9.407517442479231e-6
1.65	0.04487090010396667	9.53638590108124e-6
1.75	0.04613035192822299	8.227373394632347e-6
1.85	0.04752759475095364	8.406203495436102e-6
1.95	0.04879975181493981	8.714654887460851e-6
2.05	0.05037503475715801	8.654789336537502e-6
2.15	0.052051528220607934	7.64511700982116e-6
2.25	0.054027592654126676	6.867451252063347e-6
2.35	0.05592767879895738	8.102832070948314e-6
2.45	0.057974196346274966	7.4844201577337195e-6
2.5500000000000003	0.06027807432999475	7.014248561647449e-6
2.65	0.06309893896853194	8.051987620687019e-6
2.75	0.06600403416534041	8.387910686023919e-6
2.85	0.06909763737443206	7.4924753110725075e-6
2.95	0.0724662221563608	9.235986222010208e-6
3.0500000000000003	0.07615881589303344	8.025521397198307e-6
3.15	0.08027133885528025	7.856649454594132e-6
3.25	0.0848497977592273	8.122409490809021e-6
3.35	0.0899377170686756	9.148437273623204e-6
3.45	0.095541528343575	8.622618516942282e-6
3.5500000000000003	0.1015738074694098	1.1195808816813574e-5
3.65	0.1078648261895727	9.797822051326556e-6
3.75	0.11578377217058712	1.3467467201530543e-5
3.85	0.12386456828807554	1.2663648700855142e-5
3.95	0.1336579566278706	1.027646154295959e-5
4.05	0.1435474209591524	1.466657631216661e-5
4.1499999999999995	0.1552354984924581	1.580321792725955e-5
4.25	0.1682685749327925	1.6635784699322223e-5
4.35	0.1834843870458322	2.0230906535638177e-5
4.449999999999999	0.20050701680064734	2.255587682944093e-5
4.55	0.21999739557133785	2.1763656150315472e-5
4.6499999999999995	0.2419670420886837	2.7740101476521344e-5
4.75	0.26778048982613034	2.7076138582446628e-5
4.85	0.2949593019866334	3.323153201192048e-5
4.95	0.33032092124046863	3.198540523806273e-5
5.05	0.3691437560401638	3.5913992992143034e-5
5.1499999999999995	0.41300770801271885	3.793583022745286e-5
5.25	0.4640146678834416	4.984718283385208e-5
5.35	0.5237161160354263	5.82603562163383e-5
5.45	0.5976926900937294	7.310153320935044e-5
5.55	0.6765791027788977	7.107140872881956e-5
5.6499999999999995	0.7740030731188482	7.313370677604713e-5
5.75	0.8856649602033005	7.937153072219599e-5
5.85	1.013901032021529	0.00010398756157927727
5.95	1.1503754552123655	0.0001232121991342493
6.05	1.3084733421382295	0.00013924486247304438
6.1499999999999995	1.4805636992524274	0.00012995617550736892
6.25	1.649077211540726	0.0001517996966016599
6.35	1.8137189684612114	0.00018287648749563718
6.45	1.9557937596295056	0.00021968810690550753
6.55	2.0628407532365367	0.00019989222706406047
6.6499999999999995	2.123639252332051	0.00019428521586959378
6.75	2.136503090548775	0.00019579085206709689
6.85	2.1033217943909057	0.0002057196755617207
6.95	2.030810717764278	0.0002256538195486563
7.05	1.9312530838916961	0.00019592594844360724
7.1499999999999995	1.818929189165846	0.00016412246936192297
7.25	1.7021198590397804	0.0001800813756580142
7.35	1.5873361377369932	0.00019553789137988572
7.45	1.473554665711208	0.00015469702244891263
7.55	1.371350575700196	0.0001277510304846479
7.6499999999999995	1.2803820683461629	0.00013587622853179277
7.75	1.195421825490408	0.00011734273130998784
7.85	1.1225909332663726	0.00010313356850730482
7.95	1.0549239352153807	9.040076159074219e-5
8.05	0.997048959350308	0.00010982294558382837
8.15	0.9465118580395818	0.0001166364587602115
8.25	0.9021624043709648	8.943737334778565e-5
8.350000000000001	0.8634630631951508	8.004748806809608e-5
8.450000000000001	0.8299795187903226	8.215410285296817e-5
8.55	0.8008981449054755	8.958282433929487e-5
8.65	0.7763810779102339	7.863041065577197e-5
8.75	0.7552876819827443	8.857309226816866e-5
8.850000000000001	0.737291951305809	6.838879803989553e-5
8.950000000000001	0.722817722432501	6.493325360984314e-5
9.05	0.7110930075413523	7.255674337495189e-5
9.15	0.7012293586543253	7.077714029278991e-5
9.25	0.6945342503482547	6.022761497725227e-5
9.350000000000001	0.6897133573885788	5.855405435079625e-5
9.450000000000001	0.6870185143537695	6.82238438979836e-5
9.55	0.6862423353016303	8.801655783568902e-5
9.65	0.6877637225552771	7.108006488647607e-5
9.750000000000002	0.6908348260617744	7.103715662930594e-5
9.85	0.6961060887151319	7.560123954909414e-5
9.95	0.7028152359411828	8.574700252874158e-5
10.049999999999999	0.7113740059770055	6.313525664622456e-5
10.149999999999999	0.7215403382278817	5.013897162691495e-5
10.25	0.7335624397722714	7.012280213278603e-5
10.35	0.7472831638904602	8.256949039510547e-5
10.45	0.7624427208666105	7.861705646679609e-5
10.549999999999999	0.7791833455166025	8.287831153028304e-5
10.649999999999999	0.797790475579587	8.281501795762875e-5
10.75	0.817917779372745	7.93711588404686e-5
10.85	0.839208796135766	7.564253317783297e-5
10.95	0.8618223335149132	7.263065503815519e-5
11.049999999999999	0.8860905624414466	0.00010030155740942768
11.149999999999999	0.9110416009970058	9.533942947450358e-5
11.25	0.9370262527398439	0.00010098070637342366
11.35	0.9635378005344384	8.646393152739757e-5
11.45	0.9907861595209976	0.00012046709160806815
11.549999999999999	1.017906123964152	0.00010250159399346993
11.649999999999999	1.0450721620396355	9.781577261673072e-5
11.75	1.071350569134341	0.0001287528692143828
11.85	1.097780285882338	0.00011561275016067234
11.95	1.1224464122482136	0.0001305449812446749
12.049999999999999	1.1457685074676882	0.00011925064857045252
12.149999999999999	1.1669699927002013	0.00014520547970251754
12.25	1.1862082199985813	0.00011023186527418182
12.35	1.203043295256875	0.00010757994309221573
12.45	1.216666584154099	0.00011591767367877533
12.549999999999999	1.227725807374635	0.00011294502943771782
12.649999999999999	1.235846345346135	0.00012225546778673853
12.75	1.2401837759209735	0.00013341986964801229
12.85	1.2416521612776312	0.0001285415451637922
12.95	1.2394165258753829	0.00010692777786782876
13.049999999999999	1.2344034381374278	0.00012401450986746778
13.149999999999999	1.2263579043015322	0.0001459374150285304
13.25	1.215473352257945	0.00013162397374009966
13.35	1.2016869568768451	0.00012915419610290006
13.45	1.1861816552864988	0.00013380929378100102
13.549999999999999	1.1686049662809017	0.00012029652906006955
13.649999999999999	1.1496667878254663	0.00012788836942261977
13.75	1.129646307875974	0.00010735990634276706
13.85	1.109034886801186	9.010548860366989e-5
13.95	1.0878481530764612	0.00011295951409791788
14.049999999999999	1.0667569814995437	0.00010040314380355638
14.149999999999999	1.0457511472038186	9.236648370884787e-5
14.25	1.025656955114723	0.0001125325558841374
14.35	1.0059990683597122	0.00010164826359574518
14.45	0.9873007352399026	9.98248567539363e-5
14.549999999999999	0.9695928425610689	9.857376109078842e-5
14.649999999999999	0.9531943343812473	9.797320848562853e-5
14.75	0.9377300901121747	8.943515745257408e-5
14.85	0.9237301143201904	9.440366359870533e-5
14.95	0.9111180199107161	8.417797224651018e-5
15.049999999999999	0.899757200028527	9.318477174209434e-5
15.149999999999999	0.8898784091322134	9.463615491163667e-5
15.25	0.8812779534745881	0.00010586887088138823
15.35	0.8743463321481927	0.00010645623507230887
15.45	0.8683446459114554	7.910631039570367e-5
15.549999999999999	0.8637802900416208	0.00011406954809308856
15.649999999999999	0.8607565529864938	8.603980081082308e-5
15.75	0.8585534223961324	8.980589662329982e-5
15.85	0.8581214194899833	7.571054635584058e-5
15.95	0.8586584836541313	7.915308820943857e-5
16.05	0.8604946794383942	9.314242027461422e-5
16.15	0.8633170288321935	8.227725111071531e-5
16.25	0.8675416627284018	9.082269374540297e-5
16.349999999999998	0.872543948922797	7.80227670826478e-5
16.45	0.878552339616165	0.00013050011416805798
16.55	0.8856877820846814	9.855326643416278e-5
16.65	0.8937630671267708	9.147221251301017e-5
16.75	0.9027078788383062	9.443214598752191e-5
16.849999999999998	0.9125604523730427	8.907234816642024e-5
16.95	0.923026310294064	7.979213285660197e-5
17.05	0.9340259601921056	7.841549337776509e-5
17.15	0.9456948537994165	0.00010191696060571556
17.25	0.9577666312682056	9.30025453708811e-5
17.349999999999998	0.9702918356280229	0.00011773456379545208
17.45	0.9828569539115918	8.862510445551685e-5
17.55	0.9956266261641986	9.128420866528003e-5
17.65	1.008346087727814	0.00010301181336128981
17.75	1.0207787473188914	8.698121405118602e-5
17.849999999999998	1.0330654211047543	0.00011167140546543711
17.95	1.04484881093795	0.00013674139855810396
18.05	1.0556877207361874	0.00010836208703474264
18.15	1.066283497306025	8.501039102793418e-5
18.25	1.075820066834911	0.0001347382728065804
18.349999999999998	1.0844707454723237	0.00011813650060568564
18.45	1.0918012450054682	0.00012610150094199553
18.55	1.098035061164646	9.304494565217511e-5
18.65	1.1033737449508192	0.00020648293666751137
18.75	1.1074410635623846	0.00011678611656514
18.849999999999998	1.1095827475381854	0.00010146134427338985
18.95	1.1107578031566254	0.00015233290834860876
19.05	1.1106965540104723	0.0001224585470099434
19.15	1.1094533014278145	0.00011295573684424749
19.25	1.106829172139336	0.00011065671188303118
19.35	1.103160714824891	9.15979016077783e-5
19.45	1.0981357149619115	0.00012126620855187687
19.55	1.0924266304067898	9.759958214784673e-5
19.65	1.0858292426535145	0.00011161639014937994
19.75	1.0784019586463673	0.00010725334901639288
19.85	1.0702930490653153	0.0001266663435787021
19.95	1.0617195468718377	0.00010058669748299294
20.05	1.0528607913143844	0.00012477045810001307
20.15	1.043568312468701	9.968247917603813e-5
20.25	1.0339518122510454	9.031417871272843e-5
20.35	1.0242801947300102	0.00014427491799583973
20.45	1.0150778934712763	0.00013841419805011576
20.55	1.005542486685712	0.00012280140088286807
20.65	0.9964368897958533	7.98802370288085e-5
20.75	0.987657428964836	0.00011485827669477601
20.85	0.9791281119796282	9.252429372887939e-5
20.95	0.9712102343475914	0.00019098123831536856
21.05	0.9636528393508645	0.00016100258112387988
21.15	0.9567384655336846	0.00014697780041527465
21.25	0.9501026072349095	0.00010600639348265564
21.35	0.9442268152819547	0.00012971660571123685
21.45	0.9392836771143586	0.00011031201907868444
21.55	0.9348788860072584	8.618776164931784e-5
21.65	0.9309883368659583	8.48823550075794e-5
21.75	0.9280040185213312	8.180666292437542e-5
21.85	0.9256771585565127	6.830304730833928e-5
21.95	0.9240843266526972	7.401031286891253e-5
22.05	0.9229693900923033	0.00010933787602904499
22.15	0.9230643352499359	7.381702002281105e-5
22.25	0.9233864431763423	8.734843354883928e-5
22.35	0.9249135775690002	0.0001229761952635534
22.45	0.9267689511989381	0.0001406063099479887
22.55	0.9292108844750626	0.00012680495559428908
22.65	0.9324571845550941	0.00012514640079300553
22.75	0.9359351934998095	0.0001172555162840631
22.85	0.9406428773207578	9.779715916467364e-5
22.95	0.9453335115096576	8.808550162815371e-5
23.05	0.9507656798713918	8.072164940170955e-5
23.15	0.9565505328658865	7.055133473209723e-5
23.25	0.9627249840296124	9.458874998074615e-5
23.35	0.9690937557628747	9.508509099479532e-5
23.45	0.9758925619969806	7.79501262488978e-5
23.55	0.9828150714004127	0.00012368149720725513
23.65	0.9898440166162527	0.0001008559226259901
23.75	0.9973338856471686	0.0002051768467160439
23.85	1.0039753830183542	0.00013530428060370354
23.95	1.0110374194978946	0.00010319586342368993
24.05	1.0176991113438907	0.0001278554035250104
24.15	1.0244486653616498	0.00010390158790245487
24.25	1.0308857366204451	0.00011417370320693392
24.35	1.036653724581276	9.568988214332414e-5
24.45	1.042088645182834	8.524689065477144e-5
24.55	1.0469342569725868	0.00010636631768052822
24.65	1.0514232569865938	0.00019470351016658726
24.75	1.0550391407104684	8.873998712747189e-5
24.85	1.0582537886892078	0.00010465891379095854
24.95	1.0606449048308109	7.891978468846992e-5
25.05	1.0621140550518722	0.000335594041455898
25.15	1.0631657903087972	0.00013944323630642414
25.25	1.0633981151114043	0.00011105997793831122
25.35	1.063243766660554	0.00010500682477426488
25.45	1.062151693294623	9.153529264095393e-5
25.55	1.0602813223167211	8.951990753599566e-5
25.65	1.0580033078463127	0.0001757832640431063
25.75	1.054928642211092	9.752874629165707e-5
25.85	1.051356557733294	0.00012980386956810101
25.95	1.047411954314409	0.00011042008194649911
26.05	1.0431694364810906	9.678603249584421e-5
26.15	1.0384124997649717	8.238866797185029e-5
26.25	1.0333876073473853	0.00010164918755605069
26.35	1.0277177520206435	0.00011541122794690573
26.45	1.0224496285972817	8.208801030927248e-5
26.55	1.0167693294053117	0.00010462828999525063
26.65	1.0110374041796468	0.00024297020833386585
26.75	1.0059257555115233	7.515935722497434e-5
26.85	1.0001599323525314	7.246003372869488e-5
26.95	0.9946962950555657	0.00011732876742626265
27.05	0.989495177534326	8.764752674764147e-5
27.15	0.9846166078779441	9.809014578068412e-5
27.25	0.9798027199737506	7.151457464440783e-5
27.35	0.9753201646781834	7.812791409168241e-5
27.45	0.9711441959950559	0.0001279576876018157
27.55	0.9673314177108443	0.00010660286838113763
27.65	0.9639243118909319	0.00015981622764300676
27.75	0.9609961770828178	7.062079432146617e-5
27.85	0.9582492987938419	0.00014515198695898212
27.95	0.9563002357626619	6.913742473910729e-5
28.05	0.9544248132629001	7.472421336093042e-5
28.15	0.9532425839051748	9.881946459540868e-5
28.25	0.9524071767135474	9.105874053923748e-5
28.35	0.9520477315768692	9.479673263288171e-5
28.45	0.9522535170727758	7.647571181585393e-5
28.55	0.952681548721988	0.00016847723517846236
28.65	0.9537795554049106	7.302638343584807e-5
28.75	0.9551723588253935	9.707041886542926e-5
28.85	0.9569875416572924	9.112397364071458e-5
28.95	0.9593972604521439	9.79092463270728e-5
29.05	0.9616177462818779	7.742024746611104e-5
29.15	0.9647780248785061	8.253403001313124e-5
29.25	0.9680362617360554	0.00017869628242195848
29.35	0.9715268892239338	0.00010233076618147718
29.45	0.9752581621163778	8.782071514965855e-5
29.55	0.9793127942861735	0.00011968497953403707
29.65	0.983466233905001	0.00012077174278114344
29.75	0.9876560468135079	0.00011490531503755472
29.85	0.992070052393497	9.113077900250293e-5
29.95	NaN	NaN
30.05	1.0010632299780229	8.324369682680324e-5
30.15	1.0053994994373248	0.0001235491707018398
30.25	1.0094675827238861	0.00014665909809993951
30.35	1.0140170327720706	0.00010649223581083277
30.45	1.017772703667337	9.87884712879445e-5
30.55	1.021843320686539	0.0001064436770213048
30.65	1.0252825186613408	9.230482035741847e-5
30.75	1.0286584695753656	7.542110838858968e-5
30.85	1.031655216590898	9.261386661281852e-5
30.95	1.034050885210401	9.539953875798301e-5
31.05	1.0363908527336025	0.00012527533256036767
31.15	1.0380985461358214	0.00011894767737087148
31.25	1.0396210585662728	8.684898177803427e-5
31.35	1.0404011260660282	8.064102321290428e-5
31.45	1.040910272368101	8.250196922354841e-5
31.55	1.0408906685155308	0.00012460519811947372
31.65	1.0403953205774408	0.0001274629825150512
31.75	NaN	NaN
31.85	1.0384229022580689	9.71599321053021e-5
31.95	1.0367282911222584	7.57671454248285e-5
32.05	1.0346721627325988	0.000100746389206761
32.15	1.0326381546450443	9.650727293533501e-5
32.25	1.0301534725351047	0.00012749155085562062
32.35	1.0268437652765996	7.636609829014015e-5
32.45	1.023687189332057	0.00013416557159220575
32.55	1.0204231894002114	0.00011898086763673962
32.65	1.0169979478292535	0.00011919744705373419
32.75	1.013199206601283	0.00013552641465061963
32.85	1.0096280447410029	0.00010428189674674477
32.95	1.0059211419692355	0.00014014555940771733
33.05	1.0022770850665972	0.00011926972524588857
33.15	0.9986184226120336	0.00010063554516060182
33.25	0.9952030480001283	8.698898836454563e-5
33.35	0.9916748587957067	0.00014972997978202087
33.45	0.9882654557093908	7.519783982698644e-5
33.55	0.9849440980146085	0.00012818913066616177
33.65	0.982321309611576	0.00012110459280589503
33.75	0.9795827537618514	7.497265656521208e-5
33.85	0.9768651372239554	0.00011153283339560294
33.95	0.974733718893815	7.810990952741755e-5
34.05	0.9728986437331332	0.00015510427962010716
34.15	0.9711366997480343	0.00013837560024761224
34.25	0.9696728051682203	5.9970077112674614e-5
34.35	0.968593131471478	9.627177844552724e-5
34.45	0.9679910242292273	0.00019101926248668507
34.55	0.9674567990964544	0.00010632036365080082
34.65	0.967303299433501	8.594532180331919e-5
34.75	0.9674506089714703	7.512311513036391e-5
34.85	0.9680912595784877	7.399418006114763e-5
34.95	0.9686766084395063	8.756665739562404e-5
35.05	0.9695939428750338	0.000311139938488468
35.15	0.971507183347769	0.0001346549977655865
35.25	0.9727530778906278	9.772478404153702e-5
35.35	0.9749039213550721	0.00010526547531339624
35.45	0.9769724806484114	0.0001680940930296378
35.55	0.9791952833441334	7.818279189987848e-5
35.65	0.9817284319482313	0.00014112856538046892
35.75	0.9844151729212482	9.271161619632168e-5
35.85	0.9872832741831877	8.750882814184655e-5
35.95	0.9902009883534602	0.0001053215149684858
36.05	0.9930931727361002	6.298065283198092e-5
36.15	0.9960093275620594	9.674145419022307e-5
36.25	0.9992215965724899	0.00013189071348970033
36.35	1.0023449258475134	9.052273943158012e-5
36.45	1.005208737864523	9.214232728427353e-5
36.55	1.008317934341364	0.00019568598267689138
36.65	NaN	NaN
36.75	1.0136626865356677	0.0001742414641558039
36.85	1.0163782118750635	9.539271517982351e-5
36.95	1.018451862940592	8.937040519899767e-5
37.05	1.0207336420273456	0.0001391954305539803
37.15	1.0227190491374092	0.00011117566645410508
37.25	1.0244544026779594	8.505854593648664e-5
37.35	1.0257699387100245	0.00010923594712119699
37.45	1.026875073693702	6.641138488830956e-5
37.55	1.0276844026153928	9.665518992347881e-5
37.65	1.0282893020259838	0.00013426652543051536
37.75	1.0284796129437326	7.631880790424582e-5
37.85	1.0282826976064479	0.00019770188106282743
37.95	1.0280918629905704	0.00015144143223259806
38.05	NaN	NaN
38.15	NaN	NaN
38.25	1.0251220851950889	0.00025896517050750183
38.35	1.0235994523617422	8.609837235227063e-5
38.45	1.0221278671953304	0.00011015331889568407
38.550000000000004	1.0203074147856532	8.524406836579016e-5
38.65	1.0181933891489643	0.00014840727951153922
38.75	1.0156779826585443	0.00012004759049660761
38.85	1.0134743415353813	0.00010014499465323377
38.95	1.0110780896671006	7.739862413955492e-5
39.050000000000004	1.0085841056828895	0.00014182740233812847
39.15	1.00576829555548	0.00010976217245505433
39.25	1.003304002253635	0.00016805987831896207
39.35	1.0007790394689713	0.00011551682457504604
39.45	0.9981103154216652	9.054592594149024e-5
39.550000000000004	0.9956389588781209	0.00010076303270235151
39.65	NaN	NaN
39.75	0.990777306740779	7.751149407692915e-5
39.85	0.9886195345528342	8.298126717452354e-5
39.95	0.9865134397816366	8.400067412330645e-5
40.050000000000004	0.98480218245127	0.00021561568776451746
40.15	0.9828833159245944	9.60952713098509e-5
40.25	0.9810759863148819	0.0001532293773580592
40.35	NaN	NaN
40.45	0.9786919478157516	6.942336220009536e-5
40.550000000000004	0.9778895832896412	0.00011441580125626289
40.65	0.9770347776087831	9.795184934855844e-5
40.75	0.9767156178800329	0.00013980208627031686
40.85	0.9763875585534478	0.00012036892780721872
40.95	0.9764184324586093	8.862849683313107e-5
41.050000000000004	0.9765602273916382	0.0001311726372157553
41.15	0.9769537158405073	8.761170223546016e-5
41.25	0.9775552773948085	8.991101557974215e-5
41.35	0.9784276478812666	0.00014633483376746045
41.45	0.9795780651186449	8.145811756496919e-5
41.550000000000004	0.9807257677655352	0.00011450962315763186
41.65	0.9822658718841905	5.472627563747144e-5
41.75	0.9838191919181888	7.341658062597921e-5
41.85	0.9854889945634951	0.00015804721223065083
41.95	0.9873544343516153	8.654610743801335e-5
42.050000000000004	0.9894046239551244	8.298209095909604e-5
42.15	0.9915292651526068	8.669492252176903e-5
42.25	0.9935925377248435	0.00010859780531286894
42.35	0.9959422999776169	0.00011298604970431206
42.45	0.9978525330554701	0.00015434679329346044
42.550000000000004	1.0002862445692038	0.00010428900415860962
42.65	1.0023968009553124	0.00013191046387994512
42.75	1.0046249314417393	0.00017200475920636066
42.85	1.0066891455337175	0.00012281261239390162
42.95	1.008842525267749	0.000108801365872291
43.050000000000004	1.0109025120652677	8.19225617124169e-5
43.15	NaN	NaN
43.25	1.0141588984930539	0.00012456809418950903
43.35	1.0158689763647475	0.00010954551186654025
43.45	1.0171294861585853	6.570326422156991e-5
43.550000000000004	1.0179108646172528	0.00037165610308465463
43.65	NaN	NaN
43.75	NaN	NaN
43.85	1.0205235061217124	0.00017575724564433448
43.95	1.0207989434229807	0.00011778275702952353
44.050000000000004	1.020891302737514	7.54658385628335e-5
44.15	1.0208183775776372	7.39440006798815e-5
44.25	1.0202369849377846	0.00019003332540891592
44.35	1.0196916668268599	0.0001327942008804575
44.45	NaN	NaN
44.550000000000004	1.0181103003827017	7.96583253508465e-5
44.65	1.0170936116448266	9.750209903643654e-5
44.75	1.0159031233951843	0.00015253499921453098
44.85	1.0146605636028112	0.00010454340151419673
44.95	1.0130068258013387	8.67816668491365e-5
45.050000000000004	1.011484723993479	0.0001343449277714517
45.15	1.0096605260316962	8.04000882387347e-5
45.25	1.0076129819477708	0.00014747420123389796
45.35	1.0058270750133809	7.522020856597867e-5
45.45	1.0040100395273912	0.00011255770003937868
45.550000000000004	1.0018606835622568	0.00010458186753474353
45.65	0.9999132126996355	0.00010928959488816576
45.75	NaN	NaN
45.85	0.9962866078973974	7.893715013032878e-5
45.95	NaN	NaN
46.050000000000004	0.9926632083489203	0.00012521953146016836
46.15	0.9911355642625285	0.00012655223695211788
46.25	0.989423271455193	0.0001438609252339127
46.35	NaN	NaN
46.45	0.9868416155847821	0.00010171934235474088
46.550000000000004	0.98557832795059	8.38726463390552e-5
46.65	NaN	NaN
46.75	0.9837588315307948	9.442314873826873e-5
46.85	0.983212557624913	8.685423674455139e-5
46.95	0.9827059979138772	9.34616998688803e-5
47.050000000000004	0.9823160190946849	0.00010099317195746425
47.15	0.9820417564802472	5.1557702419043064e-5
47.25	0.9821511119474828	7.70060601927791e-5
47.35	0.9824265249685205	6.769418363413557e-5
47.45	NaN	NaN
47.550000000000004	0.9831943203935133	8.60019636704005e-5
47.65	0.9840021201951354	0.00013385784305522207
47.75	0.984673200742898	5.710928573786148e-5
47.85	0.985678807394315	9.230723275151314e-5
47.95	0.9869408171355282	7.16241869523253e-5
48.050000000000004	0.9881487065511088	0.0001308236972285823
48.15	0.9895111852088299	9.598585159452422e-5
48.25	0.9908521717892087	0.00013739769822977704
48.35	0.9925723977915788	0.00010671947378218288
48.45	0.9939562250591207	7.969242844685465e-5
48.550000000000004	0.9956018118062224	0.00023113492698119748
48.65	0.9973722241640728	0.00021024865238081025
48.75	0.9992399208727717	0.00013387095609574017
48.85	1.0007310112032977	6.080806626400153e-5
48.95	1.0024762927213815	0.00010402468733433648
49.050000000000004	1.0041274588746683	0.00010619063955760605
49.15	1.0057455331178675	0.00014639565593899557
49.25	1.0073337069435073	0.00013669868154770045
49.35	1.0086122497119296	7.947626705045202e-5
49.45	1.0099353954153605	0.00011780143329203141
49.550000000000004	1.0114357007371977	0.000161945305439665
49.65	1.0123333855776357	7.822199970864652e-5
49.75	NaN	NaN
49.85	1.0140810375263472	0.0001456665066176193
49.95	1.014993214594612	8.012578018991366e-5
50.050000000000004	1.0156581789707806	0.00011323902112138646
50.15	1.0156487819937952	0.00011735231291419119
50.25	1.0159382205167844	9.963496625065593e-5
50.35	1.015986193452735	0.00013262202157772555
50.45	1.0158765960033862	9.892909532993317e-5
50.550000000000004	1.015641394008182	9.055478054994641e-5
50.65	1.015056962930041	0.0001255887749459595
50.75	1.0144484439055856	7.591065599884786e-5
50.85	1.0139326534357855	0.00010193355772160175
50.95	1.0130342215632429	0.0001036033275185889
51.050000000000004	1.0120458834168296	7.6068868423767e-5
51.15	1.0110533607246484	0.0001545100496928328
51.25	1.009603127415498	0.00010629428440237358
51.35	1.0085275663079112	0.00010826096559008811
51.45	1.0069275646350868	7.797483524734611e-5
51.550000000000004	1.005473736351375	8.221090889858168e-5
51.65	1.004296469705602	0.00013832802343747465
51.75	1.002749886576545	0.0002854515077533957
51.85	1.0010526795757955	9.785618955967096e-5
51.95	0.9995853188842341	6.182317808594578e-5
52.050000000000004	0.99807444714147	0.00013497961047984945
52.15	NaN	NaN
52.25	0.9953622436596968	0.0001592993997882367
52.35	0.9939780248108973	0.00011546078128980349
52.45	0.9923016970459314	0.00012150487100261913
52.550000000000004	0.9915154215377293	0.0001521249870329681
52.65	0.9901251422193228	0.0001546600568583289
52.75	0.9894335275734989	5.327573626109318e-5
52.85	0.9885312450889697	5.561505849571057e-5
52.95	0.9876406632056142	0.00010261795336025096
53.050000000000004	0.9871228826963633	0.00013158435314970487
53.15	0.9866109894497526	0.0001418451514584566
53.25	0.9863363342874544	0.00012485469684591464
53.35	0.9861368957551881	8.936105625305736e-5
53.45	0.986028174064161	0.0001001675915627828
53.550000000000004	0.9861624799624567	0.00012312896829632007
53.65	0.9860636211083486	7.637720220779726e-5
53.75	0.9865331082843674	0.00016148196781218138
53.85	0.9869367815262806	0.0001146528615823108
53.95	0.9876827520761908	0.00017054711105340183
54.050000000000004	0.9882596311836309	7.92192076700233e-5
54.15	0.9891984243245081	8.493762853050704e-5
54.25	0.9901069108723051	0.00011178621260825655
54.35	0.9909325177405743	0.00010624217716001096
54.45	0.9920128125234554	0.00011095199892710756
54.550000000000004	NaN	NaN
54.65	0.9943265794955003	0.000129738697730928
54.75	0.9956912946186636	0.0001108639477105787
54.85	0.9969430416106344	0.00010793495738490593
54.95	0.9982599640983083	0.00010271719998722342
55.050000000000004	0.9997185640007181	0.00011801521949998759
55.15	1.0007826938955382	0.00010189880604261352
55.25	1.0023972767316012	0.00015646466071427015
55.35	1.0036730695480904	9.201381094665967e-5
55.45	1.0048631861819326	0.0001592214287012252
55.550000000000004	1.0061137968195337	0.00010695059265589171
55.65	NaN	NaN
55.75	1.0081458168014996	0.0001403730225629602
55.85	1.0091796537909081	9.450072481893379e-5
55.95	1.0097906142950723	0.00011196104805700111
56.050000000000004	1.010681667272355	0.00010772844440077313
56.15	1.0112924185878982	0.00011582183622980632
56.25	1.0120067522279652	0.00024064879942475715
56.35	1.0131573279573842	0.0008800494744685144
56.45	1.0126259733027418	0.00024619686469873103
56.550000000000004	1.0125084719075526	0.00011189254604263628
56.65	1.0126781346233433	9.762739695657775e-5
56.75	1.0122909218012826	0.00015900344168307153
56.85	1.0123446323612355	7.598295708338058e-5
56.95	1.011965681163526	8.976947404835145e-5
57.050000000000004	1.0112413284733361	0.00010854184657504889
57.15	1.0108361556157066	9.953622855740731e-5
57.25	1.0102724833051577	0.000130269657364434
57.35	1.009262286732246	8.201643371290823e-5
57.45	1.0085525208552135	0.0001919306822629712
57.550000000000004	NaN	NaN
57.65	1.0063830235482858	0.00012410769251295387
57.75	1.0052140197172879	0.00011299730733647078
57.85	1.0042270945289282	0.00010136416929384911
57.95	1.0029004605568848	0.0001282173385424768
58.050000000000004	NaN	NaN
58.15	1.0006417047200442	7.885785817384716e-5
58.25	0.9994023266429514	7.957631016019441e-5
58.35	0.9981563465319928	0.00012879068930643332
58.45	0.9970679260449374	5.691959784725725e-5
58.550000000000004	0.9959891693128375	6.616713637285098e-5
58.65	0.9948215436915998	8.969367707831455e-5
58.75	NaN	NaN
58.85	0.9930924465775217	7.187251385976427e-5
58.95	0.9920862914105324	8.985042648891106e-5
59.050000000000004	0.9913402027114515	7.893595261454035e-5
59.15	0.9905761951603198	8.055864026025651e-5
59.25	0.9900949701416732	6.975651172181309e-5
59.35	0.989433154275661	9.074030886341712e-5
59.45	0.9892537055409324	8.838124190786348e-5
59.550000000000004	0.9888611157510376	6.834319497813701e-5
59.65	NaN	NaN
59.75	0.9887378298743522	0.0001081583922331756
59.85	0.9888149495596267	6.52371604769256e-5
59.95	0.9890914980344226	9.048699176361087e-5
60.050000000000004	0.9893466371694075	0.00010719703902390845
60.15	0.9895525155163828	9.608990087228768e-5
60.25	0.9901334881144086	8.797995721403204e-5
60.35	NaN	NaN
60.45	0.9915419493060733	0.00011402805178359304
60.550000000000004	0.9923048522727129	8.093872486474564e-5
60.65	0.9928362512800604	7.221301001590363e-5
60.75	0.9938703103189025	0.00011532170952786092
60.85	NaN	NaN
60.95	0.9958820327546415	6.616057349803693e-5
61.050000000000004	0.9969022782546069	8.4209058547321e-5
61.15	0.9978306689588605	6.994354379037692e-5
61.25	0.999015499262155	0.00011184919484299022
61.35	1.0001886267388083	0.00012782271807920562
61.45	1.001158997868708	9.171424998570551e-5
61.550000000000004	1.002238922851928	7.531839702620892e-5
61.65	1.0033430611799488	0.00015775764891919864
61.75	1.004356898895842	0.00010978709810091183
61.85	1.0050880449795172	6.951512211017751e-5
61.95	NaN	NaN
62.050000000000004	1.0069134334042655	0.00022663127504321296
62.15	1.0076454786336935	0.00011641652979941428
62.25	1.0082756644446562	9.019214967990373e-5
62.35	1.0088111625287428	0.00014736861875316696
62.45	NaN	NaN
62.550000000000004	1.0097668292325928	9.936604384906522e-5
62.65	NaN	NaN
62.75	NaN	NaN
62.85	1.0101687962022539	9.170750352179682e-5
62.95	1.0102043423541178	8.700440863183967e-5
63.050000000000004	1.0100110962393607	7.719748980311469e-5
63.15	1.010033532841738	0.00013124146851309818
63.25	1.0095726655301305	9.211376610941937e-5
63.35	1.0091673041346398	9.162463447721003e-5
63.45	1.0086211302017367	0.00010276040452626761
63.550000000000004	1.0080324106394485	6.702137238123943e-5
63.65	NaN	NaN
63.75	1.0066642768816638	0.00012323691772698025
63.85	NaN	NaN
63.95	1.0049235509675758	7.66510464189246e-5
64.05	1.0039692399724471	8.736538076785545e-5
64.14999999999999	1.003398982325358	0.00012985931491868105
64.25	1.0021645680106586	7.74844819682359e-5
64.35	NaN	NaN
64.44999999999999	1.0002012574700245	0.0001436940089863011
64.55	0.9994020508034628	9.550724017148159e-5
64.64999999999999	0.9983174610879854	6.697929192784439e-5
64.75	0.9973103288752934	0.00010911734689366517
64.85	0.9964746472525843	0.0001095845267269125
64.94999999999999	0.9956426814924267	0.00014985979818888133
65.05	0.994690726549039	0.00010058454859571092
65.14999999999999	NaN	NaN
65.25	0.9933571862949521	6.516814253338979e-5
65.35	0.9925713616783867	0.00011708971550211984
65.44999999999999	0.9922682024087806	8.985328252014959e-5
65.55	0.9916590152853502	8.14470024533168e-5
65.64999999999999	NaN	NaN
65.75	0.991127921647322	0.00015251266917853498
65.85	0.9908877499466037	6.884756218374929e-5
65.94999999999999	NaN	NaN
66.05	NaN	NaN
66.14999999999999	0.9909760649403775	6.068199752980843e-5
66.25	0.9910135232270894	8.205631303387035e-5
66.35	0.9914920654518068	9.001767004283078e-5
66.44999999999999	0.9915570328519364	9.566344347487586e-5
66.55	NaN	NaN
66.64999999999999	0.9925434282396768	7.980248328399215e-5
66.75	0.9929039886431608	0.00011360165368919756
66.85	NaN	NaN
66.94999999999999	NaN	NaN
67.05	NaN	NaN
67.14999999999999	NaN	NaN
67.25	0.9967150079259038	7.290397999963592e-5
67.35	NaN	NaN
67.44999999999999	NaN	NaN
67.55	0.9992490419581723	0.00011448696645507546
67.64999999999999	1.000313398810866	0.00012192002345759554
67.75	1.0010459071387288	7.451719154632423e-5
67.85	1.0020651816361674	0.00011209565288695326
67.94999999999999	NaN	NaN
68.05	1.003789093249955	7.093575462438557e-5
68.14999999999999	1.0043136790225864	0.00012337947219458924
68.25	1.005269846562368	0.0001197875845402856
68.35	1.005784774740231	5.839486655825519e-5
68.44999999999999	1.0063712403755725	7.386642827192144e-5
68.55	1.006851144651559	6.103807883037393e-5
68.64999999999999	NaN	NaN
68.75	1.0078063317164818	7.341810579008807e-5
68.85	1.0080363781764132	4.4315779007247955e-5
68.94999999999999	1.0081831402470942	0.00011231138177924779
69.05	NaN	NaN
69.14999999999999	1.0087320657373962	0.00011573407915844824
69.25	NaN	NaN
69.35	1.008235583045246	9.742201506466074e-5
69.44999999999999	1.0078456973107723	0.0001585417511836215
69.55	1.0078783309723207	7.824499304231364e-5
69.64999999999999	1.0073963846759342	6.12386409526633e-5
69.75	1.0070023892387108	7.797985433743681e-5
69.85	1.0065149971896323	7.86264066954055e-5
69.94999999999999	1.0059378574075208	8.599838217843689e-5
70.05	NaN	NaN
70.14999999999999	1.0046669236595545	7.226896876849772e-5
70.25	1.0040384053340365	8.635298760696317e-5
70.35	1.00316759425357	6.063844864700336e-5
70.44999999999999	1.0023196318121028	5.0441795754218284e-5
70.55	1.0017277248422196	9.804743887342572e-5
70.64999999999999	1.000664301368307	8.572706854314532e-5
70.75	0.9999644657074888	0.00011484817271617697
70.85	0.9990858902357479	7.038207154698548e-5
70.94999999999999	0.9983957985583664	8.844787306974638e-5
71.05	0.9976272489956098	8.490770796595671e-5
71.14999999999999	NaN	NaN
71.25	0.9962448196344442	0.00011087716578760558
71.35	NaN	NaN
71.44999999999999	0.9950420016068654	0.0001039718757709729
71.55	0.9943339684785885	7.508253217758321e-5
71.64999999999999	0.9938712181623108	6.922828673667186e-5
71.75	0.9933719286557983	0.00014422527623371523
71.85	NaN	NaN
71.94999999999999	NaN	NaN
72.05	0.9925309479988285	7.583246400340684e-5
72.14999999999999	NaN	NaN
72.25	0.9922067034886788	5.689784897974985e-5
72.35	0.9922631449906671	5.002550292992272e-5
72.44999999999999	NaN	NaN
72.55	NaN	NaN
72.64999999999999	0.9927766245798678	0.00011048478935902393
72.75	0.9930650976310069	6.462534518944091e-5
72.85	0.9935224406248382	0.00010852538155386204
72.94999999999999	NaN	NaN
73.05	0.9944205158431277	8.396944500093113e-5
73.14999999999999	0.9947946123835932	8.128014084741437e-5
73.25	0.9953701150728632	0.00012244066325984245
73.35	0.9962546856363533	8.905946509473809e-5
73.44999999999999	0.9968214124936536	6.648086204789121e-5
73.55	0.9975341966798326	7.668151674687946e-5
73.64999999999999	0.9981672181339932	0.00010720120686386707
73.75	0.9989600257827245	9.545389542442006e-5
73.85	0.9994761374136192	8.151560861610354e-5
73.94999999999999	NaN	NaN
74.05	NaN	NaN
74.14999999999999	1.001856486940363	7.252474598223559e-5
74.25	1.0024867060427318	9.846437647831446e-5
74.35	1.0033196309315122	0.00011682257676536178
74.44999999999999	1.0037574169160193	8.007339336669781e-5
74.55	1.0044594582634567	6.477754375940479e-5
74.64999999999999	NaN	NaN
74.75	NaN	NaN
74.85	1.005793598493094	6.490476339376393e-5
74.94999999999999	1.0064253569830193	8.219873916556502e-5
75.05	1.00652426208661	0.00011812473388099999
75.14999999999999	1.00675203454078	0.00010214770490121378
75.25	1.0068950719462517	6.0724112795863006e-5
75.35	1.0070601547724027	0.0001020151976520908
75.44999999999999	1.006912722443409	0.00011764479450201566
75.55	1.006955937966265	5.591227501847905e-5
75.64999999999999	1.0069953050672797	5.37540107722045e-5
75.75	NaN	NaN
75.85	1.0065549849268047	7.778789065360042e-5
75.94999999999999	NaN	NaN
76.05	1.0058386944522024	0.00011231098509754377
76.14999999999999	1.0054303695701756	8.65385132344025e-5
76.25	1.0049838474096267	8.06867143057395e-5
76.35	1.0044401715437394	4.7119882201551666e-5
76.44999999999999	NaN	NaN
76.55	1.0031110311252074	9.664289715528324e-5
76.64999999999999	1.0024746016234596	0.00015712706834290888
76.75	NaN	NaN
76.85	1.0012348388094	8.652628109695185e-5
76.95	1.0004209839365652	0.00013479447624867048
77.05	0.9996816876843175	9.045695265686774e-5
77.14999999999999	0.9990537529899186	6.865366446871225e-5
77.25	NaN	NaN
77.35	NaN	NaN
77.45	NaN	NaN
77.55	0.9965860492560639	7.922838759017868e-5
77.64999999999999	NaN	NaN
77.75	0.995684076352426	0.00014613479981635214
77.85	0.9950096717608816	6.643589054134375e-5
77.95	NaN	NaN
78.05	0.9944413327665612	7.834040540604971e-5
78.14999999999999	NaN	NaN
78.25	0.9939316094179915	6.344093465638747e-5
78.35	0.9937506969814901	7.621624770619439e-5
78.45	NaN	NaN
78.55	NaN	NaN
78.64999999999999	NaN	NaN
78.75	0.9935506540337024	7.020675863491281e-5
78.85	0.9938082061515336	0.00012448226807148583
78.95	0.9937706003099851	9.000345496082142e-5
79.05	NaN	NaN
79.14999999999999	NaN	NaN
79.25	0.9948486538091957	8.403424032795583e-5
79.35	0.9953713714658176	5.681071761086411e-5
79.45	NaN	NaN
79.55	0.9959418237295995	0.00012542005151285323
79.64999999999999	NaN	NaN
79.75	0.9972778357089126	5.595144391675576e-5
79.85	0.9977889163147082	0.0001183642017445175
