0.15	0.018544968235312747
0.25	0.019378754921954514
0.35	0.01922352897937555
0.45	0.018935754543671104
0.55	0.019504396438814377
0.65	0.019502755322301793
0.7500000000000001	0.019636314935497178
0.85	0.019848959468267924
0.95	0.020181154462744412
1.05	0.020522218559217494
1.15	0.020768393707047594
1.25	0.021102098612658347
1.35	0.021501287292995264
1.45	0.021970307868129587
1.55	0.02258300552549763
1.65	0.02302518546619288
1.75	0.023706807838935716
1.85	0.024318686884419686
1.95	0.025090949603104325
2.05	0.025652242630780756
2.15	0.026613617981805286
2.25	0.02753591633742968
2.35	0.02852724106379198
2.45	0.02946814224661961
2.5500000000000003	0.03074516437117403
2.65	0.03200243205457421
2.75	0.03340505845374038
2.85	0.03495528092740978
2.95	0.036606865382544714
3.0500000000000003	0.03830648010552846
3.15	0.04017608890521733
3.25	0.04256639273054493
3.35	0.045061806227285395
3.45	0.047533918832416845
3.5500000000000003	0.050599458329152525
3.65	0.05366768929633468
3.75	0.05745279373837205
3.85	0.060796624286416835
3.95	0.06580750480104859
4.05	0.07087172150406258
4.1499999999999995	0.07638158839317723
4.25	0.0823692874801233
4.35	0.0900494307791017
4.449999999999999	0.09758501424290941
4.55	0.1065176867413218
4.6499999999999995	0.11669443270623042
4.75	0.12922513505708594
4.85	0.14288068911714308
4.95	0.15938143832205606
5.05	0.17740139528377927
5.1499999999999995	0.19971164081314954
5.25	0.2244453416212365
5.35	0.25518114858024654
5.45	0.2922766451478955
5.55	0.33567086819310654
5.6499999999999995	0.3874710847458399
5.75	0.4534570827387006
5.85	0.5290331591843431
5.95	0.6253828562043424
6.05	0.7479266782805548
6.1499999999999995	0.8986777151065067
6.25	1.0833372255177323
6.35	1.303558620334041
6.45	1.5798696940347317
6.55	1.8913026322007216
6.6499999999999995	2.2204835373561673
6.75	2.533805496556919
6.85	2.7871962726128627
6.95	2.9253116142044315
7.05	2.9121509071053207
7.1499999999999995	2.7758077369648886
7.25	2.5550574537318873
7.35	2.2941518596832995
7.45	2.043847291114
7.55	1.8177240217428776
7.6499999999999995	1.6044874759119874
7.75	1.4346628378919581
7.85	1.2823809303316602
7.95	1.161599043374207
8.05	1.0593122804695851
8.15	0.9748174877605484
8.25	0.9018564298931863
8.350000000000001	0.8375680704773785
8.450000000000001	0.787559479436523
8.55	0.7426874243527265
8.65	0.7062103756473432
8.75	0.6765560468547399
8.850000000000001	0.6515093661441207
8.950000000000001	0.6296404138570544
9.05	0.6115930448212712
9.15	0.5973543831580843
9.25	0.5869829561066239
9.350000000000001	0.5785750433479626
9.450000000000001	0.5726956402793979
9.55	0.5693845429527085
9.65	0.5686847587521188
9.750000000000002	0.5702477285056187
9.85	0.5724804829904923
9.95	0.5773799097473358
10.049999999999999	0.5852704695666298
10.149999999999999	0.593838112422137
10.25	0.6053140830601187
10.35	0.6200693844856856
10.45	0.6350168388545847
10.549999999999999	0.6515543243431667
10.649999999999999	0.6725704067861543
10.75	0.6965490306558038
10.85	0.7198341295190159
10.95	0.7480235052882779
11.049999999999999	0.777973354415263
11.149999999999999	0.8099758515416202
11.25	0.8446236212342054
11.35	0.8798706810854976
11.45	0.9200625846501137
11.549999999999999	0.9619814692843868
11.649999999999999	1.0025419601019845
11.75	1.044794012771916
11.85	1.086614027164117
11.95	1.1262282982492067
12.049999999999999	1.1651023721829534
12.149999999999999	1.202103692225226
12.25	1.2336383306999865
12.35	1.2576194988957077
12.45	1.2861314138268223
12.549999999999999	1.3043024951163023
12.649999999999999	1.3184360443877634
12.75	1.3288233047748714
12.85	1.3373097396448097
12.95	1.3394973981245144
13.049999999999999	1.3345404697912537
13.149999999999999	1.334344600248068
13.25	1.326323959226764
13.35	1.3163485006241467
13.45	1.3020156479804679
13.549999999999999	1.2862131308920761
13.649999999999999	1.2667141425135628
13.75	1.241797844502429
13.85	1.2189459199380173
13.95	1.190154401173656
14.049999999999999	1.1609445084840082
14.149999999999999	1.1268449735287573
14.25	1.0976911308740238
14.35	1.063516421218923
14.45	1.0326924741487806
14.549999999999999	1.001408495254709
14.649999999999999	0.9746601010558235
14.75	0.9464060631345875
14.85	0.9199864370548347
14.95	0.8975035393983422
15.049999999999999	0.8760739179597737
15.149999999999999	0.8584862376330323
15.25	0.841445899831002
15.35	0.8268703824058289
15.45	0.813555344291754
15.549999999999999	0.802485823066451
15.649999999999999	0.7963268054000088
15.75	0.789486137291896
15.85	0.7846109435839455
15.95	0.7837933923538349
16.05	0.7831101382518771
16.15	0.7831203366516639
16.25	0.7862585257861588
16.349999999999998	0.7918732897065874
16.45	0.7966319671712973
16.55	0.805803832250475
16.65	0.8146808863250586
16.75	0.8282252483088283
16.849999999999998	0.8398289853395102
16.95	0.8519659717781031
17.05	0.8686765711032851
17.15	0.8865606716636858
17.25	0.9035660830709928
17.349999999999998	0.9210235313708249
17.45	0.9435111852577505
17.55	0.9632482378117867
17.65	0.984202261327181
17.75	1.0048742470006562
17.849999999999998	1.024346331346467
17.95	1.0463893481009894
18.05	1.0649568508681646
18.15	1.0865486618610545
18.25	1.1031050735953192
18.349999999999998	1.1204716180060634
18.45	1.1340118047958085
18.55	1.1464365225795525
18.65	1.1556085210214413
18.75	1.1653622938122385
18.849999999999998	1.173465511744944
18.95	1.1740861721052473
19.05	1.1754471539338958
19.15	1.1771125784680356
19.25	1.1725702386251127
19.35	1.1681746082992526
19.45	1.162054995936797
19.55	1.1535920285927665
19.65	1.1416140400687227
19.75	1.1335716163535798
19.85	1.1191419040674766
19.95	1.1108469801113157
20.05	1.092737154540934
20.15	1.0811114122375924
20.25	1.0658730681424418
20.35	1.0530896313948397
20.45	1.0377436414695929
20.55	1.0236666822476268
20.65	1.0096335222361048
20.75	0.9962074505427315
20.85	0.9817895064760253
20.95	0.9713331708120961
21.05	0.9596100550796225
21.15	0.9467845521524044
21.25	0.9355536288708441
21.35	0.9276402697634325
21.45	0.917024686398166
21.55	0.9096479745964633
21.65	0.9022889037513029
21.75	0.896565093248762
21.85	0.8905829652039376
21.95	0.8876816218758071
22.05	0.8811637572229296
22.15	0.8811192543640299
22.25	0.8798544901255946
22.35	0.8798685404573972
22.45	0.8810838816053339
22.55	0.8851288838759864
22.65	0.8858441474077333
22.75	0.8907738224714306
22.85	0.8975096749594315
22.95	NaN
23.05	0.9101754569867999
23.15	0.9173966798448582
23.25	0.927599312511119
23.35	0.9339445195697589
23.45	0.945566577643626
23.55	0.95415095957693
23.65	0.9677222018650222
23.75	0.9804368740835707
23.85	0.9911782255899301
23.95	1.002682343949974
24.05	1.0133736223509309
24.15	1.0278839989617918
24.25	1.0403053473505421
24.35	1.0497386857106872
24.45	1.0612947780175541
24.55	1.069144317464067
24.65	1.0764982380462558
24.75	1.085778205678387
24.85	1.0922980735799601
24.95	1.0970137296067382
25.05	1.0997691208949298
25.15	1.1045976548165821
25.25	1.104780841697874
25.35	1.1051579226570927
25.45	1.1012132159427388
25.55	1.1010738189729785
25.65	1.0993663979783503
25.75	1.0948297702319396
25.85	1.0882071047575306
25.95	1.0811629895013497
26.05	1.0747550738440277
26.15	1.0673423529701993
26.25	1.0590052013550044
26.35	1.0512012266943298
26.45	1.0431467565815118
26.55	1.0343654946480483
26.65	1.0266473197812012
26.75	1.0171047199386045
26.85	1.0068710287147407
26.95	0.9997206742075934
27.05	0.9903295879470787
27.15	0.9820867695801037
27.25	0.9742225756617208
27.35	0.9658916652980861
27.45	0.9583004288435415
27.55	0.9543832512313796
27.65	0.9476708059283986
27.75	0.9412856260776792
27.85	0.937237727172167
27.95	0.935773166908444
28.05	0.9319412020663042
28.15	0.9300847080024366
28.25	0.9258157162361479
28.35	0.9252793383798468
28.45	0.9247142828369161
28.55	0.9239293454935287
28.65	0.9277825103951851
28.75	0.9260436672542662
28.85	0.9273521472610331
28.95	0.9335655981672951
29.05	0.9347747526450606
29.15	0.9369036988457549
29.25	0.9424349215426571
29.35	0.9478978959420872
29.45	0.9533733342121711
29.55	0.9589562959052131
29.65	0.964462599329189
29.75	0.9733680353146718
29.85	0.9777193936604349
29.95	0.9856344227431645
30.05	0.9938414936846685
30.15	1.0025324007523968
30.25	1.0063425373181514
30.35	1.012975546329932
30.45	1.0216223909834514
30.55	1.028811711026409
30.65	1.0360959624098427
30.75	1.042273620844724
30.85	1.0452388676941924
30.95	1.0521836490040106
31.05	1.0571082851833853
31.15	1.0606475507729087
31.25	1.0611556602212986
31.35	1.0655744646738043
31.45	1.0676586024630195
31.55	1.0674123681654475
31.65	1.0669110584763
31.75	1.065616051898162
31.85	1.06465522142978
31.95	1.0639144128055178
32.05	1.0596616244581811
32.15	1.0560956479510237
32.25	1.0514752283234754
32.35	1.0496263354800337
32.45	1.043875841286449
32.55	1.038600486550872
32.65	1.0320663039632738
32.75	1.0268382996482477
32.85	1.0226849952595607
32.95	1.0128559853229422
33.05	1.006937704429514
33.15	1.0008878434731894
33.25	0.9951102329040573
33.35	0.9887714693238915
33.45	0.9840776575794669
33.55	0.9794036871905709
33.65	0.9757925331293582
33.75	0.9698092264020972
33.85	0.965743397854638
33.95	0.9587445347561708
34.05	0.9575931752875745
34.15	0.9544220025238961
34.25	0.9532799578104527
34.35	0.9520522739665537
34.45	0.9504432589673706
34.55	0.94726831501757
34.65	0.9469127356304311
34.75	0.9479192733972426
34.85	0.9486422204123071
34.95	0.9474615087087543
35.05	0.949506323303012
35.15	0.9514395441868477
35.25	0.9531327936767937
35.35	0.956478820227882
35.45	0.9590492343702216
35.55	0.9623741356204668
35.65	0.9672380505595979
35.75	0.9690835999434498
35.85	0.9746153619253135
35.95	0.9782699531538092
36.05	0.9848435492400757
36.15	0.9890677033955559
36.25	0.9944734622027551
36.35	1.000293619360608
36.45	1.005886716491333
36.55	NaN
36.65	1.0127466475388522
36.75	1.0204820835478283
36.85	1.0219856735486375
36.95	1.027273076873231
37.05	1.0312032324249885
37.15	1.034490261659598
37.25	1.0369828201483926
37.35	1.040293405981325
37.45	1.0421989607761888
37.55	1.0452436511095602
37.65	NaN
37.75	1.049315909747932
37.85	1.047131874336715
37.95	1.0468817421944783
38.05	1.0467964377253633
38.15	1.0416327850036806
38.25	1.0454572011919878
38.35	1.038481120075913
38.45	1.036778846921406
38.550000000000004	1.034276705473371
38.65	1.0336374268287318
38.75	1.0298920117601134
38.85	1.0252914258197072
38.95	1.020762683520565
39.050000000000004	1.0177347175379015
39.15	NaN
39.25	NaN
39.35	NaN
39.45	NaN
39.550000000000004	0.9957227913034935
39.65	0.9910441442966643
39.75	0.9866676265368961
39.85	0.9834501093480188
39.95	0.9807771721035967
40.050000000000004	0.9735932305295111
40.15	NaN
40.25	0.9722158815637774
40.35	0.9705077760304648
40.45	0.9673100471393873
40.550000000000004	0.963553173821882
40.65	0.9629883502700778
40.75	0.9613330883698754
40.85	0.9626099493580532
40.95	0.9611082848691634
41.050000000000004	0.9614017129666563
41.15	0.9603243969538018
41.25	0.9639691442544125
41.35	0.9625777788800879
41.45	0.9664243934234455
41.550000000000004	NaN
41.65	0.9688298767875598
41.75	0.9694125419046211
41.85	0.9747964744749442
41.95	0.9773740194190615
42.050000000000004	0.9806255884260466
42.15	NaN
42.25	0.9859362424082524
42.35	0.9890534628437206
42.45	0.9946796962711485
42.550000000000004	0.996569030291747
42.65	1.0022512890850779
42.75	1.0045495868082657
42.85	1.0088368977927848
42.95	1.0138743739426563
43.050000000000004	1.0152431960158663
43.15	1.0178589676325054
43.25	1.0221597136852412
43.35	1.0234997727296036
43.45	1.027090540207923
43.550000000000004	1.0316176112931827
43.65	NaN
43.75	1.0338426767711488
43.85	1.0359018195465104
43.95	1.0355190681669346
44.050000000000004	1.0348529495670702
44.15	1.031803663878612
44.25	NaN
44.35	1.0332282638432737
44.45	1.0316726316707314
44.550000000000004	1.0326859874770826
44.65	1.029866053985541
44.75	1.028225961591169
44.85	1.0255075460695422
44.95	1.0226186329982618
45.050000000000004	1.0177616680685315
45.15	1.0174090208176685
45.25	1.0147282483252829
45.35	NaN
45.45	1.008892485013564
45.550000000000004	1.0066547388074758
45.65	NaN
45.75	0.9990827605084719
45.85	0.9969498471071985
45.95	0.9914817685509918
46.050000000000004	0.9885182314419249
46.15	0.9865412918156199
46.25	0.9837214435129713
46.35	0.9825070154399856
46.45	0.979374636094322
46.550000000000004	0.9768134946478152
46.65	NaN
46.75	0.9745754080704118
46.85	0.9703810056012295
46.95	0.9706272921016502
47.050000000000004	0.9706399728405097
47.15	0.970550508050674
47.25	0.9713264266814045
47.35	0.9708038078332968
47.45	0.9721413002448003
47.550000000000004	0.9711573451760118
47.65	0.9726963277447034
47.75	0.9740120306760941
47.85	0.9751245485356369
47.95	0.9769163349656438
48.050000000000004	0.9771167824956838
48.15	0.9819709113814136
48.25	0.9841931913554457
48.35	0.9872855449876919
48.45	0.9877433379375115
48.550000000000004	0.989498250319027
48.65	0.9941857418953073
48.75	0.9968042329115051
48.85	1.0010011942227315
48.95	1.0050403541706354
49.050000000000004	1.0049468724861172
49.15	NaN
49.25	1.0091093987491229
49.35	1.013664642419802
49.45	1.0145006215059706
49.550000000000004	1.0172404762322895
49.65	1.0169492934051836
49.75	1.0199565274390292
49.85	1.023053086629392
49.95	1.0262904729482452
50.050000000000004	1.0248455182628158
50.15	1.0250841036477079
50.25	1.0268477222418786
50.35	1.0275585808450367
50.45	1.0300665968162661
50.550000000000004	1.0262041046808
50.65	1.0255544223509327
50.75	1.0237146129638472
50.85	1.0246161774438947
50.95	NaN
51.050000000000004	1.0204802710399956
51.15	1.017871909243993
51.25	1.015962107162813
51.35	1.0154775567902423
51.45	1.0115208227256198
51.550000000000004	NaN
51.65	1.0076372060601344
51.75	1.0048198116591573
51.85	1.0033130345359813
51.95	1.001392848124883
52.050000000000004	NaN
52.15	0.9948924385484524
52.25	0.9940776115284209
52.35	0.9915935957812092
52.45	0.990298334693327
52.550000000000004	0.986543857592936
52.65	0.9885593940850931
52.75	0.9830430191430167
52.85	0.9817919673289405
52.95	NaN
53.050000000000004	0.9787120083584088
53.15	NaN
53.25	0.9766019700657551
53.35	0.9759933201439458
53.45	0.9741350375130422
53.550000000000004	NaN
53.65	0.977595180653517
53.75	NaN
53.85	0.9776966470339047
53.95	0.9769681293861789
54.050000000000004	NaN
54.15	0.9803897165161166
54.25	NaN
54.35	0.9846663976873853
54.45	0.9868824890233822
54.550000000000004	NaN
54.65	0.9903454723176627
54.75	0.9900020924136869
54.85	0.994319276992295
54.95	0.9961240479315354
55.050000000000004	0.9992401005489414
55.15	0.9996201425919519
55.25	1.0031667839200031
55.35	1.0007545771271593
55.45	1.0072512828016085
55.550000000000004	1.00970483552542
55.65	1.0134637288738009
55.75	1.0129181808884131
55.85	1.014638474266043
55.95	1.0152372119313189
56.050000000000004	1.0160919260467973
56.15	1.0179686274248396
56.25	1.0181801155598709
56.35	1.0205088418850026
56.45	1.0218851719392519
56.550000000000004	1.023361645227964
56.65	1.0198471315425188
56.75	NaN
56.85	1.0209823515834182
56.95	1.021002869818177
57.050000000000004	1.0188880006924605
57.15	1.01788892892239
57.25	1.0178589109496572
57.35	NaN
57.45	1.0138789936021155
57.550000000000004	1.0137396461378285
57.65	1.0103118346836617
57.75	1.0100187267412335
57.85	1.0105247001599684
57.95	1.0069152913164348
58.050000000000004	1.003950700836451
58.15	1.0018203371990828
58.25	1.0008521320997315
58.35	0.9972367280194444
58.45	NaN
58.550000000000004	0.9947592859869426
58.65	0.9933021711722334
58.75	NaN
58.85	0.9902939112917039
58.95	NaN
59.050000000000004	0.9881544087715992
59.15	0.984731139592406
59.25	0.9841909020359411
59.35	0.9836958520717421
59.45	0.9825248577002753
59.550000000000004	0.982024606471759
59.65	0.9808919424938441
59.75	0.9797930253487783
59.85	NaN
59.95	0.985057965053378
60.050000000000004	NaN
60.15	0.9818013647245646
60.25	0.9845223217572948
60.35	NaN
60.45	0.9843563916790361
60.550000000000004	0.9889625415399872
60.65	0.987932531382883
60.75	0.9894994637223898
60.85	0.9912453115882935
60.95	0.9938233928193189
61.050000000000004	0.993171455219964
61.15	0.9958819497561977
61.25	0.9982832652363409
61.35	0.9990423820771515
61.45	1.0012788806811668
61.550000000000004	NaN
61.65	1.0043252724894556
61.75	NaN
61.85	NaN
61.95	1.010617119702456
62.050000000000004	1.0104221071674768
62.15	1.0123321173927178
62.25	1.0118005092536115
62.35	1.0142810103428745
62.45	1.0153653340915576
62.550000000000004	1.0158669432951613
62.65	1.0174951151882403
62.75	1.0181673718872772
62.85	1.0155233592336292
62.95	1.0179153855006935
63.050000000000004	1.0185339055896911
63.15	1.0168105321028766
63.25	NaN
63.35	1.0159484624225756
63.45	1.0131211478769668
63.550000000000004	1.015527330769288
63.65	1.0146525697461928
63.75	1.011624282414377
63.85	1.009553025935199
63.95	1.0097493036822573
64.05	1.0069549388753292
64.14999999999999	1.006447439184037
64.25	1.0039859264037194
64.35	1.0030991093201087
64.44999999999999	1.0020414200493983
64.55	0.9993549231889862
64.64999999999999	0.9967786511055008
64.75	0.9957936890025461
64.85	0.9943317128293913
64.94999999999999	0.9927557530058184
65.05	0.9929427507644341
65.14999999999999	0.9896110687848403
65.25	NaN
65.35	0.9889193648172911
65.44999999999999	NaN
65.55	0.9872042166481205
65.64999999999999	0.9870735643698328
65.75	0.9848385000775762
65.85	0.985449655186448
65.94999999999999	0.9841155379641939
66.05	NaN
66.14999999999999	0.9843948085108263
66.25	0.9862658566081252
66.35	0.9835488487546721
66.44999999999999	0.9857096237362128
66.55	0.9869262522052291
66.64999999999999	NaN
66.75	0.9871924560094422
66.85	NaN
66.94999999999999	NaN
67.05	0.991112292479506
67.14999999999999	0.9935494453074665
67.25	0.9949017584054954
67.35	0.9959100524899877
67.44999999999999	0.9974229192707408
67.55	0.9999830881609758
67.64999999999999	NaN
67.75	NaN
67.85	1.0034558993788008
67.94999999999999	1.00427951410643
68.05	1.0064462126841274
68.14999999999999	1.0086213061378628
68.25	NaN
68.35	1.0079909431208427
68.44999999999999	1.009824176636077
68.55	1.0119026789949965
68.64999999999999	NaN
68.75	1.013717471479958
68.85	1.0152576552166557
68.94999999999999	1.0130455207428506
69.05	1.013187242616597
69.14999999999999	1.0143538428497147
69.25	1.0152050015017229
69.35	1.0157663062992424
69.44999999999999	NaN
69.55	1.0147556837496032
69.64999999999999	1.012271935148693
69.75	NaN
69.85	1.009971368423306
69.94999999999999	NaN
70.05	1.0086814586616306
70.14999999999999	1.0077801645022268
70.25	NaN
70.35	1.0055367000008275
70.44999999999999	NaN
70.55	1.0024470289620986
70.64999999999999	1.003378621085686
70.75	0.9997389110065401
70.85	1.0007853063179415
70.94999999999999	0.9970257552386446
71.05	0.9955942886908794
71.14999999999999	0.9983373771826352
71.25	NaN
71.35	0.9932616576849916
71.44999999999999	0.9925740744441678
71.55	0.9896019029194913
71.64999999999999	0.989975554340529
71.75	0.9898371414987295
71.85	0.9891456406144967
71.94999999999999	0.9867017012714725
72.05	NaN
72.14999999999999	NaN
72.25	NaN
72.35	NaN
72.44999999999999	0.9882421350444851
72.55	0.9884372238812869
72.64999999999999	0.9885956538322825
72.75	NaN
72.85	0.9892419141276981
72.94999999999999	0.9896934633694409
73.05	0.9900843442850717
73.14999999999999	0.9907806511100383
73.25	0.9920556661128631
73.35	0.9934441680370875
73.44999999999999	NaN
73.55	0.9945623154107051
73.64999999999999	NaN
73.75	NaN
73.85	0.99791862357562
73.94999999999999	0.9990967353412462
74.05	1.0017730673477498
74.14999999999999	1.0014607257156647
74.25	1.0042849233609275
74.35	1.0052457895809874
74.44999999999999	1.0057107986463794
74.55	1.0056893445808193
74.64999999999999	1.0081239361652874
74.75	1.0096870775270816
74.85	1.0099996562626388
74.94999999999999	1.0126546119070972
75.05	1.011114772375844
75.14999999999999	1.0113271044931489
75.25	NaN
75.35	NaN
75.44999999999999	NaN
75.55	1.0119206431636414
75.64999999999999	NaN
75.75	NaN
75.85	1.0101232647843585
75.94999999999999	1.0108452889718922
76.05	1.0106566632849232
76.14999999999999	1.0083181736041618
76.25	NaN
76.35	1.0078788822123603
76.44999999999999	NaN
76.55	1.0058298734215068
76.64999999999999	1.005547207525832
76.75	NaN
76.85	NaN
76.95	NaN
77.05	NaN
77.14999999999999	0.997057910754529
77.25	0.9985028626662572
77.35	0.99707600524557
77.45	0.9960982911925821
77.55	0.9957162406178088
77.64999999999999	0.99369748639901
77.75	0.9933008314178227
77.85	0.9912553301061828
77.95	0.9908631531074595
78.05	0.991542421606285
78.14999999999999	0.9895351543313471
78.25	0.9910923931095583
78.35	0.9904091265791335
78.45	NaN
78.55	NaN
78.64999999999999	0.9886498172528838
78.75	0.9879628041117576
78.85	NaN
78.95	0.9891146887982496
79.05	NaN
79.14999999999999	NaN
79.25	0.989406779197812
79.35	NaN
79.45	0.9930768393036368
79.55	0.9931430510623865
79.64999999999999	NaN
79.75	0.9964987066681859
79.85	0.9961609863628583
