0.15	0.018671418492463187
0.25	0.018659344872031046
0.35	0.018672259383194875
0.45	0.019276605507636373
0.55	0.019155172239471812
0.65	0.01959853626783914
0.7500000000000001	0.019647109272528673
0.85	0.019854393262608704
0.95	0.02016710457628542
1.05	0.020412409631217616
1.15	0.020800156712998664
1.25	0.021110615779965525
1.35	0.021605821263647046
1.45	0.0219496575881962
1.55	0.02253368526679946
1.65	0.023090257928460707
1.75	0.023689698601793027
1.85	0.024284692559101803
1.95	0.025008607068973704
2.05	0.025741412828550993
2.15	0.026586337955817906
2.25	0.027526374137177036
2.35	0.028452783622551384
2.45	0.02960309164326171
2.5500000000000003	0.030730499005493142
2.65	0.031961454956708525
2.75	0.03332530812253974
2.85	0.03482021736197818
2.95	0.036701677170024934
3.0500000000000003	0.03828314273281152
3.15	0.04015853639712547
3.25	0.04253244708274331
3.35	0.04500875461792075
3.45	0.0474075808878711
3.5500000000000003	0.050537150617472285
3.65	0.0536926393719562
3.75	0.05757718536988832
3.85	0.06099653504008712
3.95	0.06588481274794572
4.05	0.07068051544989032
4.1499999999999995	0.07643229919479012
4.25	0.08229023607962009
4.35	0.08978773500120328
4.449999999999999	0.0976593452163588
4.55	0.10664859094680962
4.6499999999999995	0.11673128429063036
4.75	0.12910976224962456
4.85	0.14306822436343622
4.95	0.15950707182382956
5.05	0.17718223981486061
5.1499999999999995	0.1997386234673769
5.25	0.22392326463682857
5.35	0.25494515002386464
5.45	0.29126459902992313
5.55	0.33582748927870737
5.6499999999999995	0.387534585133463
5.75	0.45399206628794647
5.85	0.5303543051935786
5.95	0.6250368352070004
6.05	0.7477488268531595
6.1499999999999995	0.8986665807077183
6.25	1.0814818266660469
6.35	1.3034621979347205
6.45	1.5795928003027173
6.55	1.8871385449575904
6.6499999999999995	2.2238292554954153
6.75	2.538780740235931
6.85	2.790814874385068
6.95	2.925565164622924
7.05	2.9177747925190647
7.1499999999999995	2.7731460455118184
7.25	2.5525911004916693
7.35	2.292982768491987
7.45	2.0408036687980005
7.55	1.8122093891232618
7.6499999999999995	1.6092727005678749
7.75	1.4338346086120495
7.85	1.283192606171551
7.95	1.1584350706583049
8.05	1.0614448802508194
8.15	0.974322939865889
8.25	0.8993262178439612
8.350000000000001	0.837883461219169
8.450000000000001	0.7874022133295002
8.55	0.7429969524262287
8.65	0.7069319980274539
8.75	0.6753329805334338
8.850000000000001	0.6497625735915207
8.950000000000001	0.6291767760057854
9.05	0.6124944551618781
9.15	0.5977021196732046
9.25	0.5868312681259897
9.350000000000001	0.5791942147939595
9.450000000000001	0.5724950901074368
9.55	0.5690190106860492
9.65	0.5679836869381072
9.750000000000002	0.5696749637131554
9.85	0.5723489728398433
9.95	0.5781257224046924
10.049999999999999	0.585983730182632
10.149999999999999	0.594622286623714
10.25	0.6047182038009921
10.35	0.6197157382190323
10.45	0.6349991853711177
10.549999999999999	0.6524245069125147
10.649999999999999	0.6716087889050565
10.75	0.6958117662976566
10.85	0.7196033410010004
10.95	0.746814783494397
11.049999999999999	0.7772481425608707
11.149999999999999	0.8094863391373399
11.25	0.8445479863689761
11.35	0.8830556136355596
11.45	0.9203401028743499
11.549999999999999	0.9612807947975096
11.649999999999999	1.0029419299734197
11.75	1.0429189899003335
11.85	1.086791572477449
11.95	1.125004668159082
12.049999999999999	1.1644453577869995
12.149999999999999	1.198966803332762
12.25	1.2332795830306764
12.35	1.260222489473703
12.45	1.2834434570845012
12.549999999999999	1.3050825034100322
12.649999999999999	1.3189530040256412
12.75	1.3312760342670407
12.85	1.3389814919074177
12.95	1.3415636103615636
13.049999999999999	1.339467596643812
13.149999999999999	1.3328562959259445
13.25	1.3281800629385863
13.35	1.3189310175443714
13.45	1.3035138834934097
13.549999999999999	1.2846320587267153
13.649999999999999	1.2664278101606365
13.75	1.2442269925015632
13.85	1.2161328991936498
13.95	1.190557300551519
14.049999999999999	1.1591217466908688
14.149999999999999	1.1298516558686331
14.25	1.0957996747500334
14.35	1.0656312206238796
14.45	1.0347884346679368
14.549999999999999	1.0018051864159023
14.649999999999999	0.9740754619710111
14.75	0.9471628210964324
14.85	0.9222087341142519
14.95	0.8967577051340311
15.049999999999999	0.8769646580930176
15.149999999999999	0.8574601518563468
15.25	0.8392388520913013
15.35	0.8265418522198529
15.45	0.8155120175547503
15.549999999999999	0.8033260726075485
15.649999999999999	0.7950887788543404
15.75	0.790251878447324
15.85	0.7850909052537999
15.95	0.7838312673425291
16.05	0.7831198208358804
16.15	0.7847774811039328
16.25	0.7866349812522329
16.349999999999998	0.7906300391776391
16.45	0.7974149005961395
16.55	0.8066266300482067
16.65	0.8163928794945483
16.75	0.8284706183841126
16.849999999999998	0.8417482152180734
16.95	0.8547341322326077
17.05	0.8691551456895515
17.15	0.8866959606296901
17.25	0.9022753384223563
17.349999999999998	0.922333221126508
17.45	0.9436673654329174
17.55	0.9608985751452483
17.65	0.9846986596044964
17.75	1.0044937203770432
17.849999999999998	1.026297400332001
17.95	1.0462609401359322
18.05	1.0658956389680352
18.15	1.0868953816466815
18.25	1.101757062809984
18.349999999999998	1.1189497418221566
18.45	1.1328649041906016
18.55	1.1474868924643167
18.65	1.1576840823356136
18.75	1.165526273733384
18.849999999999998	1.1721671614021072
18.95	1.176524236255663
19.05	1.1764179879968537
19.15	1.175533278570499
19.25	1.1729493896248653
19.35	1.1681488309975432
19.45	1.1615005613500966
19.55	1.1539624844850866
19.65	1.1437279918080754
19.75	1.1308918451571883
19.85	1.1197773683088688
19.95	1.107199540427113
20.05	1.0929300235140569
20.15	1.0805265920757001
20.25	1.0675695769441251
20.35	1.053545230931132
20.45	1.0386561768378324
20.55	1.0242316925477002
20.65	1.0105779099530179
20.75	0.9959756407669947
20.85	0.9829880702385689
20.95	0.9709629176324509
21.05	0.9587589556292924
21.15	0.9482206573816829
21.25	0.9378032250333697
21.35	0.9274985760989022
21.45	0.9176383246099035
21.55	0.9100705154575891
21.65	0.9025007371223647
21.75	0.8961998510107754
21.85	0.88939320164272
21.95	0.8861647664241259
22.05	0.8848282142003357
22.15	0.8821212062803683
22.25	0.8809273821605386
22.35	0.8809096707067919
22.45	0.8827636599618145
22.55	0.882101640523747
22.65	0.886797574086272
22.75	0.8903926256321084
22.85	0.896756808828483
22.95	NaN
23.05	0.9099900866954266
23.15	0.9175286591353963
23.25	0.9258709999522
23.35	0.9345368617478872
23.45	0.9448828939655064
23.55	0.9582242045194943
23.65	0.9677347227861597
23.75	0.9800038011782527
23.85	0.9909005322966858
23.95	1.003457945617082
24.05	1.0143148502132375
24.15	1.0276443711304473
24.25	1.037598103932471
24.35	1.0495481180817905
24.45	1.0564995261072114
24.55	1.067416944426227
24.65	1.0765970519996741
24.75	1.0848070388587119
24.85	1.091544023660116
24.95	1.094623025213404
25.05	1.1000925770518084
25.15	1.1030253933369139
25.25	1.105894686911802
25.35	1.1045329188287978
25.45	1.1047549946033757
25.55	1.1029285452881001
25.65	1.0965233891384165
25.75	1.0961253497022085
25.85	1.0886067243958268
25.95	1.082216271774155
26.05	1.0745424564040467
26.15	1.0668595759172568
26.25	1.0593809200326991
26.35	1.0507320535503786
26.45	1.0433008615136585
26.55	1.0347956518165866
26.65	1.024083482418785
26.75	1.015759146409357
26.85	1.0066411270889075
26.95	1.000034703338333
27.05	0.9906721945895747
27.15	0.9809657381534248
27.25	0.97450350051298
27.35	0.968298089860666
27.45	0.9609841686468081
27.55	0.9539600961292829
27.65	0.9464048775898677
27.75	0.9428229451309196
27.85	0.9356183691109154
27.95	0.9350515861298164
28.05	0.9306373041323647
28.15	0.9289785053762413
28.25	0.9253992955096119
28.35	0.9261899861748909
28.45	0.9239308469559016
28.55	0.9242911723371086
28.65	0.9295963090082857
28.75	0.9265379547126764
28.85	0.9289966139488803
28.95	0.9325529281965586
29.05	0.9336478920503237
29.15	0.9386381108399193
29.25	0.9412619117477655
29.35	0.9483253410647875
29.45	0.9519529649949755
29.55	0.9584175168773039
29.65	0.96597516257761
29.75	0.9719573981875248
29.85	0.977977778938437
29.95	0.9859915433948844
30.05	0.9929433620506957
30.15	0.9989365326879264
30.25	1.0077809174756034
30.35	1.0158426838297878
30.45	1.0237686297727684
30.55	1.028217601365295
30.65	1.0332220865662625
30.75	1.041836157830717
30.85	1.0470883677685514
30.95	1.05209515398146
31.05	1.055208755211974
31.15	1.0604951621744376
31.25	1.0645282249118218
31.35	1.0640667312090355
31.45	1.0666924805933955
31.55	1.0675129669020345
31.65	1.066670352599273
31.75	1.0652840080473
31.85	1.0653635490492948
31.95	1.0613642065910491
32.05	1.0597534835770708
32.15	1.0553189667517262
32.25	1.0522163147405708
32.35	1.048306029134528
32.45	1.0427295651766877
32.55	1.037325214403731
32.65	1.0325218838512729
32.75	1.0282749004038139
32.85	1.0225754337940396
32.95	1.0144664362629952
33.05	1.0090639454867938
33.15	1.0015084293751904
33.25	0.9970909274304292
33.35	0.989661026691817
33.45	0.986256006638573
33.55	0.9791378315903353
33.65	0.9757468395072691
33.75	0.9707000634170361
33.85	0.966651243847
33.95	0.9631684019689364
34.05	0.9577939411360773
34.15	0.9542156559398257
34.25	0.9541754468056164
34.35	0.9510408586878623
34.45	0.9491004281466815
34.55	0.9480271872033393
34.65	0.9466419933868532
34.75	0.9465566415298249
34.85	0.9473017151894
34.95	0.9501073614807781
35.05	0.9494147659347143
35.15	0.9513111651383093
35.25	0.9531041813951457
35.35	0.9566323197832658
35.45	0.957201063833328
35.55	0.964020262257282
35.65	0.9656459593314776
35.75	0.970264065521041
35.85	0.9753577623915499
35.95	0.9788246219769997
36.05	0.9837847041457312
36.15	0.9900225992154554
36.25	0.994343864189994
36.35	0.9982492778357867
36.45	1.0033513288776144
36.55	NaN
36.65	1.0148746276098397
36.75	1.018154884881141
36.85	1.0258883917001334
36.95	1.0286590143379306
37.05	1.0324224187803972
37.15	1.0344788937891374
37.25	1.0373145703088353
37.35	1.040723930556225
37.45	1.0440893433838363
37.55	1.0452204527794222
37.65	NaN
37.75	1.0433035718339432
37.85	1.0500511038319842
37.95	1.0493843446747977
38.05	1.0458823675064843
38.15	1.0461484332039388
38.25	1.0442781313051772
38.35	1.0425206058303325
38.45	1.0372513802912098
38.550000000000004	1.0365759127551895
38.65	1.0309752196241473
38.75	1.0280004962223424
38.85	1.0251512384350518
38.95	1.0236506452175596
39.050000000000004	1.0169743235268356
39.15	NaN
39.25	NaN
39.35	NaN
39.45	NaN
39.550000000000004	0.997235081142581
39.65	0.9898075674132941
39.75	0.9872965203153906
39.85	0.9841388337045862
39.95	0.9813583704641848
40.050000000000004	0.9775728567161549
40.15	NaN
40.25	0.970598913521223
40.35	0.9707126346631447
40.45	0.9662356077096593
40.550000000000004	0.9633222327997405
40.65	0.9637022450986489
40.75	0.9626217192414799
40.85	0.9607731313945477
40.95	0.9619275128824584
41.050000000000004	0.9616904573621975
41.15	0.964030903335605
41.25	0.9629238748663439
41.35	0.9638479825732349
41.45	0.9646395275147948
41.550000000000004	NaN
41.65	0.9685917770930653
41.75	0.9708458775993454
41.85	0.9730670409272255
41.95	0.9774475553464661
42.050000000000004	0.9802195564969075
42.15	NaN
42.25	0.9860784292384035
42.35	0.9903524590788253
42.45	0.9948463582819835
42.550000000000004	0.9971707673438829
42.65	1.002007232013363
42.75	1.0032256027322246
42.85	1.0092808813301513
42.95	1.0134400785279198
43.050000000000004	1.0150762327929774
43.15	1.0190426941339454
43.25	1.0220090887203366
43.35	1.024476427220526
43.45	1.0271319899639466
43.550000000000004	1.0310063110977783
43.65	NaN
43.75	1.0312550261537432
43.85	1.0333237735218341
43.95	1.0346941026137193
44.050000000000004	1.0324312197296224
44.15	1.037739521077242
44.25	NaN
44.35	1.0322964864405526
44.45	1.0328371888422125
44.550000000000004	1.030860989157146
44.65	1.0302606516067818
44.75	1.028097642536479
44.85	1.0250349362547728
44.95	1.0229224817287137
45.050000000000004	1.0200234856616728
45.15	1.0167482800375471
45.25	1.0152812332802763
45.35	NaN
45.45	1.0084465596228946
45.550000000000004	1.0049375619954568
45.65	NaN
45.75	0.9976718068895054
45.85	0.9960524179684
45.95	0.9926726210972119
46.050000000000004	0.9890302128648417
46.15	0.9861323090662578
46.25	0.9821710208497758
46.35	0.9828054343269123
46.45	0.9795218853491219
46.550000000000004	0.9772589338162555
46.65	NaN
46.75	0.9734356834640328
46.85	0.973523598310095
46.95	0.9735866644357294
47.050000000000004	0.9721953235628441
47.15	0.9701975365548384
47.25	0.9694021470917246
47.35	0.9683516803221847
47.45	0.970310511912592
47.550000000000004	0.9716576461735716
47.65	0.9726330635629707
47.75	0.9741228819598717
47.85	0.9760959393871996
47.95	0.9778346048757947
48.050000000000004	0.9800296578156228
48.15	0.9810708624279058
48.25	0.982803303209601
48.35	0.9837128481660024
48.45	0.9883296095178823
48.550000000000004	0.991403345588878
48.65	0.9933395246370208
48.75	0.9970437507084674
48.85	0.9991707945472431
48.95	1.0033842015973384
49.050000000000004	1.0060451196767168
49.15	NaN
49.25	1.0082608663986827
49.35	1.0144093826381235
49.45	1.016037471596029
49.550000000000004	1.0173065222943167
49.65	1.018354164597137
49.75	1.0208116149511477
49.85	1.0229520199130264
49.95	1.0235219643141007
50.050000000000004	1.0256822426067311
50.15	1.0281263452916138
50.25	1.027076929690575
50.35	1.0271517308559472
50.45	1.024846560264166
50.550000000000004	1.0257742080079897
50.65	1.024302953649042
50.75	1.025708848360758
50.85	1.023055975064895
50.95	NaN
51.050000000000004	1.0206828218648962
51.15	1.0196094663302195
51.25	1.0176518438994737
51.35	1.0154649352279517
51.45	1.0123029053093686
51.550000000000004	NaN
51.65	1.0085089096065036
51.75	1.004364676277179
51.85	1.0017975627967142
51.95	1.0000770425501941
52.050000000000004	NaN
52.15	0.9967229594607694
52.25	0.9921789977812329
52.35	0.9913595116265798
52.45	0.9878856010259138
52.550000000000004	0.986224096068833
52.65	0.9869295731945804
52.75	0.9836265056466561
52.85	0.982865026743142
52.95	NaN
53.050000000000004	0.9790124208981754
53.15	NaN
53.25	0.9781780592076277
53.35	0.9773564660647047
53.45	0.9748255398075473
53.550000000000004	NaN
53.65	0.9755462210305998
53.75	NaN
53.85	0.9779854744801408
53.95	0.9792281297242608
54.050000000000004	NaN
54.15	0.9824724828899184
54.25	NaN
54.35	0.9829523869370276
54.45	0.9858166934997461
54.550000000000004	NaN
54.65	0.9885048951818715
54.75	0.9927786956459925
54.85	0.9954082947780968
54.95	0.9942746875285985
55.050000000000004	0.9986162287438028
55.15	0.9992230034948614
55.25	1.0036623446280548
55.35	1.0121541070795625
55.45	1.0070355823341344
55.550000000000004	1.0100096100173983
55.65	1.0088127350171585
55.75	1.011449490050819
55.85	1.013620433485875
55.95	1.0156438755625377
56.050000000000004	1.019224529163017
56.15	1.020262971296722
56.25	1.0141196464642506
56.35	1.0206203474258047
56.45	1.0211456798755072
56.550000000000004	1.0221070200707993
56.65	1.0209461685138335
56.75	NaN
56.85	1.0204256389566146
56.95	1.0190394341562345
57.050000000000004	1.0193498863888921
57.15	1.0188377414306353
57.25	1.018069957422639
57.35	NaN
57.45	1.0145978069915962
57.550000000000004	1.0121140583968171
57.65	1.0120603747863137
57.75	1.0091032583231854
57.85	1.0072842873941688
57.95	1.0054879220019959
58.050000000000004	1.0066939590861212
58.15	1.0032845896618834
58.25	0.9992048358767363
58.35	0.9968600196520331
58.45	NaN
58.550000000000004	0.9950089575347699
58.65	0.9929579960286493
58.75	NaN
58.85	0.9879832977411019
58.95	NaN
59.050000000000004	0.9868061118192663
59.15	0.9841418425915163
59.25	0.9826487108319174
59.35	0.9820240865474584
59.45	0.9823481447285729
59.550000000000004	0.983482296840226
59.65	0.9816749181276123
59.75	0.9827125919440064
59.85	NaN
59.95	0.9833420750227462
60.050000000000004	NaN
60.15	0.9831042883213722
60.25	0.98320018877486
60.35	NaN
60.45	0.9841600153573778
60.550000000000004	0.9847688853614367
60.65	0.98753487067215
60.75	0.9896178168542923
60.85	0.9875253056890357
60.95	0.9923267250592667
61.050000000000004	0.9965270854686183
61.15	0.9954775662393582
61.25	0.9973565769992061
61.35	0.999470181227643
61.45	1.0010137610603835
61.550000000000004	NaN
61.65	1.0044303196860542
61.75	NaN
61.85	NaN
61.95	1.0106275661699313
62.050000000000004	1.0110166240436242
62.15	1.0110420697033968
62.25	1.01427955507197
62.35	1.0146705015275184
62.45	1.014842422169135
62.550000000000004	1.015185909904244
62.65	1.0163216928689613
62.75	1.0170544033082665
62.85	1.015539752684488
62.95	1.0177148080322904
63.050000000000004	1.017830359044778
63.15	1.015926103370364
63.25	NaN
63.35	1.0148578793441585
63.45	1.0127438524644379
63.550000000000004	1.0120495223241777
63.65	1.0135839398454733
63.75	1.0127904928183888
63.85	1.0106663327710512
63.95	1.0100660771587453
64.05	1.007279661982311
64.14999999999999	1.0059786760576204
64.25	1.006040019190323
64.35	1.0042290960638638
64.44999999999999	0.9983696103922711
64.55	0.9995298416030522
64.64999999999999	0.998008147802354
64.75	0.9986897420162814
64.85	0.9935083814869659
64.94999999999999	0.9920372041836496
65.05	0.9906608945994332
65.14999999999999	0.9906575956666106
65.25	NaN
65.35	0.987696119784985
65.44999999999999	NaN
65.55	0.9866607122196877
65.64999999999999	0.9874203279342434
65.75	0.9846074466285666
65.85	0.985398521330216
65.94999999999999	0.9847616055716245
66.05	NaN
66.14999999999999	0.9839321000596827
66.25	0.984572309388914
66.35	0.9851031401583927
66.44999999999999	0.985338731790928
66.55	0.9871704982170003
66.64999999999999	NaN
66.75	0.9879850254821428
66.85	NaN
66.94999999999999	NaN
67.05	0.991267115911587
67.14999999999999	0.9926412829689487
67.25	0.9942540934138643
67.35	0.9945063295373732
67.44999999999999	0.997049451389822
67.55	0.996325618323012
67.64999999999999	NaN
67.75	NaN
67.85	1.002909762303194
67.94999999999999	1.004246822262432
68.05	1.0050014574088442
68.14999999999999	1.0071029695674978
68.25	NaN
68.35	1.0095520420116253
68.44999999999999	1.011402919152421
68.55	1.01149635292031
68.64999999999999	NaN
68.75	1.0126039533473257
68.85	1.0172415556132275
68.94999999999999	1.0138680438857164
69.05	1.0140480163365253
69.14999999999999	1.0150470487168703
69.25	1.0124029976545486
69.35	1.0135125114988546
69.44999999999999	NaN
69.55	1.0122130258927968
69.64999999999999	1.012679518004055
69.75	NaN
69.85	1.0112551304958977
69.94999999999999	NaN
70.05	1.01023767393508
70.14999999999999	1.009020540262881
70.25	NaN
70.35	1.0058747840905304
70.44999999999999	NaN
70.55	1.0031410041349553
70.64999999999999	1.002524106021282
70.75	1.0031044353249703
70.85	0.9978038247349675
70.94999999999999	0.9984901806309496
71.05	0.9953884257307244
71.14999999999999	0.9947071893415612
71.25	NaN
71.35	0.994449992711634
71.44999999999999	0.9932128491102629
71.55	0.9905818498518162
71.64999999999999	0.9909221833678847
71.75	0.9905292185979061
71.85	0.9887216687630946
71.94999999999999	0.9897010696593518
72.05	NaN
72.14999999999999	NaN
72.25	NaN
72.35	NaN
72.44999999999999	0.9875415132079933
72.55	0.9884547119520491
72.64999999999999	0.9871779546502163
72.75	NaN
72.85	0.9889702116290122
72.94999999999999	0.9897546324244421
73.05	0.9898126500011809
73.14999999999999	0.9908394899645862
73.25	0.9913009536164415
73.35	0.9932984115819412
73.44999999999999	NaN
73.55	0.9964732166570544
73.64999999999999	NaN
73.75	NaN
73.85	0.996396800615553
73.94999999999999	0.9989166808362467
74.05	1.0031736890785736
74.14999999999999	1.005206038692124
74.25	1.0042290225140105
74.35	1.0047371331562105
74.44999999999999	1.0080105821765855
74.55	1.007032992902737
74.64999999999999	1.0075607887561042
74.75	1.0079332867055033
74.85	1.0095001295114068
74.94999999999999	1.0059609951816637
75.05	1.0104488805053724
75.14999999999999	1.0106815813819165
75.25	NaN
75.35	NaN
75.44999999999999	NaN
75.55	1.0129992196713313
75.64999999999999	NaN
75.75	NaN
75.85	1.0111103858857178
75.94999999999999	1.010760681504861
76.05	1.0097597728359162
76.14999999999999	1.0092177921976748
76.25	NaN
76.35	1.0071707014955495
76.44999999999999	NaN
76.55	1.0058123002049961
76.64999999999999	1.0053752781390115
76.75	NaN
76.85	NaN
76.95	NaN
77.05	NaN
77.14999999999999	0.9995508476340755
77.25	0.9986098089890867
77.35	0.9968718488943035
77.45	0.9967079687612675
77.55	0.9942279374408051
77.64999999999999	0.9943741371191133
77.75	0.9934607340090724
77.85	0.993427093203178
77.95	0.9902764123042703
78.05	0.9918204518117798
78.14999999999999	0.9895998553741432
78.25	0.9901678072423612
78.35	0.9889806279618465
78.45	NaN
78.55	NaN
78.64999999999999	0.9882981499480761
78.75	0.9898565142838536
78.85	NaN
78.95	0.9894842130663523
79.05	NaN
79.14999999999999	NaN
79.25	0.9917428654116393
79.35	NaN
79.45	0.9927953850718885
79.55	0.9933615997390741
79.64999999999999	NaN
79.75	0.99652848038646
79.85	0.9964967490519296
