0.15	0.01850252083546783
0.25	0.01883318482214158
0.35	0.01879603777415232
0.45	0.01916783643052986
0.55	0.019563661902707852
0.65	0.019561951432600807
0.7500000000000001	0.019720730895993688
0.85	0.0200648605359858
0.95	0.020142454655331224
1.05	0.020515019371476678
1.15	0.020819323371052894
1.25	0.02124419040616791
1.35	0.021457637140708793
1.45	0.02207979239780728
1.55	0.022560420394398283
1.65	0.02300503744368491
1.75	0.023609029529202206
1.85	0.024332888793621422
1.95	0.025094641158899634
2.05	0.02579173102002058
2.15	0.026653956782678453
2.25	0.027493076690109954
2.35	0.0285384730400253
2.45	0.029421691283295647
2.5500000000000003	0.03069136895607468
2.65	0.031986834767890465
2.75	0.03336605736558693
2.85	0.03491443986491217
2.95	0.03668571130969531
3.0500000000000003	0.03821121525375898
3.15	0.04027882785586436
3.25	0.04240104232163337
3.35	0.045045470118944206
3.45	0.04758157583891149
3.5500000000000003	0.05053483899519939
3.65	0.053755041345943985
3.75	0.057491132949180485
3.85	0.06097877715930986
3.95	0.06582860501442912
4.05	0.07074112606715525
4.1499999999999995	0.0762339772775883
4.25	0.0825239105445528
4.35	0.08988121929490435
4.449999999999999	0.0977255782116894
4.55	0.10636800764659833
4.6499999999999995	0.11684456225727353
4.75	0.1289966009088604
4.85	0.14307035299313994
4.95	0.15902625556249664
5.05	0.17722193578766215
5.1499999999999995	0.19970259457120024
5.25	0.2245459800387016
5.35	0.25493197708294135
5.45	0.292089351144918
5.55	0.3360778878575911
5.6499999999999995	0.38701332104096886
5.75	0.45328879334784283
5.85	0.5287096353882044
5.95	0.6254074467328367
6.05	0.7476659340052517
6.1499999999999995	0.9009254078710434
6.25	1.0820863246522676
6.35	1.3019419466230429
6.45	1.5794534084741279
6.55	1.888966856798381
6.6499999999999995	2.2215316940774783
6.75	2.5413957983478226
6.85	2.7929967482387883
6.95	2.9230755874482415
7.05	2.911852044884101
7.1499999999999995	2.77498513563137
7.25	2.5549060362074787
7.35	2.2933448404406076
7.45	2.038248031529439
7.55	1.8194337494431176
7.6499999999999995	1.6079176509036879
7.75	1.4315717826154317
7.85	1.2814676340842353
7.95	1.1591650918519154
8.05	1.0609016256309771
8.15	0.9751089395992517
8.25	0.8998809692243451
8.350000000000001	0.8371224176349141
8.450000000000001	0.7878974041736893
8.55	0.7433146726138992
8.65	0.7067156272280942
8.75	0.676755186895556
8.850000000000001	0.6505688452360531
8.950000000000001	0.6285727364965584
9.05	0.6127448746031873
9.15	0.5988452546352588
9.25	0.5874320533707209
9.350000000000001	0.5782741404966494
9.450000000000001	0.5725452588161328
9.55	0.5690401728016887
9.65	0.5680002904569542
9.750000000000002	0.5699912541698804
9.85	0.5724442402709775
9.95	0.5771037819833318
10.049999999999999	0.5863356675352908
10.149999999999999	0.5933660604748376
10.25	0.604430264169707
10.35	0.6191558640547046
10.45	0.6347228689647629
10.549999999999999	0.6527646932068746
10.649999999999999	0.6731319163581334
10.75	0.6961256335783432
10.85	0.7195098981147136
10.95	0.7474628986806215
11.049999999999999	0.777625287696971
11.149999999999999	0.8102371694397499
11.25	0.8458871799065129
11.35	0.88044429083602
11.45	0.9213764514920301
11.549999999999999	0.9609078400696868
11.649999999999999	1.0026353929193481
11.75	1.0426951862348905
11.85	1.0858112556309651
11.95	1.125573320230386
12.049999999999999	1.165572022460433
12.149999999999999	1.202557507546953
12.25	1.2334981391334658
12.35	1.2614228521562805
12.45	1.2820548829602627
12.549999999999999	1.304968897114827
12.649999999999999	1.316186330159922
12.75	1.327902759431622
12.85	1.338387101328433
12.95	1.3401180152658683
13.049999999999999	1.3390501396509666
13.149999999999999	1.3347889417342924
13.25	1.32881853074736
13.35	1.3163036613094448
13.45	1.3025477240324856
13.549999999999999	1.28520613079146
13.649999999999999	1.2658025251063276
13.75	1.2445691515028585
13.85	1.2190144714986197
13.95	1.1904304517766633
14.049999999999999	1.1592471370503261
14.149999999999999	1.1278037035060997
14.25	1.097567737934632
14.35	1.0655833117774236
14.45	1.0351517927143155
14.549999999999999	1.0015891489980009
14.649999999999999	0.9744690659616719
14.75	0.9452349962164643
14.85	0.9206402813181231
14.95	0.8989256095158598
15.049999999999999	0.8761546702626625
15.149999999999999	0.8575842905844789
15.25	0.8416099511524825
15.35	0.8260038340745913
15.45	0.8159049504574332
15.549999999999999	0.8030787852939656
15.649999999999999	0.7955662218993441
15.75	0.789634448187698
15.85	0.7838764904213297
15.95	0.783527237193662
16.05	0.7818388177440433
16.15	0.7829377459762652
16.25	0.7876718989936456
16.349999999999998	0.7919929684045646
16.45	0.7964767471833647
16.55	0.8071973378893618
16.65	0.8163356587353804
16.75	0.8260417089826724
16.849999999999998	0.8396056567391644
16.95	0.8523762752512126
17.05	0.8699166697137508
17.15	0.8844563206647796
17.25	0.905261984655251
17.349999999999998	0.9226324518680831
17.45	0.9424004798603598
17.55	0.9627425448373962
17.65	0.9839344323353975
17.75	1.0058082506561425
17.849999999999998	1.0280170544844225
17.95	1.0462441976454324
18.05	1.065803395950438
18.15	1.084707832347497
18.25	1.1038992027719292
18.349999999999998	1.1187476895827504
18.45	1.1349603496205178
18.55	1.1473097698125043
18.65	1.1577425794689962
18.75	1.1643647699791497
18.849999999999998	1.1718732746527383
18.95	1.1740904210793097
19.05	1.17617407024049
19.15	1.1754474965511463
19.25	1.1740423457289013
19.35	1.166785377820941
19.45	1.161228299416594
19.55	1.153089094843232
19.65	1.1426289935143519
19.75	1.1304841903899774
19.85	1.1195648865109802
19.95	1.1081265033743843
20.05	1.0939479542966493
20.15	1.0793121899258886
20.25	1.0693639035392268
20.35	1.0534542838329402
20.45	1.0378191607843892
20.55	1.024125745376732
20.65	1.010009121525879
20.75	0.996104230734678
20.85	0.9833561840971943
20.95	0.97175602420752
21.05	0.9583824318945559
21.15	0.9480274702210387
21.25	0.9361778172156604
21.35	0.9278023495055366
21.45	0.9173945512120507
21.55	0.9109543095819547
21.65	0.9019556791438735
21.75	0.896456031944577
21.85	0.8916147663280191
21.95	0.8853402092807349
22.05	0.8846655920466551
22.15	0.880634638678721
22.25	0.8791231479140529
22.35	0.8797991014251305
22.45	0.8811257434716988
22.55	0.8837624587387047
22.65	0.8864363154169285
22.75	0.8924733956248572
22.85	0.8978714205654174
22.95	NaN
23.05	0.9099906074668872
23.15	0.9155009503755054
23.25	0.9260862626610047
23.35	0.9382636523031368
23.45	0.9457921707907295
23.55	0.9577644866112981
23.65	0.9697295564598333
23.75	0.9808566648974142
23.85	0.9925572808115289
23.95	1.001316312310563
24.05	1.013649363197312
24.15	1.0270985691191474
24.25	1.0401160479669
24.35	1.0476569402502736
24.45	1.058953413272057
24.55	1.0679659859934156
24.65	1.0762366312671687
24.75	1.0852531155777103
24.85	1.0900016067748433
24.95	1.0953897754253228
25.05	1.1005171682675632
25.15	1.1027126161341003
25.25	1.1045564166787187
25.35	1.105451984245149
25.45	1.1059883446914547
25.55	1.1002711016370232
25.65	1.0992525850967492
25.75	1.0932148772760353
25.85	1.0878359051621236
25.95	1.0818486717284501
26.05	1.0755731287961416
26.15	1.0679292664704176
26.25	1.0594604281983968
26.35	1.0532680220185286
26.45	1.0430584349958274
26.55	1.032763962100949
26.65	1.0261532012035268
26.75	1.0150968811214887
26.85	1.0085610092612345
26.95	1.0011414868428175
27.05	0.9909904977549712
27.15	0.9811670909028167
27.25	0.9746959253999661
27.35	0.9684289429949855
27.45	0.9611307796345713
27.55	0.9533261263948744
27.65	0.9457941830558892
27.75	0.9424899318802321
27.85	0.9355237274767529
27.95	0.9348960750953044
28.05	0.9325963698232558
28.15	0.9277851584462534
28.25	0.9272744964374109
28.35	0.9245614716600069
28.45	0.9245094256491677
28.55	0.9241667196679862
28.65	0.9218084698711183
28.75	0.9268585669704258
28.85	0.9280210884495587
28.95	0.9312851069208169
29.05	0.9349049508593698
29.15	0.9379975879030099
29.25	0.9426474824389716
29.35	0.9481185554614542
29.45	0.954289255839268
29.55	0.9600671059218799
29.65	0.9646454092170478
29.75	0.9734913040179556
29.85	0.9785790617633435
29.95	0.9863610772972892
30.05	0.9916838999273364
30.15	1.0019058783717496
30.25	1.0077940550065754
30.35	1.0133743361480634
30.45	1.023984106894738
30.55	1.0292190257025904
30.65	1.0374656895238523
30.75	1.0426094201863871
30.85	1.047319107469192
30.95	1.0509851269046975
31.05	1.0570994890653984
31.15	1.0583137091198065
31.25	1.0621519997370612
31.35	1.066686028245999
31.45	1.0691126064827616
31.55	1.0677507171366554
31.65	1.0677385135559354
31.75	1.0685269748728305
31.85	1.0657796860662891
31.95	1.062753145469247
32.05	1.0610067971332264
32.15	1.058558166657378
32.25	1.0530374514278822
32.35	1.0494374730731175
32.45	1.0420310089002693
32.55	1.0384110035922436
32.65	1.0339106702263599
32.75	1.0259157924584847
32.85	1.021337848363579
32.95	1.0136094320996087
33.05	1.0069004392725827
33.15	1.0034627177962148
33.25	0.9957796880533104
33.35	0.9918019254286284
33.45	0.9845341724103114
33.55	0.9841616318605036
33.65	0.9740472286798271
33.75	0.9707978824285524
33.85	0.9642924409988382
33.95	0.9638735945179381
34.05	0.9587949084674201
34.15	0.9558311299156721
34.25	0.953367522464875
34.35	0.9507894488422927
34.45	0.948817001098519
34.55	0.9483774800600089
34.65	0.9472078081674542
34.75	0.9478134428881685
34.85	0.9469222636363799
34.95	0.9489959757279485
35.05	0.9496417570694184
35.15	0.9510720949481443
35.25	0.9534452712329329
35.35	0.9549213379295823
35.45	0.9600028334278822
35.55	0.9637079316718811
35.65	0.9672288201750565
35.75	0.9702811835659542
35.85	0.976303213951987
35.95	0.9793751589249541
36.05	0.9836838633179499
36.15	0.9882191869155541
36.25	0.9951758668848308
36.35	0.9999807296234953
36.45	1.0043957949660876
36.55	NaN
36.65	1.0142859859162972
36.75	1.0187691327878852
36.85	1.026788464362764
36.95	1.0281787274977439
37.05	1.0326087870399077
37.15	1.0351993176131584
37.25	1.0370271823936414
37.35	1.0406682965361231
37.45	1.0450947668434716
37.55	1.0435190333804132
37.65	NaN
37.75	1.045851821181591
37.85	1.0479769395961318
37.95	1.0465223948504208
38.05	1.0475637086381304
38.15	1.045588378601672
38.25	1.045334749484028
38.35	1.0412421463717298
38.45	1.0370692514931796
38.550000000000004	1.0373284809411256
38.65	1.0322035590797534
38.75	1.0298697306083637
38.85	1.0235653817559789
38.95	1.022088797581108
39.050000000000004	1.0159850899161826
39.15	NaN
39.25	NaN
39.35	NaN
39.45	NaN
39.550000000000004	0.9961033255332572
39.65	0.9912241764419146
39.75	0.9886967922585503
39.85	0.9847601292641354
39.95	0.9804465308453102
40.050000000000004	0.9740574879452532
40.15	NaN
40.25	0.971117435408578
40.35	0.9680856621258064
40.45	0.966918979468641
40.550000000000004	0.9657546393591313
40.65	0.9631561661296085
40.75	0.962944300449548
40.85	0.9606655589896204
40.95	0.9601519741318616
41.050000000000004	0.9622974932553825
41.15	0.9613965998034022
41.25	0.9630167280599424
41.35	0.9623817089530187
41.45	0.9657912769774936
41.550000000000004	NaN
41.65	0.9694032074712445
41.75	0.9727486791117642
41.85	0.9751338269197857
41.95	0.9771400955883952
42.050000000000004	0.9802485755406841
42.15	NaN
42.25	0.9862159070614569
42.35	0.9899111546502933
42.45	0.994213330120098
42.550000000000004	0.9974472384803598
42.65	1.001120447304278
42.75	1.002956220329444
42.85	1.0097922499121241
42.95	1.0114132516872933
43.050000000000004	1.0155269244192673
43.15	1.019322870494465
43.25	1.0209164692925137
43.35	1.02476629053683
43.45	1.027854948971506
43.550000000000004	1.028348238105317
43.65	NaN
43.75	1.0327140658174454
43.85	1.0329341225543136
43.95	1.0341900728541003
44.050000000000004	1.034511315560016
44.15	1.0362329423417658
44.25	NaN
44.35	1.0318774425278514
44.45	1.0325125648866234
44.550000000000004	1.0324984590975967
44.65	1.0303122856794937
44.75	1.0289887936798914
44.85	1.0265635919475993
44.95	1.0222834612236424
45.050000000000004	1.019959689934569
45.15	1.0156566894780568
45.25	1.0129103466962495
45.35	NaN
45.45	1.009211033711892
45.550000000000004	1.005009368947473
45.65	NaN
45.75	0.9993855897995519
45.85	0.9953236700189423
45.95	0.9935055196951739
46.050000000000004	0.9901148012262575
46.15	0.9854831778530959
46.25	0.9822908169715378
46.35	0.9829572680833201
46.45	0.9798273413803116
46.550000000000004	0.9778397375070877
46.65	NaN
46.75	0.9739970063433775
46.85	0.9721481585255923
46.95	0.9731445794603183
47.050000000000004	0.9709530785731382
47.15	0.9706503526490005
47.25	0.9707562408865168
47.35	0.9709642181119548
47.45	0.9720772444774601
47.550000000000004	0.9723353465421868
47.65	0.9729297101837971
47.75	0.9729859037430397
47.85	0.9757472783288831
47.95	0.9766940407644232
48.050000000000004	0.9785442962689896
48.15	0.9784960652614861
48.25	0.9840122176034094
48.35	0.9870738601751864
48.45	0.9885840518004004
48.550000000000004	0.9892200826461337
48.65	0.9940137178985915
48.75	0.9949499465037016
48.85	1.0005873331530655
48.95	1.0029237902154415
49.050000000000004	1.00673278473746
49.15	NaN
49.25	1.0100377141981334
49.35	1.0139672791094205
49.45	1.0154767379387826
49.550000000000004	1.0170493666845424
49.65	1.0198329861655988
49.75	1.0208623119141271
49.85	1.023688866275694
49.95	1.0234766994543703
50.050000000000004	1.0240452469193633
50.15	1.0258439040029337
50.25	1.0273671865525245
50.35	1.0273126996089177
50.45	1.0288979195213739
50.550000000000004	1.0265351833688616
50.65	1.0251244964947066
50.75	1.0245902443510286
50.85	1.0256193251009331
50.95	NaN
51.050000000000004	1.0196913736081223
51.15	1.0183583984761433
51.25	1.0179057946226706
51.35	1.0163455848752971
51.45	1.0146799935057087
51.550000000000004	NaN
51.65	1.0068882130278005
51.75	1.0047159723224746
51.85	1.0035491967131431
51.95	1.0007382896169752
52.050000000000004	NaN
52.15	0.996106377825306
52.25	0.9931744687008266
52.35	0.9911204554022105
52.45	0.9891036065436353
52.550000000000004	0.9892725361709126
52.65	0.9858925676664854
52.75	0.983300319813444
52.85	0.981669245744533
52.95	NaN
53.050000000000004	0.9786205541968424
53.15	NaN
53.25	0.977219146560605
53.35	0.975893912333395
53.45	0.9776540663567237
53.550000000000004	NaN
53.65	0.977497525435199
53.75	NaN
53.85	0.9783085067692844
53.95	0.9786814463414429
54.050000000000004	NaN
54.15	0.9818898811952077
54.25	NaN
54.35	0.9840975143258074
54.45	0.9861049756827333
54.550000000000004	NaN
54.65	0.9892268338833867
54.75	0.9915038732284173
54.85	0.9938224296967088
54.95	0.9951030925795052
55.050000000000004	0.9992197108248443
55.15	1.0002525926661956
55.25	1.0024544053071667
55.35	1.0043847702400526
55.45	1.0070155708366775
55.550000000000004	1.0101832528649695
55.65	1.0132226813295646
55.75	1.0112119955230645
55.85	1.0139258928637018
55.95	1.0148998884581093
56.050000000000004	1.015628124165907
56.15	1.0178280228092076
56.25	1.0207494807450788
56.35	1.0200076035784664
56.45	1.0224946660275622
56.550000000000004	1.0238473477571914
56.65	1.0212564734846175
56.75	NaN
56.85	1.0226019114215978
56.95	1.0198963216901689
57.050000000000004	1.020068382786498
57.15	1.0192714730387868
57.25	1.0181484271514858
57.35	NaN
57.45	1.0143137606140344
57.550000000000004	1.0129457475631196
57.65	1.0125231113335422
57.75	1.011680706371011
57.85	1.0099097526088348
57.95	1.0066537999983565
58.050000000000004	1.004497583127387
58.15	1.002067036051161
58.25	0.9987668887971151
58.35	0.9975498789375813
58.45	NaN
58.550000000000004	0.9948525242829254
58.65	0.9926852937598377
58.75	NaN
58.85	0.9881887487736571
58.95	NaN
59.050000000000004	0.9884027020464734
59.15	0.9852469268452504
59.25	0.9845537945899651
59.35	0.9812168203875377
59.45	0.9831932423021359
59.550000000000004	0.9829201445083062
59.65	0.9819495690934686
59.75	0.9829362903788829
59.85	NaN
59.95	0.9819123037712675
60.050000000000004	NaN
60.15	0.9826772744757026
60.25	0.9833344389375638
60.35	NaN
60.45	0.9840273102447477
60.550000000000004	0.9859329750123624
60.65	0.9905093822379301
60.75	0.9889995510362986
60.85	0.9907152455882393
60.95	0.9917286766736153
61.050000000000004	0.9937742173655346
61.15	0.996979473146083
61.25	0.9978320799173765
61.35	0.9979333716605884
61.45	1.000438695194049
61.550000000000004	NaN
61.65	1.0045621333518482
61.75	NaN
61.85	NaN
61.95	1.0079588590741544
62.050000000000004	1.0100841678932142
62.15	1.012877901839181
62.25	1.0148885909491794
62.35	1.015745618219282
62.45	1.0155940577427034
62.550000000000004	1.0148165677725285
62.65	1.0174435741458387
62.75	1.0176371324971274
62.85	1.0165495628910939
62.95	1.0165388223358334
63.050000000000004	1.016639881411125
63.15	1.0168408101096837
63.25	NaN
63.35	1.0150987959084168
63.45	1.0161757764021815
63.550000000000004	1.015486236973802
63.65	1.0127158490124266
63.75	1.011752583384981
63.85	1.0098027421887152
63.95	1.0099181631336032
64.05	1.0075407301994002
64.14999999999999	1.0058949640292387
64.25	1.0039833164056269
64.35	1.0051793861784826
64.44999999999999	1.001508335704
64.55	0.9989040963704785
64.64999999999999	0.9989190559710185
64.75	0.995620414732842
64.85	0.9950197789051385
64.94999999999999	0.9937374132298803
65.05	0.9925794654918245
65.14999999999999	0.989670351105866
65.25	NaN
65.35	0.9867756718575211
65.44999999999999	NaN
65.55	0.9864321920067893
65.64999999999999	0.9858038334618365
65.75	0.9865351714659812
65.85	0.985775858460015
65.94999999999999	0.9838730163227641
66.05	NaN
66.14999999999999	0.9844472327649527
66.25	0.9855638221154471
66.35	0.9877943058041255
66.44999999999999	0.985612060956014
66.55	0.9867384247048011
66.64999999999999	NaN
66.75	0.9873055594721232
66.85	NaN
66.94999999999999	NaN
67.05	0.9920779889731033
67.14999999999999	0.9926403780316683
67.25	0.9948320391588689
67.35	0.9949581646128758
67.44999999999999	0.9979669075790925
67.55	0.9990059956483114
67.64999999999999	NaN
67.75	NaN
67.85	1.0027671292607685
67.94999999999999	1.0044355412615802
68.05	1.003874202363375
68.14999999999999	1.0043685592160185
68.25	NaN
68.35	1.0088183936307464
68.44999999999999	1.0102799078678404
68.55	1.011301686806901
68.64999999999999	NaN
68.75	1.0130447041979729
68.85	1.0144443620165313
68.94999999999999	1.0126004135787126
69.05	1.013691983668358
69.14999999999999	1.0150839209248899
69.25	1.013231463006574
69.35	1.0144522685480255
69.44999999999999	NaN
69.55	1.013674426859488
69.64999999999999	1.0123750466947254
69.75	NaN
69.85	1.010520024117746
69.94999999999999	NaN
70.05	1.0096646259094955
70.14999999999999	1.007319405706175
70.25	NaN
70.35	1.005922372948132
70.44999999999999	NaN
70.55	1.0055336120272222
70.64999999999999	1.0015276065987677
70.75	0.9994218514540133
70.85	1.0003340848896498
70.94999999999999	0.9969700774935657
71.05	0.9941746160045172
71.14999999999999	0.9957756916308007
71.25	NaN
71.35	0.9930897765340502
71.44999999999999	0.991981801781325
71.55	0.990985746021606
71.64999999999999	0.9900016564086166
71.75	0.9893701935128132
71.85	0.9882957974924941
71.94999999999999	0.9897464154585552
72.05	NaN
72.14999999999999	NaN
72.25	NaN
72.35	NaN
72.44999999999999	0.9878238840691218
72.55	0.9863103480831205
72.64999999999999	0.9871738770848121
72.75	NaN
72.85	0.9886705103344432
72.94999999999999	0.9897593433243582
73.05	0.9904297163863409
73.14999999999999	0.990912499016164
73.25	0.9924233332821523
73.35	0.992004292124161
73.44999999999999	NaN
73.55	0.9960877672816888
73.64999999999999	NaN
73.75	NaN
73.85	0.9987015564386504
73.94999999999999	0.999167479194009
74.05	1.0007322720947576
74.14999999999999	1.0035558023064148
74.25	1.0016975698841581
74.35	1.0047499350864804
74.44999999999999	1.0040720710220314
74.55	1.0080489482373773
74.64999999999999	1.0111943196981183
74.75	1.0099130273885193
74.85	1.0086964085879926
74.94999999999999	1.0107952557583768
75.05	1.0117368245312917
75.14999999999999	1.0110430048687724
75.25	NaN
75.35	NaN
75.44999999999999	NaN
75.55	1.0123487980006594
75.64999999999999	NaN
75.75	NaN
75.85	1.0097631474313025
75.94999999999999	1.0114275468434297
76.05	1.0100435310986917
76.14999999999999	1.0094966275647526
76.25	NaN
76.35	1.0076478584083743
76.44999999999999	NaN
76.55	1.0052959080244845
76.64999999999999	1.004923429766884
76.75	NaN
76.85	NaN
76.95	NaN
77.05	NaN
77.14999999999999	0.9993718255023698
77.25	0.9977138330558609
77.35	0.9968924600743859
77.45	0.9981301721755774
77.55	0.9934940310662297
77.64999999999999	0.992912317205788
77.75	0.9937236199820112
77.85	0.992192477522201
77.95	0.9924739277621493
78.05	0.9905851685867776
78.14999999999999	0.9904433041453861
78.25	0.9900679876661371
78.35	0.9900431920706176
78.45	NaN
78.55	NaN
78.64999999999999	0.9899107897592697
78.75	0.9899622018240396
78.85	NaN
78.95	0.990149394424871
79.05	NaN
79.14999999999999	NaN
79.25	0.9908182998759861
79.35	NaN
79.45	0.9926515850937355
79.55	0.9932344795173004
79.64999999999999	NaN
79.75	0.9955975504138632
79.85	0.9952975803380752
