0.15	0.03816108852472776
0.25	0.03702797626182854
0.35	0.038049277007913315
0.45	0.037131506750971904
0.55	0.037296671425517236
0.65	0.037989521741213214
0.7500000000000001	0.038317439610108785
0.85	0.03861351672834003
0.95	0.03919222224117074
1.05	0.039563388151120274
1.15	0.04025543816448271
1.25	0.041114858482869526
1.35	0.041967477862520204
1.45	0.04286834383977241
1.55	0.043823192013709156
1.65	0.04481659285622456
1.75	0.04609215998611153
1.85	0.047548222493615205
1.95	0.0488568449436803
2.05	0.05048758399544763
2.15	0.05215738048955651
2.25	0.054011000006436
2.35	0.05597162949278906
2.45	0.058023420439932
2.5500000000000003	0.06015310132834112
2.65	0.0630683160258742
2.75	0.06594708012841524
2.85	0.0690674086108091
2.95	0.07238872873160442
3.0500000000000003	0.07616579556274677
3.15	0.08032156305832955
3.25	0.08492385114679853
3.35	0.09004115252465658
3.45	0.09534673002752692
3.5500000000000003	0.10158871922554648
3.65	0.10797089508741561
3.75	0.11580519938889608
3.85	0.12401494543977414
3.95	0.13389636226604326
4.05	0.14328312639263188
4.1499999999999995	0.15507196870674925
4.25	0.16818439803235738
4.35	0.18347915011887725
4.449999999999999	0.20075486776724852
4.55	0.22009127885814328
4.6499999999999995	0.24209419360834283
4.75	0.2679511932804731
4.85	0.29512410504413217
4.95	0.3302086538248225
5.05	0.3692362465838747
5.1499999999999995	0.41302543683239407
5.25	0.46314944186753854
5.35	0.5242566802099892
5.45	0.5977382233245291
5.55	0.6753410560607104
5.6499999999999995	0.7742049429559709
5.75	0.8873142237035947
5.85	1.014021971582055
5.95	1.1509226409730136
6.05	1.3096412894690348
6.1499999999999995	1.4803915192026815
6.25	1.6497976511799433
6.35	1.8159733816758645
6.45	1.9553383025847115
6.55	2.0603116095373566
6.6499999999999995	2.121641132060684
6.75	2.137169705399675
6.85	2.1048054175855984
6.95	2.0343665000465685
7.05	1.9299972962596434
7.1499999999999995	1.819114760731496
7.25	1.7014872394115188
7.35	1.5866143659535847
7.45	1.4739817938933437
7.55	1.3710052238663026
7.6499999999999995	1.2802465702404071
7.75	1.1951224533227442
7.85	1.1218975419541877
7.95	1.0549509594300384
8.05	0.9990874950294767
8.15	0.9451528260522919
8.25	0.904160322630654
8.350000000000001	0.8626398893484768
8.450000000000001	0.829576627582942
8.55	0.8004145884840235
8.65	0.776446924715744
8.75	0.7530242226529442
8.850000000000001	0.73779822894006
8.950000000000001	0.7211880706933494
9.05	0.710266896369472
9.15	0.700570440633755
9.25	0.6954969021249071
9.350000000000001	0.6893942166775394
9.450000000000001	0.6875036440900952
9.55	0.6853210245491085
9.65	0.6863506097435456
9.750000000000002	0.6897415424587959
9.85	0.6965491705809153
9.95	0.7029107932727403
10.049999999999999	0.7106648402774793
10.149999999999999	0.7211315733977277
10.25	0.7339685855605462
10.35	0.7480785892781348
10.45	0.7614119886091825
10.549999999999999	0.7790499952070907
10.649999999999999	0.7975049935729771
10.75	0.8179468412859761
10.85	0.8392675559679211
10.95	0.8614311810063505
11.049999999999999	0.8856083504211456
11.149999999999999	0.9109668838468513
11.25	0.9365285356445893
11.35	0.9630069002242437
11.45	0.9904684533977458
11.549999999999999	1.0187120667959144
11.649999999999999	1.0455206812285835
11.75	1.071158122612953
11.85	1.0968422237621362
11.95	1.1219972300998629
12.049999999999999	1.1469557115231699
12.149999999999999	1.1675154191735093
12.25	1.1843411709721392
12.35	1.2027709040666164
12.45	1.2171541527013467
12.549999999999999	1.2269525685493454
12.649999999999999	1.2385253953266597
12.75	1.239488258326913
12.85	1.2422490402185475
12.95	1.240862378629756
13.049999999999999	1.23559173234352
13.149999999999999	1.2257089802937342
13.25	1.215026114061301
13.35	1.2018758170744388
13.45	1.1872742694247935
13.549999999999999	1.1686596884711786
13.649999999999999	1.1500202587154311
13.75	1.1317836320789458
13.85	1.1090252895675974
13.95	1.0868527335547833
14.049999999999999	1.0662960349169992
14.149999999999999	1.0464465914690149
14.25	1.026907983415417
14.35	1.0060328757693728
14.45	0.9872591049690416
14.549999999999999	0.9703307261164985
14.649999999999999	0.954198650213635
14.75	0.9389999129350354
14.85	0.9236235667836029
14.95	0.9116827015085988
15.049999999999999	0.9003583126878422
15.149999999999999	0.8887804858784948
15.25	0.8808368669117069
15.35	0.8731117657405392
15.45	0.8682448212014824
15.549999999999999	0.865812619802624
15.649999999999999	0.860383181158201
15.75	0.8587675931895371
15.85	0.8581989979689381
15.95	0.857379899282114
16.05	0.8613639534820935
16.15	0.8644869360654275
16.25	0.8672044826387201
16.349999999999998	0.8729724603350629
16.45	0.8806025314258065
16.55	0.8854892321535204
16.65	0.8952664491304563
16.75	0.9026696587847519
16.849999999999998	0.9117957997896132
16.95	0.9231349686036168
17.05	0.9341913770140915
17.15	0.9445314986616911
17.25	0.9592536115808901
17.349999999999998	0.9712335172282213
17.45	0.9822443480331046
17.55	0.9941683705860109
17.65	1.0085998555314468
17.75	1.0235351940438024
17.849999999999998	1.031130829834821
17.95	1.0440314884722053
18.05	1.0557888907542337
18.15	1.065961134507826
18.25	1.075069268557289
18.349999999999998	1.0833585955140008
18.45	1.091840620184855
18.55	1.0974877766136473
18.65	1.1038269633728954
18.75	1.106314059959703
18.849999999999998	1.110326502259071
18.95	1.1104826125806582
19.05	1.1114456103834047
19.15	1.1095474251560034
19.25	1.1091989521265229
19.35	1.103154741609074
19.45	1.1001488498399257
19.55	1.0903629274816762
19.65	1.0858524235357268
19.75	1.0802177442143879
19.85	1.0707374812006505
19.95	1.0622544777790381
20.05	1.0540134950123714
20.15	1.042703986827794
20.25	1.033465035093223
20.35	1.024763379741341
20.45	1.0153984525916715
20.55	1.0059954666563493
20.65	0.998181078581938
20.75	0.9881022360915033
20.85	0.9799693298667401
20.95	0.9744585721811537
21.05	0.9634026168952553
21.15	0.9534350875369636
21.25	0.9498397338812009
21.35	0.9439933123159505
21.45	0.9394260713970919
21.55	0.9348614903272767
21.65	0.9301251037976399
21.75	0.926707212987906
21.85	0.9245782240487982
21.95	0.9239719102518393
22.05	0.9223515493018639
22.15	0.9229979535180876
22.25	0.9222174226742833
22.35	0.9248728189190918
22.45	0.9257225789940677
22.55	0.9296597939311134
22.65	0.9329362986827223
22.75	0.9333022206427569
22.85	0.9403453981499529
22.95	0.9434056265316192
23.05	0.9508749228874078
23.15	0.9574317815043342
23.25	0.9622462604522151
23.35	0.9704400723020327
23.45	0.9755125132417221
23.55	0.983074847616289
23.65	0.9897294910229445
23.75	0.9965440650508564
23.85	1.0048444054244459
23.95	1.0137279766119285
24.05	1.0194739764777427
24.15	1.0242008484648928
24.25	1.03029404665402
24.35	1.0359769491328858
24.45	1.0415419954442802
24.55	1.0480220391266222
24.65	1.0537624422335545
24.75	1.0544534717950003
24.85	1.0576485524835346
24.95	1.0615842499353203
25.05	1.066122245439425
25.15	1.0632181408954182
25.25	1.0612955924409424
25.35	1.0639427530057761
25.45	1.0614202983102734
25.55	1.0609882375400812
25.65	1.0582169090173332
25.75	1.055271316848905
25.85	1.0521856596864974
25.95	1.0467812099274072
26.05	1.043103466186726
26.15	1.0381136331355911
26.25	1.03319289045062
26.35	1.0252151780949446
26.45	1.024273883647348
26.55	1.015634820595215
26.65	1.0086286379720115
26.75	1.0063557670235057
26.85	0.9999443212190896
26.95	0.9958631900388522
27.05	0.989727127010028
27.15	0.985595758938257
27.25	0.9790625717920592
27.35	0.9740790819515556
27.45	0.9701629964424215
27.55	0.9658602158561294
27.65	0.9651220762593262
27.75	0.9603115218821265
27.85	0.9590425769342528
27.95	0.9567733718484224
28.05	0.9536982246795911
28.15	0.9543326770998013
28.25	0.9532554796007252
28.35	0.9522275512198206
28.45	0.9528064780891766
28.55	0.95228047986599
28.65	0.9528470858982505
28.75	0.955298491419082
28.85	0.9554929036050089
28.95	0.9601571876655511
29.05	0.962147653249817
29.15	0.9646878832279571
29.25	0.9683105163105723
29.35	0.9720365051565433
29.45	0.9746831345684103
29.55	0.9802760576162998
29.65	0.9832862983141019
29.75	0.9887122979660965
29.85	0.9913170013902292
29.95	NaN
30.05	1.0012523445996648
30.15	1.0051310174051438
30.25	1.0090279857898763
30.35	1.0138987108485567
30.45	1.0164449866232597
30.55	1.0219831566752136
30.65	1.025961808997413
30.75	1.0294569080357652
30.85	1.0320028734532058
30.95	1.0331862500980564
31.05	1.0362648143960789
31.15	1.0386680386392086
31.25	1.040178252444103
31.35	1.0409806540241877
31.45	1.040562815457897
31.55	1.040508708162573
31.65	1.041774733795187
31.75	NaN
31.85	1.0371124489888468
31.95	1.0378553662541163
32.05	1.0345384705020595
32.15	1.0307588903752976
32.25	1.0302013975127748
32.35	1.0272749293734862
32.45	1.0219410418145598
32.55	1.020007577689294
32.65	1.016235975987442
32.75	1.0130227947920323
32.85	1.0106689739859949
32.95	1.0071302791794836
33.05	1.001261754401124
33.15	0.9982105630281275
33.25	0.9962215451132044
33.35	0.9909635578240934
33.45	0.9885241748945259
33.55	0.9820722514594178
33.65	0.9811728931318402
33.75	0.9794587226190369
33.85	0.9770859252515312
33.95	0.9739853356712572
34.05	0.9727174102832855
34.15	0.9731554938446663
34.25	0.9697280033016754
34.35	0.9681383725751227
34.45	0.9652109304842962
34.55	0.9667855346270678
34.65	0.9679537931489035
34.75	0.9681561364109926
34.85	0.9682174615949866
34.95	0.9689293536200254
35.05	0.9691289223692027
35.15	0.9722343455951705
35.25	0.9727296756827117
35.35	0.9757984685411637
35.45	0.9774817999152228
35.55	0.9782266489534479
35.65	0.9844551238298564
35.75	0.9838163894149411
35.85	0.9879398851626802
35.95	0.9904597530355248
36.05	0.9926524487285391
36.15	0.9942704873970067
36.25	0.9996728310605753
36.35	1.003217705620436
36.45	1.0054821855893696
36.55	1.0106057191328632
36.65	NaN
36.75	1.0156008433343018
36.85	1.0172250901753879
36.95	1.018693918674003
37.05	1.021914394528256
37.15	1.0227196885722136
37.25	1.0239224343476492
37.35	1.0243659836123138
37.45	1.0272835606804185
37.55	1.027448630315462
37.65	1.0285617300528636
37.75	1.0294184223324292
37.85	1.027563558697804
37.95	1.0293514435378612
38.05	NaN
38.15	NaN
38.25	1.0255544068548406
38.35	1.0242588256006933
38.45	1.0235782556472666
38.550000000000004	1.0204500439477027
38.65	1.0205884260644058
38.75	1.0148126208562904
38.85	1.0143923428436152
38.95	1.0121654136336875
39.050000000000004	1.0067454287942679
39.15	1.008329510694449
39.25	1.0010471099412106
39.35	1.0001617236624902
39.45	0.9979427677742115
39.550000000000004	0.9965739497521591
39.65	NaN
39.75	0.9898563673340425
39.85	0.9891177688012026
39.95	0.9855983080013534
40.050000000000004	0.9855008174317189
40.15	0.9836621771708534
40.25	0.98404342942421
40.35	NaN
40.45	0.9780238611302529
40.550000000000004	0.978318411936352
40.65	0.9773883014140506
40.75	0.9771366523435538
40.85	0.975157657859088
40.95	0.9778568661118513
41.050000000000004	0.9767954162458581
41.15	0.9770314091018563
41.25	0.9781422448343563
41.35	0.9792997142020685
41.45	0.9800434820422886
41.550000000000004	0.98100932077931
41.65	0.9823091929830398
41.75	0.9853556402884913
41.85	0.9837885004356847
41.95	0.9880581801551434
42.050000000000004	0.9907330773466758
42.15	0.9915411067791349
42.25	0.992136078372073
42.35	0.9956395075598676
42.45	0.9980052070297003
42.550000000000004	1.0011577282577546
42.65	1.0026899488992087
42.75	1.0060369004098826
42.85	1.005757274933884
42.95	1.0116322566076947
43.050000000000004	1.0108106128895054
43.15	NaN
43.25	1.0153569721579647
43.35	1.017147954683564
43.45	1.0172618677495806
43.550000000000004	1.0208968881355
43.65	NaN
43.75	NaN
43.85	1.020210867174631
43.95	1.0220426856407594
44.050000000000004	1.0202767944842415
44.15	1.0214374474143895
44.25	1.0204022557197403
44.35	1.0198900958383235
44.45	NaN
44.550000000000004	1.0190897068203413
44.65	1.018288830146598
44.75	1.0141414569357106
44.85	1.0136813620150267
44.95	1.0143391876373762
45.050000000000004	1.0118804672176918
45.15	1.0098069449782814
45.25	1.0076330801088156
45.35	1.0053802834633807
45.45	1.0049752837407546
45.550000000000004	0.9994915846389197
45.65	0.9995448331905419
45.75	NaN
45.85	0.9951361117086649
45.95	NaN
46.050000000000004	0.9910530123427437
46.15	0.9915172695703544
46.25	0.9876015527333316
46.35	NaN
46.45	0.9880208236029527
46.550000000000004	0.9849493110274723
46.65	NaN
46.75	0.9830669027603859
46.85	0.9843983462852387
46.95	0.9833249585621495
47.050000000000004	0.9835708054575952
47.15	0.9825782868915472
47.25	0.982236762876577
47.35	0.9819918577207787
47.45	NaN
47.550000000000004	0.9832894711935279
47.65	0.985128063412113
47.75	0.9847337848373653
47.85	0.985195869483416
47.95	0.9870118282596021
48.050000000000004	0.9860022351167852
48.15	0.9892858061547762
48.25	0.9919191306841196
48.35	0.992357118231449
48.45	0.9940662241095964
48.550000000000004	0.9974349902483423
48.65	0.9979914563801551
48.75	0.9988544290686443
48.85	1.0009525419297902
48.95	1.0020117652280083
49.050000000000004	1.004257156084066
49.15	1.0055399143416164
49.25	1.0084438895198244
49.35	1.0083860467957455
49.45	1.0084544830764328
49.550000000000004	1.010774904125967
49.65	1.0111454889704368
49.75	NaN
49.85	1.0146423481689149
49.95	1.0153070739854178
50.050000000000004	1.0151172153247636
50.15	1.0166795152818648
50.25	1.0150779449288798
50.35	1.0183920647504523
50.45	1.0159217047210307
50.550000000000004	1.0141256355784427
50.65	1.0160308650732592
50.75	1.0135364572877197
50.85	1.014996067270767
50.95	1.0136017573712661
51.050000000000004	1.0121149787281496
51.15	1.012889427473769
51.25	1.0080757830334068
51.35	1.009969814339417
51.45	1.0066154636843445
51.550000000000004	1.0051659191447366
51.65	1.0041849936833378
51.75	1.0007642311961196
51.85	1.0016534448987109
51.95	0.9991876299431782
52.050000000000004	0.9969506520695455
52.15	NaN
52.25	0.9940218189657165
52.35	0.9926121667347686
52.45	0.9950126498378835
52.550000000000004	0.9896715329874898
52.65	0.9896125159290239
52.75	0.9901293148155206
52.85	0.9886314869642577
52.95	0.9882683363785086
53.050000000000004	0.9863622493665715
53.15	0.9830269742866268
53.25	0.9863236570066621
53.35	0.9866870000043775
53.45	0.9845354043186292
53.550000000000004	0.9867393260682239
53.65	0.987610822385371
53.75	0.9880754220649153
53.85	0.9879552992764398
53.95	0.9865080433942236
54.050000000000004	0.9877247065870791
54.15	0.9897718259853523
54.25	0.9910142863770504
54.35	0.9901784216506592
54.45	0.9893200015369673
54.550000000000004	NaN
54.65	0.9958143435612556
54.75	0.9957336907230647
54.85	0.9979280158508215
54.95	0.9991255907552515
55.050000000000004	1.0001404391072737
55.15	1.0018574610073923
55.25	1.0030384841145428
55.35	1.0022631755465603
55.45	1.0070753753892592
55.550000000000004	1.0084269494037457
55.65	NaN
55.75	1.0076618355803997
55.85	1.008765517710088
55.95	1.0097675740550838
56.050000000000004	1.0099149802240235
56.15	1.0095616211893472
56.25	1.0079529866783987
56.35	1.0053677202917237
56.45	1.0152579469035177
56.550000000000004	1.0116654319541436
56.65	1.0130872004381755
56.75	1.013516136615338
56.85	1.0131995499602768
56.95	1.0120243054780742
57.050000000000004	1.0113615394526285
57.15	1.0104579386776666
57.25	1.0126770946839396
57.35	1.010812777664696
57.45	1.0105606674303091
57.550000000000004	NaN
57.65	1.0077335806915853
57.75	1.004100890533875
57.85	1.003454314902473
57.95	1.0024490136459652
58.050000000000004	NaN
58.15	0.9998362152590061
58.25	0.9994218425930613
58.35	0.9966683024097664
58.45	0.9963629943370267
58.550000000000004	0.9960609014370965
58.65	0.9948976885798374
58.75	NaN
58.85	0.9917747662768823
58.95	0.9915884474372488
59.050000000000004	0.9920135158334316
59.15	0.9903321788845503
59.25	0.9899411929097
59.35	0.9901185111910012
59.45	0.9900658874802095
59.550000000000004	0.9888693353528367
59.65	NaN
59.75	0.9891340408728901
59.85	0.9882137130760716
59.95	0.989602612009071
60.050000000000004	0.988048229599245
60.15	0.9894571821020779
60.25	0.9906397726245717
60.35	NaN
60.45	0.9913617827194149
60.550000000000004	0.9918665584655676
60.65	0.9928921292277496
60.75	0.9922051582621124
60.85	NaN
60.95	0.9965503549502516
61.050000000000004	0.9972500231942537
61.15	0.9988689273513077
61.25	0.9973940857743004
61.35	1.0000917766292972
61.45	1.0001214871351773
61.550000000000004	1.001466674793639
61.65	1.0050885490215635
61.75	1.002796551567978
61.85	1.005772858980258
61.95	NaN
62.050000000000004	1.006855386211682
62.15	1.0079400317135931
62.25	1.00978150298613
62.35	1.0104287078756655
62.45	NaN
62.550000000000004	1.009979873850197
62.65	NaN
62.75	NaN
62.85	1.0102928516985485
62.95	1.0094500299604539
63.050000000000004	1.0105765707939807
63.15	1.0102130179992048
63.25	1.0103104198557777
63.35	1.0078917617955516
63.45	1.0077998600225928
63.550000000000004	1.0069312986370085
63.65	NaN
63.75	1.0068376826842613
63.85	NaN
63.95	1.0061443730174913
64.05	1.0030397572387744
64.14999999999999	1.0013715023063117
64.25	1.001685224644649
64.35	NaN
64.44999999999999	1.0005293656294696
64.55	0.9976821579117942
64.64999999999999	0.9988000811994052
64.75	0.9962762092003725
64.85	0.997591475406329
64.94999999999999	0.996348983453279
65.05	0.9950669289842192
65.14999999999999	NaN
65.25	0.9945360385150424
65.35	0.9915692927796734
65.44999999999999	0.9916732585768261
65.55	0.992370146431204
65.64999999999999	NaN
65.75	0.9889633748408666
65.85	0.9902394517005245
65.94999999999999	NaN
66.05	NaN
66.14999999999999	0.9917616162356586
66.25	0.991470291520371
66.35	0.9919476119775678
66.44999999999999	0.9927828299739901
66.55	NaN
66.64999999999999	0.9936446000647917
66.75	0.9911682829176846
66.85	NaN
66.94999999999999	NaN
67.05	NaN
67.14999999999999	NaN
67.25	0.997597922955623
67.35	NaN
67.44999999999999	NaN
67.55	1.0004537878439768
67.64999999999999	1.0000153572646548
67.75	1.0031760426624605
67.85	1.0028617286003794
67.94999999999999	NaN
68.05	1.0036088900867743
68.14999999999999	1.0056890166342054
68.25	1.0078749859132217
68.35	1.0061052895110743
68.44999999999999	1.0068651848138912
68.55	1.0074584541706153
68.64999999999999	NaN
68.75	1.0075910559023307
68.85	1.0064940214900187
68.94999999999999	1.0080308556564463
69.05	NaN
69.14999999999999	1.0084681287894064
69.25	NaN
69.35	1.0076814096093254
69.44999999999999	1.0096953422675425
69.55	1.0060707915968767
69.64999999999999	1.00751211588487
69.75	1.0067003097205771
69.85	1.00435022692921
69.94999999999999	1.007336161105336
70.05	NaN
70.14999999999999	1.004649691637358
70.25	1.0047608745138268
70.35	1.0030094624196515
70.44999999999999	1.0021069374966713
70.55	1.0022691383700637
70.64999999999999	1.0007525640646333
70.75	1.0006446346676718
70.85	0.9985683102369766
70.94999999999999	0.9971060715843846
71.05	0.9974502444668045
71.14999999999999	NaN
71.25	0.9970377605130404
71.35	NaN
71.44999999999999	0.9945984043213558
71.55	0.9942995379776303
71.64999999999999	0.9935843519406574
71.75	0.9951151242693024
71.85	NaN
71.94999999999999	NaN
72.05	0.9925370490571737
72.14999999999999	NaN
72.25	0.9917608365499824
72.35	0.992408707133147
72.44999999999999	NaN
72.55	NaN
72.64999999999999	0.9933384194175052
72.75	0.9931459647480323
72.85	0.9947167638922589
72.94999999999999	NaN
73.05	0.9943745405441147
73.14999999999999	0.9953256670603438
73.25	0.9937434977284583
73.35	0.9981268402622948
73.44999999999999	0.9966139797477703
73.55	0.9989319854528358
73.64999999999999	0.9992898572060849
73.75	0.9983031934006248
73.85	0.9991587968064057
73.94999999999999	NaN
74.05	NaN
74.14999999999999	1.0010659952930876
74.25	1.000932009790034
74.35	1.0035425082949534
74.44999999999999	1.0026798385179778
74.55	1.0047281483759531
74.64999999999999	NaN
74.75	NaN
74.85	1.0056277399384124
74.94999999999999	1.006284622445872
75.05	1.0072445993146224
75.14999999999999	1.0062282939463545
75.25	1.006245144048875
75.35	1.0078591600979063
75.44999999999999	1.0072862398245093
75.55	1.0072572762950218
75.64999999999999	1.0071420183879582
75.75	NaN
75.85	1.0069193671346004
75.94999999999999	NaN
76.05	1.0050897841472157
76.14999999999999	1.0058768429683838
76.25	1.0059213279471042
76.35	1.0042559354128864
76.44999999999999	NaN
76.55	1.0025497192668342
76.64999999999999	1.002359193572937
76.75	NaN
76.85	1.0009081239286344
76.95	0.9975862433740329
77.05	0.9996949488725315
77.14999999999999	0.9984892821552802
77.25	NaN
77.35	NaN
77.45	NaN
77.55	0.9968784948353796
77.64999999999999	NaN
77.75	0.9951405929078179
77.85	0.9947416379640129
77.95	NaN
78.05	0.9931164820180103
78.14999999999999	NaN
78.25	0.993132521497906
78.35	0.993617307418303
78.45	NaN
78.55	NaN
78.64999999999999	NaN
78.75	0.9939299599035036
78.85	0.9949135085499144
78.95	0.9944016643213364
79.05	NaN
79.14999999999999	NaN
79.25	0.9950342449923198
79.35	0.9968845395499893
79.45	NaN
79.55	0.9950253003820838
79.64999999999999	NaN
79.75	0.9977147982021938
79.85	0.9993418947384702
