0.15	0.03652018830865021
0.25	0.03645061304361508
0.35	0.03715753804974377
0.45	0.036954530410601864
0.55	0.03789440175648205
0.65	0.03749946665071284
0.7500000000000001	0.03805658349277072
0.85	0.03863576575251077
0.95	0.0391282706154664
1.05	0.039696627545934116
1.15	0.040102754102033046
1.25	0.04100849387966105
1.35	0.04183530356570389
1.45	0.04278749494001951
1.55	0.043669417326706664
1.65	0.04476306407911862
1.75	0.04611672704872603
1.85	0.04743898551490283
1.95	0.04889884552284804
2.05	0.0503883433508164
2.15	0.05210383733419832
2.25	0.05413117658371268
2.35	0.055879082121143335
2.45	0.05792961497959784
2.5500000000000003	0.06016206010488779
2.65	0.06298038046174857
2.75	0.06613586886503305
2.85	0.06927550061153841
2.95	0.07241711576271902
3.0500000000000003	0.075989465768378
3.15	0.0802823266508976
3.25	0.08485035874586902
3.35	0.09007968450574722
3.45	0.09547135640910767
3.5500000000000003	0.10142961572206784
3.65	0.10801066460036585
3.75	0.11584881723516385
3.85	0.12370894314523323
3.95	0.13368501597868387
4.05	0.143551765365903
4.1499999999999995	0.15512326025019704
4.25	0.16853223752216195
4.35	0.18341363758252424
4.449999999999999	0.20042128784728389
4.55	0.21989002289245124
4.6499999999999995	0.24232386085257668
4.75	0.2675943173748843
4.85	0.29529586490805054
4.95	0.3299853057344662
5.05	0.3688601119187196
5.1499999999999995	0.41336354560803734
5.25	0.4650152573025682
5.35	0.5238285412958906
5.45	0.599062189913486
5.55	0.677363844710113
5.6499999999999995	0.7743035393168965
5.75	0.8858900459434924
5.85	1.0143296519135376
5.95	1.1502501784935446
6.05	1.3066087795778225
6.1499999999999995	1.4813919901123378
6.25	1.646935413075961
6.35	1.815319164921144
6.45	1.9559373588510185
6.55	2.0610691827329157
6.6499999999999995	2.125281017040996
6.75	2.136694789026075
6.85	2.1036756816937254
6.95	2.0314845227812666
7.05	1.9348620398076386
7.1499999999999995	1.818322085875776
7.25	1.7038770288022576
7.35	1.5900501055110572
7.45	1.4741962680445762
7.55	1.3708361631841688
7.6499999999999995	1.2808681554481798
7.75	1.1948290791867808
7.85	1.1203455055051275
7.95	1.0559202180947755
8.05	0.9968994484004223
8.15	0.9483732290155125
8.25	0.9021214540016858
8.350000000000001	0.8638020631198929
8.450000000000001	0.8296388802806235
8.55	0.8016128918126638
8.65	0.7754153369344515
8.75	0.757100865382878
8.850000000000001	0.7368460243321995
8.950000000000001	0.7242731118151147
9.05	0.7120313672420645
9.15	0.7018014735317786
9.25	0.6939822789898207
9.350000000000001	0.6898073581478026
9.450000000000001	0.6849818197717013
9.55	0.6885982668187196
9.65	0.6868745638876211
9.750000000000002	0.6919545762726241
9.85	0.6965915356277889
9.95	0.7016082379336208
10.049999999999999	0.7107134699961176
10.149999999999999	0.7217525149708797
10.25	0.7339158388885615
10.35	0.7474762128614006
10.45	0.7627511545249779
10.549999999999999	0.7781759923269806
10.649999999999999	0.7963957350516542
10.75	0.8195028022666342
10.85	0.8397571685006409
10.95	0.8622163250795806
11.049999999999999	0.887496370249897
11.149999999999999	0.9111514885525723
11.25	0.9371194397549323
11.35	0.9627246028896526
11.45	0.9910280882130237
11.549999999999999	1.0170541333406906
11.649999999999999	1.0440719566899397
11.75	1.0720480767010014
11.85	1.097906767907312
11.95	1.1245272723933766
12.049999999999999	1.1460168792060794
12.149999999999999	1.1681172113111284
12.25	1.1852515990317773
12.35	1.2025437353657935
12.45	1.2166697493373346
12.549999999999999	1.2293428140113491
12.649999999999999	1.2375100965348675
12.75	1.2384536297859805
12.85	1.2438265491690446
12.95	1.2392875657679734
13.049999999999999	1.2335897931518611
13.149999999999999	1.2240434898512509
13.25	1.2150590823361185
13.35	1.2001260427685756
13.45	1.1863452251620101
13.549999999999999	1.1683337141879162
13.649999999999999	1.1505080641111591
13.75	1.1285404332462299
13.85	1.108822827773898
13.95	1.0881766643104944
14.049999999999999	1.0669598597817447
14.149999999999999	1.0455659692905024
14.25	1.0238077637679608
14.35	1.0073394012188583
14.45	0.9877292365528537
14.549999999999999	0.9692652536746527
14.649999999999999	0.9536446196042956
14.75	0.9369891168364611
14.85	0.9246115270732587
14.95	0.9085573325894947
15.049999999999999	0.9014147026001392
15.149999999999999	0.8901660391884763
15.25	0.8815845043931103
15.35	0.8733648141968184
15.45	0.8680405328332874
15.549999999999999	0.865694448126865
15.649999999999999	0.8598017963125741
15.75	0.8578820613151246
15.85	0.8576228808939405
15.95	0.8584497748225444
16.05	0.8622551936907619
16.15	0.8635875063929358
16.25	0.868719203090266
16.349999999999998	0.8730189220818354
16.45	0.8772566086954876
16.55	0.8858003091875791
16.65	0.8937425024085801
16.75	0.9033713911155028
16.849999999999998	0.9133561306817481
16.95	0.9230488204358944
17.05	0.934612096218108
17.15	0.9459111405941416
17.25	0.957432635118767
17.349999999999998	0.97185208567642
17.45	0.9832463386524214
17.55	0.9964933466645702
17.65	1.0097564744196939
17.75	1.02067479671193
17.849999999999998	1.0332086508557488
17.95	1.044077805487639
18.05	1.0564148783509721
18.15	1.0666418207466126
18.25	1.0783269547070853
18.349999999999998	1.084327471733888
18.45	1.092236425817507
18.55	1.0969158034634723
18.65	1.1043056454368505
18.75	1.1080260823710715
18.849999999999998	1.1102024428894028
18.95	1.110793032413141
19.05	1.1117176106917608
19.15	1.110722963806869
19.25	1.1074394080395649
19.35	1.1056355660349886
19.45	1.1002741482916505
19.55	1.093989887052581
19.65	1.0867341630420262
19.75	1.0774034953890035
19.85	1.069845454301398
19.95	1.061522611619714
20.05	1.0523012493400061
20.15	1.0442375529877388
20.25	1.0333395104079413
20.35	1.026090093328161
20.45	1.0161908226722554
20.55	1.0042022277502716
20.65	0.9976977017645938
20.75	0.985066149857559
20.85	0.9786592895224655
20.95	0.97160473127252
21.05	0.9639662873856861
21.15	0.956374171150526
21.25	0.9482193023776384
21.35	0.9428868550009636
21.45	0.9370386717015161
21.55	0.9343197511535383
21.65	0.9306341813147869
21.75	0.927047799881348
21.85	0.9264657061268339
21.95	0.9235558988771335
22.05	0.9210134578450119
22.15	0.9239776912172648
22.25	0.9245442327290577
22.35	0.9248855449646929
22.45	0.9286737593605582
22.55	0.9285657202653034
22.65	0.931721466102637
22.75	0.9367517000355329
22.85	0.9396211523493532
22.95	0.9448320232434291
23.05	0.9510629464117935
23.15	0.9571939682067132
23.25	0.9613415810626877
23.35	0.9691900984779266
23.45	0.9758986478615898
23.55	0.9826841779943638
23.65	0.9920277975501411
23.75	0.9940703716640157
23.85	1.003584428083827
23.95	1.0107702944025887
24.05	1.0191436845088453
24.15	1.0249302190347742
24.25	1.0323893497171976
24.35	1.0356982570094742
24.45	1.0431855646533292
24.55	1.047533353673163
24.65	1.0557914356743041
24.75	1.0530721527582272
24.85	1.0575662137743866
24.95	1.060623296400911
25.05	1.0606394632216685
25.15	1.0610424859877599
25.25	1.0650816942714914
25.35	1.0629581862725888
25.45	1.061554176247119
25.55	1.060277806572335
25.65	1.0563472909000484
25.75	1.0546223204220477
25.85	1.0503987513543662
25.95	1.047756997297309
26.05	1.0425603058157509
26.15	1.0380757501318474
26.25	1.0334107768891825
26.35	1.0291753964643329
26.45	1.022402333715057
26.55	1.0193058664553738
26.65	1.0117274613283476
26.75	1.0051402244699958
26.85	1.000319072045162
26.95	0.9939440514019661
27.05	0.9898509743072488
27.15	0.9832946825815377
27.25	0.9804112528029861
27.35	0.974808457692464
27.45	0.971747677336781
27.55	0.9673797405800971
27.65	0.9629246915687654
27.75	0.9604323777257504
27.85	0.9576410091425616
27.95	0.9549731411310945
28.05	0.9534375122947902
28.15	0.9529828327884095
28.25	0.9524317423476014
28.35	0.9517580140814211
28.45	0.9538644571246355
28.55	0.9509189594792555
28.65	0.9535127341773885
28.75	0.9557784979127297
28.85	0.9565004243085858
28.95	0.9583438231276019
29.05	0.9616875960258218
29.15	0.9649682639333476
29.25	0.9666412510824183
29.35	0.9725817841072648
29.45	0.9762896197805524
29.55	0.9801360532510646
29.65	0.9816742837192021
29.75	0.988071906872538
29.85	0.9934037749567642
29.95	NaN
30.05	1.0023125151546755
30.15	1.0045892967253085
30.25	1.0093369610636638
30.35	1.0136477251364948
30.45	1.0173625973341387
30.55	1.0215271475780288
30.65	1.026110176544651
30.75	1.0291682058854927
30.85	1.03081058790869
30.95	1.0345194610433406
31.05	1.0345114220319964
31.15	1.0384924475531203
31.25	1.0388131799099665
31.35	1.0395227879128917
31.45	1.040044425699895
31.55	1.0400369612857063
31.65	1.0393301732428029
31.75	NaN
31.85	1.037923344611744
31.95	1.0370078993434497
32.05	1.0342369569307361
32.15	1.0322649915575972
32.25	1.0298791745080005
32.35	1.0273037655171309
32.45	1.025541590696411
32.55	1.0208178742153735
32.65	1.0155142991873631
32.75	1.012204042957003
32.85	1.0088607867669983
32.95	1.0060974534444778
33.05	1.0024306964602874
33.15	0.9980402219547295
33.25	0.9960232573113738
33.35	0.9918817023155286
33.45	0.9885955444448894
33.55	0.9855985221970266
33.65	0.9829542606541722
33.75	0.9798198116440884
33.85	0.9756190531069046
33.95	0.9754672370373015
34.05	0.9728756944421483
34.15	0.9709257449999367
34.25	0.9688796147786697
34.35	0.9679465503209127
34.45	0.9685382671249534
34.55	0.9682284636153418
34.65	0.9682340215393254
34.75	0.9676018762654388
34.85	0.9680617143039953
34.95	0.9693665420915843
35.05	0.9693182850330256
35.15	0.9700625107676066
35.25	0.9723889697581509
35.35	0.9762898941780411
35.45	0.9761170811349491
35.55	0.9792072840594797
35.65	0.9829865144482025
35.75	0.9862064873531674
35.85	0.9862865631633554
35.95	0.9902855787557759
36.05	0.9924620281423419
36.15	0.9956533979291132
36.25	0.9984148553945238
36.35	1.0006550295834038
36.45	1.0055785100432622
36.55	1.0074803111379484
36.65	NaN
36.75	1.0125780255686418
36.85	1.0171456278864224
36.95	1.018050461194164
37.05	1.0204847605231557
37.15	1.0228312157902428
37.25	1.0241598395327136
37.35	1.0267927880740295
37.45	1.0266682213317042
37.55	1.0282880227513769
37.65	1.0292039583515347
37.75	1.0275620153925356
37.85	1.0273233040192566
37.95	1.0272356278304138
38.05	NaN
38.15	NaN
38.25	1.029452262677862
38.35	1.0230718111056654
38.45	1.0237409009075205
38.550000000000004	1.0185938154726553
38.65	1.0200422124991904
38.75	1.0181823659359137
38.85	1.0129743219986251
38.95	1.0114885709374695
39.050000000000004	1.0089588957681241
39.15	1.0051527740134105
39.25	1.0021352257940204
39.35	1.001440122802089
39.45	0.9975673327494105
39.550000000000004	0.9945282597358639
39.65	NaN
39.75	0.9907234487071601
39.85	0.988386948306281
39.95	0.9867081950706806
40.050000000000004	0.9824338246253129
40.15	0.9821103713533679
40.25	0.9835818973457091
40.35	NaN
40.45	0.979131662475002
40.550000000000004	0.9776363611481219
40.65	0.976984751259558
40.75	0.9775134564350106
40.85	0.9776750531423606
40.95	0.975301634014078
41.050000000000004	0.9769959133017648
41.15	0.9764016789236994
41.25	0.9764633251016054
41.35	0.9787390016335362
41.45	0.9783242904632504
41.550000000000004	0.9807741999706077
41.65	0.9816579025336124
41.75	0.9849052347363906
41.85	0.9844842022863635
41.95	0.9871060021988952
42.050000000000004	0.9885889499231748
42.15	0.9923157442413517
42.25	0.9944492743532569
42.35	0.9960235165123061
42.45	1.0002317588199403
42.550000000000004	1.0013571535956007
42.65	1.0003805833154906
42.75	1.0056845490214252
42.85	1.0074950680146126
42.95	1.009860463326554
43.050000000000004	1.0111508615615263
43.15	NaN
43.25	1.0155136552071955
43.35	1.0161827748199723
43.45	1.0171077674906184
43.550000000000004	1.007779395816154
43.65	NaN
43.75	NaN
43.85	1.0198876154207916
43.95	1.0191969340608427
44.050000000000004	1.0229232967748332
44.15	1.0211649637412326
44.25	1.0152085224646688
44.35	1.0207651680973362
44.45	NaN
44.550000000000004	1.0176849928550773
44.65	1.01652410856944
44.75	1.0154525152215428
44.85	1.01436913200257
44.95	1.011248536601161
45.050000000000004	1.012709336730887
45.15	1.009666221555989
45.25	1.005284959715699
45.35	1.0069249199794137
45.45	1.0042600128297572
45.550000000000004	1.0029582651936968
45.65	0.9974444720486932
45.75	NaN
45.85	0.9977900373321712
45.95	NaN
46.050000000000004	0.9906522609661725
46.15	0.9909197041784672
46.25	0.9896374460925645
46.35	NaN
46.45	0.9864252996893135
46.550000000000004	0.9872022606174801
46.65	NaN
46.75	0.985492975078183
46.85	0.9829055337519693
46.95	0.9833232078309261
47.050000000000004	0.9813550382813306
47.15	0.9828907657967322
47.25	0.9817004519722022
47.35	0.9816614329127972
47.45	NaN
47.550000000000004	0.9815809273249926
47.65	0.9840393985024499
47.75	0.9850367923240242
47.85	0.9872800295190164
47.95	0.9864785326805788
48.050000000000004	0.9878922666497293
48.15	0.9901689434967355
48.25	0.9926950627574876
48.35	0.9929552810806486
48.45	0.9940855326654725
48.550000000000004	0.9951503648699083
48.65	0.9989234340826327
48.75	1.0011408578968195
48.85	1.0012616782409436
48.95	1.0043647975124652
49.050000000000004	1.003842889644094
49.15	1.0089188585047015
49.25	1.0059114215857756
49.35	1.0091082066608352
49.45	1.007968822897085
49.550000000000004	1.0128937305935273
49.65	1.0120347781708448
49.75	NaN
49.85	1.0142295764591331
49.95	1.0143599430475863
50.050000000000004	1.0142655971111256
50.15	1.0129158408834498
50.25	1.0156801458888327
50.35	1.0159996800368516
50.45	1.0166320854213364
50.550000000000004	1.0154805382206287
50.65	1.0145371491952309
50.75	1.0131777183039734
50.85	1.0150078733044585
50.95	1.0137008150241384
51.050000000000004	1.0115087822516822
51.15	1.010721249816783
51.25	1.010085575662727
51.35	1.008557226700641
51.45	1.0073613552732053
51.550000000000004	1.0058764254693653
51.65	1.006921379034125
51.75	1.0025820075318843
51.85	1.0016295664800237
51.95	0.9998150510444737
52.050000000000004	0.9989568628916032
52.15	NaN
52.25	0.9964693517830971
52.35	0.9936917206658439
52.45	0.9921956254809879
52.550000000000004	0.9913289464908501
52.65	0.9883704251940345
52.75	0.9892799194245082
52.85	0.9886289205387877
52.95	0.9891678645350982
53.050000000000004	0.985833371322416
53.15	0.9864230669803965
53.25	0.9849520178112166
53.35	0.9867457556184038
53.45	0.984738533674601
53.550000000000004	0.9872411308731941
53.65	0.9845648767564311
53.75	0.9852218367625111
53.85	0.9872022044830998
53.95	0.9883686759788153
54.050000000000004	0.9879973290890228
54.15	0.9899627210246452
54.25	0.9903587040638411
54.35	0.9915188105449362
54.45	0.991749186533793
54.550000000000004	NaN
54.65	0.9937544057704498
54.75	0.9958928581525028
54.85	0.9938436338264989
54.95	0.9981011147606963
55.050000000000004	0.9995103070976945
55.15	0.9982926688140582
55.25	1.0010238048556315
55.35	1.0031491783755067
55.45	1.0046053868278464
55.550000000000004	1.0059377201943338
55.65	NaN
55.75	1.0104159545858886
55.85	1.0100578796243993
55.95	1.0108949818564532
56.050000000000004	1.0099065372158849
56.15	1.0106945777775398
56.25	1.0120527394302126
56.35	1.009306842910701
56.45	1.013754264108245
56.550000000000004	1.0107687324077077
56.65	1.014035406839184
56.75	1.014440817395112
56.85	1.013150885970706
56.95	1.010717011822425
57.050000000000004	1.0092814623379642
57.15	1.0098865215458366
57.25	1.0125452493740792
57.35	1.0094135523997998
57.45	1.007265095273286
57.550000000000004	NaN
57.65	1.0066357903573193
57.75	1.0039811810352757
57.85	1.004377881837918
57.95	1.002622157037238
58.050000000000004	NaN
58.15	1.0012780451756347
58.25	0.9992145114419145
58.35	0.9970867045083031
58.45	0.9977266428583154
58.550000000000004	0.996423961288179
58.65	0.9954487405094126
58.75	NaN
58.85	0.9931916037080079
58.95	0.9922382469689536
59.050000000000004	0.992283788246814
59.15	0.9912927210719554
59.25	0.9900713615321214
59.35	0.9895873355172192
59.45	0.9885376179654171
59.550000000000004	0.9887419807183683
59.65	NaN
59.75	0.9879072433445204
59.85	0.989289655487889
59.95	0.9885938703362882
60.050000000000004	0.9897377609062175
60.15	0.9901072473170629
60.25	0.9894821272915506
60.35	NaN
60.45	0.9897580247755545
60.550000000000004	0.9915299615656884
60.65	0.9938138491629821
60.75	0.9955932805517386
60.85	NaN
60.95	0.9959777068246026
61.050000000000004	0.9973665462342755
61.15	0.997712860107597
61.25	0.9994508472606427
61.35	1.0006519722737752
61.45	1.001627567711911
61.550000000000004	1.0017845960467557
61.65	1.0027450368914617
61.75	1.0031238744752418
61.85	1.0041692674681915
61.95	NaN
62.050000000000004	1.0108307987985012
62.15	1.0111869230130168
62.25	1.008870620380632
62.35	1.0116254840820074
62.45	NaN
62.550000000000004	1.009032518649345
62.65	NaN
62.75	NaN
62.85	1.010267266473227
62.95	1.010106743453205
63.050000000000004	1.0091476350284443
63.15	1.0107730472651337
63.25	1.010261639737222
63.35	1.0090148932701273
63.45	1.009624557574077
63.550000000000004	1.008965801045325
63.65	NaN
63.75	1.006320484085807
63.85	NaN
63.95	1.0056733775591402
64.05	1.004723172246047
64.14999999999999	1.0019730831692701
64.25	1.0018459085855538
64.35	NaN
64.44999999999999	1.0000507164195291
64.55	0.9989879509470202
64.64999999999999	0.997841262438475
64.75	0.9985087263172876
64.85	0.9966594220917535
64.94999999999999	0.9946098979774898
65.05	0.9939541257809223
65.14999999999999	NaN
65.25	0.9936988949621341
65.35	0.9938774708278189
65.44999999999999	0.9918732510148413
65.55	0.9926136069243485
65.64999999999999	NaN
65.75	0.9919511238097495
65.85	0.9899871630124414
65.94999999999999	NaN
66.05	NaN
66.14999999999999	0.9895807128054037
66.25	0.9914885349280588
66.35	0.9915723094439424
66.44999999999999	0.9912879555052907
66.55	NaN
66.64999999999999	0.9921459789889451
66.75	0.991016715190268
66.85	NaN
66.94999999999999	NaN
67.05	NaN
67.14999999999999	NaN
67.25	0.9966723846758827
67.35	NaN
67.44999999999999	NaN
67.55	0.9988693059553273
67.64999999999999	0.9984856519307304
67.75	0.9994850937536078
67.85	1.003019605813018
67.94999999999999	NaN
68.05	1.0036966559897624
68.14999999999999	1.0044127938995304
68.25	1.0063202098663766
68.35	1.005436373609471
68.44999999999999	1.0076834091909803
68.55	1.0068560816301126
68.64999999999999	NaN
68.75	1.008586053477048
68.85	1.0078513373033708
68.94999999999999	1.0104124297219967
69.05	NaN
69.14999999999999	1.0090385508898894
69.25	NaN
69.35	1.00801828627184
69.44999999999999	1.0099722248907932
69.55	1.008138301787068
69.64999999999999	1.0076560936919183
69.75	1.0062037201123462
69.85	1.0074490895716945
69.94999999999999	1.0068780214947817
70.05	NaN
70.14999999999999	1.0040842723840029
70.25	1.0035986219386197
70.35	1.0028175188419775
70.44999999999999	1.0016590910638472
70.55	1.0003623463553772
70.64999999999999	1.0021890069856816
70.75	0.9995293955608909
70.85	0.9988465941907714
70.94999999999999	0.9976679410076951
71.05	0.9974114371179497
71.14999999999999	NaN
71.25	0.9982381718554418
71.35	NaN
71.44999999999999	0.9939848566321944
71.55	0.9945523074149112
71.64999999999999	0.9934634172330182
71.75	0.9923540943661497
71.85	NaN
71.94999999999999	NaN
72.05	0.992483660573106
72.14999999999999	NaN
72.25	0.9917435249599036
72.35	0.9925018191479301
72.44999999999999	NaN
72.55	NaN
72.64999999999999	0.993452956108714
72.75	0.9935604613011447
72.85	0.9933170770570152
72.94999999999999	NaN
73.05	0.9950064199797128
73.14999999999999	0.9950523129413046
73.25	0.9942485524471714
73.35	0.9967081092004062
73.44999999999999	0.996623335859344
73.55	0.9970211215638375
73.64999999999999	0.9964583597993356
73.75	0.9982991513121039
73.85	0.9996909085307786
73.94999999999999	NaN
74.05	NaN
74.14999999999999	1.0025081501105995
74.25	1.002400388955067
74.35	1.0035092151863152
74.44999999999999	1.0029162191561796
74.55	1.0051259929964163
74.64999999999999	NaN
74.75	NaN
74.85	1.0060252733583792
74.94999999999999	1.0059931311581893
75.05	1.0060821630327632
75.14999999999999	1.0078030757059966
75.25	1.0060904121838727
75.35	1.0069022718625675
75.44999999999999	1.0075501029537854
75.55	1.0064836402292245
75.64999999999999	1.0071854509428888
75.75	NaN
75.85	1.0050203665201276
75.94999999999999	NaN
76.05	1.0054966601174555
76.14999999999999	1.0052692547403062
76.25	1.0045812338616877
76.35	1.004888955881639
76.44999999999999	NaN
76.55	1.0015129914974792
76.64999999999999	1.0010041777397254
76.75	NaN
76.85	1.0020215443510248
76.95	1.0010386889486342
77.05	1.0008116586880884
77.14999999999999	0.9997134966117579
77.25	NaN
77.35	NaN
77.45	NaN
77.55	0.9965450196811126
77.64999999999999	NaN
77.75	0.9965741915288036
77.85	0.9933839254232604
77.95	NaN
78.05	0.992867765025269
78.14999999999999	NaN
78.25	0.9940402806011382
78.35	0.9920370512505404
78.45	NaN
78.55	NaN
78.64999999999999	NaN
78.75	0.9942797816555821
78.85	0.9945400023401378
78.95	0.994720925066583
79.05	NaN
79.14999999999999	NaN
79.25	0.9962922111613709
79.35	0.99557886587104
79.45	NaN
79.55	0.9970263738384001
79.64999999999999	NaN
79.75	0.9982454018526289
79.85	0.9980101730030693
