0.15	0.03770441021393278
0.25	0.03743237288931304
0.35	0.03686413216225271
0.45	0.03717565357074341
0.55	0.03775183238370022
0.65	0.03812738749091048
0.7500000000000001	0.03820180725537154
0.85	0.03863266363123938
0.95	0.039272776429654696
1.05	0.039493548177684114
1.15	0.04008794301774964
1.25	0.041095133499613586
1.35	0.04198479535449269
1.45	0.04291271529347884
1.55	0.043740756075169515
1.65	0.04481986950350668
1.75	0.04620128711146822
1.85	0.04752429447021783
1.95	0.04879679812756178
2.05	0.05033480738049178
2.15	0.05208716644733591
2.25	0.054152395395402085
2.35	0.055860558123060323
2.45	0.05800162064872805
2.5500000000000003	0.06035155369572705
2.65	0.06307849078861881
2.75	0.06597333917179124
2.85	0.06914447625710415
2.95	0.07244448198352042
3.0500000000000003	0.07639925477206166
3.15	0.08035671693682434
3.25	0.08483546847151431
3.35	0.08990951522089971
3.45	0.09549038175397609
3.5500000000000003	0.101544244528003
3.65	0.10777142623351108
3.75	0.11582476098268081
3.85	0.12378746572703725
3.95	0.13355737509450835
4.05	0.1436822188785875
4.1499999999999995	0.15535539778427368
4.25	0.16800063878694393
4.35	0.18373942653580544
4.449999999999999	0.200689566563055
4.55	0.22007664277142996
4.6499999999999995	0.24238787418824836
4.75	0.267998620808811
4.85	0.29460185103894215
4.95	0.32994920585628756
5.05	0.36890849131520365
5.1499999999999995	0.41313892987288936
5.25	0.46452244328334896
5.35	0.5236953923197276
5.45	0.5976440398593125
5.55	0.6765136256907505
5.6499999999999995	0.7742723629893965
5.75	0.8844624469417525
5.85	1.0145320192045995
5.95	1.1523073283963932
6.05	1.308586579283413
6.1499999999999995	1.480526244402071
6.25	1.6467905157614748
6.35	1.811081889949325
6.45	1.9569661889864924
6.55	2.0631144052394492
6.6499999999999995	2.124796711009069
6.75	2.1374100589019602
6.85	2.104538694719843
6.95	2.0312566776089445
7.05	1.9300504149052937
7.1499999999999995	1.821404810763314
7.25	1.7013014894932308
7.35	1.5862748729640408
7.45	1.473364794648311
7.55	1.3694785198144377
7.6499999999999995	1.2796349313324253
7.75	1.1947199054525948
7.85	1.1217611637011116
7.95	1.0552230329933965
8.05	0.99857829545535
8.15	0.9475118447858253
8.25	0.9031962581533206
8.350000000000001	0.8623805328546712
8.450000000000001	0.8305548111886573
8.55	0.80296611153264
8.65	0.7774529368411556
8.75	0.7548166861211923
8.850000000000001	0.7376565993060865
8.950000000000001	0.7228551188079231
9.05	0.7107559515386783
9.15	0.7010413580647139
9.25	0.6950327132336848
9.350000000000001	0.6896228878990759
9.450000000000001	0.6874916579494288
9.55	0.6866820865724249
9.65	0.6874013882243132
9.750000000000002	0.6899583571975441
9.85	0.6961789079527684
9.95	0.7026514604068617
10.049999999999999	0.7105247799217095
10.149999999999999	0.721956715525995
10.25	0.7329787187676119
10.35	0.7479324978444272
10.45	0.7622890767550536
10.549999999999999	0.7789418523243087
10.649999999999999	0.7978691310911883
10.75	0.8190101403105442
10.85	0.8399205705651608
10.95	0.8601096487014946
11.049999999999999	0.8854569829104573
11.149999999999999	0.9104923401751925
11.25	0.9375676481764006
11.35	0.9640229741027995
11.45	0.990843670686045
11.549999999999999	1.017801045889684
11.649999999999999	1.0445370057095278
11.75	1.0724164285306403
11.85	1.0961731734571036
11.95	1.1223478812401495
12.049999999999999	1.145521917305573
12.149999999999999	1.166144548283483
12.25	1.1863922560516444
12.35	1.202643581835224
12.45	1.2186512206228959
12.549999999999999	1.225504506313239
12.649999999999999	1.2355480842468967
12.75	1.2412928375779195
12.85	1.2403761964601023
12.95	1.2405356856245575
13.049999999999999	1.2350491639806536
13.149999999999999	1.2251073683787637
13.25	1.2154098651190908
13.35	1.201366074362246
13.45	1.185789417316719
13.549999999999999	1.1685125667516079
13.649999999999999	1.1500489642135512
13.75	1.1314819078948468
13.85	1.1086580962251995
13.95	1.0878148411950779
14.049999999999999	1.0674043866015825
14.149999999999999	1.0450171415518321
14.25	1.025632910405078
14.35	1.0056428194007359
14.45	0.9882848579938632
14.549999999999999	0.9701638445128992
14.649999999999999	0.9530797015844573
14.75	0.9377771007566102
14.85	0.9247481372818741
14.95	0.9109575663128897
15.049999999999999	0.8992403108014777
15.149999999999999	0.8899896571198748
15.25	0.8814352320082985
15.35	0.8747999858670614
15.45	0.8673875959470728
15.549999999999999	0.8618636331358024
15.649999999999999	0.8608200082385379
15.75	0.8606190694242819
15.85	0.8584536346658005
15.95	0.8594544891306898
16.05	0.8602823757759059
16.15	0.8630003159497638
16.25	0.8665051121816372
16.349999999999998	0.8738743702005201
16.45	0.879265965912132
16.55	0.8862846108462428
16.65	0.8940381297041715
16.75	0.9008611589950934
16.849999999999998	0.9123461595836174
16.95	0.9230579540972308
17.05	0.9339303359308142
17.15	0.9450569388407941
17.25	0.9576725631538308
17.349999999999998	0.9717224451140025
17.45	0.9818753059235689
17.55	0.9962181685943272
17.65	1.007522420811456
17.75	1.0200698169812241
17.849999999999998	1.0316937472398595
17.95	1.0445878558739707
18.05	1.0555292041893567
18.15	1.0662573752713664
18.25	1.0751844750426305
18.349999999999998	1.0850528489314988
18.45	1.090244375064643
18.55	1.098706645753858
18.65	1.1029249281129516
18.75	1.1076175433132676
18.849999999999998	1.1085457059118202
18.95	1.1098044920936263
19.05	1.1104786016953603
19.15	1.110942072482679
19.25	1.1053826875392923
19.35	1.1028621100449958
19.45	1.0991139136065504
19.55	1.0926083016954156
19.65	1.084844249803292
19.75	1.0779397129962
19.85	1.072837342262994
19.95	1.061341499395416
20.05	1.053753962056176
20.15	1.0426577664381869
20.25	1.0339635691289781
20.35	1.0223740381064192
20.45	1.0149649910877039
20.55	1.0038053336484507
20.65	0.9966934563766863
20.75	0.9879704539150158
20.85	0.9804552240028658
20.95	0.974163752528798
21.05	0.9649767982297156
21.15	0.9571588850238167
21.25	0.950736082884297
21.35	0.9463216192502879
21.45	0.9378796370699336
21.55	0.9350865584050433
21.65	0.9306197667215066
21.75	0.9280128478274452
21.85	0.9259525260423428
21.95	0.9247644084310593
22.05	0.923696394831612
22.15	0.9241682300156946
22.25	0.9213825815865293
22.35	0.9247957385777731
22.45	0.9260989529936929
22.55	0.9301070538822188
22.65	0.9347216744615324
22.75	0.936000976676685
22.85	0.9404191502981192
22.95	0.9455140733030996
23.05	0.950255156476852
23.15	0.9576078418034439
23.25	0.9638056964311029
23.35	0.9695133126946833
23.45	0.9761576328801472
23.55	0.9810277822290413
23.65	0.9905218123965916
23.75	0.9968920927685702
23.85	1.0034245985769226
23.95	1.010339555154921
24.05	1.018478525592987
24.15	1.0250428495831467
24.25	1.032706666268292
24.35	1.0344593357198724
24.45	1.0411703284572624
24.55	1.0470029936227392
24.65	1.0511556765991372
24.75	1.0555008041858176
24.85	1.0588878268082569
24.95	1.060018170867184
25.05	1.066892685200413
25.15	1.0624527380877409
25.25	1.064850169261043
25.35	1.0623917309192097
25.45	1.06234531097023
25.55	1.0628204735397364
25.65	1.056146941241598
25.75	1.0560263909325367
25.85	1.0523393945442874
25.95	1.0472755376030007
26.05	1.0444869486349477
26.15	1.0377274493030009
26.25	1.032685613368374
26.35	1.028672798383671
26.45	1.0230817701598938
26.55	1.0165910276185464
26.65	1.0124920671121345
26.75	1.0055896354717546
26.85	1.0003312527937673
26.95	0.9955907482122521
27.05	0.9888641438551571
27.15	0.9842723015783094
27.25	0.9779863749550755
27.35	0.9759370970187351
27.45	0.9714691369150793
27.55	0.9670240293394954
27.65	0.9652242913924115
27.75	0.9615051497430779
27.85	0.959814298648974
27.95	0.956799717213089
28.05	0.955271685093187
28.15	0.9518312224585761
28.25	0.9531532592582742
28.35	0.9511198062526207
28.45	0.952927221677601
28.55	0.953032788567735
28.65	0.9550585022163176
28.75	0.9540413194720998
28.85	0.9565092661445542
28.95	0.9595341414892654
29.05	0.9615185697310316
29.15	0.9652116764305563
29.25	0.9690303700653545
29.35	0.9717584323483324
29.45	0.9752431148923023
29.55	0.9798129674675766
29.65	0.983719427723598
29.75	0.9885139443918207
29.85	0.9917714633449027
29.95	NaN
30.05	1.0009404887159887
30.15	1.0076398723916258
30.25	1.0114005759471527
30.35	1.0137137474071918
30.45	1.0179186090930596
30.55	1.0187115409844134
30.65	1.0259286973239559
30.75	1.0291841517217895
30.85	1.031731087617952
30.95	1.0326588967976558
31.05	1.0351108873874597
31.15	1.0368017296500704
31.25	1.0394735838081772
31.35	1.0402330345563153
31.45	1.0391734919430706
31.55	1.0432915282315656
31.65	1.0384955763893378
31.75	NaN
31.85	1.0388451446431946
31.95	1.0359571327762642
32.05	1.0338653463543859
32.15	1.0341945196843234
32.25	1.029029955166268
32.35	1.0262734118006394
32.45	1.0235827125527241
32.55	1.0205914440784154
32.65	1.018040446009236
32.75	1.0126040778520078
32.85	1.0098255788011021
32.95	1.005888816251081
33.05	1.0011133957025773
33.15	0.9987289203259818
33.25	0.9954425926851488
33.35	0.9940159395428539
33.45	0.988916140687669
33.55	0.9863975908083893
33.65	0.9820629759972488
33.75	0.9787992562111945
33.85	0.975814005646849
33.95	0.9748162704540433
34.05	0.9724574676716718
34.15	0.9717823301238488
34.25	0.9697148695951794
34.35	0.9686250440074061
34.45	0.9659497485878903
34.55	0.9661431383743114
34.65	0.9668282101708846
34.75	0.9680797833119393
34.85	0.9686558541550561
34.95	0.9675741347296333
35.05	0.969278443132031
35.15	0.9710314495374811
35.25	0.972108706282877
35.35	0.9737847485758437
35.45	0.978500955836885
35.55	0.9798918888308943
35.65	0.9830754167217244
35.75	0.9860400473686164
35.85	0.9866469897837454
35.95	0.9902751740188378
36.05	0.9934441077294703
36.15	0.996430313790487
36.25	0.9984299094848343
36.35	1.0019886839360763
36.45	1.0070753590345667
36.55	1.008397041051237
36.65	NaN
36.75	1.0163236785105854
36.85	1.0159386331989972
36.95	1.0196682974874804
37.05	1.0205889126698935
37.15	1.023592779972056
37.25	1.0241103971537917
37.35	1.0274822635328367
37.45	1.0265713457602352
37.55	1.0295208658150212
37.65	1.0283579891407095
37.75	1.028705510064383
37.85	1.0284242616473342
37.95	1.0301253533487125
38.05	NaN
38.15	NaN
38.25	1.0262917584326348
38.35	1.0220602602254134
38.45	1.021613327537519
38.550000000000004	1.020426781703389
38.65	1.01709088047159
38.75	1.0144690190222105
38.85	1.0140408293823642
38.95	1.01117225924966
39.050000000000004	1.0108017996118677
39.15	1.0055669072098157
39.25	1.0026488752209615
39.35	0.9997172966438626
39.45	0.999692755291216
39.550000000000004	0.9946168739911135
39.65	NaN
39.75	0.9917143503687731
39.85	0.990320437448202
39.95	0.9873281527059926
40.050000000000004	0.9847523403347236
40.15	0.982858411312205
40.25	0.9812816039548647
40.35	NaN
40.45	0.9784117459271344
40.550000000000004	0.9774104383812608
40.65	0.9775556467105533
40.75	0.9775150385342486
40.85	0.9764092416157915
40.95	0.9764966781980384
41.050000000000004	0.9760183064319192
41.15	0.9768719958484403
41.25	0.9775819995625838
41.35	0.9782860324465052
41.45	0.981271106985509
41.550000000000004	0.9821484951876519
41.65	0.9831450647018358
41.75	0.9838587580869534
41.85	0.9860668872640295
41.95	0.9868039373211107
42.050000000000004	0.9898938161084583
42.15	0.9928583912477231
42.25	0.9947024523491426
42.35	0.9959964771272568
42.45	0.9979745525808017
42.550000000000004	0.9987863617180008
42.65	0.9997469392251802
42.75	1.0036018839516412
42.85	1.008213582266466
42.95	1.0082749521404488
43.050000000000004	1.0115210293634314
43.15	NaN
43.25	1.0123685116004744
43.35	1.0183956309489872
43.45	1.016758725547738
43.550000000000004	1.0234052857074132
43.65	NaN
43.75	NaN
43.85	1.0220251675589536
43.95	1.021019057165536
44.050000000000004	1.0219271505576175
44.15	1.0204745058178424
44.25	1.0193597306217823
44.35	1.018310663550036
44.45	NaN
44.550000000000004	1.0174583336645975
44.65	1.0183373257531483
44.75	1.0132800153394783
44.85	1.0157704127340008
44.95	1.014087473307346
45.050000000000004	1.0126099999361418
45.15	1.0088432482405068
45.25	1.0061669359950378
45.35	1.0060879163948087
45.45	1.0049736686362756
45.550000000000004	1.001962160686982
45.65	0.9990792875002076
45.75	NaN
45.85	0.996091140579988
45.95	NaN
46.050000000000004	0.9930098111759282
46.15	0.9908093736382952
46.25	0.9877879120826087
46.35	NaN
46.45	0.9861728842971225
46.550000000000004	0.9848946585695004
46.65	NaN
46.75	0.9835542014515949
46.85	0.9841988667473378
46.95	0.9821227948660751
47.050000000000004	0.9819315244103035
47.15	0.9816506579831452
47.25	0.9826340102331852
47.35	0.982380805519618
47.45	NaN
47.550000000000004	0.9834679812014914
47.65	0.9831854365060443
47.75	0.985109622024398
47.85	0.9869846328888714
47.95	0.985617069268719
48.050000000000004	0.9872693719103286
48.15	0.9902427554370881
48.25	0.9899751753602299
48.35	0.9914097913572292
48.45	0.9933623735088063
48.550000000000004	0.9914700581452988
48.65	0.9975637597881294
48.75	0.9990647743884108
48.85	1.000586258538461
48.95	1.0007694858835985
49.050000000000004	1.0046637826767193
49.15	1.0055599149652483
49.25	1.0071741316453684
49.35	1.009828292860796
49.45	1.0098313549721494
49.550000000000004	1.0140190241371083
49.65	1.012204436610808
49.75	NaN
49.85	1.0127754741029087
49.95	1.0160971699578476
50.050000000000004	1.015863092812248
50.15	1.0145522307622883
50.25	1.0148938202650752
50.35	1.0177124701175988
50.45	1.0152950168922086
50.550000000000004	1.015363637824367
50.65	1.014626890647422
50.75	1.0139650936747955
50.85	1.014849048157056
50.95	1.013464397229757
51.050000000000004	1.0114188939116167
51.15	1.0108133230466654
51.25	1.0107139750066527
51.35	1.006846978922076
51.45	1.0067298202940422
51.550000000000004	1.0055646174704167
51.65	1.003489804328394
51.75	1.001558301825464
51.85	1.0019304371340247
51.95	0.9996504893083618
52.050000000000004	0.9963736301495918
52.15	NaN
52.25	0.9934827806265119
52.35	0.9918712573582726
52.45	0.9925846755196615
52.550000000000004	0.9916563980145432
52.65	0.9878971496229982
52.75	0.9892806474233251
52.85	0.9886274844115372
52.95	0.9874347809876892
53.050000000000004	0.9864533573507507
53.15	0.9866992210176435
53.25	0.9839263967744063
53.35	0.9852599770855006
53.45	0.9868742962065408
53.550000000000004	0.9866228459498962
53.65	0.9866201870520417
53.75	0.98421698465455
53.85	0.9877939303815617
53.95	0.9849240585829692
54.050000000000004	0.9884770819658654
54.15	0.9890543187414813
54.25	0.9881651440610151
54.35	0.991891379337927
54.45	0.9936299744301936
54.550000000000004	NaN
54.65	0.9969119614276891
54.75	0.9962696997775766
54.85	0.9959287749102441
54.95	0.9994095272709358
55.050000000000004	0.9995214448032296
55.15	1.0021694027601447
55.25	1.0013147380348761
55.35	1.003418242355881
55.45	1.0040525532809423
55.550000000000004	1.0039922734496753
55.65	NaN
55.75	1.0109765950345193
55.85	1.009449243735494
55.95	1.0088313917039753
56.050000000000004	1.0102203152829703
56.15	1.0121402293409525
56.25	1.0139590322891097
56.35	1.020926929736524
56.45	1.01125804703738
56.550000000000004	1.011817298015734
56.65	1.011258279884769
56.75	1.0117970981282933
56.85	1.011948161631326
56.95	1.0112784409708768
57.050000000000004	1.0095631164160062
57.15	1.0105012124908628
57.25	1.00992360261269
57.35	1.0081549999039812
57.45	1.0093024596413753
57.550000000000004	NaN
57.65	1.0047781075175708
57.75	1.005929893321484
57.85	1.0050571980201348
57.95	1.0043350701039415
58.050000000000004	NaN
58.15	0.9993983171727631
58.25	1.000338769247093
58.35	0.9987195801084425
58.45	0.9972591817899966
58.550000000000004	0.9959614558015135
58.65	0.994722880740935
58.75	NaN
58.85	0.9918626286193841
58.95	0.9935887579297804
59.050000000000004	0.9915219786676548
59.15	0.9912812443585598
59.25	0.990070752200753
59.35	0.9884626455740438
59.45	0.9892930530011887
59.550000000000004	0.988115337990625
59.65	NaN
59.75	0.9885421212320183
59.85	0.9881318470573193
59.95	0.9898507711365045
60.050000000000004	0.9880021363559911
60.15	0.9893977567890049
60.25	0.990140742671711
60.35	NaN
60.45	0.9919999943641135
60.550000000000004	0.9928934036752476
60.65	0.9912329507478796
60.75	0.9950437138493002
60.85	NaN
60.95	0.9957316383926641
61.050000000000004	0.9965704410715319
61.15	0.9970112429106835
61.25	0.9968976375298327
61.35	1.0003593020472332
61.45	1.0014504041034489
61.550000000000004	1.0032106574924196
61.65	1.003823657716622
61.75	1.0057042723341725
61.85	1.0051587012227872
61.95	NaN
62.050000000000004	1.0071170760858645
62.15	1.0062295904111587
62.25	1.0080695228330763
62.35	1.0077825496651556
62.45	NaN
62.550000000000004	1.0081322878194152
62.65	NaN
62.75	NaN
62.85	1.010966558087051
62.95	1.0086612466445086
63.050000000000004	1.0097048440093725
63.15	1.0074542730074374
63.25	1.0094799500728149
63.35	1.0118890023571825
63.45	1.0093733086329668
63.550000000000004	1.0094968029396814
63.65	NaN
63.75	1.0065362037348597
63.85	NaN
63.95	1.0044598341161164
64.05	1.0044167950435259
64.14999999999999	1.0042737986456636
64.25	1.0029568345659048
64.35	NaN
64.44999999999999	1.0027391061707633
64.55	1.00020204711678
64.64999999999999	0.9976051914552324
64.75	0.9966591659884178
64.85	0.9968097322685401
64.94999999999999	0.9968604518307695
65.05	0.9934769939512529
65.14999999999999	NaN
65.25	0.9918372097404512
65.35	0.9906923485829909
65.44999999999999	0.9931212648834313
65.55	0.9901927100539403
65.64999999999999	NaN
65.75	0.9884454909369975
65.85	0.9905632270976298
65.94999999999999	NaN
66.05	NaN
66.14999999999999	0.990465706843091
66.25	0.9907235635140731
66.35	0.9922540650528527
66.44999999999999	0.994387363270613
66.55	NaN
66.64999999999999	0.9920185804558025
66.75	0.9918989722601745
66.85	NaN
66.94999999999999	NaN
67.05	NaN
67.14999999999999	NaN
67.25	0.9963072830482828
67.35	NaN
67.44999999999999	NaN
67.55	0.999209245054695
67.64999999999999	0.9997294018961134
67.75	1.0003785507577336
67.85	1.00246307356167
67.94999999999999	NaN
68.05	1.004419727879031
68.14999999999999	1.0036219861321767
68.25	1.004345165417412
68.35	1.0055681209631728
68.44999999999999	1.0064414977976122
68.55	1.0069863806301775
68.64999999999999	NaN
68.75	1.0074266918660875
68.85	1.0082567775680482
68.94999999999999	1.0080861713161793
69.05	NaN
69.14999999999999	1.0097972258969365
69.25	NaN
69.35	1.0077534636277696
69.44999999999999	1.00847179062376
69.55	1.008761628709454
69.64999999999999	1.007675615235061
69.75	1.007583212651171
69.85	1.006135568186155
69.94999999999999	1.0063049190391538
70.05	NaN
70.14999999999999	1.004778771862953
70.25	1.0032564054276383
70.35	1.0036023570580068
70.44999999999999	1.0026694434348753
70.55	1.0023059702345645
70.64999999999999	1.0015195605452878
70.75	1.0014541209423196
70.85	0.9992083209133561
70.94999999999999	0.9990608198018913
71.05	0.9963167884521124
71.14999999999999	NaN
71.25	0.9952307106199317
71.35	NaN
71.44999999999999	0.9964333726974426
71.55	0.9949909097369062
71.64999999999999	0.9939537110513063
71.75	0.9953750760652477
71.85	NaN
71.94999999999999	NaN
72.05	0.9933045333167647
72.14999999999999	NaN
72.25	0.9920421827147411
72.35	0.9919145546083313
72.44999999999999	NaN
72.55	NaN
72.64999999999999	0.9947937705911568
72.75	0.9936684154070381
72.85	0.99412166964995
72.94999999999999	NaN
73.05	0.9934453473752579
73.14999999999999	0.9957386220763168
73.25	0.9949302355595119
73.35	0.9980447300354451
73.44999999999999	0.9971259007355293
73.55	0.9978263443766466
73.64999999999999	1.0011396629024676
73.75	0.9996508462999022
73.85	1.0001955988736109
73.94999999999999	NaN
74.05	NaN
74.14999999999999	1.0023744873094818
74.25	1.00303122631581
74.35	1.0039014066846985
74.44999999999999	1.0038493352640583
74.55	1.00485016391205
74.64999999999999	NaN
74.75	NaN
74.85	1.0062623830536281
74.94999999999999	1.0057786162014302
75.05	1.0071954975610449
75.14999999999999	1.0069866338558884
75.25	1.0064249293005838
75.35	1.0078687762768566
75.44999999999999	1.0057470475954489
75.55	1.0063721073764587
75.64999999999999	1.0071235540156012
75.75	NaN
75.85	1.0061348192578679
75.94999999999999	NaN
76.05	1.006567233103396
76.14999999999999	1.0052504091991579
76.25	1.0073219484574576
76.35	1.0043761425906421
76.44999999999999	NaN
76.55	1.0038716057213843
76.64999999999999	1.0017800890550337
76.75	NaN
76.85	1.0018338233632318
76.95	0.9998441628114445
77.05	0.999594794396289
77.14999999999999	1.000342081843191
77.25	NaN
77.35	NaN
77.45	NaN
77.55	0.9959291862726447
77.64999999999999	NaN
77.75	0.9938540905959737
77.85	0.9964298762470027
77.95	NaN
78.05	0.9952476070411985
78.14999999999999	NaN
78.25	0.9942341607260163
78.35	0.9932451489074454
78.45	NaN
78.55	NaN
78.64999999999999	NaN
78.75	0.9941155770003404
78.85	0.9931057215150901
78.95	0.9947937156549279
79.05	NaN
79.14999999999999	NaN
79.25	0.9943299236385965
79.35	0.9949610376767127
79.45	NaN
79.55	0.9948094866399187
79.64999999999999	NaN
79.75	0.9973579898360515
79.85	0.9963445229673806
