0.15	0.018538212172409616
0.25	0.019561939774063578
0.35	0.01931617964391749
0.45	0.018978770961593887
0.55	0.019348248694417876
0.65	0.01942515147473454
0.7500000000000001	0.0196809912940693
0.85	0.01988160117003294
0.95	0.02015963801622768
1.05	0.020513716060266668
1.15	0.020855492498802305
1.25	0.021323552004886538
1.35	0.021726608232348323
1.45	0.02197582627949663
1.55	0.022567470216422098
1.65	0.023093631650844444
1.75	0.02369192654139286
1.85	0.024370969248161928
1.95	0.0251685331541707
2.05	0.025773663611040717
2.15	0.026596926663135206
2.25	0.027564429534159527
2.35	0.028529805031024823
2.45	0.029625165631826815
2.5500000000000003	0.030760680116317055
2.65	0.03215162539562628
2.75	0.03330088322553766
2.85	0.03489163698274783
2.95	0.036630837832600224
3.0500000000000003	0.03833324736673047
3.15	0.040197166118660484
3.25	0.0424641272123926
3.35	0.04500313114606963
3.45	0.04752235943071925
3.5500000000000003	0.0505600968550029
3.65	0.053773536345889106
3.75	0.05748570690074534
3.85	0.06100764899328023
3.95	0.06597702890399226
4.05	0.07067153304637981
4.1499999999999995	0.07639178345825191
4.25	0.08240577329744994
4.35	0.08996945048560216
4.449999999999999	0.09752999781514214
4.55	0.10644210701854218
4.6499999999999995	0.11679277183574183
4.75	0.12913567565231504
4.85	0.14272335473965272
4.95	0.15930637890690738
5.05	0.1774325493173542
5.1499999999999995	0.19979213872180582
5.25	0.22419461361830723
5.35	0.2548392266683881
5.45	0.29209637187471915
5.55	0.3358916772201854
5.6499999999999995	0.3870163763676469
5.75	0.4533468107414767
5.85	0.5288883685838269
5.95	0.626264673715669
6.05	0.7470544576933362
6.1499999999999995	0.8997924791906682
6.25	1.0819010324472587
6.35	1.3031252007450145
6.45	1.5786157156373808
6.55	1.8906656766736096
6.6499999999999995	2.2220052884750428
6.75	2.5327171643517175
6.85	2.7930561394520432
6.95	2.9267827979826975
7.05	2.9111774253381415
7.1499999999999995	2.7696953053580637
7.25	2.555054518645797
7.35	2.293517706080072
7.45	2.0423140305453913
7.55	1.8154675783325722
7.6499999999999995	1.606678297389653
7.75	1.4325145302510867
7.85	1.2814398548944492
7.95	1.1612056523084595
8.05	1.0601689181268532
8.15	0.9742083755157773
8.25	0.8997492211294894
8.350000000000001	0.8386647153968703
8.450000000000001	0.7874627780875597
8.55	0.742887188214265
8.65	0.7055688668666567
8.75	0.6775669064364699
8.850000000000001	0.6505810071918838
8.950000000000001	0.6297486972618798
9.05	0.6117824867683653
9.15	0.5984510823434543
9.25	0.5859522114357497
9.350000000000001	0.5780219532395562
9.450000000000001	0.5733039222734607
9.55	0.570069435043441
9.65	0.568748651238472
9.750000000000002	0.5702067469900645
9.85	0.5722760556922598
9.95	0.5773216502094953
10.049999999999999	0.585484718435538
10.149999999999999	0.5941161451562221
10.25	0.6052952169527466
10.35	0.6190885819791546
10.45	0.6336760145685325
10.549999999999999	0.6524074643252039
10.649999999999999	0.6715166995036398
10.75	0.6944242605760996
10.85	0.7213756447576725
10.95	0.7464887787386896
11.049999999999999	0.7778555701095677
11.149999999999999	0.8089724126475919
11.25	0.8444195513166403
11.35	0.8811437382005862
11.45	0.9207605278748685
11.549999999999999	0.9606086898207088
11.649999999999999	1.0037810854624067
11.75	1.0420704426239835
11.85	1.0873300581929848
11.95	1.124743406674119
12.049999999999999	1.1652532226719414
12.149999999999999	1.2013814126909497
12.25	1.2320833931148496
12.35	1.2589634359436812
12.45	1.2830106184738232
12.549999999999999	1.304106200333003
12.649999999999999	1.3187415764777766
12.75	1.3295301964421593
12.85	1.3388946857663897
12.95	1.3393715059215148
13.049999999999999	1.337592982598752
13.149999999999999	1.3337322342516151
13.25	1.327013921958766
13.35	1.317280012162289
13.45	1.3026171875102937
13.549999999999999	1.2870797703445296
13.649999999999999	1.2658913257088253
13.75	1.2426044817891313
13.85	1.2159866614916706
13.95	1.1869192408277613
14.049999999999999	1.1617400763447527
14.149999999999999	1.1277527287617477
14.25	1.097403030901495
14.35	1.065836827231457
14.45	1.0324121442861478
14.549999999999999	1.002756042232264
14.649999999999999	0.9743596594639878
14.75	0.9470167414754023
14.85	0.9212394368053416
14.95	0.897839874901408
15.049999999999999	0.8771058533220872
15.149999999999999	0.8578766874713187
15.25	0.8401580216954461
15.35	0.8254505455585739
15.45	0.8140046157401123
15.549999999999999	0.802077119076209
15.649999999999999	0.794513277694329
15.75	0.789458504226577
15.85	0.7860498437047373
15.95	0.7809746239280914
16.05	0.7827892075796765
16.15	0.7836040203380886
16.25	0.7867634040551644
16.349999999999998	0.7924036784621947
16.45	0.798796566899862
16.55	0.8069710735560357
16.65	0.8136810932628652
16.75	0.8247234630317849
16.849999999999998	0.8403076165333792
16.95	0.8524597926105824
17.05	0.8696206638403796
17.15	0.8852467802997666
17.25	0.9033129261902691
17.349999999999998	0.9255308421596218
17.45	0.9403182309975376
17.55	0.9636678938913057
17.65	0.9837577581195217
17.75	1.0042820336165523
17.849999999999998	1.0252292408253614
17.95	1.046589253673468
18.05	1.06466225364207
18.15	1.0857413003668166
18.25	1.1037844169342281
18.349999999999998	1.1185260213183745
18.45	1.134852525893976
18.55	1.1457588838798878
18.65	1.1579549644123373
18.75	1.1628299994312996
18.849999999999998	1.1711424706016758
18.95	1.17426725263661
19.05	1.175884205700403
19.15	1.1748102086749783
19.25	1.1746905193399462
19.35	1.1674466041803664
19.45	1.15859436034585
19.55	1.1527335591663597
19.65	1.1417930820217697
19.75	1.1319202783186737
19.85	1.1208684511334288
19.95	1.1079486851134968
20.05	1.0944933221648177
20.15	1.0792823901096602
20.25	1.0671019537412278
20.35	1.0532091184383439
20.45	1.0384678110979264
20.55	1.0250172420969939
20.65	1.0103574578398646
20.75	0.9964744961560399
20.85	0.9823161122296309
20.95	0.9704249694425415
21.05	0.9590429588141853
21.15	0.9490240620130199
21.25	0.9350502197887123
21.35	0.9283557449834141
21.45	0.9178303942756164
21.55	0.9074235379981301
21.65	0.9025685359068167
21.75	0.8964141392686653
21.85	0.8935852578848418
21.95	0.8863458400921522
22.05	0.8831645178616454
22.15	0.8813446305831192
22.25	0.8805217144379345
22.35	0.8793623162287235
22.45	0.8820414459342778
22.55	0.8840720284297843
22.65	0.8867699324645043
22.75	0.891328171947676
22.85	0.8960802859154886
22.95	NaN
23.05	0.9082020462226823
23.15	0.915582622475887
23.25	0.9251488270392737
23.35	0.9393627692032407
23.45	0.9441174853521218
23.55	0.9579741284563001
23.65	0.9681159411615416
23.75	0.9769983015497182
23.85	0.9900834472743552
23.95	1.0018536107633733
24.05	1.0134431194564293
24.15	1.0246708209671278
24.25	1.0371795917025828
24.35	1.04891495424077
24.45	1.059818375975441
24.55	1.0671477188748535
24.65	1.076768556600669
24.75	1.0865369458087453
24.85	1.090091547581225
24.95	1.095286442367642
25.05	1.1008942650338334
25.15	1.1039350389742961
25.25	1.1048196217909418
25.35	1.1049530636633638
25.45	1.1032034599275748
25.55	1.1027051021558407
25.65	1.0981258957178135
25.75	1.0942173593610276
25.85	1.0878227014403998
25.95	1.0824132122511478
26.05	1.0746965921919007
26.15	1.0686519988835046
26.25	1.0603274876148499
26.35	1.053014491561348
26.45	1.0432407682546785
26.55	1.033681302274041
26.65	1.025401570595426
26.75	1.0165758507242584
26.85	1.0080065073666191
26.95	0.997984860259596
27.05	0.98966748588399
27.15	0.9828276241596182
27.25	0.9732960492996917
27.35	0.9660428073441496
27.45	0.9589957117568636
27.55	0.952643870482134
27.65	0.9452080933787832
27.75	0.9422486622416457
27.85	0.9427560393161034
27.95	0.9324554723131974
28.05	0.9289704083777812
28.15	0.9304880766421504
28.25	0.9258830265745788
28.35	0.9237633321863646
28.45	0.9258930702275939
28.55	0.923797103033775
28.65	0.9275299240419409
28.75	0.9272852541498637
28.85	0.9292072928510454
28.95	0.9331391646586011
29.05	0.933814216119158
29.15	0.937032935174209
29.25	0.9410026665658555
29.35	0.9481144815596487
29.45	0.9524659316570386
29.55	0.9601156048753897
29.65	0.966058459530415
29.75	0.9716383615137321
29.85	0.9792391185238477
29.95	0.9863391091815269
30.05	0.9932920125952285
30.15	1.0036032173816811
30.25	1.0072141381030644
30.35	1.01451607421683
30.45	1.0218824613701292
30.55	1.03084833850013
30.65	1.0358968909771622
30.75	1.0421198608801185
30.85	1.0457899778217514
30.95	1.052465947025545
31.05	1.0597048168990757
31.15	1.0603093359129614
31.25	1.0626835182920757
31.35	1.066045500535561
31.45	1.067802202311127
31.55	1.0658699718966986
31.65	1.0680546643061295
31.75	1.0650219265600636
31.85	1.065810067861624
31.95	1.0636619067091215
32.05	1.058936791420259
32.15	1.0573768538809425
32.25	1.0528828218212956
32.35	1.0436448510676877
32.45	1.0425570311046186
32.55	1.0373198464191338
32.65	1.0304858656113949
32.75	1.0242824970667346
32.85	1.0189454939301696
32.95	1.0135934984478645
33.05	1.0103446396465847
33.15	1.0021446516072203
33.25	0.9970809948343933
33.35	0.9901946560735031
33.45	0.9862343101927599
33.55	0.9792243356193039
33.65	0.9751144180288009
33.75	0.9683725941381236
33.85	0.9655990291500782
33.95	0.962187697298868
34.05	0.9587450486577733
34.15	0.9542711256147729
34.25	0.9522604091544307
34.35	0.9506350458387284
34.45	0.9503170326492557
34.55	0.9463733589623271
34.65	0.9469657106943933
34.75	0.9488276249075952
34.85	0.9475280154353403
34.95	0.950106743205742
35.05	0.9496304969194492
35.15	0.9494316904734587
35.25	0.9541628068223814
35.35	0.9555989057402628
35.45	0.9611062616087948
35.55	0.960875752112732
35.65	0.9647194850844567
35.75	0.9712629777135562
35.85	0.9750533829916788
35.95	0.9796256287922398
36.05	0.9841587812114205
36.15	0.9895608031558202
36.25	0.9931114521456915
36.35	0.9999993284831985
36.45	1.004436365685543
36.55	NaN
36.65	1.0130387323082481
36.75	1.01764645446645
36.85	1.0226044758359334
36.95	1.0282933780509498
37.05	1.0314469565843245
37.15	1.0344951629343733
37.25	1.0365107533811038
37.35	1.0417834294446018
37.45	1.0420010796592922
37.55	1.0453402965285232
37.65	NaN
37.75	1.0456821501326126
37.85	1.0468723923346426
37.95	1.0457999296433993
38.05	1.045411276901754
38.15	1.04673619559177
38.25	1.0484636716679754
38.35	1.0432383353310943
38.45	1.038125824213304
38.550000000000004	1.0357474935369584
38.65	1.0331809635435674
38.75	1.0283922680240485
38.85	1.0256685260650962
38.95	1.0220349553245938
39.050000000000004	1.017943214170309
39.15	NaN
39.25	NaN
39.35	NaN
39.45	NaN
39.550000000000004	0.995898033889505
39.65	0.9928965682488838
39.75	0.9884707799531898
39.85	0.9843910529616277
39.95	0.9786882948644832
40.050000000000004	0.9771064267241273
40.15	NaN
40.25	0.9702400059225501
40.35	0.9680728455767564
40.45	0.9666278120639261
40.550000000000004	0.9643560558067471
40.65	0.9632018053255238
40.75	0.9624807453397827
40.85	0.9635258990597461
40.95	0.96073419015827
41.050000000000004	0.960454128980656
41.15	0.9631937921302922
41.25	0.9620710743582789
41.35	0.963160906225095
41.45	0.9669385344799699
41.550000000000004	NaN
41.65	0.968777258970629
41.75	0.9712449364822433
41.85	0.9763569338407158
41.95	0.9759555910095516
42.050000000000004	0.9800181714653472
42.15	NaN
42.25	0.9862948033253076
42.35	0.9910298381035255
42.45	0.9934386228525051
42.550000000000004	0.9973248609905032
42.65	1.0050226769398958
42.75	1.0055740958188732
42.85	1.0074469267267427
42.95	1.0107619580921636
43.050000000000004	1.0147793180746838
43.15	1.019744619424882
43.25	1.0197151811358331
43.35	1.0245030062112275
43.45	1.0262778803963968
43.550000000000004	1.0281019219074847
43.65	NaN
43.75	1.0308777500805348
43.85	1.0327493796369211
43.95	1.0345470881802246
44.050000000000004	1.035426908539826
44.15	1.034824437972481
44.25	NaN
44.35	1.0327806781559197
44.45	1.0327729024984271
44.550000000000004	1.0309518037353704
44.65	1.0297983984205166
44.75	1.0281254144472534
44.85	1.0258144553149455
44.95	1.022476487334277
45.050000000000004	1.0176234696152138
45.15	1.0168216046326584
45.25	1.0174518983777103
45.35	NaN
45.45	1.0089177831543223
45.550000000000004	1.0082638965604556
45.65	NaN
45.75	0.9976867166260768
45.85	0.9960231091576711
45.95	0.9913871191214075
46.050000000000004	0.9895917690208089
46.15	0.9863762129795487
46.25	0.9819471799903073
46.35	0.9788358506613258
46.45	0.9791505739511047
46.550000000000004	0.9766643271550974
46.65	NaN
46.75	0.9740461880683778
46.85	0.9718596311773672
46.95	0.9730720437780848
47.050000000000004	0.971269563994171
47.15	0.9710410205587402
47.25	0.972000069630244
47.35	0.971462085638027
47.45	0.9722236580827357
47.550000000000004	0.9705580033832073
47.65	0.9720827372311399
47.75	0.9744513703773217
47.85	0.9751582244380658
47.95	0.9771990708006454
48.050000000000004	0.9782218263709361
48.15	0.9805819912884955
48.25	0.9844278214143644
48.35	0.9838966514844439
48.45	0.9889026797524632
48.550000000000004	0.9920368325851525
48.65	0.9933291193464968
48.75	0.995959887898277
48.85	1.000255036298679
48.95	1.0012999345624507
49.050000000000004	1.006071195682579
49.15	NaN
49.25	1.01152707027694
49.35	1.0132043353168858
49.45	1.0169966962970964
49.550000000000004	1.0177606023605295
49.65	1.0205905044149626
49.75	1.021678071717081
49.85	1.0229113905017237
49.95	1.0246565643095313
50.050000000000004	1.0266889936956745
50.15	1.0260029674051534
50.25	1.0267892285428555
50.35	1.0284036717956775
50.45	1.0269755022726372
50.550000000000004	1.0251776101101828
50.65	1.02590946631566
50.75	1.0218885070769392
50.85	1.022185205167401
50.95	NaN
51.050000000000004	1.0219247317531466
51.15	1.0187827490529628
51.25	1.0174244358384414
51.35	1.0145187568778558
51.45	1.0120165420599372
51.550000000000004	NaN
51.65	1.0076011213742178
51.75	1.0066507268258622
51.85	1.0011846121585493
51.95	1.0026895289853506
52.050000000000004	NaN
52.15	0.9958787762300142
52.25	0.9918904730198199
52.35	0.9897074756966893
52.45	0.9934766561809121
52.550000000000004	0.9882314126541737
52.65	0.9876428941023149
52.75	0.9837494418729892
52.85	0.9816407842317951
52.95	NaN
53.050000000000004	0.9798508021083001
53.15	NaN
53.25	0.9788349751955399
53.35	0.9763687629813222
53.45	0.9770903764148121
53.550000000000004	NaN
53.65	0.9748470768624623
53.75	NaN
53.85	0.9776981166847014
53.95	0.9782786905195371
54.050000000000004	NaN
54.15	0.9794001002543521
54.25	NaN
54.35	0.9838641308718563
54.45	0.9860457101585215
54.550000000000004	NaN
54.65	0.9895491590374985
54.75	0.9927501951552083
54.85	0.9943198103577668
54.95	0.9967810459846002
55.050000000000004	0.9979633274926788
55.15	0.9994089887274197
55.25	1.0044499204281865
55.35	1.0059777625173574
55.45	1.0084998917681307
55.550000000000004	1.0082137350354066
55.65	1.0093097825397228
55.75	1.0138605011947226
55.85	1.0146294677616265
55.95	1.0166143019296447
56.050000000000004	1.0175772379977852
56.15	1.0201995430088509
56.25	1.0223715476720934
56.35	1.0200198631093476
56.45	1.022134392081698
56.550000000000004	1.0193413603668977
56.65	1.0191241112567109
56.75	NaN
56.85	1.0209769828949422
56.95	1.021044705315038
57.050000000000004	1.0196691032336207
57.15	1.0195490206226407
57.25	1.0125893267856676
57.35	NaN
57.45	1.014194684953518
57.550000000000004	1.0121661625415972
57.65	1.010277749261892
57.75	1.010425835619638
57.85	1.0085254896445244
57.95	1.004073578267914
58.050000000000004	1.002917697120515
58.15	1.0027374927951014
58.25	1.000971371025898
58.35	0.9972187572236922
58.45	NaN
58.550000000000004	0.9938029893545336
58.65	0.991552074602668
58.75	NaN
58.85	0.9883766779790241
58.95	NaN
59.050000000000004	0.9891851179536081
59.15	0.9842543767689914
59.25	0.984638291858821
59.35	0.9847717434612676
59.45	0.9822167761327483
59.550000000000004	0.9808061843364121
59.65	0.9822769067348253
59.75	0.9818738578697662
59.85	NaN
59.95	0.982120156325612
60.050000000000004	NaN
60.15	0.9841271933314291
60.25	0.9837271482075473
60.35	NaN
60.45	0.984890980423315
60.550000000000004	0.9844988654282825
60.65	0.9872057182374021
60.75	0.9903403083818177
60.85	0.9914672602709086
60.95	0.9927953309067428
61.050000000000004	0.9932460885150023
61.15	0.9968292694283357
61.25	0.9976616721057202
61.35	0.9997586337068922
61.45	0.9985638775185367
61.550000000000004	NaN
61.65	1.0063811607617485
61.75	NaN
61.85	NaN
61.95	1.0091527507400357
62.050000000000004	1.0101335096696495
62.15	1.0105506661803272
62.25	1.0128245542998542
62.35	1.0131701540848848
62.45	1.0162522921714947
62.550000000000004	1.0162555654965388
62.65	1.018268381769428
62.75	1.0178268799140453
62.85	1.0169540578591363
62.95	1.0164798360850744
63.050000000000004	1.0164177036773063
63.15	1.0173528405158712
63.25	NaN
63.35	1.0154284376779203
63.45	1.0112051030170188
63.550000000000004	1.0154200271837328
63.65	1.009917518768817
63.75	1.0120639065099195
63.85	1.0107812267712164
63.95	1.0090361916601978
64.05	1.006585421571907
64.14999999999999	1.0060506770410023
64.25	1.0063632196973589
64.35	1.0013688607155278
64.44999999999999	1.000870989960591
64.55	1.0001614608426461
64.64999999999999	0.9968229958519509
64.75	0.9985415514533263
64.85	0.9949852245352173
64.94999999999999	0.9925437737294387
65.05	0.9946911821840523
65.14999999999999	0.9900026333652063
65.25	NaN
65.35	0.9901614224580052
65.44999999999999	NaN
65.55	0.9871863724064885
65.64999999999999	0.9866679579010016
65.75	0.985589805077686
65.85	0.9849799930631766
65.94999999999999	0.9839835023007426
66.05	NaN
66.14999999999999	0.9847980129231005
66.25	0.9836766071600256
66.35	0.9879685698811268
66.44999999999999	0.986622604262183
66.55	0.9879771643121726
66.64999999999999	NaN
66.75	0.9873516084153521
66.85	NaN
66.94999999999999	NaN
67.05	0.9915528045897416
67.14999999999999	0.992656998835185
67.25	0.9949706105775419
67.35	0.9944181857034601
67.44999999999999	0.9967837782225016
67.55	0.9982175310123514
67.64999999999999	NaN
67.75	NaN
67.85	0.9996965209632268
67.94999999999999	1.0048981834160167
68.05	1.0051245934830375
68.14999999999999	1.0045952401026221
68.25	NaN
68.35	1.0094881032489782
68.44999999999999	1.0104815394883624
68.55	1.0121590194024335
68.64999999999999	NaN
68.75	1.0136888153725825
68.85	1.0133745427114849
68.94999999999999	1.0132025601439993
69.05	1.0148693170295013
69.14999999999999	1.015238061362794
69.25	1.0119670995917671
69.35	1.0135705727514486
69.44999999999999	NaN
69.55	1.0131729467179942
69.64999999999999	1.012389825448032
69.75	NaN
69.85	1.0111000897416802
69.94999999999999	NaN
70.05	1.010720505892159
70.14999999999999	1.007668131626612
70.25	NaN
70.35	1.0058101323139614
70.44999999999999	NaN
70.55	1.0036270588692306
70.64999999999999	1.0022781654366788
70.75	1.0014659488544688
70.85	0.9981561605733309
70.94999999999999	0.9973111546489696
71.05	0.9934924057145388
71.14999999999999	0.9951774400983573
71.25	NaN
71.35	0.9929956359069979
71.44999999999999	0.9901407324926942
71.55	0.9899019248778449
71.64999999999999	0.9903266373197842
71.75	0.9883569528313366
71.85	0.9892167668346669
71.94999999999999	0.9884830801120662
72.05	NaN
72.14999999999999	NaN
72.25	NaN
72.35	NaN
72.44999999999999	0.9886895739674176
72.55	0.9867294844935439
72.64999999999999	0.9891263130761454
72.75	NaN
72.85	0.9878399431956899
72.94999999999999	0.9885939969433997
73.05	0.9896556227657161
73.14999999999999	0.9909873194653067
73.25	0.9919066724470316
73.35	0.9938797479720289
73.44999999999999	NaN
73.55	0.9959300596525256
73.64999999999999	NaN
73.75	NaN
73.85	0.9985663608690343
73.94999999999999	1.000894518003409
74.05	1.0036116904234866
74.14999999999999	1.0026514216854896
74.25	1.0030606109620133
74.35	1.004510917426963
74.44999999999999	1.0075119118608418
74.55	1.0078738166023327
74.64999999999999	1.0080047246028228
74.75	1.009391895849103
74.85	1.0105105472169207
74.94999999999999	1.0104111358618957
75.05	1.0120714654772571
75.14999999999999	1.010549434814091
75.25	NaN
75.35	NaN
75.44999999999999	NaN
75.55	1.0104219126754204
75.64999999999999	NaN
75.75	NaN
75.85	1.0102979036108288
75.94999999999999	1.010258890091787
76.05	1.00931212374961
76.14999999999999	1.0093818530512824
76.25	NaN
76.35	1.0075256490478635
76.44999999999999	NaN
76.55	1.0059277129220963
76.64999999999999	1.005346571619616
76.75	NaN
76.85	NaN
76.95	NaN
77.05	NaN
77.14999999999999	0.999984686135532
77.25	0.9994353050487711
77.35	0.9974584616203318
77.45	0.9936385698657276
77.55	0.995283270891034
77.64999999999999	0.9943350160226989
77.75	0.9924896814383714
77.85	0.9932841327043288
77.95	0.9912677403347987
78.05	0.989499732039372
78.14999999999999	0.9906795155613984
78.25	0.9901245131363348
78.35	0.9890290313162532
78.45	NaN
78.55	NaN
78.64999999999999	0.9910051826985594
78.75	0.9899550549232475
78.85	NaN
78.95	0.9898455740063207
79.05	NaN
79.14999999999999	NaN
79.25	0.9924689282798285
79.35	NaN
79.45	0.9922591079271071
79.55	0.9938127531563287
79.64999999999999	NaN
79.75	0.9943703539172276
79.85	0.9965815065088647
