0.15	0.017834153380864998
0.25	0.01891716490967345
0.35	0.019241196062304518
0.45	0.019210605169868545
0.55	0.0195349847693736
0.65	0.019554944764378482
0.7500000000000001	0.019611695991276965
0.85	0.01988376677699385
0.95	0.02011854476165802
1.05	0.02041312530844853
1.15	0.02087739195018222
1.25	0.021200451916810435
1.35	0.02157000097238373
1.45	0.021982262210451735
1.55	0.022592960291056518
1.65	0.023149145619286948
1.75	0.02360710470611346
1.85	0.024362286658835323
1.95	0.025125348384223048
2.05	0.0257084947550009
2.15	0.026534839388251564
2.25	0.02752892907249004
2.35	0.02856539902088526
2.45	0.029617404752824327
2.5500000000000003	0.030688498666145633
2.65	0.03202588980868135
2.75	0.03336162025860127
2.85	0.03489900717683031
2.95	0.036578886500014306
3.0500000000000003	0.03830971066924195
3.15	0.040292503880257034
3.25	0.042545805383152925
3.35	0.044920770112343335
3.45	0.04756760545232708
3.5500000000000003	0.05056193336721259
3.65	0.053767262493605736
3.75	0.05751353035805057
3.85	0.060995104269415616
3.95	0.06578516522633321
4.05	0.07078355693357942
4.1499999999999995	0.07636696141795571
4.25	0.08239615593486195
4.35	0.08998688611595874
4.449999999999999	0.0974536521185353
4.55	0.10650379669681759
4.6499999999999995	0.11679125813898224
4.75	0.12889013632023846
4.85	0.14306439899587506
4.95	0.1593739549822574
5.05	0.17760802195319944
5.1499999999999995	0.19982690500653502
5.25	0.2241167288549276
5.35	0.2548465769679834
5.45	0.29243283838084555
5.55	0.33615779718991173
5.6499999999999995	0.38703203871001945
5.75	0.4541282818705855
5.85	0.529199608803965
5.95	0.6259496969776673
6.05	0.746732489364068
6.1499999999999995	0.9005024266753994
6.25	1.0840303854973703
6.35	1.3033677738209288
6.45	1.5776417155659885
6.55	1.890617832773999
6.6499999999999995	2.2253169390940752
6.75	2.535607439315236
6.85	2.783841269874458
6.95	2.931080460924266
7.05	2.9126773549557754
7.1499999999999995	2.7726163205199525
7.25	2.5584180764958906
7.35	2.2941147869270098
7.45	2.045880003147042
7.55	1.8153219332471775
7.6499999999999995	1.6046294656392088
7.75	1.4345276589118119
7.85	1.2814947998304573
7.95	1.1595780237683038
8.05	1.0611828349294956
8.15	0.974835022402309
8.25	0.9003154316600676
8.350000000000001	0.8366173268442778
8.450000000000001	0.7881416228562268
8.55	0.7431275622173666
8.65	0.7073513037991807
8.75	0.6769689542160842
8.850000000000001	0.6512479186441439
8.950000000000001	0.6293227767486947
9.05	0.6121748134914348
9.15	0.5977833758475922
9.25	0.5861943593448745
9.350000000000001	0.578823073304411
9.450000000000001	0.5727697155764143
9.55	0.5694321448898567
9.65	0.5689563883740667
9.750000000000002	0.5697333992307915
9.85	0.5732753305200079
9.95	0.5769168713133602
10.049999999999999	0.5845818134752623
10.149999999999999	0.5946506530619711
10.25	0.6057887755216307
10.35	0.618757937504975
10.45	0.6350123918124361
10.549999999999999	0.6515042203195944
10.649999999999999	0.6714316779840317
10.75	0.6954890899095917
10.85	0.7209106296709056
10.95	0.7478692172890815
11.049999999999999	0.7775130142212391
11.149999999999999	0.8107480364673831
11.25	0.8427920939031586
11.35	0.8810007419098554
11.45	0.9211740125244801
11.549999999999999	0.9622802794915155
11.649999999999999	1.0028362860777624
11.75	1.0444743752491243
11.85	1.0841217836706931
11.95	1.1243348989624151
12.049999999999999	1.164720104528003
12.149999999999999	1.2002932477790516
12.25	1.2314158388586272
12.35	1.2602945242005263
12.45	1.2823357973355403
12.549999999999999	1.3037968177023673
12.649999999999999	1.3188290365088857
12.75	1.3287100883269756
12.85	1.3372375403019896
12.95	1.3406079683323144
13.049999999999999	1.3402115926989664
13.149999999999999	1.3355401850386726
13.25	1.3280299626893393
13.35	1.3161953189132727
13.45	1.3036409439281538
13.549999999999999	1.2835566287958668
13.649999999999999	1.2660979812316209
13.75	1.243019385175381
13.85	1.2180399210393476
13.95	1.1911969401277798
14.049999999999999	1.15891434987049
14.149999999999999	1.1297023071160956
14.25	1.0953671589285043
14.35	1.0659055269363777
14.45	1.0347081818777
14.549999999999999	1.003607171605825
14.649999999999999	0.9744697988884657
14.75	0.9466308391646807
14.85	0.9202041607150174
14.95	0.898892092415277
15.049999999999999	0.8781521096474512
15.149999999999999	0.8579426089223832
15.25	0.8405851743018109
15.35	0.8264463829311772
15.45	0.8147505360705649
15.549999999999999	0.8048865582172289
15.649999999999999	0.7960621261706496
15.75	0.7891727918913694
15.85	0.784658317059799
15.95	0.7827686213320402
16.05	0.7820547636455919
16.15	0.7839624784333139
16.25	0.7865896134368507
16.349999999999998	0.7911878830604047
16.45	0.7977676622216913
16.55	0.8062594409938195
16.65	0.8159310787565078
16.75	0.8278492728919254
16.849999999999998	0.8393283338600899
16.95	0.8546576414473743
17.05	0.8685915870455148
17.15	0.8861395383804193
17.25	0.904148138234068
17.349999999999998	0.9201639483500418
17.45	0.9439295080115275
17.55	0.9620392574803478
17.65	0.9843201565673099
17.75	1.0052511900365813
17.849999999999998	1.025993565292069
17.95	1.0473763924782675
18.05	1.0685056572180902
18.15	1.0843105131806388
18.25	1.1040252347129502
18.349999999999998	1.1183678498088054
18.45	1.1354256467660713
18.55	1.1458812255227036
18.65	1.156659862043167
18.75	1.1653317408313115
18.849999999999998	1.1723541398366215
18.95	1.1787744750235183
19.05	1.1771561474972478
19.15	1.1781584734496624
19.25	1.1736801389971405
19.35	1.1670618005345301
19.45	1.160170951445694
19.55	1.1514563491774727
19.65	1.1432617816514374
19.75	1.1330961085713676
19.85	1.1178758298193594
19.95	1.1043557356327098
20.05	1.0929778025253807
20.15	1.0797046956993808
20.25	1.0660784161579284
20.35	1.051925662577669
20.45	1.0376563823859568
20.55	1.0234689225632907
20.65	1.0095305276817355
20.75	0.9969761472215032
20.85	0.9839689734435555
20.95	0.9701491486850813
21.05	0.9573071813296936
21.15	0.9451617047212363
21.25	0.9358141263113194
21.35	0.9262165893498565
21.45	0.9176027600074774
21.55	0.9089974497887967
21.65	0.9033364809513437
21.75	0.8961923022702803
21.85	0.8909016346134163
21.95	0.8858238755220597
22.05	0.8832444028565025
22.15	0.8821490419782069
22.25	0.8807096221173234
22.35	0.8802198795736731
22.45	0.8829413228321694
22.55	0.8842168417006285
22.65	0.8865243109155073
22.75	0.8908656964503511
22.85	0.8975246950634868
22.95	NaN
23.05	0.9082091777302489
23.15	0.917353703321096
23.25	0.9244835569884816
23.35	0.9342914453141659
23.45	0.9452555174612816
23.55	0.9567633891670353
23.65	0.9663528550915222
23.75	0.9811568220665757
23.85	0.9907574624030245
23.95	1.0026167076414463
24.05	1.0152556616368504
24.15	1.0265253973714483
24.25	1.0379590787704256
24.35	1.047751122396322
24.45	1.0593478657864823
24.55	1.0655547333027007
24.65	1.0793572772198423
24.75	1.0837558913672631
24.85	1.092314864607571
24.95	1.0945049172733832
25.05	1.1001313786095024
25.15	1.102477213932136
25.25	1.104583440810504
25.35	1.1040747569231992
25.45	1.1011993351220757
25.55	1.100415407417523
25.65	1.0967160823723683
25.75	1.0940440072884956
25.85	1.0888323610049346
25.95	1.0822406900866244
26.05	1.075825325083005
26.15	1.0676998276339438
26.25	1.0594264623167329
26.35	1.0526935393666812
26.45	1.0409569682774187
26.55	1.0336733503375077
26.65	1.0258941036187674
26.75	1.015300354520379
26.85	1.006325457976292
26.95	1.0021815013698152
27.05	0.9895225676521677
27.15	0.9824132712364503
27.25	0.9750962321903269
27.35	0.9672829596534992
27.45	0.959546073164178
27.55	0.9530744449858473
27.65	0.9478392347434734
27.75	0.9443655731244104
27.85	0.9403689785682312
27.95	0.9337975244997485
28.05	0.9298172906497153
28.15	0.928747523160596
28.25	0.926286457549028
28.35	0.9253294865065032
28.45	0.9240992318342837
28.55	0.9255667884378136
28.65	0.9252098259765683
28.75	0.9260032972001104
28.85	0.9287402454781465
28.95	0.9274488997548234
29.05	0.9337573691974044
29.15	0.937275773159586
29.25	0.9434523760822072
29.35	0.9476379234305486
29.45	0.9542202162772674
29.55	0.958933059355016
29.65	0.964158154924798
29.75	0.9715999267645585
29.85	0.978624917135173
29.95	0.98590326990652
30.05	0.9936785800861577
30.15	0.999054863516112
30.25	1.0078380508507394
30.35	1.015833665683071
30.45	1.0222615595131055
30.55	1.0298204935290374
30.65	1.0334473433421132
30.75	1.0413424225165149
30.85	1.0544555791451533
30.95	1.052099511564671
31.05	1.0532632819948424
31.15	1.0604415675447003
31.25	1.0634314930430462
31.35	1.0649376218899678
31.45	1.0650506263864152
31.55	1.0702503493357256
31.65	1.0678396412736724
31.75	1.065342687395735
31.85	1.0641015124827997
31.95	1.0616352354062215
32.05	1.0591903605454103
32.15	1.054838126153865
32.25	1.05168071226513
32.35	1.0470336967020812
32.45	1.0432332707995824
32.55	1.0378865068899161
32.65	1.0311104066156376
32.75	1.0267844412042673
32.85	1.022695939721567
32.95	1.013195184060156
33.05	1.007012488459515
33.15	1.0016524268021556
33.25	0.9986809076373037
33.35	0.9896007339341193
33.45	0.9837449505641043
33.55	0.9783055946077015
33.65	0.9760893532282158
33.75	0.9695022234258246
33.85	0.9654679075134271
33.95	0.9572967294346759
34.05	0.9576373459260737
34.15	0.9547960077229963
34.25	0.9526325445763307
34.35	0.9497013268640937
34.45	0.9500291668901105
34.55	0.9479602788615856
34.65	0.9462740131399663
34.75	0.9463602803285078
34.85	0.9472608593184505
34.95	0.9482663586749297
35.05	0.9494502387473331
35.15	0.9495495390507203
35.25	0.9546311455176938
35.35	0.955767164440803
35.45	0.9601544606038015
35.55	0.9635860057856002
35.65	0.9662384931609033
35.75	0.9691852156312843
35.85	0.9755026027195738
35.95	0.9788132026906765
36.05	0.9831952394235051
36.15	0.9883971605645498
36.25	0.9947122368748054
36.35	0.9997104799808296
36.45	1.0049168555701693
36.55	NaN
36.65	1.0130469001223903
36.75	1.018631373927984
36.85	1.0218244574291058
36.95	1.0276534414034162
37.05	1.033255123862593
37.15	1.035227823279066
37.25	1.0369916892882918
37.35	1.0412896383094778
37.45	1.0446887915793737
37.55	1.0435409638588886
37.65	NaN
37.75	1.0456656164444709
37.85	1.0476134592762898
37.95	1.0462317531965315
38.05	1.0476485494620327
38.15	1.0444298837732149
38.25	1.045623314877528
38.35	1.0407727828958309
38.45	1.0359575434870576
38.550000000000004	1.0368297261882422
38.65	1.0321192674769764
38.75	1.0279286101537495
38.85	1.0254894445054348
38.95	1.0206142243497558
39.050000000000004	1.0176114177215563
39.15	NaN
39.25	NaN
39.35	NaN
39.45	NaN
39.550000000000004	0.9949900592728134
39.65	0.9919605774404722
39.75	0.9876548585577711
39.85	0.9827529726439947
39.95	0.9783790758882868
40.050000000000004	0.9749824788964623
40.15	NaN
40.25	0.971907066032349
40.35	0.9691181508365715
40.45	0.9668616667845868
40.550000000000004	0.9653865132522618
40.65	0.9631417065652225
40.75	0.9617748893769518
40.85	0.9621123600608952
40.95	0.9614076440011909
41.050000000000004	0.9602920737182975
41.15	0.9636355528782495
41.25	0.9609842100211057
41.35	0.9641605458969918
41.45	0.965051367551201
41.550000000000004	NaN
41.65	0.9681221482298138
41.75	0.9728365964478037
41.85	0.974117981801615
41.95	0.9778196390388691
42.050000000000004	0.9798711508469843
42.15	NaN
42.25	0.9860052058514359
42.35	0.9917326961021288
42.45	0.9934775731630627
42.550000000000004	0.9968175787764718
42.65	1.0015468565115688
42.75	1.005188144501292
42.85	1.0090673533628725
42.95	1.010110394342553
43.050000000000004	1.0152863802272127
43.15	1.0193615701625525
43.25	1.0209236396827275
43.35	1.0232662593478312
43.45	1.0282649974317908
43.550000000000004	1.0289159079771648
43.65	NaN
43.75	1.0319183097562168
43.85	1.0331393663111044
43.95	1.0329574563257078
44.050000000000004	1.0357335361904079
44.15	1.0356843096069388
44.25	NaN
44.35	1.0338694887361943
44.45	1.0309239686660403
44.550000000000004	1.0316097923721217
44.65	1.0287268658875686
44.75	1.0279190168570145
44.85	1.0266636322565847
44.95	1.0225261878547538
45.050000000000004	1.0203961514195674
45.15	1.0176371723251492
45.25	1.0153278074313956
45.35	NaN
45.45	1.0093312725969603
45.550000000000004	1.0049221079653494
45.65	NaN
45.75	0.9990703268366649
45.85	0.9959412874556994
45.95	0.9923808965861656
46.050000000000004	0.9883645999662162
46.15	0.9861208628594803
46.25	0.9823405440634645
46.35	0.9806492164884061
46.45	0.9804245177648859
46.550000000000004	0.9778319209878585
46.65	NaN
46.75	0.9738847841420465
46.85	0.9728747697750264
46.95	0.9746255217314842
47.050000000000004	0.9703957339388788
47.15	0.9703858319328346
47.25	0.9696700688915146
47.35	0.9734634304327892
47.45	0.9700641964678233
47.550000000000004	0.9715209505945055
47.65	0.973875142189435
47.75	0.9749495975272147
47.85	0.9754185876044209
47.95	0.9776520831573814
48.050000000000004	0.9810667903231284
48.15	0.9781618995159429
48.25	0.9830411207595439
48.35	0.9841548641694563
48.45	0.9896728420651844
48.550000000000004	0.991690353034431
48.65	0.9932613780753208
48.75	0.9974408083524006
48.85	1.001004610201182
48.95	1.0022537468998403
49.050000000000004	1.0047801833061996
49.15	NaN
49.25	1.0097499180016052
49.35	1.012456880693684
49.45	1.0159756966991154
49.550000000000004	1.0175426534008825
49.65	1.018408335623643
49.75	1.0206624186396611
49.85	1.0227521842655243
49.95	1.0253676400504423
50.050000000000004	1.0261777347815784
50.15	1.0267828020278815
50.25	1.0264228585798347
50.35	1.028068874710208
50.45	1.026505096075985
50.550000000000004	1.0269007562369055
50.65	1.0250195690379935
50.75	1.026055582320631
50.85	1.0224438043602895
50.95	NaN
51.050000000000004	1.0204182391374175
51.15	1.01905002368899
51.25	1.0156817575686823
51.35	1.0163063227564115
51.45	1.0128360809016221
51.550000000000004	NaN
51.65	1.009235724613308
51.75	1.0060396959658235
51.85	1.0043782408270767
51.95	1.001696495068163
52.050000000000004	NaN
52.15	0.9949557932007413
52.25	0.9941850617663849
52.35	0.9920304603713384
52.45	0.9883299728552926
52.550000000000004	0.9902828670595093
52.65	0.9863061480827017
52.75	0.9838940284465995
52.85	0.9816724312034836
52.95	NaN
53.050000000000004	0.9799818976968111
53.15	NaN
53.25	0.9788404828625754
53.35	0.9773337277772459
53.45	0.9770086653833572
53.550000000000004	NaN
53.65	0.977735734606183
53.75	NaN
53.85	0.9774094072218683
53.95	0.9809475032361817
54.050000000000004	NaN
54.15	0.9782520586057536
54.25	NaN
54.35	0.9842562295533678
54.45	0.9861831552396728
54.550000000000004	NaN
54.65	0.9892599882137167
54.75	0.990136214892302
54.85	0.9935181943133614
54.95	0.9944525954223653
55.050000000000004	0.9961519073839946
55.15	1.0004514033599767
55.25	1.0026704761166507
55.35	1.0056162957081145
55.45	1.0065482940049182
55.550000000000004	1.0092808280404937
55.65	1.0123039955734745
55.75	1.0115211104799222
55.85	1.0129726771447338
55.95	1.0151297302472242
56.050000000000004	1.015514221333702
56.15	1.018679679047419
56.25	1.014151562236525
56.35	1.019263545062069
56.45	1.0220137854669882
56.550000000000004	1.0228166675463857
56.65	1.021230102095917
56.75	NaN
56.85	1.0189987201642823
56.95	1.0200209132053362
57.050000000000004	1.0188305089213974
57.15	1.0194462256729475
57.25	1.0193507402406639
57.35	NaN
57.45	1.0151586519844633
57.550000000000004	1.0135873591798523
57.65	1.0142077216128442
57.75	1.0101439244537649
57.85	1.0093790966304554
57.95	1.0060757203821606
58.050000000000004	1.0002713150713158
58.15	1.0019882897256076
58.25	1.000208589516896
58.35	0.9994739218248831
58.45	NaN
58.550000000000004	0.995847472945186
58.65	0.9931158903621735
58.75	NaN
58.85	0.9889794174311168
58.95	NaN
59.050000000000004	0.9865021593907004
59.15	0.9840076507726577
59.25	0.9847428184415118
59.35	0.9813249005412568
59.45	0.9832051817114867
59.550000000000004	0.9836772095868198
59.65	0.981710005527536
59.75	0.9807679059618909
59.85	NaN
59.95	0.981299404848865
60.050000000000004	NaN
60.15	0.9833899409226702
60.25	0.9836846243361651
60.35	NaN
60.45	0.9841811724680357
60.550000000000004	0.9853987078855594
60.65	0.9852242009119818
60.75	0.9890805511337594
60.85	0.9866813564367986
60.95	0.9910249528787115
61.050000000000004	0.9941327375743824
61.15	0.995837270088216
61.25	0.9972116089334141
61.35	0.9989783768957842
61.45	1.0008125972027224
61.550000000000004	NaN
61.65	1.0046804145775583
61.75	NaN
61.85	NaN
61.95	1.0096795098037405
62.050000000000004	1.0098613364588225
62.15	1.0159311540712803
62.25	1.013049409558063
62.35	1.0154788811070687
62.45	1.015610215300855
62.550000000000004	1.0172617411627631
62.65	1.015210339668749
62.75	1.015136105486676
62.85	1.0172080970911224
62.95	1.0175591321480086
63.050000000000004	1.0183779515936917
63.15	1.0164635783771052
63.25	NaN
63.35	1.0168698291990512
63.45	1.0109434372328443
63.550000000000004	1.0143982224243961
63.65	1.011173883253184
63.75	1.0100475667150317
63.85	1.0100482154707162
63.95	1.0083805600262208
64.05	1.006644815375819
64.14999999999999	1.0059303554031052
64.25	1.0010489239253288
64.35	1.0026722489316904
64.44999999999999	1.003426100325336
64.55	0.9992338275184462
64.64999999999999	0.9971209089222937
64.75	0.9966916073916128
64.85	0.993465484306253
64.94999999999999	0.9949462379637343
65.05	0.9912633459004954
65.14999999999999	0.9922275207625922
65.25	NaN
65.35	0.9899519981497555
65.44999999999999	NaN
65.55	0.986076516971944
65.64999999999999	0.9858058854959492
65.75	0.9853948328852821
65.85	0.9842816036755894
65.94999999999999	0.9840077315138634
66.05	NaN
66.14999999999999	0.9860489561569102
66.25	0.9859043878476682
66.35	0.9869565062038987
66.44999999999999	0.9857556124828528
66.55	0.9862111774276602
66.64999999999999	NaN
66.75	0.9891326223413839
66.85	NaN
66.94999999999999	NaN
67.05	0.9911743880486162
67.14999999999999	0.992083159585901
67.25	0.9943274555891356
67.35	0.9963140364524228
67.44999999999999	0.9956207554002732
67.55	1.000225219020991
67.64999999999999	NaN
67.75	NaN
67.85	1.0017032325524111
67.94999999999999	1.005335353038403
68.05	1.006510815320835
68.14999999999999	1.0072957866360346
68.25	NaN
68.35	1.0088280166785843
68.44999999999999	1.0091030332143738
68.55	1.0123564000499399
68.64999999999999	NaN
68.75	1.013553015848757
68.85	1.014292875000455
68.94999999999999	1.0144674549693493
69.05	1.0139222656115245
69.14999999999999	1.013649328380916
69.25	1.0148163792224656
69.35	1.012876083021059
69.44999999999999	NaN
69.55	1.012328368685798
69.64999999999999	1.0130930704432917
69.75	NaN
69.85	1.0120805459216498
69.94999999999999	NaN
70.05	1.009354163579176
70.14999999999999	1.0094841068752312
70.25	NaN
70.35	1.0064217018095336
70.44999999999999	NaN
70.55	1.0033571795188418
70.64999999999999	1.002316943427959
70.75	0.9996051789714759
70.85	0.9990080019931165
70.94999999999999	0.9983176327894957
71.05	0.9953792193925515
71.14999999999999	0.9958519851757529
71.25	NaN
71.35	0.9930626805408137
71.44999999999999	0.9922285861461075
71.55	0.9924499039416845
71.64999999999999	0.9886321614543231
71.75	0.9901401877382363
71.85	0.9889446993039919
71.94999999999999	0.9892433346041907
72.05	NaN
72.14999999999999	NaN
72.25	NaN
72.35	NaN
72.44999999999999	0.9871020331974224
72.55	0.9860985690817813
72.64999999999999	0.9880354876015379
72.75	NaN
72.85	0.9893128941413265
72.94999999999999	0.9894222497867037
73.05	0.989158972821237
73.14999999999999	0.9934608075442466
73.25	0.9906492848404848
73.35	0.9930932474292881
73.44999999999999	NaN
73.55	0.9957917850421006
73.64999999999999	NaN
73.75	NaN
73.85	0.999845228671844
73.94999999999999	0.9993436493003578
74.05	1.0014559858467962
74.14999999999999	1.002841504568082
74.25	1.0026226221492844
74.35	1.0033685400243255
74.44999999999999	1.0038826170029258
74.55	1.006937938974876
74.64999999999999	1.0064673728077627
74.75	1.0085493202539046
74.85	1.0084921949932046
74.94999999999999	1.0080656688578906
75.05	1.0096698151376646
75.14999999999999	1.009858676266427
75.25	NaN
75.35	NaN
75.44999999999999	NaN
75.55	1.0116674962654344
75.64999999999999	NaN
75.75	NaN
75.85	1.0121095162773839
75.94999999999999	1.0105730447764991
76.05	1.0107489523844881
76.14999999999999	1.0100345558835575
76.25	NaN
76.35	1.0074642841448243
76.44999999999999	NaN
76.55	1.004556837758033
76.64999999999999	1.0059108378093857
76.75	NaN
76.85	NaN
76.95	NaN
77.05	NaN
77.14999999999999	0.9994680440771424
77.25	0.9981545641081139
77.35	0.9956457147939044
77.45	0.9946617156895606
77.55	0.9952159087733664
77.64999999999999	0.9935526738923682
77.75	0.9946292810001495
77.85	0.9917016940136063
77.95	0.9917284701560162
78.05	0.9911800677623197
78.14999999999999	0.989555184830955
78.25	0.9906414192709103
78.35	0.9892007907464916
78.45	NaN
78.55	NaN
78.64999999999999	0.9890805997166534
78.75	0.9891403497744632
78.85	NaN
78.95	0.9895151994581987
79.05	NaN
79.14999999999999	NaN
79.25	0.9904687390093274
79.35	NaN
79.45	0.9934262648167884
79.55	0.9926293123060177
79.64999999999999	NaN
79.75	0.9942223538458472
79.85	0.997155755274608
