0.15	0.01887703578314111
0.25	0.01926426907137303
0.35	0.019179074686009278
0.45	0.019197439592740697
0.55	0.019352778163179964
0.65	0.019529926646860322
0.7500000000000001	0.01943625584864894
0.85	0.01985828086874006
0.95	0.02006720886685052
1.05	0.020514101303345408
1.15	0.020869758931261518
1.25	0.02119713051918756
1.35	0.02148206881917206
1.45	0.02207832993995698
1.55	0.022501081114388203
1.65	0.023016383798658193
1.75	0.02361351556870333
1.85	0.02442472583329877
1.95	0.025117695009243726
2.05	0.025745456748206334
2.15	0.02655281592276104
2.25	0.027573517371691773
2.35	0.028493234563133383
2.45	0.029587960426830602
2.5500000000000003	0.030857129203423227
2.65	0.032013536101489076
2.75	0.03335477397210322
2.85	0.03489481638449203
2.95	0.03659023426174743
3.0500000000000003	0.03836326774619031
3.15	0.0402187678552971
3.25	0.04252021333829596
3.35	0.04499697932079085
3.45	0.04745952884579009
3.5500000000000003	0.05057349884263837
3.65	0.05372429323239002
3.75	0.05735339987730595
3.85	0.06094828911951449
3.95	0.06579443082332029
4.05	0.07071899887132245
4.1499999999999995	0.07637624189141275
4.25	0.08231903473595903
4.35	0.09005875093341263
4.449999999999999	0.09762266642928012
4.55	0.10644588955446871
4.6499999999999995	0.11669811210365541
4.75	0.1289735412989095
4.85	0.1430875661730868
4.95	0.1592846337129052
5.05	0.17711583402163644
5.1499999999999995	0.19961735271871806
5.25	0.22422665492349717
5.35	0.2551959456640329
5.45	0.2922119941629176
5.55	0.3360336685628881
5.6499999999999995	0.3877724759858103
5.75	0.45449868988282277
5.85	0.5301950878880272
5.95	0.6240665640049682
6.05	0.7468507136454366
6.1499999999999995	0.8998673131423592
6.25	1.0814504536002039
6.35	1.299861707065941
6.45	1.5770616297489586
6.55	1.8901374961720352
6.6499999999999995	2.223527163944053
6.75	2.536459150301276
6.85	2.7904458336944225
6.95	2.929144242446291
7.05	2.917329803454394
7.1499999999999995	2.766863068662875
7.25	2.5542409948958205
7.35	2.2960826960343876
7.45	2.038677085222803
7.55	1.817537478988577
7.6499999999999995	1.6048608114502703
7.75	1.4321814839961393
7.85	1.2827402631969909
7.95	1.1594443832658894
8.05	1.0600903158766668
8.15	0.9750144635584733
8.25	0.9001720990945821
8.350000000000001	0.8389251641303527
8.450000000000001	0.7872023958557487
8.55	0.7430242070440134
8.65	0.7066284981774846
8.75	0.6779830433063024
8.850000000000001	0.6508899948615822
8.950000000000001	0.629256470443727
9.05	0.6121723076082004
9.15	0.5984778701468995
9.25	0.587587806274174
9.350000000000001	0.5777388635625548
9.450000000000001	0.5733411312428253
9.55	0.5688391172870153
9.65	0.5672767672581769
9.750000000000002	0.5694971816038539
9.85	0.5726064297640384
9.95	0.5780940984285718
10.049999999999999	0.585029720270227
10.149999999999999	0.5931709749312984
10.25	0.6054526471239606
10.35	0.6187935392625049
10.45	0.6354026777536536
10.549999999999999	0.651481012303518
10.649999999999999	0.6726877114657833
10.75	0.6964153389155299
10.85	0.7213309713772807
10.95	0.747097578017294
11.049999999999999	0.7792887718372157
11.149999999999999	0.8108470291148058
11.25	0.8442031232534167
11.35	0.8810890855947365
11.45	0.9187373264173536
11.549999999999999	0.960682831495497
11.649999999999999	1.003855046290362
11.75	1.0443799487620016
11.85	1.087795733115892
11.95	1.126240960176345
12.049999999999999	1.163205625338623
12.149999999999999	1.2012162005783293
12.25	1.2338991759953426
12.35	1.2612727843336666
12.45	1.2855464831432866
12.549999999999999	1.304283199571187
12.649999999999999	1.3172301375298126
12.75	1.328906593870776
12.85	1.337000582169077
12.95	1.337924667574588
13.049999999999999	1.3386674916197197
13.149999999999999	1.335966995561456
13.25	1.3272060350000099
13.35	1.3163374630045412
13.45	1.305036271115381
13.549999999999999	1.2855765767274745
13.649999999999999	1.265755626922035
13.75	1.2439041916389975
13.85	1.2160484079560767
13.95	1.1889313960143544
14.049999999999999	1.1592806327180178
14.149999999999999	1.128977725038813
14.25	1.0964637734715468
14.35	1.0648852056852378
14.45	1.0319199586770627
14.549999999999999	1.0020957211477333
14.649999999999999	0.9721004269808221
14.75	0.9455363506356751
14.85	0.9201466884042722
14.95	0.8976668653553902
15.049999999999999	0.8756199188269445
15.149999999999999	0.8573133293457602
15.25	0.8394503783365032
15.35	0.825752142336123
15.45	0.8138205989310571
15.549999999999999	0.80393552405378
15.649999999999999	0.7950880035820432
15.75	0.7884837192239426
15.85	0.7863223146503008
15.95	0.7830051016993631
16.05	0.781581146740873
16.15	0.7852123377250028
16.25	0.7875833806213753
16.349999999999998	0.7895211683364396
16.45	0.7972555273079066
16.55	0.805350955273888
16.65	0.8153486490261251
16.75	0.8263014389391051
16.849999999999998	0.8392187016734078
16.95	0.8524347642833464
17.05	0.8694916416914936
17.15	0.8870495304573726
17.25	0.9030681064674196
17.349999999999998	0.9218760670396491
17.45	0.9420375148367828
17.55	0.9642183519744328
17.65	0.983464848268584
17.75	1.0035416282422196
17.849999999999998	1.0258912488094842
17.95	1.0451021741011213
18.05	1.0667450393720723
18.15	1.0850343999963312
18.25	1.1029934544410545
18.349999999999998	1.120642399271016
18.45	1.1341702229736492
18.55	1.1465422073169238
18.65	1.157505318198844
18.75	1.1702132431959285
18.849999999999998	1.1712150099969876
18.95	1.175160088994107
19.05	1.1768223435642324
19.15	1.1755662594054879
19.25	1.1738892921838127
19.35	1.1685867707309527
19.45	1.1610959162465493
19.55	1.1517693114619323
19.65	1.1457440415046753
19.75	1.1320600204223847
19.85	1.11975133232953
19.95	1.105542685832618
20.05	1.0950588301952469
20.15	1.0808759502798067
20.25	1.066358248989484
20.35	1.053875803482206
20.45	1.0382479194789638
20.55	1.0248869501102318
20.65	1.0098104500464797
20.75	0.9964843148668403
20.85	0.9839448160903814
20.95	0.972113640838841
21.05	0.9588315162357821
21.15	0.9470812117912545
21.25	0.9362674187351769
21.35	0.9265436953767768
21.45	0.9195893714777553
21.55	0.9087920559975978
21.65	0.9028407445896908
21.75	0.8963391180055784
21.85	0.891025984296763
21.95	0.8863514148926941
22.05	0.8826901241552787
22.15	0.8810518628926546
22.25	0.8817088100747129
22.35	0.880271511231107
22.45	0.8804774210168792
22.55	0.884519376490471
22.65	0.8872846581888151
22.75	0.891957358169328
22.85	0.8956640652453958
22.95	NaN
23.05	0.9078842089407465
23.15	0.9166197034327509
23.25	0.9242658371060669
23.35	0.9340975377279546
23.45	0.9479368709660922
23.55	0.9568090459748267
23.65	0.9667869054567286
23.75	0.9794442554819189
23.85	0.9928752959861774
23.95	1.0007525126992032
24.05	1.01554994570118
24.15	1.0251342937147974
24.25	1.0373505935379175
24.35	1.0489937681239863
24.45	1.0572560248024723
24.55	1.0690747681091184
24.65	1.0768764523841112
24.75	1.0847762131064862
24.85	1.0908316502031246
24.95	1.096109018024263
25.05	1.10159368481275
25.15	1.1032814075514699
25.25	1.1048711011630792
25.35	1.1041898210969652
25.45	1.1023010714820802
25.55	1.100499734629874
25.65	1.095611601544373
25.75	1.0927721666890022
25.85	1.0892485220199104
25.95	1.0831992487963127
26.05	1.07712994018342
26.15	1.0699327928322215
26.25	1.0584232033419854
26.35	1.0507539331984204
26.45	1.0426957219446835
26.55	1.034649120053519
26.65	1.0248261983138676
26.75	1.0174723959467489
26.85	1.0055853571479967
26.95	0.9981714633503661
27.05	0.9922075808189311
27.15	0.9818366132004884
27.25	0.9732566147698103
27.35	0.9664856464762374
27.45	0.9603035926823172
27.55	0.953500554092963
27.65	0.9480339644081207
27.75	0.9428933490508896
27.85	0.9357496310668841
27.95	0.9355113455724986
28.05	0.9292217245441755
28.15	0.9279491955819777
28.25	0.9272562554499385
28.35	0.9254184712802492
28.45	0.9236916512158257
28.55	0.9240613698660222
28.65	0.9212559134121633
28.75	0.927494393615013
28.85	0.9282607760714169
28.95	0.9289639245834165
29.05	0.9341499647749901
29.15	0.9394034437654927
29.25	0.9406046093762759
29.35	0.9494896868196376
29.45	0.9528710006222209
29.55	0.9598888248602708
29.65	0.9657394714408136
29.75	0.9726662587250852
29.85	0.9789438357920102
29.95	0.9866630326066986
30.05	0.9921732145990093
30.15	1.0002656160601784
30.25	1.007435410182251
30.35	1.016623626503887
30.45	1.0225823546694974
30.55	1.029431876361995
30.65	1.0358892597080502
30.75	1.0437111177481218
30.85	1.0475810549788507
30.95	1.0529473855907985
31.05	1.0578945601586638
31.15	1.0604112526000729
31.25	1.0638793558097943
31.35	1.0644007026761182
31.45	1.0680514309421
31.55	1.0684634596169644
31.65	1.0688887641409597
31.75	1.067011573607027
31.85	1.0648015691074706
31.95	1.0660035861566401
32.05	1.0583809101119233
32.15	1.0554899424153594
32.25	1.0528452586815613
32.35	1.0464506891865182
32.45	1.0423670100304747
32.55	1.0366502839500509
32.65	1.0322809988682426
32.75	1.0244000835767733
32.85	1.0204356025276728
32.95	1.0132178095730047
33.05	1.0087453625581861
33.15	1.002978608460674
33.25	0.9969250134388966
33.35	0.990559724664381
33.45	0.9847192914700429
33.55	0.9780205387307233
33.65	0.975621629998943
33.75	0.9720432470267323
33.85	0.9649462940447543
33.95	0.964202099657508
34.05	0.9586208701924372
34.15	0.9534894195271177
34.25	0.9531518077410048
34.35	0.9526705945801661
34.45	0.9500658190510829
34.55	0.9493534999558731
34.65	0.9470836694382965
34.75	0.9456821559847381
34.85	0.9469488094829572
34.95	0.948930073295682
35.05	0.9494815462480537
35.15	0.9528047527672009
35.25	0.9525453576268638
35.35	0.9546960534927093
35.45	0.9599875271133821
35.55	0.9633028792276165
35.65	0.9662928410628612
35.75	0.9705394423750483
35.85	0.9766741628477147
35.95	0.9801817968837669
36.05	0.9842994600998549
36.15	0.9891341730433104
36.25	0.9931655688822947
36.35	1.0012704294173427
36.45	1.0049995117777224
36.55	NaN
36.65	1.0148671204815263
36.75	1.019660869809794
36.85	1.0248526936846964
36.95	1.028225391880598
37.05	1.031582955238541
37.15	1.0356794153371474
37.25	1.0393674814199647
37.35	1.0403380230349015
37.45	1.0426513912162434
37.55	1.0407225793949282
37.65	NaN
37.75	1.0459145661200708
37.85	1.0468670915252114
37.95	1.0474002884668319
38.05	1.0455595563946316
38.15	1.044463465028907
38.25	1.044526020345239
38.35	1.0410963421392332
38.45	1.038519572870511
38.550000000000004	1.0361620459862817
38.65	1.0344388218403362
38.75	1.0272136168177524
38.85	1.0240633872230618
38.95	1.0198171969249803
39.050000000000004	1.0189264754961445
39.15	NaN
39.25	NaN
39.35	NaN
39.45	NaN
39.550000000000004	0.9962468191205193
39.65	0.9920085723394789
39.75	0.9878555276410719
39.85	0.9861818975409191
39.95	0.9805771287717145
40.050000000000004	0.9777093334643701
40.15	NaN
40.25	0.9721633020846132
40.35	0.9676612966581672
40.45	0.9672707751580553
40.550000000000004	0.9642838530592288
40.65	0.9626951675324619
40.75	0.9616968414098149
40.85	0.9615587345136803
40.95	0.9613242931499812
41.050000000000004	0.9620370402253475
41.15	0.9599891590065823
41.25	0.9621399709645589
41.35	0.9642728686221586
41.45	0.9645883105185767
41.550000000000004	NaN
41.65	0.967724174807919
41.75	0.9723851975575089
41.85	0.9733249719313367
41.95	0.9767890727886825
42.050000000000004	0.979664392199732
42.15	NaN
42.25	0.9870694384107742
42.35	0.9897145616189862
42.45	0.9941850418263087
42.550000000000004	0.9985119352507291
42.65	1.001637789588234
42.75	1.0062397984490121
42.85	1.0095745783021723
42.95	1.0146876273872885
43.050000000000004	1.016402361203641
43.15	1.0187359418891901
43.25	1.021613435966377
43.35	1.0244375276593016
43.45	1.0255152461968071
43.550000000000004	1.0283425665999217
43.65	NaN
43.75	1.031458891103296
43.85	1.0341089707438424
43.95	1.0344336811363768
44.050000000000004	1.0343093891792872
44.15	1.0330680331889655
44.25	NaN
44.35	1.0334628743280279
44.45	1.0313635319289827
44.550000000000004	1.0318775972234961
44.65	1.0289874536706027
44.75	1.0284142226296455
44.85	1.026625104651099
44.95	1.0244850155508465
45.050000000000004	1.019814854101458
45.15	1.0173615613264388
45.25	1.0160510334296335
45.35	NaN
45.45	1.0082594818118187
45.550000000000004	1.003194907272456
45.65	NaN
45.75	0.9965102222643545
45.85	0.9960440705078814
45.95	0.9929011290828939
46.050000000000004	0.991171365032829
46.15	0.9862406767463727
46.25	0.9841328684670599
46.35	0.9838094676350578
46.45	0.9801651853715123
46.550000000000004	0.9782079959836728
46.65	NaN
46.75	0.9749155575998398
46.85	0.9729655314810585
46.95	0.9716645541912654
47.050000000000004	0.9713390583907064
47.15	0.9716801506920193
47.25	0.9690173307142691
47.35	0.9694746338349988
47.45	0.972327077014712
47.550000000000004	0.9729215653540877
47.65	0.9728485259074223
47.75	0.9746671359349457
47.85	0.9734733475398659
47.95	0.9788322597070671
48.050000000000004	0.97758012548373
48.15	0.9816574584153936
48.25	0.9827083555233597
48.35	0.9866760354463208
48.45	0.9892521371987059
48.550000000000004	0.9927553693914032
48.65	0.9936798412544228
48.75	0.9966586831971717
48.85	0.9995042799863658
48.95	1.0016026071731678
49.050000000000004	1.0064002688128069
49.15	NaN
49.25	1.012687874479722
49.35	1.0134037730741057
49.45	1.0154903455493756
49.550000000000004	1.0182293862818206
49.65	1.018934043404416
49.75	1.0232480470149163
49.85	1.0234962588884144
49.95	1.0229568715565591
50.050000000000004	1.0266045950872786
50.15	1.0250652619081637
50.25	1.0285265254788183
50.35	1.0275338202577027
50.45	1.0264279785609132
50.550000000000004	1.026649995954835
50.65	1.0266913791352756
50.75	1.0261306078192394
50.85	1.0240168758232318
50.95	NaN
51.050000000000004	1.0208871472635976
51.15	1.0189719145472618
51.25	1.0176198635711455
51.35	1.0131230546234589
51.45	1.0106227011935374
51.550000000000004	NaN
51.65	1.0090405333156576
51.75	1.0065620947461795
51.85	1.0007893007394202
51.95	1.001782431480503
52.050000000000004	NaN
52.15	0.9956242843753346
52.25	0.9940498521170795
52.35	0.9898634617543142
52.45	0.9879838795436873
52.550000000000004	0.987097464336554
52.65	0.9842853538475707
52.75	0.982621295847434
52.85	0.982364581446785
52.95	NaN
53.050000000000004	0.979584008881953
53.15	NaN
53.25	0.9783968990803141
53.35	0.976412044591812
53.45	0.9753324211386586
53.550000000000004	NaN
53.65	0.9781215377812584
53.75	NaN
53.85	0.9780397476433922
53.95	0.9782064507625093
54.050000000000004	NaN
54.15	0.9825896063491238
54.25	NaN
54.35	0.9839837898490279
54.45	0.9855617179628571
54.550000000000004	NaN
54.65	0.9897764256484517
54.75	0.991602579728259
54.85	0.9959155446515541
54.95	0.996368066271712
55.050000000000004	0.9977353473783273
55.15	1.000275608127826
55.25	1.0025940448502382
55.35	1.0095807999100066
55.45	1.0060139856365022
55.550000000000004	1.0097535338606165
55.65	1.0146750441837022
55.75	1.0156404885142256
55.85	1.014778126852669
55.95	1.0172165914969158
56.050000000000004	1.014893773666741
56.15	1.019316992117077
56.25	1.020272947647695
56.35	1.0208929053561182
56.45	1.0187614737657753
56.550000000000004	1.0215194474842737
56.65	1.0204880605973863
56.75	NaN
56.85	1.0218083326875542
56.95	1.0228441927626928
57.050000000000004	1.019539086024465
57.15	1.0186918428756482
57.25	1.0153371297431695
57.35	NaN
57.45	1.013117200909237
57.550000000000004	1.012692521909467
57.65	1.0118345455383484
57.75	1.01058882054819
57.85	1.0069586215983302
57.95	1.0083862969549497
58.050000000000004	1.0036492867343918
58.15	1.0005143242742889
58.25	0.9966846685026683
58.35	0.9962975281507787
58.45	NaN
58.550000000000004	0.993861138069014
58.65	0.9923031348356561
58.75	NaN
58.85	0.9901986914448697
58.95	NaN
59.050000000000004	0.9875831053782584
59.15	0.9862366401691195
59.25	0.9839950531270788
59.35	0.983018717066617
59.45	0.9809991008530184
59.550000000000004	0.9818421058438396
59.65	0.9831895661614437
59.75	0.9802934767692993
59.85	NaN
59.95	0.9807614154028559
60.050000000000004	NaN
60.15	0.9820399657494693
60.25	0.9835928078741367
60.35	NaN
60.45	0.9852737108882508
60.550000000000004	0.9850897631830245
60.65	0.9863572475874677
60.75	0.9896636783879524
60.85	0.9891234461495939
60.95	0.9930617120850603
61.050000000000004	0.9917543955255878
61.15	0.9955609312004633
61.25	0.9973412119011785
61.35	0.9993330012005787
61.45	1.0011654894361808
61.550000000000004	NaN
61.65	1.003784163926028
61.75	NaN
61.85	NaN
61.95	1.009539193312381
62.050000000000004	1.009595890385618
62.15	1.0097793912062965
62.25	1.0110504039540207
62.35	1.0131090673698995
62.45	1.0159877860586484
62.550000000000004	1.0165339213356737
62.65	1.015280843529006
62.75	1.0166723575712557
62.85	1.0159119819052809
62.95	1.0179238242863353
63.050000000000004	1.0171690881306896
63.15	1.0161407957613833
63.25	NaN
63.35	1.0142871539208422
63.45	1.0171366879533075
63.550000000000004	1.0146610428252063
63.65	1.0118556095964235
63.75	1.0122413029139106
63.85	1.012722736562532
63.95	1.008085894337067
64.05	1.0083094514240099
64.14999999999999	1.0075168760210882
64.25	1.0041836716012962
64.35	0.9984106078891278
64.44999999999999	1.0026231050053265
64.55	0.9988372541529702
64.64999999999999	0.9968123079068307
64.75	0.9957460705634488
64.85	0.9951855910972407
64.94999999999999	0.9934594374329657
65.05	0.9922117530149521
65.14999999999999	0.9905741011684224
65.25	NaN
65.35	0.9894172921979165
65.44999999999999	NaN
65.55	0.987218809955393
65.64999999999999	0.9861916134698755
65.75	0.985102120641164
65.85	0.9859930732184508
65.94999999999999	0.9865557069366506
66.05	NaN
66.14999999999999	0.9846469666156907
66.25	0.9834873052250636
66.35	0.9853866129901719
66.44999999999999	0.9858977686460237
66.55	0.9870074383324952
66.64999999999999	NaN
66.75	0.9872083315091711
66.85	NaN
66.94999999999999	NaN
67.05	0.9910142532359629
67.14999999999999	0.9928514532931314
67.25	0.994678177271224
67.35	0.9955571696504548
67.44999999999999	0.9964093487836103
67.55	0.998024733576619
67.64999999999999	NaN
67.75	NaN
67.85	1.001503448491513
67.94999999999999	1.0038260631782976
68.05	1.0051388353390414
68.14999999999999	1.0066035792130221
68.25	NaN
68.35	1.0099154291775767
68.44999999999999	1.0098562750880824
68.55	1.011168916158255
68.64999999999999	NaN
68.75	1.012325887213258
68.85	1.01693706482556
68.94999999999999	1.014454121958182
69.05	1.0123084847204151
69.14999999999999	1.0131430664795744
69.25	1.0139621483481716
69.35	1.0149213249892775
69.44999999999999	NaN
69.55	1.0122027212967946
69.64999999999999	1.011748581770459
69.75	NaN
69.85	1.011000223044569
69.94999999999999	NaN
70.05	1.0089598014061425
70.14999999999999	1.0082933569878725
70.25	NaN
70.35	1.0050723501871166
70.44999999999999	NaN
70.55	1.0028590038020941
70.64999999999999	0.9994006322736775
70.75	0.9986041819189849
70.85	0.9984895517191509
70.94999999999999	0.9971447538704358
71.05	0.9957628169598104
71.14999999999999	0.9945937078415351
71.25	NaN
71.35	0.9932420657912393
71.44999999999999	0.9915501588488119
71.55	0.9911621836833464
71.64999999999999	0.9908396892201738
71.75	0.9898105062590722
71.85	0.9883826796007549
71.94999999999999	0.9863559118482806
72.05	NaN
72.14999999999999	NaN
72.25	NaN
72.35	NaN
72.44999999999999	0.9859732837545127
72.55	0.9872355095694331
72.64999999999999	0.9882196427563511
72.75	NaN
72.85	0.9901256103638405
72.94999999999999	0.9905294542349479
73.05	0.9903866363308541
73.14999999999999	0.9908943499186714
73.25	0.9905546941802513
73.35	0.9925070940952344
73.44999999999999	NaN
73.55	0.9946254469215029
73.64999999999999	NaN
73.75	NaN
73.85	0.998651405373768
73.94999999999999	1.0007599872095048
74.05	0.9999034729653434
74.14999999999999	1.0015557576560963
74.25	1.0040245357748236
74.35	1.0051382558077895
74.44999999999999	1.0075666121033442
74.55	1.0056817353594336
74.64999999999999	1.0055862092255203
74.75	1.0087513356829596
74.85	1.008763514617674
74.94999999999999	1.008261835390023
75.05	1.0109095348350474
75.14999999999999	1.0107352618629935
75.25	NaN
75.35	NaN
75.44999999999999	NaN
75.55	1.0120566257544314
75.64999999999999	NaN
75.75	NaN
75.85	1.0104284356038098
75.94999999999999	1.0111482593165144
76.05	1.0097678817756226
76.14999999999999	1.0083709901715137
76.25	NaN
76.35	1.007093389352843
76.44999999999999	NaN
76.55	1.0057447567471476
76.64999999999999	1.0045723976141319
76.75	NaN
76.85	NaN
76.95	NaN
77.05	NaN
77.14999999999999	1.000574307833057
77.25	0.998267231133045
77.35	0.9974239628253102
77.45	0.995881346246598
77.55	0.994189892142495
77.64999999999999	0.9932883356686911
77.75	0.9929932540997559
77.85	0.9916108857749009
77.95	0.9935698012920098
78.05	0.9909958340397033
78.14999999999999	0.9890629490798968
78.25	0.9897571456990489
78.35	0.9899130468593191
78.45	NaN
78.55	NaN
78.64999999999999	0.9903568775044221
78.75	0.9900009422176747
78.85	NaN
78.95	0.9891874352602555
79.05	NaN
79.14999999999999	NaN
79.25	0.9921257333262657
79.35	NaN
79.45	0.9916115674251762
79.55	0.9936065364861134
79.64999999999999	NaN
79.75	0.9953180260289319
79.85	0.9975249588894738
