0.15	0.036378167687707845
0.25	0.03734815226364066
0.35	0.037091567883053726
0.45	0.03706909012268583
0.55	0.037414052039944995
0.65	0.037706659748784274
0.7500000000000001	0.03800277698167869
0.85	0.03853467761293213
0.95	0.03910852402814289
1.05	0.03966387575680826
1.15	0.04044661219485465
1.25	0.04087557971344736
1.35	0.041984356465329345
1.45	0.04284121658471802
1.55	0.043709758401201865
1.65	0.04482035038541793
1.75	0.04607400215953504
1.85	0.04744150740893048
1.95	0.04876866336404089
2.05	0.05028335072158613
2.15	0.05216241109604606
2.25	0.05403239893262993
2.35	0.05587224275453516
2.45	0.05787256373746079
2.5500000000000003	0.06030537298371745
2.65	0.06316533846770732
2.75	0.06612125314447372
2.85	0.06916327203552243
2.95	0.0724378423512447
3.0500000000000003	0.07618436657742686
3.15	0.08016518637664631
3.25	0.08478950827160828
3.35	0.08995477568142962
3.45	0.09558952502204199
3.5500000000000003	0.10147664821520591
3.65	0.10778465211358491
3.75	0.11569503421143311
3.85	0.12405969705748929
3.95	0.13362375367815715
4.05	0.1437970698584034
4.1499999999999995	0.15541522993809898
4.25	0.16842478627398416
4.35	0.1830971200419425
4.449999999999999	0.20040732460195176
4.55	0.2198913837365707
4.6499999999999995	0.2419764218571161
4.75	0.2677640159743441
4.85	0.29473409864564837
4.95	0.33018927465819026
5.05	0.36863453990644635
5.1499999999999995	0.41270384130926124
5.25	0.46302855652859787
5.35	0.5239796585882309
5.45	0.597307746985631
5.55	0.6759887213606804
5.6499999999999995	0.7751477396846339
5.75	0.8860417545438714
5.85	1.014532977969502
5.95	1.1492951984755058
6.05	1.3088819199110864
6.1499999999999995	1.478560073701084
6.25	1.651778364210585
6.35	1.8150433364612524
6.45	1.956788777635405
6.55	2.066515649845216
6.6499999999999995	2.126098604753162
6.75	2.1378664523012025
6.85	2.1043388760743253
6.95	2.0317576397118766
7.05	1.9345533131351016
7.1499999999999995	1.8196990319850908
7.25	1.6984119689006667
7.35	1.58650464095321
7.45	1.4696429053184967
7.55	1.3723125532113445
7.6499999999999995	1.2801320738140063
7.75	1.1946875259993626
7.85	1.1229377471761097
7.95	1.0543513550454373
8.05	0.9957766011108823
8.15	0.9445005210501425
8.25	0.9016016763170747
8.350000000000001	0.8645166751044198
8.450000000000001	0.827896450527644
8.55	0.799918501833471
8.65	0.7752471837762082
8.75	0.755410120842537
8.850000000000001	0.7385962918675629
8.950000000000001	0.7232154685791449
9.05	0.7111766262864881
9.15	0.7025357327735702
9.25	0.6950128187245078
9.350000000000001	0.6888281388468753
9.450000000000001	0.6887857037031859
9.55	0.6855666822239912
9.65	0.6875489154550838
9.750000000000002	0.6910109781755206
9.85	0.6962751650559545
9.95	0.7039213608277192
10.049999999999999	0.7109575240481408
10.149999999999999	0.7211066814895153
10.25	0.7333337275283751
10.35	0.7466492352657682
10.45	0.7610683570047285
10.549999999999999	0.779645106481991
10.649999999999999	0.798173941441026
10.75	0.8174962237015951
10.85	0.839157443432493
10.95	0.8609423317706237
11.049999999999999	0.8858732501672519
11.149999999999999	0.9118230494727776
11.25	0.9381938633648229
11.35	0.9644496755627513
11.45	0.9917934427109343
11.549999999999999	1.0196435395286414
11.649999999999999	1.0443407432471978
11.75	1.0718999604627844
11.85	1.1005549875546707
11.95	1.1220961463277803
12.049999999999999	1.1449749877565285
12.149999999999999	1.1658425829428756
12.25	1.186305739935212
12.35	1.201882146382734
12.45	1.2153609402914296
12.549999999999999	1.2263923632564657
12.649999999999999	1.2364536804732098
12.75	1.2383499779375133
12.85	1.2414592435595602
12.95	1.2400192117862454
13.049999999999999	1.2345613200650094
13.149999999999999	1.2252792753402122
13.25	1.216802604304805
13.35	1.2028107036739752
13.45	1.1856765817928439
13.549999999999999	1.1684101898734252
13.649999999999999	1.1484269327013867
13.75	1.1270070740170848
13.85	1.1090149120743231
13.95	1.0871864456287599
14.049999999999999	1.0673068357675821
14.149999999999999	1.0461162587716462
14.25	1.0263507648999677
14.35	1.0046734969334874
14.45	0.9867460682730141
14.549999999999999	0.9700695563809746
14.649999999999999	0.9538849914000858
14.75	0.9379848148630183
14.85	0.9225291882437401
14.95	0.9108617780758702
15.049999999999999	0.8990015139772926
15.149999999999999	0.8907562316224313
15.25	0.8820555590328261
15.35	0.8753330282542663
15.45	0.8691367413878318
15.549999999999999	0.863774600477712
15.649999999999999	0.8608383491922217
15.75	0.8579700209711291
15.85	0.8580042818456363
15.95	0.8594711828678765
16.05	0.8605325047475877
16.15	0.8630984496321671
16.25	0.8678151285168478
16.349999999999998	0.8711048797811982
16.45	0.8801637358019896
16.55	0.8852541337830205
16.65	0.8933119759066925
16.75	0.9009756507725364
16.849999999999998	0.9130454465095552
16.95	0.9219307214543893
17.05	0.9350089622903135
17.15	0.9471872853293655
17.25	0.9570365727990986
17.349999999999998	0.969108647180844
17.45	0.9846174160019762
17.55	0.9952931947506196
17.65	1.0094709463363252
17.75	1.0199082838519171
17.849999999999998	1.0318045030573775
17.95	1.0462168611860339
18.05	1.054965380762489
18.15	1.0671999431044812
18.25	1.075689754203087
18.349999999999998	1.0853309005414915
18.45	1.0907206803766365
18.55	1.098101455187511
18.65	1.1005846355062405
18.75	1.1070791231893735
18.849999999999998	1.108917783671794
18.95	1.1120619932537408
19.05	1.1104165330178097
19.15	1.1078179375264088
19.25	1.1071011663612609
19.35	1.1035947487483255
19.45	1.098712324340174
19.55	1.091768037146393
19.65	1.085579661909404
19.75	1.0787298212146879
19.85	1.0702349006284833
19.95	1.062568798467739
20.05	1.0527564978112292
20.15	1.0425629512261279
20.25	1.0361177551802616
20.35	1.0241846548446052
20.45	1.0174692303881272
20.55	1.0058906337023563
20.65	0.9973847782744307
20.75	0.9899004000057458
20.85	0.9786856557841088
20.95	0.9693848942606629
21.05	0.9635636069611386
21.15	0.9568707722074414
21.25	0.9497314147084936
21.35	0.9447171084017377
21.45	0.940236041125423
21.55	0.9345998953364049
21.65	0.9318275999154888
21.75	0.9262186469865955
21.85	0.9262371121487099
21.95	0.9238326990495511
22.05	0.9225137913364997
22.15	0.9225424221806262
22.25	0.9238289790793984
22.35	0.9259460480314863
22.45	0.9251604581827864
22.55	0.9306538420188143
22.65	0.9338374704664216
22.75	0.9345549754794468
22.85	0.9415576474704677
22.95	0.9465965126513718
23.05	0.9506663838998523
23.15	0.9559326981090814
23.25	0.9633936971145488
23.35	0.970073592066469
23.45	0.9754640183550151
23.55	0.9816531470692448
23.65	0.9893557019439537
23.75	0.9942987719859303
23.85	1.0027079066736937
23.95	1.0113103354181907
24.05	1.0174024651033735
24.15	1.027269015621279
24.25	1.0310776478983386
24.35	1.037635757714062
24.45	1.0428722823683756
24.55	1.0468991468341968
24.65	1.047842654077344
24.75	1.0547517558562718
24.85	1.0587412066669977
24.95	1.0613254673609895
25.05	1.0587357360278444
25.15	1.0635009853673538
25.25	1.0633104989037059
25.35	1.062654487104265
25.45	1.0626086587376944
25.55	1.0602485340953065
25.65	1.0568523835719388
25.75	1.05415630069214
25.85	1.050037225783713
25.95	1.0460546322362505
26.05	1.0422113934523025
26.15	1.0399364136887561
26.25	1.0331276611747715
26.35	1.0294861926673862
26.45	1.0227400421653394
26.55	1.015774866524045
26.65	1.0165784411739984
26.75	1.005011691884915
26.85	1.0004365861828501
26.95	0.9962913088500079
27.05	0.9881616992023167
27.15	0.9840799701033432
27.25	0.9804079385545089
27.35	0.9737471629869032
27.45	0.9699453573903214
27.55	0.9687870843555313
27.65	0.9663543131941498
27.75	0.96112985403221
27.85	0.9593909690743596
27.95	0.9559469655998427
28.05	0.9541585368501281
28.15	0.9534202612814319
28.25	0.9518598532866321
28.35	0.9524440946387888
28.45	0.9508532988029456
28.55	0.951843216795029
28.65	0.9539986033805774
28.75	0.9548931754458735
28.85	0.9569711011171433
28.95	0.958131630818267
29.05	0.9617006957473518
29.15	0.965680885787507
29.25	0.9696723615760019
29.35	0.9710981592652462
29.45	0.9764540299758206
29.55	0.9820268107237377
29.65	0.9828535510673896
29.75	0.9872787036098598
29.85	0.9932850551029806
29.95	NaN
30.05	1.0004308311247165
30.15	1.006908271021077
30.25	1.0074594788126976
30.35	1.0142540027000346
30.45	1.0172900400324731
30.55	1.0225348094062097
30.65	1.025110651016487
30.75	1.028287476368674
30.85	1.0317497619885052
30.95	1.0330482514661146
31.05	1.0361041701659233
31.15	1.0355365881129133
31.25	1.0388599632424615
31.35	1.0416135946138476
31.45	1.0402176088841637
31.55	1.041409079635732
31.65	1.0418867241968575
31.75	NaN
31.85	1.037949307941171
31.95	1.035732645196458
32.05	1.0353594211967365
32.15	1.031579361219012
32.25	1.0294562187843102
32.35	1.0261560630687363
32.45	1.0239835166842013
32.55	1.01996683432165
32.65	1.0162810466071548
32.75	1.015191438989896
32.85	1.0083665091076865
32.95	1.004786695649708
33.05	1.0017121296012974
33.15	0.9967318540577046
33.25	0.9962906718365157
33.35	0.9907965544782407
33.45	0.987630452429972
33.55	0.9852458398002444
33.65	0.9817916524833641
33.75	0.9806496009127397
33.85	0.97577118531295
33.95	0.9756352335321851
34.05	0.9742911421549076
34.15	0.9713381546673603
34.25	0.9686262733623303
34.35	0.9681226144258491
34.45	0.9633549955822495
34.55	0.9680605941976098
34.65	0.9679822264124376
34.75	0.9686590109937604
34.85	0.9666692395885176
34.95	0.9687225784496193
35.05	0.9696237837902406
35.15	0.9725255209338325
35.25	0.9729750679151796
35.35	0.9754393667506093
35.45	0.9781544878739524
35.55	0.9785927562177326
35.65	0.9832156041450522
35.75	0.9849211331852301
35.85	0.9879186662632716
35.95	0.9913478012790691
36.05	0.9931128717171304
36.15	0.9965666902926573
36.25	0.9991601284198863
36.35	1.000224978356167
36.45	1.0064730101777646
36.55	1.0137473641809471
36.65	NaN
36.75	1.0096818036174127
36.85	1.016291740203964
36.95	1.0189165846970203
37.05	1.0202288285783372
37.15	1.0217001191948336
37.25	1.0244409147858877
37.35	1.0252878642012109
37.45	1.0266085734788648
37.55	1.0260921282745423
37.65	1.0303089192318282
37.75	1.0277162560573263
37.85	1.0305399925536753
37.95	1.0268136990670007
38.05	NaN
38.15	NaN
38.25	1.0238165170069056
38.35	1.0238484596532278
38.45	1.0207712878736135
38.550000000000004	1.0207072776686779
38.65	1.0185118309016707
38.75	1.017109432946099
38.85	1.0128950259197078
38.95	1.0120821462881753
39.050000000000004	1.0064869896646595
39.15	1.0042488310823081
39.25	1.0020988909157353
39.35	1.0021836998720832
39.45	0.9978914239177833
39.550000000000004	0.9964513178347608
39.65	NaN
39.75	0.9902771494566557
39.85	0.9884164992137846
39.95	0.986409206508159
40.050000000000004	0.9860841181626677
40.15	0.9841583324988669
40.25	0.9808977659042015
40.35	NaN
40.45	0.9781648942274428
40.550000000000004	0.980727765376531
40.65	0.9778331734672817
40.75	0.976295335639613
40.85	0.9758275213678252
40.95	0.9774437569730764
41.050000000000004	0.9775894712133775
41.15	0.9753653318970688
41.25	0.9762662882286128
41.35	0.9779681489250487
41.45	0.9784547786987745
41.550000000000004	0.9822928605249422
41.65	0.9821459481371414
41.75	0.9851594505495835
41.85	0.9850616445432442
41.95	0.9870617966557588
42.050000000000004	0.9889522761099394
42.15	0.9902555002501245
42.25	0.9939714031135903
42.35	0.9961354682495772
42.45	0.9982600671819597
42.550000000000004	1.0006290066589532
42.65	1.0034747042651628
42.75	0.999649131983156
42.85	1.0057433635044635
42.95	1.0096689488951587
43.050000000000004	1.0117135444667564
43.15	NaN
43.25	1.0140174420569923
43.35	1.0166671313800923
43.45	1.016428304504587
43.550000000000004	1.0139017976711797
43.65	NaN
43.75	NaN
43.85	1.022547030699932
43.95	1.0212537430482558
44.050000000000004	1.0219059129331225
44.15	1.0206787164450315
44.25	1.0229538244782135
44.35	1.019533378342775
44.45	NaN
44.550000000000004	1.0181690286690956
44.65	1.0147884545022614
44.75	1.017046660722426
44.85	1.0128479091963503
44.95	1.0127277857133332
45.050000000000004	1.0126610656121235
45.15	1.010279971520481
45.25	1.009304528793564
45.35	1.0055648343472017
45.45	1.0036523065961271
45.550000000000004	1.000714845578695
45.65	0.9989208921128321
45.75	NaN
45.85	0.9967194952421851
45.95	NaN
46.050000000000004	0.9931787811073627
46.15	0.9893305524571527
46.25	0.9896733504431063
46.35	NaN
46.45	0.9869588824820953
46.550000000000004	0.9844091450041881
46.65	NaN
46.75	0.9844790891068055
46.85	0.9831372267822281
46.95	0.9831650043552506
47.050000000000004	0.9813834156185345
47.15	0.9814054962217024
47.25	0.9820852454045829
47.35	0.9816728587453867
47.45	NaN
47.550000000000004	0.9836816091820147
47.65	0.983222907883329
47.75	0.9846606917823464
47.85	0.9865802824772019
47.95	0.9875206353236069
48.050000000000004	0.988877720542563
48.15	0.9904202123578753
48.25	0.9894873101391899
48.35	0.9941590695600051
48.45	0.995262169514013
48.550000000000004	0.9927439575420511
48.65	0.9938546733757391
48.75	0.9988117557224536
48.85	1.0010411489952236
48.95	1.0044201092612188
49.050000000000004	1.0041854670502242
49.15	1.005814417747366
49.25	1.0083226589477738
49.35	1.0086727710678638
49.45	1.0095477867484175
49.550000000000004	1.0100358549413309
49.65	1.0123477284183355
49.75	NaN
49.85	1.0170638512159103
49.95	1.0147545694401934
50.050000000000004	1.014694332789091
50.15	1.0164354843236085
50.25	1.0174898170829243
50.35	1.017249515097245
50.45	1.0163612898074674
50.550000000000004	1.014841231961614
50.65	1.0140150361923337
50.75	1.01496821683429
50.85	1.0146065501502717
50.95	1.0125788301850496
51.050000000000004	1.0120939977491699
51.15	1.0118872387403721
51.25	1.0098987725369915
51.35	1.0083564300112022
51.45	1.0057691455761548
51.550000000000004	1.0050094272895742
51.65	1.002112001350038
51.75	1.0021562109228386
51.85	1.001824243129138
51.95	0.9998155681140372
52.050000000000004	0.9955074490701921
52.15	NaN
52.25	0.9952663070990053
52.35	0.9949499286734519
52.45	0.991887429414793
52.550000000000004	0.9902146198767677
52.65	0.9906426135878097
52.75	0.9891845452863934
52.85	0.989599665178198
52.95	0.9874506671636638
53.050000000000004	0.990285086943931
53.15	0.986954533345989
53.25	0.9880283353491318
53.35	0.9880122660091076
53.45	0.9853706532004275
53.550000000000004	0.9860224988219984
53.65	0.9874438378312655
53.75	0.9890389983612575
53.85	0.9867046984969761
53.95	0.9887871539542286
54.050000000000004	0.988021294718462
54.15	0.9881636238680708
54.25	0.9920517785617173
54.35	0.9923187964556806
54.45	0.9922224800065012
54.550000000000004	NaN
54.65	0.9944038489330952
54.75	0.9962807172156491
54.85	0.9955679885893454
54.95	0.9993240765151578
55.050000000000004	0.9991919338595906
55.15	1.001988766087223
55.25	1.0035888169150509
55.35	1.0042189957477439
55.45	1.009228245852772
55.550000000000004	1.0050923278683142
55.65	NaN
55.75	1.0092600153865028
55.85	1.00982124400841
55.95	1.008953077694495
56.050000000000004	1.0107216262804835
56.15	1.012021745831463
56.25	1.0157368383468002
56.35	1.0015315386491375
56.45	1.011757823206882
56.550000000000004	1.0139709380795265
56.65	1.0129851627491198
56.75	1.0114391560321907
56.85	1.0122356197031308
56.95	1.0117347844562716
57.050000000000004	1.012136955661689
57.15	1.0115234963398279
57.25	1.0078977764714183
57.35	1.009662108958499
57.45	1.0081338853011867
57.550000000000004	NaN
57.65	1.0044414698281792
57.75	1.0035366288094139
57.85	1.003807521559427
57.95	1.0039487847818926
58.050000000000004	NaN
58.15	1.002089422096014
58.25	0.9999790814038326
58.35	0.9999508908571285
58.45	0.9970811593370144
58.550000000000004	0.9959880727795194
58.65	0.9945836545572394
58.75	NaN
58.85	0.9919306187695863
58.95	0.9928515856983599
59.050000000000004	0.9913071269824796
59.15	0.9920285624197271
59.25	0.9894399409172652
59.35	0.9885140674026831
59.45	0.9889804598469168
59.550000000000004	0.989530627903027
59.65	NaN
59.75	0.988451305793186
59.85	0.9880576497973003
59.95	0.9895571267155981
60.050000000000004	0.9881308300275654
60.15	0.9875991151077788
60.25	0.9916527416089549
60.35	NaN
60.45	0.9926081798361613
60.550000000000004	0.9923273231774112
60.65	0.9933351209952479
60.75	0.9983819596033392
60.85	NaN
60.95	0.9960592289408724
61.050000000000004	0.9972176126186006
61.15	0.9972771739658133
61.25	0.9987188106364395
61.35	1.0005144607849812
61.45	1.0008065743792967
61.550000000000004	1.00189172131382
61.65	1.0049608313089622
61.75	1.0043791026271847
61.85	1.0048926478544986
61.95	NaN
62.050000000000004	1.0068806129965022
62.15	1.0070687926581587
62.25	1.007816549645024
62.35	1.0092875660640364
62.45	NaN
62.550000000000004	1.007631949127671
62.65	NaN
62.75	NaN
62.85	1.011769003685986
62.95	1.0103547836411166
63.050000000000004	1.010396057825013
63.15	1.010592644741984
63.25	1.0094930560532132
63.35	1.0093675780066402
63.45	1.0093719082255965
63.550000000000004	1.0085442108896805
63.65	NaN
63.75	1.00541303621186
63.85	NaN
63.95	1.004627080264605
64.05	1.0037445201892996
64.14999999999999	1.0046530542117695
64.25	1.0015089050694115
64.35	NaN
64.44999999999999	1.000244205060938
64.55	1.00136567853141
64.64999999999999	0.9984064637867007
64.75	0.9989041198510193
64.85	0.9987717235047701
64.94999999999999	0.9963814978962797
65.05	0.9947860298134248
65.14999999999999	NaN
65.25	0.9934284481167891
65.35	0.9940542126504743
65.44999999999999	0.9928285262683645
65.55	0.9912805479395803
65.64999999999999	NaN
65.75	0.9928196696781817
65.85	0.9911063040292681
65.94999999999999	NaN
66.05	NaN
66.14999999999999	0.9919465703231274
66.25	0.9905045339987398
66.35	0.9920215411631857
66.44999999999999	0.991180904057115
66.55	NaN
66.64999999999999	0.9919695743817626
66.75	0.993477020110169
66.85	NaN
66.94999999999999	NaN
67.05	NaN
67.14999999999999	NaN
67.25	0.9959860014238845
67.35	NaN
67.44999999999999	NaN
67.55	0.9995506547685825
67.64999999999999	0.9993112339576847
67.75	1.0004660681503041
67.85	1.0024230093662994
67.94999999999999	NaN
68.05	1.0044354831042208
68.14999999999999	1.004351901260025
68.25	1.0060883529380138
68.35	1.0052414725909895
68.44999999999999	1.0049446838199414
68.55	1.0072075572928878
68.64999999999999	NaN
68.75	1.0079427112725
68.85	1.0080552390104487
68.94999999999999	1.0080010920369395
69.05	NaN
69.14999999999999	1.0075989278439428
69.25	NaN
69.35	1.008106511685524
69.44999999999999	1.0074313511402828
69.55	1.0086816727975887
69.64999999999999	1.0073629746678257
69.75	1.0070344042581207
69.85	1.0075380349825942
69.94999999999999	1.0046355482350287
70.05	NaN
70.14999999999999	1.005613081208423
70.25	1.0047785051130922
70.35	1.0041655163384473
70.44999999999999	1.002469447111724
70.55	1.0036146888331479
70.64999999999999	1.0004513746951964
70.75	1.00035153756195
70.85	0.9980537217743974
70.94999999999999	0.9991830809465012
71.05	0.9981376235743966
71.14999999999999	NaN
71.25	0.99617546184959
71.35	NaN
71.44999999999999	0.994004855376135
71.55	0.9945306539786588
71.64999999999999	0.9934185600153961
71.75	0.9933147818740371
71.85	NaN
71.94999999999999	NaN
72.05	0.99066545989747
72.14999999999999	NaN
72.25	0.9917826482282872
72.35	0.9925595025615008
72.44999999999999	NaN
72.55	NaN
72.64999999999999	0.9907602149280949
72.75	0.9926140262297156
72.85	0.9937052254446808
72.94999999999999	NaN
73.05	0.9933814438142973
73.14999999999999	0.9942696593129027
73.25	0.9946208741833731
73.35	0.9965889644625621
73.44999999999999	0.9980829150217406
73.55	0.9970804236058961
73.64999999999999	0.9988637016120667
73.75	0.9994192244001062
73.85	0.9992715629896839
73.94999999999999	NaN
74.05	NaN
74.14999999999999	1.0019986107669923
74.25	1.0029105293329017
74.35	1.0029715345182968
74.44999999999999	1.0033190441970057
74.55	1.0054919614218567
74.64999999999999	NaN
74.75	NaN
74.85	1.0064579053680907
74.94999999999999	1.0043503419208661
75.05	1.0058672097297372
75.14999999999999	1.009031583212548
75.25	1.0060909732825871
75.35	1.0068589835419985
75.44999999999999	1.0060532155866182
75.55	1.005642297459828
75.64999999999999	1.007346553328522
75.75	NaN
75.85	1.0062924624129994
75.94999999999999	NaN
76.05	1.0051548947607263
76.14999999999999	1.005385849902012
76.25	1.0046824697501695
76.35	1.0044739888488432
76.44999999999999	NaN
76.55	1.0029173473870756
76.64999999999999	1.006232040050714
76.75	NaN
76.85	1.0015611762536767
76.95	1.0002201739440477
77.05	0.9999181483891475
77.14999999999999	0.9991973047880012
77.25	NaN
77.35	NaN
77.45	NaN
77.55	0.9988011131398224
77.64999999999999	NaN
77.75	0.9960540115209868
77.85	0.9969018009990993
77.95	NaN
78.05	0.9948498849388353
78.14999999999999	NaN
78.25	0.9936301158395142
78.35	0.9935829364310502
78.45	NaN
78.55	NaN
78.64999999999999	NaN
78.75	0.9932698985164702
78.85	0.99278951725811
78.95	0.9951933029682837
79.05	NaN
79.14999999999999	NaN
79.25	0.9949123999829738
79.35	0.9950346158855524
79.45	NaN
79.55	0.9952259165505688
79.64999999999999	NaN
79.75	0.9977888214718185
79.85	0.9974596041018543
