0.15	0.03720251952014663
0.25	0.03684629709516017
0.35	0.03603771316911695
0.45	0.037101475359333086
0.55	0.03761092694757609
0.65	0.0381896365043293
0.7500000000000001	0.03812764275398035
0.85	0.03840997288806376
0.95	0.03891856103268143
1.05	0.03952316449795069
1.15	0.04011918801400032
1.25	0.04107613395469412
1.35	0.041934766872823985
1.45	0.04279043584462048
1.55	0.043682607442823526
1.65	0.044780344296044654
1.75	0.04623541612317281
1.85	0.04752484022827698
1.95	0.048858108197608566
2.05	0.05042051094792411
2.15	0.05209626987419288
2.25	0.05391687735257624
2.35	0.056029782186995516
2.45	0.05810794263971162
2.5500000000000003	0.06015865550683085
2.65	0.06306557616005004
2.75	0.06612415018440769
2.85	0.0690222552650079
2.95	0.072412475531505
3.0500000000000003	0.07609505254798186
3.15	0.08036279833610648
3.25	0.08492653792042984
3.35	0.08974709053763645
3.45	0.09555500584441251
3.5500000000000003	0.10167144155608676
3.65	0.10768425313020334
3.75	0.11588108930142468
3.85	0.12380104616840354
3.95	0.1336424098904969
4.05	0.14352016345578994
4.1499999999999995	0.15543072038571673
4.25	0.16829935319404524
4.35	0.18331086729799834
4.449999999999999	0.2004321489671456
4.55	0.22027291801766008
4.6499999999999995	0.24203723829777732
4.75	0.26759969038714604
4.85	0.2955216704644743
4.95	0.33039662957013877
5.05	0.3687265396503602
5.1499999999999995	0.41254989465205144
5.25	0.46330991188959647
5.35	0.523714517571774
5.45	0.5977791298679204
5.55	0.6758498369368763
5.6499999999999995	0.7742209182845599
5.75	0.8863597616363539
5.85	1.0139787687267137
5.95	1.1490391587779556
6.05	1.3106931354352631
6.1499999999999995	1.4798134920472896
6.25	1.6474505036099072
6.35	1.813376357753351
6.45	1.9561465670434948
6.55	2.064405987031374
6.6499999999999995	2.122523635783891
6.75	2.1386255612299037
6.85	2.106667658855909
6.95	2.0310850904835283
7.05	1.931877082026074
7.1499999999999995	1.8205395998569216
7.25	1.7011647902341251
7.35	1.585362662489132
7.45	1.4727802028730141
7.55	1.3711385800338314
7.6499999999999995	1.2792910275628442
7.75	1.1957742555091577
7.85	1.1218931255214846
7.95	1.055220214597991
8.05	0.9963102796569258
8.15	0.945271089051235
8.25	0.9015520306129342
8.350000000000001	0.8641817953455434
8.450000000000001	0.8290943923383775
8.55	0.8004025847604003
8.65	0.7771196572529981
8.75	0.7562671809708899
8.850000000000001	0.7373646487565594
8.950000000000001	0.7212853305267258
9.05	0.7104683205571611
9.15	0.7005096255638154
9.25	0.6951209970974237
9.350000000000001	0.6894321379749349
9.450000000000001	0.6865924726542371
9.55	0.6855139726936126
9.65	0.6878930202248439
9.750000000000002	0.6912400985373934
9.85	0.6954628578972604
9.95	0.7023892048169844
10.049999999999999	0.7113387638189166
10.149999999999999	0.7211661731979832
10.25	0.7341333933349331
10.35	0.7465090828965095
10.45	0.7623513875803821
10.549999999999999	0.7810305543458256
10.649999999999999	0.7973004305892336
10.75	0.8174667880071886
10.85	0.839426859194831
10.95	0.8622790985765646
11.049999999999999	0.8865759375530244
11.149999999999999	0.909578940014655
11.25	0.9366802009384886
11.35	0.9637876647873058
11.45	0.9903982401308686
11.549999999999999	1.019679264661888
11.649999999999999	1.0444140791986172
11.75	1.0693832472200404
11.85	1.0986784666380225
11.95	1.1206465739324851
12.049999999999999	1.1459690240282685
12.149999999999999	1.165885140935935
12.25	1.1875309580215565
12.35	1.2039481336882956
12.45	1.2166331614803434
12.549999999999999	1.2292781494188498
12.649999999999999	1.2363318458765362
12.75	1.242543156385771
12.85	1.240591440744588
12.95	1.2390076900477027
13.049999999999999	1.2355293161185512
13.149999999999999	1.2270160074606964
13.25	1.2154522164131645
13.35	1.203777114091454
13.45	1.1883295467080683
13.549999999999999	1.1685573518490369
13.649999999999999	1.1490014661426837
13.75	1.1278548570035833
13.85	1.108360368349123
13.95	1.0889961890477817
14.049999999999999	1.066304010383128
14.149999999999999	1.0461024986487042
14.25	1.0259786237126225
14.35	1.007000914376669
14.45	0.9880855408178669
14.549999999999999	0.9709098125273931
14.649999999999999	0.952713487794987
14.75	0.9379468121858296
14.85	0.9258079942192302
14.95	0.912232435759577
15.049999999999999	0.9000824984578922
15.149999999999999	0.8901423435052055
15.25	0.8808529048929842
15.35	0.8739641296110744
15.45	0.8690323189984777
15.549999999999999	0.8645142141141166
15.649999999999999	0.860779708726
15.75	0.8592642658425134
15.85	0.8578073331357701
15.95	0.8589329662044763
16.05	0.8601763145090348
16.15	0.8634627101709101
16.25	0.8678298872716337
16.349999999999998	0.8731534055361649
16.45	0.8802527733012182
16.55	0.8859362622635423
16.65	0.8938327608780783
16.75	0.9040219745885513
16.849999999999998	0.9131622661124043
16.95	0.9224821967977755
17.05	0.9343647640054509
17.15	0.9463860175671768
17.25	0.9575054596620044
17.349999999999998	0.9713152048235002
17.45	0.9824050343850932
17.55	0.9954028970869329
17.65	1.0106800156395612
17.75	1.020236637808349
17.849999999999998	1.0328975464330912
17.95	1.0432047435762863
18.05	1.0554728140706944
18.15	1.0647925098795576
18.25	1.0752376764877642
18.349999999999998	1.0819080853470735
18.45	1.092658857601032
18.55	1.0999624094021032
18.65	1.106361758836703
18.75	1.1084678680478193
18.849999999999998	1.1093786313601794
18.95	1.1125090632236674
19.05	1.1101605721655026
19.15	1.1093324261729816
19.25	1.104283592540704
19.35	1.1056730810915567
19.45	1.0970461941581362
19.55	1.0928794759419298
19.65	1.0868659273739911
19.75	1.0792270694642958
19.85	1.0702497020519748
19.95	1.0631909613385573
20.05	1.0531964474247688
20.15	1.0432906063715928
20.25	1.033277166889046
20.35	1.0241154187886932
20.45	1.0149960096481299
20.55	1.0043514090842525
20.65	0.997602800031227
20.75	0.9871892176340545
20.85	0.9788830258400989
20.95	0.9692400565145657
21.05	0.9654127673902857
21.15	0.9568617877423002
21.25	0.9496745249927193
21.35	0.9450407235668633
21.45	0.9398929919075992
21.55	0.9343536869193054
21.65	0.9311403686865445
21.75	0.9274565606143459
21.85	0.9266905911597016
21.95	0.9233004066624658
22.05	0.9224069560923953
22.15	0.9243881137259935
22.25	0.9226355949787655
22.35	0.9259334322831133
22.45	0.9246111444302686
22.55	0.9304728468993123
22.65	0.9321069844023091
22.75	0.9350661983902366
22.85	0.9420433731359925
22.95	0.9441610278097601
23.05	0.9509937808558366
23.15	0.9565529480848108
23.25	0.9631755890051593
23.35	0.9707084108356449
23.45	0.9764503051582578
23.55	0.982973010485079
23.65	0.9898242962063921
23.75	0.9980330721614848
23.85	1.0050728079091749
23.95	1.0113845820472818
24.05	1.0159228194494025
24.15	1.0240347279030293
24.25	1.0308639799609725
24.35	1.0361340845395133
24.45	1.04290544141707
24.55	1.0479997954576077
24.65	1.0493021473727255
24.75	1.055806141808774
24.85	1.0580186558683484
24.95	1.060992613082643
25.05	1.0639651886468389
25.15	1.0633351469208951
25.25	1.0645662799257911
25.35	1.063906276598679
25.45	1.063311428481777
25.55	1.0603299122999938
25.65	1.0608920695588098
25.75	1.0543730251881576
25.85	1.0517944922919438
25.95	1.0477572789944405
26.05	1.0436328123473617
26.15	1.0406166575854867
26.25	1.0330991977526647
26.35	1.0274588138595853
26.45	1.0225398411343356
26.55	1.0161217516763816
26.65	1.008163665676559
26.75	1.0062510852427622
26.85	1.0004339759242855
26.95	0.9922913344436471
27.05	0.9891186264015828
27.15	0.9849197390115678
27.25	0.9801948019533762
27.35	0.9749514860565618
27.45	0.9700764005771256
27.55	0.9665673568321584
27.65	0.9628093340872124
27.75	0.9617111430262458
27.85	0.9566035495879608
27.95	0.9571073516083579
28.05	0.9556770214380004
28.15	0.9532687090629711
28.25	0.9524008557352847
28.35	0.9519800485330838
28.45	0.9525867759963854
28.55	0.9513118327409483
28.65	0.9540837103295929
28.75	0.9544337969298239
28.85	0.9573729640441031
28.95	0.9585093868370949
29.05	0.961018945814512
29.15	0.9651011376056993
29.25	0.9678658950883122
29.35	0.97158542353708
29.45	0.9760486566417174
29.55	0.9795995431756135
29.65	0.9824003128656593
29.75	0.9880930722765164
29.85	0.9923198696442668
29.95	NaN
30.05	1.0014882272073762
30.15	1.0077516222147365
30.25	1.0075335261538187
30.35	1.0138890729641796
30.45	1.0172764219688863
30.55	1.0213673058696457
30.65	1.026071153665489
30.75	1.0288770572771089
30.85	1.0313677549641633
30.95	1.0333101157577353
31.05	1.0366890095958234
31.15	1.037619403654119
31.25	1.0399723362606577
31.35	1.0396484293918968
31.45	1.042696792446178
31.55	1.0423936064025137
31.65	1.0393577002802048
31.75	NaN
31.85	1.038426133785191
31.95	1.0362509089388992
32.05	1.033120768395645
32.15	1.032522097453362
32.25	1.0296928435261377
32.35	1.02727931885128
32.45	1.0227669242117878
32.55	1.0198396193046635
32.65	1.0182260430507653
32.75	1.014355413058962
32.85	1.0113291664362172
32.95	1.0094981319806995
33.05	1.0018867060436825
33.15	0.9989598202434231
33.25	0.9958700695965648
33.35	0.992381136894869
33.45	0.988662966386684
33.55	0.9865276468043156
33.65	0.9843083729383818
33.75	0.9796274091577849
33.85	0.9756814455637336
33.95	0.9743131423174711
34.05	0.9736212985359641
34.15	0.9719970335830181
34.25	0.9698686727296849
34.35	0.9672179931543148
34.45	0.9676184172030475
34.55	0.9666753147418993
34.65	0.9687407816303736
34.75	0.9677807682289883
34.85	0.9676818524058355
34.95	0.9702230156988161
35.05	0.9703190970084409
35.15	0.9714013507855012
35.25	0.9723177097145822
35.35	0.9745406917134911
35.45	0.9773917350064315
35.55	0.9804650515822982
35.65	0.981389899032228
35.75	0.983723841296588
35.85	0.9884063240863328
35.95	0.9917688779277325
36.05	0.992608569457385
36.15	0.9964398416377286
36.25	0.9969235841439839
36.35	1.0025480450262827
36.45	1.0054776354156467
36.55	1.007915910763109
36.65	NaN
36.75	1.0119525040500201
36.85	1.0167440366954312
36.95	1.0186448451109096
37.05	1.0202086241984305
37.15	1.0239341630645247
37.25	1.0250005934024669
37.35	1.0268046192697406
37.45	1.027081649580434
37.55	1.0261114382920298
37.65	1.0288313267602605
37.75	1.0283890434360183
37.85	1.029032945120932
37.95	1.0311374125916004
38.05	NaN
38.15	NaN
38.25	1.0258359794314673
38.35	1.0249799093354839
38.45	1.0223611656664005
38.550000000000004	1.0198304090112187
38.65	1.019782817145722
38.75	1.0157486180160125
38.85	1.0141262174596173
38.95	1.011362510892825
39.050000000000004	1.008124051756577
39.15	1.0049240822109446
39.25	1.0059788617754333
39.35	1.000176483902496
39.45	0.9980807317935331
39.550000000000004	0.9928426730032778
39.65	NaN
39.75	0.9903761366874754
39.85	0.9887922155166786
39.95	0.9867273374952754
40.050000000000004	0.9840376436124719
40.15	0.9852881018383071
40.25	0.9789187087544302
40.35	NaN
40.45	0.9793841250122207
40.550000000000004	0.9775567127384097
40.65	0.9783207269978413
40.75	0.9769144250980183
40.85	0.9768558956908754
40.95	0.9757689150331222
41.050000000000004	0.9788182232769232
41.15	0.9771528828612129
41.25	0.9775813312810057
41.35	0.9761650618776215
41.45	0.9807215921318039
41.550000000000004	0.9805369182666149
41.65	0.9831643954852157
41.75	0.9836548985631177
41.85	0.9835220288782877
41.95	0.9873351495709737
42.050000000000004	0.9889107109079707
42.15	0.989768042839294
42.25	0.993165878597434
42.35	0.9954559784152281
42.45	0.9990752297508788
42.550000000000004	0.999785573630507
42.65	1.0037296221256646
42.75	1.0030038915633495
42.85	1.0056945116888167
42.95	1.0103225695064904
43.050000000000004	1.0109660858489977
43.15	NaN
43.25	1.0133583620418585
43.35	1.0162333791438996
43.45	1.0180644336319224
43.550000000000004	1.0206246422986176
43.65	NaN
43.75	NaN
43.85	1.0255315395880318
43.95	1.0227749730599471
44.050000000000004	1.0208466799842333
44.15	1.0221757474258895
44.25	1.0223624029444798
44.35	1.0225540892264222
44.45	NaN
44.550000000000004	1.0195435312725485
44.65	1.0183797342288103
44.75	1.0148374998483698
44.85	1.0143304180653498
44.95	1.0136074558058055
45.050000000000004	1.0124378638461082
45.15	1.0107711886134747
45.25	1.0079513551384298
45.35	1.0064227771477539
45.45	1.00159339802781
45.550000000000004	1.0010572417525772
45.65	0.998396714008456
45.75	NaN
45.85	0.9966050900103828
45.95	NaN
46.050000000000004	0.9906920061160427
46.15	0.9932408684658025
46.25	0.9910728245001887
46.35	NaN
46.45	0.9851127744819801
46.550000000000004	0.985476587034853
46.65	NaN
46.75	0.9839999995400582
46.85	0.9838725953283493
46.95	0.9836133665037342
47.050000000000004	0.9830250910363614
47.15	0.9823152860288877
47.25	0.98263008678856
47.35	0.982872185697608
47.45	NaN
47.550000000000004	0.9839172682327301
47.65	0.9848886882920141
47.75	0.9846692684523033
47.85	0.9845015636109766
47.95	0.985937383810826
48.050000000000004	0.9880005626536621
48.15	0.9884835312404777
48.25	0.9891847823729218
48.35	0.9925356419075568
48.45	0.993589198535871
48.550000000000004	0.9935453670859307
48.65	0.9995527616193917
48.75	0.9998715637561464
48.85	0.9999653054538252
48.95	1.0036811565294752
49.050000000000004	1.0042712206813063
49.15	1.0048448971088284
49.25	1.0106354604249488
49.35	1.0098284439445302
49.45	1.008845376172678
49.550000000000004	1.0092739260586505
49.65	1.011592532101723
49.75	NaN
49.85	1.011859974504059
49.95	1.0155416591032227
50.050000000000004	1.015537730006937
50.15	1.0156170535552407
50.25	1.0148755644265217
50.35	1.0158093388048028
50.45	1.0151798636811067
50.550000000000004	1.0151781145129888
50.65	1.018058985006094
50.75	1.0144186071636674
50.85	1.0152251525238403
50.95	1.0134535859508995
51.050000000000004	1.0108438279295724
51.15	1.0104747763112316
51.25	1.010418155566369
51.35	1.0085960225648958
51.45	1.0072437578805438
51.550000000000004	1.0055304852843072
51.65	1.0032711117660225
51.75	1.0021530941035939
51.85	1.0006530646992564
51.95	0.9997768127862736
52.050000000000004	0.9963980500600179
52.15	NaN
52.25	0.9957906616180384
52.35	0.9913796763706709
52.45	0.992308141864448
52.550000000000004	0.9904648887190354
52.65	0.9927608940956104
52.75	0.9888647931336906
52.85	0.9885856151024964
52.95	0.988916068567438
53.050000000000004	0.9889420306097936
53.15	0.9870579586578934
53.25	0.98539062791163
53.35	0.9867269775704274
53.45	0.9858106787523105
53.550000000000004	0.9871877937205306
53.65	0.9878668486487571
53.75	0.9858866184252689
53.85	0.9865343048676436
53.95	0.9852328923065049
54.050000000000004	0.9878850692477986
54.15	0.9892149492364498
54.25	0.9917260561693874
54.35	0.9902939897019187
54.45	0.993047026728108
54.550000000000004	NaN
54.65	0.9939040819389332
54.75	0.996059533227283
54.85	0.9963504903101822
54.95	0.9983885728431193
55.050000000000004	1.000625483220616
55.15	1.0012499386220404
55.25	1.0041064422508357
55.35	1.0028871502437169
55.45	1.005139725642232
55.550000000000004	1.0068222708140493
55.65	NaN
55.75	1.0064647307406909
55.85	1.008947861010138
55.95	1.0101714583380446
56.050000000000004	1.0106494127305707
56.15	1.0101652279960667
56.25	1.0115586544573099
56.35	1.0041593091368526
56.45	1.0153241514729925
56.550000000000004	1.0126218748138545
56.65	1.013133070409341
56.75	1.0111902454063686
56.85	1.0130290135008175
56.95	1.0128447146884572
57.050000000000004	1.0124268492595827
57.15	1.0094891507410315
57.25	1.0089596936512077
57.35	1.009495436723751
57.45	1.0060774911568384
57.550000000000004	NaN
57.65	1.0067584891490495
57.75	1.0059806932603428
57.85	1.0019418707909955
57.95	1.0044579170484211
58.050000000000004	NaN
58.15	1.0009313811725196
58.25	0.9987240401502387
58.35	0.9989106642665135
58.45	0.9971666922290151
58.550000000000004	0.9955266512098055
58.65	0.9947144559244644
58.75	NaN
58.85	0.9934658105884421
58.95	0.9920929329764334
59.050000000000004	0.9907827135387177
59.15	0.9910318487612885
59.25	0.9909479217489182
59.35	0.9901751627275969
59.45	0.9873920233555963
59.550000000000004	0.988836215112391
59.65	NaN
59.75	0.9901475728732971
59.85	0.9894519929527623
59.95	0.9890271649929361
60.050000000000004	0.9899043431151369
60.15	0.9887906800828314
60.25	0.9898137285610565
60.35	NaN
60.45	0.9907757651073241
60.550000000000004	0.9928347460472522
60.65	0.9920365689502254
60.75	0.9950188819102644
60.85	NaN
60.95	0.9949334316763315
61.050000000000004	0.9968766956675577
61.15	0.9972441418198292
61.25	0.998645605508536
61.35	1.0017076154199158
61.45	1.0026377101068045
61.550000000000004	1.003083735258862
61.65	1.0007626624849835
61.75	1.0038165943786799
61.85	1.0041762394685116
61.95	NaN
62.050000000000004	1.0078118684992274
62.15	1.0075815866439175
62.25	1.0087083116811013
62.35	1.009774142181116
62.45	NaN
62.550000000000004	1.0100026239625393
62.65	NaN
62.75	NaN
62.85	1.0092498203081295
62.95	1.010047837460857
63.050000000000004	1.010650461578018
63.15	1.0102303554780754
63.25	1.0076431088793179
63.35	1.0092015853695044
63.45	1.0075766506770347
63.550000000000004	1.0078334406902028
63.65	NaN
63.75	1.0059450033807198
63.85	NaN
63.95	1.00501253755622
64.05	1.0048014249042365
64.14999999999999	1.0042751132444394
64.25	1.0023974070313573
64.35	NaN
64.44999999999999	1.0000753833145593
64.55	0.9986975842401464
64.64999999999999	0.9976150101328276
64.75	0.9975470173173968
64.85	0.9962927026726207
64.94999999999999	0.9929230497149029
65.05	0.9949871282736945
65.14999999999999	NaN
65.25	0.9925590641579628
65.35	0.9930828330773799
65.44999999999999	0.9908541476231323
65.55	0.9915908300070344
65.64999999999999	NaN
65.75	0.9912799348800483
65.85	0.9902243247323184
65.94999999999999	NaN
66.05	NaN
66.14999999999999	0.9914709069500734
66.25	0.9912761177646776
66.35	0.9927193302903106
66.44999999999999	0.9917523447095612
66.55	NaN
66.64999999999999	0.9901279508164529
66.75	0.9923349379163712
66.85	NaN
66.94999999999999	NaN
67.05	NaN
67.14999999999999	NaN
67.25	0.9963043424626428
67.35	NaN
67.44999999999999	NaN
67.55	1.0013331030556107
67.64999999999999	1.0007583035689982
67.75	1.0019400203746882
67.85	1.0009320301680116
67.94999999999999	NaN
68.05	1.0032920415683946
68.14999999999999	1.0036471006716405
68.25	1.005803069164945
68.35	1.0047045650862203
68.44999999999999	1.006478750099564
68.55	1.0066581943684445
68.64999999999999	NaN
68.75	1.0070193362147153
68.85	1.0079770676698623
68.94999999999999	1.0068098964211902
69.05	NaN
69.14999999999999	1.0093662214965342
69.25	NaN
69.35	1.0079260943385753
69.44999999999999	1.0077528275920369
69.55	1.007368194119483
69.64999999999999	1.008258600908417
69.75	1.0075774797363737
69.85	1.0071925028356232
69.94999999999999	1.0069399960796508
70.05	NaN
70.14999999999999	1.002989878895378
70.25	1.0025912935701005
70.35	1.0037350532575813
70.44999999999999	1.0017601582181581
70.55	1.001985688506754
70.64999999999999	1.0007421940055563
70.75	0.9995927221525578
70.85	0.9989128249931368
70.94999999999999	1.0001159013361582
71.05	0.9961002520816432
71.14999999999999	NaN
71.25	0.9980467332004168
71.35	NaN
71.44999999999999	0.9940356258493515
71.55	0.9935026983310988
71.64999999999999	0.9935350449921886
71.75	0.9959436104323407
71.85	NaN
71.94999999999999	NaN
72.05	0.9928166483951283
72.14999999999999	NaN
72.25	0.9923639373043727
72.35	0.9916814170783723
72.44999999999999	NaN
72.55	NaN
72.64999999999999	0.9935013623785182
72.75	0.9931860327134865
72.85	0.9945649112792975
72.94999999999999	NaN
73.05	0.9936855383880443
73.14999999999999	0.9943723174786973
73.25	0.9956342611606973
73.35	0.9967661626341088
73.44999999999999	0.9980306620014878
73.55	0.9984211769205614
73.64999999999999	1.0000868076446507
73.75	1.0010285006863133
73.85	0.9997707875401208
73.94999999999999	NaN
74.05	NaN
74.14999999999999	1.0028052136310015
74.25	1.0022980549048552
74.35	1.0049688532828533
74.44999999999999	1.0024578485046374
74.55	1.0034999850722057
74.64999999999999	NaN
74.75	NaN
74.85	1.005363518829146
74.94999999999999	1.0066289262390133
75.05	1.0065885356358202
75.14999999999999	1.007156465521019
75.25	1.0078464038109898
75.35	1.0083920303503389
75.44999999999999	1.0063574112763578
75.55	1.0067834671568408
75.64999999999999	1.0069431509552764
75.75	NaN
75.85	1.0073957331804353
75.94999999999999	NaN
76.05	1.0068240486529694
76.14999999999999	1.0040429965429931
76.25	1.005481589162581
76.35	1.0042835777901937
76.44999999999999	NaN
76.55	1.0031074324803735
76.64999999999999	1.0019526405481385
76.75	NaN
76.85	1.0000248907113667
76.95	0.9982801657253039
77.05	0.998474074924466
77.14999999999999	0.9981526243870364
77.25	NaN
77.35	NaN
77.45	NaN
77.55	0.9964271859316208
77.64999999999999	NaN
77.75	0.9964081290289148
77.85	0.9953916069570506
77.95	NaN
78.05	0.9942201375234125
78.14999999999999	NaN
78.25	0.994612221191011
78.35	0.9937073703154806
78.45	NaN
78.55	NaN
78.64999999999999	NaN
78.75	0.9942727255906744
78.85	0.9918599940504786
78.95	0.9947072337821848
79.05	NaN
79.14999999999999	NaN
79.25	0.9944212092699066
79.35	0.9949234242485163
79.45	NaN
79.55	0.9946157114902064
79.64999999999999	NaN
79.75	0.9978311322682061
79.85	0.999031832098738
