0.15	0.035252823659420104
0.25	0.036775247664757246
0.35	0.03683123582212085
0.45	0.037405344685898165
0.55	0.03749035231179415
0.65	0.03762181691797279
0.7500000000000001	0.03806845476633803
0.85	0.038634052162564755
0.95	0.03922237547576786
1.05	0.0396959694721809
1.15	0.04012123458805372
1.25	0.04087970616865651
1.35	0.04196854003706116
1.45	0.04284857918769769
1.55	0.04375210785592022
1.65	0.044764071791075874
1.75	0.04628389141190316
1.85	0.047450768395582425
1.95	0.048949872603204214
2.05	0.05040238121102306
2.15	0.052126242954261034
2.25	0.05390752090674339
2.35	0.055975943813431704
2.45	0.057905041313250735
2.5500000000000003	0.06030602205895016
2.65	0.06309944550990049
2.75	0.06612700258515478
2.85	0.06913316039756104
2.95	0.07256675972721975
3.0500000000000003	0.07612595118669045
3.15	0.0801191328787433
3.25	0.08489807911513791
3.35	0.0900825558234227
3.45	0.0955271934563005
3.5500000000000003	0.10154630849885733
3.65	0.10783392789396865
3.75	0.115715629494993
3.85	0.12394191251799375
3.95	0.13342233318910376
4.05	0.1436732869192689
4.1499999999999995	0.15526960929758943
4.25	0.16840504408857698
4.35	0.18321879741814176
4.449999999999999	0.2008770858757714
4.55	0.21987726032190338
4.6499999999999995	0.24189934701433408
4.75	0.2675601598800713
4.85	0.29512923578419087
4.95	0.33049110919527397
5.05	0.3686003082751834
5.1499999999999995	0.4131887507411389
5.25	0.464100772345156
5.35	0.5246107237830717
5.45	0.5981159101252277
5.55	0.6753493052018437
5.6499999999999995	0.7748272970829668
5.75	0.8849883213909464
5.85	1.0136386055598503
5.95	1.148523380733629
6.05	1.306367063232088
6.1499999999999995	1.4807998993948661
6.25	1.649485659428189
6.35	1.8164351451186243
6.45	1.9562152695198696
6.55	2.058055105561063
6.6499999999999995	2.1244661816797095
6.75	2.13363851126552
6.85	2.102563920292973
6.95	2.029786842579163
7.05	1.9326557945302287
7.1499999999999995	1.8192710153344822
7.25	1.7045295998573637
7.35	1.5850270061494152
7.45	1.4739035158242504
7.55	1.3698720042038592
7.6499999999999995	1.2811722712610953
7.75	1.1943515330303152
7.85	1.1237565881338727
7.95	1.0544911199658096
8.05	0.9981963296372053
8.15	0.947038492782803
8.25	0.9011519850549009
8.350000000000001	0.8614887982742058
8.450000000000001	0.8301733537650218
8.55	0.8018430013440035
8.65	0.7755633729367923
8.75	0.7565192609026129
8.850000000000001	0.7368067714492594
8.950000000000001	0.7232101394396723
9.05	0.7105109051556442
9.15	0.7006812453648456
9.25	0.6949639384715368
9.350000000000001	0.6891216675024753
9.450000000000001	0.6865541857891574
9.55	0.6864002997981425
9.65	0.6864957088350688
9.750000000000002	0.6916740325053411
9.85	0.6959995649065558
9.95	0.7036017493653915
10.049999999999999	0.7114316493555999
10.149999999999999	0.7211093832070183
10.25	0.7342360094393039
10.35	0.7475234160281322
10.45	0.7624669020281587
10.549999999999999	0.7784412871043943
10.649999999999999	0.7986995972792009
10.75	0.8189128061134753
10.85	0.8389972801258467
10.95	0.8613107487168526
11.049999999999999	0.8857870653326319
11.149999999999999	0.9122041257846976
11.25	0.9368010049455131
11.35	0.9629248010084323
11.45	0.9886014740469642
11.549999999999999	1.0174289678034223
11.649999999999999	1.0450602812398244
11.75	1.0716151800171303
11.85	1.0978661759788733
11.95	1.1231865324616748
12.049999999999999	1.1442925468265568
12.149999999999999	1.1644377154468397
12.25	1.1875067568732063
12.35	1.202716738140679
12.45	1.2172744693372066
12.549999999999999	1.227729090744565
12.649999999999999	1.2358534771835534
12.75	1.242385575627628
12.85	1.2409797500936968
12.95	1.2402603490079438
13.049999999999999	1.2328809228032769
13.149999999999999	1.228182759278708
13.25	1.215935805256557
13.35	1.203425126243784
13.45	1.185951293768538
13.549999999999999	1.1686675085176907
13.649999999999999	1.1492078416296654
13.75	1.1280113100835008
13.85	1.1097356006882364
13.95	1.0856592856328566
14.049999999999999	1.0672154272622167
14.149999999999999	1.0452689342061192
14.25	1.0265153008307568
14.35	1.0052607885117355
14.45	0.9863234006181336
14.549999999999999	0.9701368452460044
14.649999999999999	0.9554839493375054
14.75	0.9383111469235289
14.85	0.9250662274341719
14.95	0.9113535433661852
15.049999999999999	0.8994471666441419
15.149999999999999	0.889690312776727
15.25	0.8792595213121127
15.35	0.8769239262748731
15.45	0.8696093893778856
15.549999999999999	0.8625822533789744
15.649999999999999	0.860910359017034
15.75	0.8588454291464345
15.85	0.8579454422621144
15.95	0.8594717077398724
16.05	0.8612103497890341
16.15	0.8638534788125036
16.25	0.8656686742865252
16.349999999999998	0.8723407575534866
16.45	0.8782773956379969
16.55	0.8835843293664702
16.65	0.893654646954463
16.75	0.903917679491224
16.849999999999998	0.9133556322982954
16.95	0.9232726204041825
17.05	0.9340292362054348
17.15	0.9458409941138636
17.25	0.9587566314785583
17.349999999999998	0.9689908532981028
17.45	0.9829882814842
17.55	0.9968296297670607
17.65	1.0091318074246687
17.75	1.0204090725370596
17.849999999999998	1.0344777051639262
17.95	1.0448502112551203
18.05	1.0543626130527175
18.15	1.0667272563155386
18.25	1.0789061022517858
18.349999999999998	1.084252410029354
18.45	1.0941563149711024
18.55	1.0990330472904017
18.65	1.1006605570908021
18.75	1.1081047357484286
18.849999999999998	1.1096474774023766
18.95	1.1097095840183062
19.05	1.1113881158396248
19.15	1.1092115387276194
19.25	1.108336319552046
19.35	1.1028132086436542
19.45	1.096633829400211
19.55	1.0917029262834834
19.65	1.0883799500347917
19.75	1.0782363680787397
19.85	1.0707997343780575
19.95	1.0611308874960244
20.05	1.0513650704202162
20.15	1.043158878572372
20.25	1.033311603672462
20.35	1.0239285950273491
20.45	1.015209303193993
20.55	1.004182445132728
20.65	0.9966773195332626
20.75	0.9878436345351206
20.85	0.9792881880483757
20.95	0.9668584390454398
21.05	0.9602000423487557
21.15	0.9572997617556729
21.25	0.9504284148458108
21.35	0.9424953056041908
21.45	0.9396012140087995
21.55	0.9350863817300918
21.65	0.9305858710725572
21.75	0.9279454897861057
21.85	0.9261227878962812
21.95	0.9244860278375644
22.05	0.9205236888354186
22.15	0.9230328149082844
22.25	0.9240354021292813
22.35	0.9256588065949688
22.45	0.926556480774914
22.55	0.9307890211632603
22.65	0.9323640244437581
22.75	0.9356361695436197
22.85	0.940597094452176
22.95	0.9444885113125079
23.05	0.9508221549042392
23.15	0.9566613271872366
23.25	0.960876104848452
23.35	0.97077333955355
23.45	0.9765466540252826
23.55	0.9848601938364783
23.65	0.9878267308702295
23.75	0.9993199799284588
23.85	1.0056926149962118
23.95	1.0114204807705223
24.05	1.017065182372656
24.15	1.025107201996948
24.25	1.0307749331602543
24.35	1.0366093253132989
24.45	1.0400766653162365
24.55	1.0455148805695473
24.65	1.0507817792851684
24.75	1.056365863302574
24.85	1.0595926099420592
24.95	1.060040031993295
25.05	1.0589452439605471
25.15	1.0624553549316678
25.25	1.0636975932023447
25.35	1.0648344098176807
25.45	1.063642630506104
25.55	1.060762850076803
25.65	1.0575010224410362
25.75	1.0559902741257299
25.85	1.0535297941133164
25.95	1.0459927036863028
26.05	1.04368218019051
26.15	1.038432392862366
26.25	1.0330141518264218
26.35	1.0281211731121274
26.45	1.021646575494728
26.55	1.0183177893674242
26.65	1.0107841840879193
26.75	1.0063068176536738
26.85	1.0003292090426945
26.95	0.9963741401150126
27.05	0.9899900802022477
27.15	0.9842300589047874
27.25	0.9813963701978267
27.35	0.9753583590747917
27.45	0.9702845424568511
27.55	0.968352441214178
27.65	0.9615033741863572
27.75	0.9599201602477698
27.85	0.9599042839402164
27.95	0.9554152639126114
28.05	0.9545807748450763
28.15	0.9519127896763054
28.25	0.9532536776014935
28.35	0.9520566990802882
28.45	0.9523253704894983
28.55	0.9524054290376347
28.65	0.9542746650083904
28.75	0.9542958951171256
28.85	0.955466972812133
28.95	0.9604757130125647
29.05	0.9623860281562977
29.15	0.965929883570172
29.25	0.9696278465689628
29.35	0.9705211111840745
29.45	0.9769807014103314
29.55	0.9794041658638634
29.65	0.9838169182728612
29.75	0.9865207950296923
29.85	0.9919736700996209
29.95	NaN
30.05	1.0004792077210105
30.15	1.0052671805495463
30.25	1.0122751090300985
30.35	1.0123823829057528
30.45	1.0178177780022613
30.55	1.0231530786765755
30.65	1.0260748676732774
30.75	1.028645007714138
30.85	1.0311991374527072
30.95	1.0338829164923244
31.05	1.0364726058662013
31.15	1.0401862795766423
31.25	1.040038411794451
31.35	1.042257063787752
31.45	1.0406828365550815
31.55	1.0413704228858427
31.65	1.0409064854898928
31.75	NaN
31.85	1.0371555575049454
31.95	1.0359576502743304
32.05	1.0342513724533076
32.15	1.0331038497373346
32.25	1.029726076594487
32.35	1.0270744023856204
32.45	1.0249866470067799
32.55	1.0202391890905238
32.65	1.0149103344284067
32.75	1.0149982728532037
32.85	1.0100691472379972
32.95	1.0056670371238292
33.05	1.0029536047763121
33.15	0.9982833887350765
33.25	0.9959421569160084
33.35	0.991468607910969
33.45	0.9871601170710624
33.55	0.9846036834393818
33.65	0.9818665565034757
33.75	0.9788968892213928
33.85	0.9774862119860082
33.95	0.9743382011201709
34.05	0.9729954205132757
34.15	0.9706990055590554
34.25	0.9695311301544153
34.35	0.9684974036751904
34.45	0.9657378073397046
34.55	0.967566111043223
34.65	0.9666445649495224
34.75	0.967393498902582
34.85	0.9676730610088927
34.95	0.9665028112802927
35.05	0.9693120326517958
35.15	0.9718051574050318
35.25	0.9743265921851912
35.35	0.974382460519044
35.45	0.9761711909757516
35.55	0.9774839853481194
35.65	0.9812196355697689
35.75	0.984028588305978
35.85	0.9870381201773757
35.95	0.9897291686279955
36.05	0.99251665931257
36.15	0.9959482539080585
36.25	0.9993009592137727
36.35	1.0035588010714924
36.45	1.0052530500342445
36.55	1.0091648985950783
36.65	NaN
36.75	1.0110714955970153
36.85	1.0167994866463896
36.95	1.0188015062005518
37.05	1.0201882317015574
37.15	1.0213457623921216
37.25	1.0256602058231588
37.35	1.023630465655507
37.45	1.0268310493429613
37.55	1.0266821279308784
37.65	1.0265106442857146
37.75	1.0283957942235638
37.85	1.0266116003630865
37.95	1.0287253857719034
38.05	NaN
38.15	NaN
38.25	1.0242931626383207
38.35	1.0250809999158563
38.45	1.0220390744611325
38.550000000000004	1.0206426117802174
38.65	1.020025773075743
38.75	1.0149865225787795
38.85	1.0131486105630165
38.95	1.0114196439946432
39.050000000000004	1.008254679179295
39.15	1.0064959941550902
39.25	1.0039989110886698
39.35	1.0006344024648115
39.45	0.998371959749825
39.550000000000004	0.9957346492713252
39.65	NaN
39.75	0.9899559512470854
39.85	0.9878901828861104
39.95	0.9858443006514687
40.050000000000004	0.9834825757746949
40.15	0.9822253130211718
40.25	0.9811316041369976
40.35	NaN
40.45	0.9787470879195481
40.550000000000004	0.9777866305871667
40.65	0.9770833532435357
40.75	0.9759508403145091
40.85	0.9763652394215044
40.95	0.97520462037989
41.050000000000004	0.9775111352032363
41.15	0.9756118966890486
41.25	0.9768985217805694
41.35	0.9801871797823055
41.45	0.9805847797141662
41.550000000000004	0.9811881021537123
41.65	0.9817777450834002
41.75	0.9828127997493892
41.85	0.9839175261045819
41.95	0.9883902317905996
42.050000000000004	0.9891308632348734
42.15	0.991636617119574
42.25	0.9929587316589522
42.35	0.9968518215642057
42.45	0.9983499548722169
42.550000000000004	1.0008875467594573
42.65	1.001477567658522
42.75	1.0063437909246449
42.85	1.0061163501382608
42.95	1.0093245767315486
43.050000000000004	1.01131794731812
43.15	NaN
43.25	1.0138855196112626
43.35	1.015660016801961
43.45	1.0177023495867614
43.550000000000004	1.0191645918508763
43.65	NaN
43.75	NaN
43.85	1.0197799877072662
43.95	1.0198374243153738
44.050000000000004	1.0223396496437454
44.15	1.020168660035331
44.25	1.0226838277319537
44.35	1.020704629122678
44.45	NaN
44.550000000000004	1.0181453419739048
44.65	1.0164765996328802
44.75	1.015806436443484
44.85	1.013613173370362
44.95	1.0121565803789159
45.050000000000004	1.0110596323896024
45.15	1.0121004997795962
45.25	1.0072871778800625
45.35	1.0061523436878668
45.45	1.0059163702332214
45.550000000000004	1.0008712651794225
45.65	1.0007414811868192
45.75	NaN
45.85	0.997800521082267
45.95	NaN
46.050000000000004	0.9931573822724148
46.15	0.9911676511567322
46.25	0.9898440429826555
46.35	NaN
46.45	0.9866568804702015
46.550000000000004	0.9847024372758753
46.65	NaN
46.75	0.9839150100544213
46.85	0.9824245999565541
46.95	0.9826924335900367
47.050000000000004	0.9818879945661293
47.15	0.981091919777608
47.25	0.9825572133667362
47.35	0.9816499132020561
47.45	NaN
47.550000000000004	0.9823571980000213
47.65	0.9831701656699362
47.75	0.9839105243068745
47.85	0.9856898830656465
47.95	0.9866587593321954
48.050000000000004	0.9907551913944613
48.15	0.9896340326865509
48.25	0.9946886789885118
48.35	0.9912975094582674
48.45	0.9921324770515633
48.550000000000004	0.9959326308927492
48.65	0.9973236736108595
48.75	0.9992105974446511
48.85	1.0003562361393665
48.95	1.0014552193159103
49.050000000000004	1.0036428065675247
49.15	1.0071914074002073
49.25	1.0072120809052276
49.35	1.0095590231024814
49.45	1.0094448833777727
49.550000000000004	1.0116788707756605
49.65	1.0127843922474846
49.75	NaN
49.85	1.017159465080958
49.95	1.015251051709083
50.050000000000004	1.01693143428713
50.15	1.0140564579474183
50.25	1.0146620166320381
50.35	1.0186635697355622
50.45	1.0155248171416333
50.550000000000004	1.0166357209078132
50.65	1.0149578587923087
50.75	1.0138341060149645
50.85	1.0144162169460513
50.95	1.0130329693703128
51.050000000000004	1.0110005497987762
51.15	1.012567193354073
51.25	1.0108715784571554
51.35	1.0067786325903594
51.45	1.0072046310709502
51.550000000000004	1.0061324068496527
51.65	1.0077929822780929
51.75	1.0054501470655623
51.85	1.0016558354346683
51.95	0.9996174891458143
52.050000000000004	0.9979771300759018
52.15	NaN
52.25	0.9934086060040594
52.35	0.9918242406919966
52.45	0.9921936630620043
52.550000000000004	0.9909374828566689
52.65	0.9917462000819681
52.75	0.9897458606588818
52.85	0.9875990068504187
52.95	0.9887646243167278
53.050000000000004	0.9875012816996209
53.15	0.984952716207492
53.25	0.9851840531968072
53.35	0.9875289716810596
53.45	0.9878827430136401
53.550000000000004	0.9844949453644797
53.65	0.9861819065000521
53.75	0.9882942661417315
53.85	0.9864796036199047
53.95	0.9859179560022664
54.050000000000004	0.9890303477278277
54.15	0.9887896673593711
54.25	0.9900580400335586
54.35	0.9903559309725339
54.45	0.9933898742896232
54.550000000000004	NaN
54.65	0.9936414666840981
54.75	0.9934259422340889
54.85	0.9989582413481206
54.95	0.9969317554547588
55.050000000000004	1.0019391473967612
55.15	0.9991902020560165
55.25	1.0008254062099986
55.35	1.0029484857080284
55.45	1.0065509309656275
55.550000000000004	1.0071353721281082
55.65	NaN
55.75	1.0075465091685172
55.85	1.0085645396210303
55.95	1.0096694670393591
56.050000000000004	1.0119239285344401
56.15	1.0122726885189581
56.25	1.0128885486861836
56.35	1.0062991152007574
56.45	1.0144589179013754
56.550000000000004	1.013216989474525
56.65	1.0112574271941355
56.75	1.013193791143687
56.85	1.0123922950879949
56.95	1.0131442597642408
57.050000000000004	1.011167747660869
57.15	1.0124384608160897
57.25	1.0098251402746317
57.35	1.0094669151523954
57.45	1.0067952384798056
57.550000000000004	NaN
57.65	1.006776693481607
57.75	1.0059930825461039
57.85	1.0042625911649237
57.95	1.0023044891880315
58.050000000000004	NaN
58.15	1.0011656563251161
58.25	0.9997423827529253
58.35	1.0004373481961688
58.45	0.9979609925336242
58.550000000000004	0.9958869090573901
58.65	0.9950995362534679
58.75	NaN
58.85	0.9935671939825036
58.95	0.9926115696583782
59.050000000000004	0.9908490630883618
59.15	0.9886931225563371
59.25	0.989136094927391
59.35	0.9883077386984179
59.45	0.9865827812930774
59.550000000000004	0.9876181225203683
59.65	NaN
59.75	0.9893753532100297
59.85	0.9892589076907594
59.95	0.9883580969019566
60.050000000000004	0.9906074841372048
60.15	0.9876874733990564
60.25	0.9901285663661681
60.35	NaN
60.45	0.9897337510625118
60.550000000000004	0.9926703666766362
60.65	0.9928471654063502
60.75	0.9960385933991022
60.85	NaN
60.95	0.996477807365126
61.050000000000004	0.9959404028221744
61.15	0.9978459399446141
61.25	0.9984655563828915
61.35	0.9994194453206257
61.45	1.000941815422737
61.550000000000004	1.0026993692265298
61.65	1.0049990354981422
61.75	1.0037814038787758
61.85	1.005458676796651
61.95	NaN
62.050000000000004	1.0061308093716568
62.15	1.00707204967749
62.25	1.0085729101591494
62.35	1.007757813232683
62.45	NaN
62.550000000000004	1.0070312401726162
62.65	NaN
62.75	NaN
62.85	1.009932399940829
62.95	1.0111816949611794
63.050000000000004	1.009316804990562
63.15	1.010634015352117
63.25	1.0098161881707237
63.35	1.0085880435203427
63.45	1.0086179915001459
63.550000000000004	1.0081499165827577
63.65	NaN
63.75	1.0079088858974674
63.85	NaN
63.95	1.0045069310465702
64.05	1.0032262576981728
64.14999999999999	1.0027908192418427
64.25	1.0013179912152506
64.35	NaN
64.44999999999999	1.0010466700428158
64.55	0.9995161694147457
64.64999999999999	0.9977441134078715
64.75	0.996483931330084
64.85	0.9979335338300861
64.94999999999999	0.9954146337696785
65.05	0.9962978771615737
65.14999999999999	NaN
65.25	0.9938033026598535
65.35	0.9948118835052442
65.44999999999999	0.9942563532274715
65.55	0.9924708696315677
65.64999999999999	NaN
65.75	0.9896121519440271
65.85	0.9912222152905981
65.94999999999999	NaN
66.05	NaN
66.14999999999999	0.9909777709277853
66.25	0.9901502667156059
66.35	0.9903403787939438
66.44999999999999	0.9915309647165885
66.55	NaN
66.64999999999999	0.9930708448966246
66.75	0.992457751018684
66.85	NaN
66.94999999999999	NaN
67.05	NaN
67.14999999999999	NaN
67.25	0.9962323622758635
67.35	NaN
67.44999999999999	NaN
67.55	0.998974712961853
67.64999999999999	1.0001715076145998
67.75	1.0013233238592358
67.85	1.0032657276898869
67.94999999999999	NaN
68.05	1.0040657620673923
68.14999999999999	1.0025087049780186
68.25	1.002470295946619
68.35	1.006019833998015
68.44999999999999	1.0066170548667805
68.55	1.007484501232796
68.64999999999999	NaN
68.75	1.0076498779915577
68.85	1.0081605670314784
68.94999999999999	1.007022115837998
69.05	NaN
69.14999999999999	1.0072543669898988
69.25	NaN
69.35	1.006765612218405
69.44999999999999	1.0074989830278067
69.55	1.0060446042987676
69.64999999999999	1.0068066947080339
69.75	1.0076477423936154
69.85	1.0077368430710631
69.94999999999999	1.0046061237879336
70.05	NaN
70.14999999999999	1.004579282191631
70.25	1.00451599585418
70.35	1.0025616022252424
70.44999999999999	1.0027770028059662
70.55	1.0017544385007155
70.64999999999999	1.0002838312312257
70.75	0.9997793681727949
70.85	1.0008985379509074
70.94999999999999	0.9978837564701114
71.05	0.9988965433543178
71.14999999999999	NaN
71.25	0.9944219487423341
71.35	NaN
71.44999999999999	0.994613968833378
71.55	0.9938348505870461
71.64999999999999	0.9937438660726186
71.75	0.9948747749723346
71.85	NaN
71.94999999999999	NaN
72.05	0.9922357387474481
72.14999999999999	NaN
72.25	0.991389887274836
72.35	0.9922803859667946
72.44999999999999	NaN
72.55	NaN
72.64999999999999	0.9918478828298688
72.75	0.9938173871308721
72.85	0.9933121135307887
72.94999999999999	NaN
73.05	0.9955380133021581
73.14999999999999	0.995864397968268
73.25	0.9948246225423113
73.35	0.9962526160796337
73.44999999999999	0.9974961973613082
73.55	0.9967938115088232
73.64999999999999	0.9979493620587115
73.75	0.9980977572299826
73.85	0.9978516718180528
73.94999999999999	NaN
74.05	NaN
74.14999999999999	1.0024035635626667
74.25	1.003116724271155
74.35	1.0039838119052418
74.44999999999999	1.0033082906077628
74.55	1.0051165598126264
74.64999999999999	NaN
74.75	NaN
74.85	1.0061643131396696
74.94999999999999	1.0056798056883516
75.05	1.0047821404873742
75.14999999999999	1.0067323829962411
75.25	1.0064220420656569
75.35	1.0055400360033717
75.44999999999999	1.0077365270511975
75.55	1.0064084995792766
75.64999999999999	1.0065787139779339
75.75	NaN
75.85	1.0061452684194483
75.94999999999999	NaN
76.05	1.0049422647296866
76.14999999999999	1.0050221715730034
76.25	1.0052662693415668
76.35	1.003721241060889
76.44999999999999	NaN
76.55	1.0034210126972394
76.64999999999999	1.0015431426037251
76.75	NaN
76.85	1.0004599434504624
76.95	1.0021922018568352
77.05	0.9998870924199124
77.14999999999999	0.9988752232766579
77.25	NaN
77.35	NaN
77.45	NaN
77.55	0.9979698800046559
77.64999999999999	NaN
77.75	0.9964692198514254
77.85	0.9941611063609976
77.95	NaN
78.05	0.9950509251095839
78.14999999999999	NaN
78.25	0.9943929990940863
78.35	0.9945911403804336
78.45	NaN
78.55	NaN
78.64999999999999	NaN
78.75	0.9937298185118412
78.85	0.9934284687420867
78.95	0.9949698239652297
79.05	NaN
79.14999999999999	NaN
79.25	0.9951692586890634
79.35	0.995673445204994
79.45	NaN
79.55	0.9948342242683714
79.64999999999999	NaN
79.75	0.9971419645108305
79.85	0.9964271578481696
