0.15	0.03740018882958402
0.25	0.03647976198106623
0.35	0.0365587777826015
0.45	0.036737967018467245
0.55	0.037420669066877736
0.65	0.037709898393569925
0.7500000000000001	0.03812238178148614
0.85	0.03882770452340629
0.95	0.03896721136016414
1.05	0.03958287509525784
1.15	0.040361797097231436
1.25	0.04104516173178067
1.35	0.04199639452265937
1.45	0.04278714599930222
1.55	0.04371597340633518
1.65	0.045002954318956144
1.75	0.04609897658653035
1.85	0.04748976965166115
1.95	0.04877281162926229
2.05	0.05038814659219538
2.15	0.052022673210506395
2.25	0.05406097859537625
2.35	0.05594473085535667
2.45	0.05787753899645404
2.5500000000000003	0.060141637042020954
2.65	0.06298841318585978
2.75	0.06590721220799381
2.85	0.06912165507172564
2.95	0.0724516810506871
3.0500000000000003	0.0761064708237946
3.15	0.08022473676914813
3.25	0.08509815838409407
3.35	0.08991003825898498
3.45	0.09559106408827163
3.5500000000000003	0.10162634244930834
3.65	0.10793844481407192
3.75	0.11574136697427419
3.85	0.12385566673449226
3.95	0.1336686018965874
4.05	0.14363762883212258
4.1499999999999995	0.15532459597142395
4.25	0.1685406402338042
4.35	0.18342501478422163
4.449999999999999	0.2007671729554499
4.55	0.22006743284032615
4.6499999999999995	0.2417722284892206
4.75	0.26772392284757857
4.85	0.2949641313569896
4.95	0.3310405610784534
5.05	0.3689231098987297
5.1499999999999995	0.4132375019549384
5.25	0.46396641174480296
5.35	0.523538381459933
5.45	0.5978247569833439
5.55	0.6759244456607455
5.6499999999999995	0.7741479519692197
5.75	0.8858578188568464
5.85	1.0121291453377732
5.95	1.1517402571285689
6.05	1.3088256804526546
6.1499999999999995	1.4785657300302608
6.25	1.648849199437148
6.35	1.8108648775033744
6.45	1.954657274162692
6.55	2.0601972990694226
6.6499999999999995	2.1247437526503354
6.75	2.1352489692968866
6.85	2.1000849445476377
6.95	2.032341254004818
7.05	1.9326078873924244
7.1499999999999995	1.8205543919063758
7.25	1.7017052020091754
7.35	1.5893565431196162
7.45	1.4711403677259938
7.55	1.3721778928837483
7.6499999999999995	1.2789756232434004
7.75	1.1963214496608856
7.85	1.1235287819648496
7.95	1.053338602242984
8.05	0.9971541153834392
8.15	0.9440959896301343
8.25	0.9012926893032239
8.350000000000001	0.8622610130046141
8.450000000000001	0.8305045472723032
8.55	0.799835331164869
8.65	0.7755864338303852
8.75	0.7553051900501735
8.850000000000001	0.737220527054793
8.950000000000001	0.7222703033381962
9.05	0.7111274152231629
9.15	0.7008557034169455
9.25	0.6944773887894075
9.350000000000001	0.6903195058243446
9.450000000000001	0.687570651059032
9.55	0.686396454090143
9.65	0.6877168949851035
9.750000000000002	0.69110975914345
9.85	0.69644303068643
9.95	0.7021269830644272
10.049999999999999	0.711217209303896
10.149999999999999	0.7218943781212483
10.25	0.7332195875122233
10.35	0.7483739975306185
10.45	0.7641964066452557
10.549999999999999	0.7784285189273821
10.649999999999999	0.7971264581874128
10.75	0.8184490856970247
10.85	0.8409354495041577
10.95	0.8620881233135924
11.049999999999999	0.884564700620532
11.149999999999999	0.9123084614316398
11.25	0.9368603447743341
11.35	0.962406731162589
11.45	0.9905404222289748
11.549999999999999	1.0172660635013615
11.649999999999999	1.0445019644144247
11.75	1.074187426635
11.85	1.0974456540221906
11.95	1.1208769248451043
12.049999999999999	1.1460559779192732
12.149999999999999	1.1689542290471762
12.25	1.1870433844532584
12.35	1.2019527317674321
12.45	1.2182186241425723
12.549999999999999	1.227840124029787
12.649999999999999	1.2347411812718305
12.75	1.2401075266538248
12.85	1.2415899791719707
12.95	1.2388067154097704
13.049999999999999	1.232813647424769
13.149999999999999	1.22392097686883
13.25	1.2141764988584007
13.35	1.2020180171658905
13.45	1.1848134883403418
13.549999999999999	1.1694947465611278
13.649999999999999	1.150384393598815
13.75	1.12988852408989
13.85	1.1087406978279208
13.95	1.0881969679054129
14.049999999999999	1.0675886191087531
14.149999999999999	1.047321816185939
14.25	1.0243009937220282
14.35	1.0066491887133024
14.45	0.9891041872743802
14.549999999999999	0.9719329067869814
14.649999999999999	0.952300160796589
14.75	0.9386604105478451
14.85	0.9246521863358482
14.95	0.9124067255392189
15.049999999999999	0.900012169660925
15.149999999999999	0.8903195288579765
15.25	0.8830892089121175
15.35	0.8756909279524083
15.45	0.8698397949930291
15.549999999999999	0.8654378596764449
15.649999999999999	0.8599163112472586
15.75	0.8581686132863168
15.85	0.8588405968441796
15.95	0.8585355222685579
16.05	0.8587449428246122
16.15	0.8635084184428968
16.25	0.8677889351072319
16.349999999999998	0.8728620195144012
16.45	0.8786299582302913
16.55	0.8869503530633976
16.65	0.893310229931994
16.75	0.9006114575548574
16.849999999999998	0.912479069436927
16.95	0.922962675302352
17.05	0.9339692690041718
17.15	0.9458025148121633
17.25	0.9562564931855362
17.349999999999998	0.9679141085103876
17.45	0.9834146230032532
17.55	0.9961611264959361
17.65	1.0084188144711617
17.75	1.0209621097964192
17.849999999999998	1.0346195647711365
17.95	1.0454112442756773
18.05	1.0566645280024145
18.15	1.0680602639053949
18.25	1.0750765627127377
18.349999999999998	1.0836294421906931
18.45	1.0913149174760226
18.55	1.0966729110716318
18.65	1.1037820309544648
18.75	1.1075585537887855
18.849999999999998	1.1100571549871816
18.95	1.1122571903495422
19.05	1.1120495355508715
19.15	1.1088583067064837
19.25	1.1071219532962053
19.35	1.1045227790120777
19.45	1.0971125884379251
19.55	1.0922965747383218
19.65	1.0837599442228274
19.75	1.0770326441692522
19.85	1.070227690794923
19.95	1.0618122453915675
20.05	1.0544778794276992
20.15	1.0429844109082458
20.25	1.034865354814599
20.35	1.0234157722807466
20.45	1.0156712454339585
20.55	1.00808770114038
20.65	0.9957049194743322
20.75	0.988466441701882
20.85	0.9784462578335118
20.95	0.9702635749242763
21.05	0.9604579531359301
21.15	0.9588237238064845
21.25	0.9508373753316629
21.35	0.9458294094660853
21.45	0.9387998238151021
21.55	0.9353216022541546
21.65	0.9323872975607491
21.75	0.9272495638726577
21.85	0.9256733225373617
21.95	0.9224078659547856
22.05	0.9238246337524848
22.15	0.9233998993393003
22.25	0.9219286994183569
22.35	0.9247724402461002
22.45	0.9277068035227223
22.55	0.9295201721555598
22.65	0.9329133536701575
22.75	0.9367558575598853
22.85	0.9417631476163204
22.95	0.9450318341498074
23.05	0.9501280597427245
23.15	0.955596001830643
23.25	0.9626094832932165
23.35	0.969308147711338
23.45	0.9750713818886025
23.55	0.9799080197179186
23.65	0.9894088587392585
23.75	1.0001556577254656
23.85	1.005933902918546
23.95	1.0104876090512662
24.05	1.0173644234316177
24.15	1.027182482745979
24.25	1.0313301539411706
24.35	1.0378306774782402
24.45	1.042060051451433
24.55	1.047338485277432
24.65	1.0505481002274961
24.75	1.0534542933030382
24.85	1.05826639751649
24.95	1.0611078812626253
25.05	1.064383592518805
25.15	1.0629832869817295
25.25	1.0652090579522262
25.35	1.062628028473674
25.45	1.0616706245380505
25.55	1.0614005332265468
25.65	1.0581809622876612
25.75	1.055912321059976
25.85	1.051850897981258
25.95	1.0458420103731587
26.05	1.044046961999124
26.15	1.0376839692779078
26.25	1.0330354942987385
26.35	1.0280127743555203
26.45	1.0225031866666694
26.55	1.0163804105256597
26.65	1.0150671712010806
26.75	1.0055870138619905
26.85	1.0003719989587863
26.95	0.9934521982185048
27.05	0.9886496607076233
27.15	0.9844359092787167
27.25	0.9810562973262003
27.35	0.9760081084626021
27.45	0.9715503684630524
27.55	0.9665161390963846
27.65	0.9609919495351713
27.75	0.960666971125062
27.85	0.9581788016194552
27.95	0.9559057517323792
28.05	0.9533655911409465
28.15	0.9532970974373235
28.25	0.9526082933979425
28.35	0.9511316123061527
28.45	0.9525224404738235
28.55	0.9532837222116547
28.65	0.953652600711583
28.75	0.9553216142816212
28.85	0.9574787358801127
28.95	0.9579250714835156
29.05	0.9615050430480527
29.15	0.9646589420392484
29.25	0.965073159283639
29.35	0.971248861258062
29.45	0.9736487248008411
29.55	0.980597193729683
29.65	0.9832223884472162
29.75	0.9857497297292589
29.85	0.9920593895599675
29.95	NaN
30.05	1.0023148649986862
30.15	1.003141638755189
30.25	1.0086786137850285
30.35	1.0133085670333601
30.45	1.0174752811525045
30.55	1.0214193074970206
30.65	1.025529275939515
30.75	1.0276257528299995
30.85	1.0334024728992965
30.95	1.0341835112249236
31.05	1.0356097602953258
31.15	1.0385196400963959
31.25	1.040328313791796
31.35	1.0403932339623343
31.45	1.0410501150316342
31.55	1.042980570166199
31.65	1.0409837804251727
31.75	NaN
31.85	1.0378240092685267
31.95	1.0367724531991596
32.05	1.0352258663531935
32.15	1.0323234616372186
32.25	1.0309088378978943
32.35	1.0266748483892338
32.45	1.0235875414290923
32.55	1.0204316644244535
32.65	1.016558874282334
32.75	1.0115434720972694
32.85	1.0067717529735485
32.95	1.007399094310101
33.05	1.0019317791204054
33.15	0.9979479489215471
33.25	0.9969365308595936
33.35	0.9911362954269625
33.45	0.9881251826610008
33.55	0.9832251585828027
33.65	0.9817637797608916
33.75	0.9798408109321459
33.85	0.9773614031945798
33.95	0.9741000157909345
34.05	0.9745031826439949
34.15	0.9718394507498046
34.25	0.9700039014415788
34.35	0.969801589383413
34.45	0.967235915751489
34.55	0.9668166564610942
34.65	0.9682661391541765
34.75	0.9668513288711346
34.85	0.9670371560907777
34.95	0.9696969463343892
35.05	0.9683737331366393
35.15	0.9691173044880618
35.25	0.9751313996207829
35.35	0.977037936056294
35.45	0.9774342385296549
35.55	0.9813778446892304
35.65	0.9824294413341849
35.75	0.9831143309562997
35.85	0.986535201985094
35.95	0.9901932383605542
36.05	0.9933752519284483
36.15	0.9954599493370816
36.25	0.999721216254934
36.35	1.0029385895426646
36.45	1.0059526513456212
36.55	1.0090647075825825
36.65	NaN
36.75	1.014040964007724
36.85	1.0161417143311064
36.95	1.0188650113473507
37.05	1.0220657629195955
37.15	1.021557181329266
37.25	1.0234052769979338
37.35	1.0271928215228965
37.45	1.0260796189570942
37.55	1.026430345910617
37.65	1.0289946828951475
37.75	1.0270833582999506
37.85	1.028611054132916
37.95	1.0268818980898622
38.05	NaN
38.15	NaN
38.25	1.028264054008826
38.35	1.023608480145363
38.45	1.0221978026385483
38.550000000000004	1.0194706428886373
38.65	1.019982000549431
38.75	1.0162423797541786
38.85	1.0141297069485953
38.95	1.0112447514718204
39.050000000000004	1.0087914430784506
39.15	1.0069186250289954
39.25	1.000382389051738
39.35	0.9991961516416842
39.45	0.9979390712550666
39.550000000000004	0.9962220744742994
39.65	NaN
39.75	0.9911181478156005
39.85	0.9884130548359331
39.95	0.9866031331911456
40.050000000000004	0.9812787636286637
40.15	0.9837771026537899
40.25	0.9821991562256026
40.35	NaN
40.45	0.9773483283153808
40.550000000000004	0.9780978945046589
40.65	0.9775847008423465
40.75	0.9756800622143239
40.85	0.977709539245358
40.95	0.9757188664226679
41.050000000000004	0.9743304422218111
41.15	0.9771312509283676
41.25	0.9797222894146473
41.35	0.9779288339234137
41.45	0.9796406135885196
41.550000000000004	0.9792503688878936
41.65	0.9827631068060315
41.75	0.9831635135735783
41.85	0.9883103553082446
41.95	0.9860307146821454
42.050000000000004	0.9905742693984722
42.15	0.9914368773700614
42.25	0.9926183543202015
42.35	0.9949980174114318
42.45	0.9969424284994548
42.550000000000004	1.0006154115783739
42.65	1.0013240348793664
42.75	1.0017373290649836
42.85	1.0069128003597032
42.95	1.008891437118389
43.050000000000004	1.010979693287829
43.15	NaN
43.25	1.0138590324740495
43.35	1.014474992346575
43.45	1.018000511045529
43.550000000000004	1.010418363940499
43.65	NaN
43.75	NaN
43.85	1.0233457082829294
43.95	1.0212293756503519
44.050000000000004	1.0210392996463922
44.15	1.020890155482899
44.25	1.021313808591125
44.35	1.0201363787870967
44.45	NaN
44.550000000000004	1.018640980217342
44.65	1.0154713104770867
44.75	1.018771101362727
44.85	1.014043370306655
44.95	1.0142337678938165
45.050000000000004	1.0130919632979685
45.15	1.0101352362303722
45.25	1.0074521218726251
45.35	1.0070324714973606
45.45	1.0039235526971058
45.550000000000004	1.0017495250884176
45.65	0.9996862072577999
45.75	NaN
45.85	0.9972667500568275
45.95	NaN
46.050000000000004	0.9916835169289157
46.15	0.9901451233600925
46.25	0.9902274444602366
46.35	NaN
46.45	0.9873026730886377
46.550000000000004	0.9871884743680553
46.65	NaN
46.75	0.9844885261023286
46.85	0.98278068107724
46.95	0.9830763592929885
47.050000000000004	0.9834450255005818
47.15	0.9823482005849832
47.25	0.9826928852137301
47.35	0.983614419412342
47.45	NaN
47.550000000000004	0.9828403929768076
47.65	0.9851824415924594
47.75	0.9844043009603392
47.85	0.9875413290981092
47.95	0.9863835290525672
48.050000000000004	0.9873199896407299
48.15	0.9890643522935103
48.25	0.9920041084327179
48.35	0.994360625273827
48.45	0.9936308740459939
48.550000000000004	0.9943495403700507
48.65	0.9963123696666917
48.75	0.9997190514359859
48.85	0.9997189903739653
48.95	1.0017863154361546
49.050000000000004	1.005113064439654
49.15	1.0034308795730362
49.25	1.0042410707921503
49.35	1.0088635872854088
49.45	1.009018173779026
49.550000000000004	1.0110917122882572
49.65	1.0125175171672676
49.75	NaN
49.85	1.0166855626731848
49.95	1.0146132847036902
50.050000000000004	1.016464271788487
50.15	1.015519856894623
50.25	1.0172405517289795
50.35	1.0162475209398913
50.45	1.0168417216575725
50.550000000000004	1.0155746508966292
50.65	1.0137641713170735
50.75	1.0146262521214005
50.85	1.0140352488481843
50.95	1.0115295390623313
51.050000000000004	1.0122970870722627
51.15	1.0121341814487659
51.25	1.0097163187800549
51.35	1.009170412000343
51.45	1.0061548911125184
51.550000000000004	1.005493111204682
51.65	1.0051416154934234
51.75	1.0028997692479429
51.85	1.0017443799968702
51.95	0.9988677301853539
52.050000000000004	0.9953971998538738
52.15	NaN
52.25	0.9968825003083919
52.35	0.9950009561480354
52.45	0.9917468968604523
52.550000000000004	0.9923421125276269
52.65	0.9888456907227448
52.75	0.9891156425147903
52.85	0.9891976899117731
52.95	0.9873496423469584
53.050000000000004	0.9882613669188074
53.15	0.9860312679426588
53.25	0.9857868390444856
53.35	0.9862170699611198
53.45	0.986562969522701
53.550000000000004	0.9846055755565712
53.65	0.9859324100706508
53.75	0.9833380159783623
53.85	0.9862978755736291
53.95	0.9875796691091072
54.050000000000004	0.9885371143022587
54.15	0.9886920605649652
54.25	0.9919651164121445
54.35	0.991372727179923
54.45	0.991263977722096
54.550000000000004	NaN
54.65	0.9937774752437362
54.75	0.9957057244712736
54.85	0.9959824265785044
54.95	0.9999918026114683
55.050000000000004	1.0027799182088963
55.15	1.0011283623098302
55.25	1.0025527663476055
55.35	1.0029251143466142
55.45	1.0060343106743708
55.550000000000004	1.0065311426992596
55.65	NaN
55.75	1.0091836162922656
55.85	1.0103379293843726
55.95	1.0093078202715033
56.050000000000004	1.0127643704876743
56.15	1.0123922148981548
56.25	1.0098395106619529
56.35	1.0197851135335672
56.45	1.012801403461885
56.550000000000004	1.0130926279748405
56.65	1.0139124150144625
56.75	1.010205245547284
56.85	1.0115795924829363
56.95	1.0108898433899007
57.050000000000004	1.0112346398559695
57.15	1.010749070653773
57.25	1.0095726908439444
57.35	1.0087419834582083
57.45	1.0119142050627714
57.550000000000004	NaN
57.65	1.0050944270306377
57.75	1.005790978112066
57.85	1.004136989389499
57.95	1.0047877513674202
58.050000000000004	NaN
58.15	1.000449354293931
58.25	0.9984076708802533
58.35	0.9978801561538464
58.45	0.9969782762936472
58.550000000000004	0.9959977702986752
58.65	0.9936043598959311
58.75	NaN
58.85	0.9934360327657492
58.95	0.9924989391263498
59.050000000000004	0.9920324998847908
59.15	0.9911934272234358
59.25	0.9899235869517418
59.35	0.9885304654074547
59.45	0.9901909354681128
59.550000000000004	0.9892226657791123
59.65	NaN
59.75	0.9868698484759447
59.85	0.988863042086338
59.95	0.9876528901749387
60.050000000000004	0.9890835847286111
60.15	0.9892702636346957
60.25	0.9902236587223777
60.35	NaN
60.45	0.9905550574705696
60.550000000000004	0.9912750976187985
60.65	0.9939946256018669
60.75	0.9939075884022911
60.85	NaN
60.95	0.9962379531312424
61.050000000000004	0.9968844489130905
61.15	0.9977029706754413
61.25	0.9984321559898456
61.35	0.9986550128271704
61.45	0.9988845657634677
61.550000000000004	1.0014539851261315
61.65	1.000947591054663
61.75	1.001781228866198
61.85	1.0044495114815197
61.95	NaN
62.050000000000004	1.0045713438219608
62.15	1.0078099662164266
62.25	1.0076156814105888
62.35	1.007142809970957
62.45	NaN
62.550000000000004	1.009851899542462
62.65	NaN
62.75	NaN
62.85	1.0091306157574051
62.95	1.0103915196631057
63.050000000000004	1.0091402565102907
63.15	1.009418774520501
63.25	1.0098328529819622
63.35	1.009867636421128
63.45	1.0076817250442434
63.550000000000004	1.0086507323050082
63.65	NaN
63.75	1.0079484065527526
63.85	NaN
63.95	1.0053987410477054
64.05	1.0057082491831308
64.14999999999999	1.0007878103417587
64.25	1.0024206975022025
64.35	NaN
64.44999999999999	0.9981277969403957
64.55	0.997737638973396
64.64999999999999	0.9985340960965772
64.75	0.9966629015745783
64.85	0.9962692304220288
64.94999999999999	0.9964995232721944
65.05	0.9933536303998212
65.14999999999999	NaN
65.25	0.9929928397126767
65.35	0.9927612385729745
65.44999999999999	0.9933347952932471
65.55	0.9901447704552552
65.64999999999999	NaN
65.75	0.9926358912255485
65.85	0.9909879585527009
65.94999999999999	NaN
66.05	NaN
66.14999999999999	0.9904584194617783
66.25	0.9900116299050002
66.35	0.9918812189804507
66.44999999999999	0.9921396415029267
66.55	NaN
66.64999999999999	0.9914392527908382
66.75	0.9923169456976907
66.85	NaN
66.94999999999999	NaN
67.05	NaN
67.14999999999999	NaN
67.25	0.9961760423899259
67.35	NaN
67.44999999999999	NaN
67.55	0.99829390781227
67.64999999999999	1.0014889601013444
67.75	1.0017784963347323
67.85	1.001213304936427
67.94999999999999	NaN
68.05	1.0047401979540211
68.14999999999999	1.0062053675645968
68.25	1.0069944879658208
68.35	1.0055907829422284
68.44999999999999	1.0067503991179605
68.55	1.0070250644883854
68.64999999999999	NaN
68.75	1.0078705870972902
68.85	1.0076240733899529
68.94999999999999	1.006376959453409
69.05	NaN
69.14999999999999	1.0076970823681732
69.25	NaN
69.35	1.009940547856117
69.44999999999999	1.0076833296366188
69.55	1.008700821388393
69.64999999999999	1.0071906024577666
69.75	1.0075621680797162
69.85	1.0059589127340722
69.94999999999999	1.0065248195481147
70.05	NaN
70.14999999999999	1.0038627093277896
70.25	1.0051211471066104
70.35	1.0030651777782975
70.44999999999999	1.0013778441075156
70.55	1.0030193703257102
70.64999999999999	1.0002549461682306
70.75	1.0023934485693275
70.85	0.9980153703841707
70.94999999999999	0.999934639771564
71.05	0.9968647808921883
71.14999999999999	NaN
71.25	0.99771231227128
71.35	NaN
71.44999999999999	0.9933780228079958
71.55	0.9948104360701634
71.64999999999999	0.994844583185625
71.75	0.9922286319574007
71.85	NaN
71.94999999999999	NaN
72.05	0.9925828795467042
72.14999999999999	NaN
72.25	0.992403694933849
72.35	0.991978403514812
72.44999999999999	NaN
72.55	NaN
72.64999999999999	0.9926861667932694
72.75	0.992676566755304
72.85	0.9942238131507206
72.94999999999999	NaN
73.05	0.9938955499727808
73.14999999999999	0.9959611736062318
73.25	0.994564972532378
73.35	0.9965719724603144
73.44999999999999	0.9964302127323024
73.55	0.9981522125985967
73.64999999999999	0.9990994515151028
73.75	0.9979572524336057
73.85	0.9986238145273688
73.94999999999999	NaN
74.05	NaN
74.14999999999999	1.001371810932685
74.25	1.0031432460484364
74.35	1.0068829906257848
74.44999999999999	1.0042356484112558
74.55	1.004009610876999
74.64999999999999	NaN
74.75	NaN
74.85	1.00565653752285
74.94999999999999	1.0067898707825402
75.05	1.006685568522068
75.14999999999999	1.0068264285021353
75.25	1.0066426681246736
75.35	1.0077645814516218
75.44999999999999	1.0067408822713346
75.55	1.0077439202851939
75.64999999999999	1.007343139687585
75.75	NaN
75.85	1.0068283397181723
75.94999999999999	NaN
76.05	1.0053738230995772
76.14999999999999	1.0044370601311974
76.25	1.005543493221839
76.35	1.0045895602208208
76.44999999999999	NaN
76.55	1.0037455023803075
76.64999999999999	1.0014575596769615
76.75	NaN
76.85	1.0014482817837882
76.95	1.000329174280529
77.05	0.9986261189103411
77.14999999999999	1.0000736185645505
77.25	NaN
77.35	NaN
77.45	NaN
77.55	0.996687465759249
77.64999999999999	NaN
77.75	0.9951213856428179
77.85	0.9951454781234157
77.95	NaN
78.05	0.9944602348449089
78.14999999999999	NaN
78.25	0.9932891711842601
78.35	0.9938788915627483
78.45	NaN
78.55	NaN
78.64999999999999	NaN
78.75	0.9942062270652813
78.85	0.9929392547917149
78.95	0.993778525358883
79.05	NaN
79.14999999999999	NaN
79.25	0.9968908555328665
79.35	0.9948341507545697
79.45	NaN
79.55	0.9950972007931571
79.64999999999999	NaN
79.75	0.9970208197514493
79.85	0.997053983909878
