0.15	0.0357577228217988
0.25	0.03673844826929004
0.35	0.036821230857941104
0.45	0.03739205553735204
0.55	0.03767255641195611
0.65	0.037894365184150534
0.7500000000000001	0.03809487331809678
0.85	0.03861718203583706
0.95	0.039307624298237906
1.05	0.03970601248869864
1.15	0.04030451917842345
1.25	0.04100576760918737
1.35	0.04196399872308461
1.45	0.042733963323013296
1.55	0.04379451987944902
1.65	0.045067362155304096
1.75	0.046100373765333484
1.85	0.047452283094597154
1.95	0.04883920874242269
2.05	0.050467354638615694
2.15	0.05207297222802473
2.25	0.05404559365506491
2.35	0.05597556210080357
2.45	0.058034322012442144
2.5500000000000003	0.06015229555031516
2.65	0.06319403390713961
2.75	0.0659943846857216
2.85	0.06896815754237552
2.95	0.07242377041094024
3.0500000000000003	0.07606124509007735
3.15	0.08039247428039858
3.25	0.08484923424745916
3.35	0.08991998850455331
3.45	0.09552456468983231
3.5500000000000003	0.10165467470885713
3.65	0.10782518184187796
3.75	0.11582845529876595
3.85	0.1237555308889424
3.95	0.13366486623580248
4.05	0.14358869374588132
4.1499999999999995	0.1550539910094332
4.25	0.1684240299165788
4.35	0.18345362551694963
4.449999999999999	0.2003163480358843
4.55	0.21959318696601388
4.6499999999999995	0.2420839911482312
4.75	0.2676232234150591
4.85	0.29501156208380563
4.95	0.3305153425216319
5.05	0.3685680445708252
5.1499999999999995	0.4134798962456133
5.25	0.4647428170035253
5.35	0.5248633600333935
5.45	0.5979216785827409
5.55	0.6759031577375857
5.6499999999999995	0.7730463892146318
5.75	0.8881814288971638
5.85	1.01515823193241
5.95	1.1511299786808311
6.05	1.309045392991386
6.1499999999999995	1.4797370814656177
6.25	1.649852762519318
6.35	1.8152747367500828
6.45	1.9578482709258445
6.55	2.0602208504508934
6.6499999999999995	2.1223652440579786
6.75	2.1393736456008408
6.85	2.1054514021882405
6.95	2.032008089066533
7.05	1.9302905224014164
7.1499999999999995	1.8214624490609352
7.25	1.7025594309472922
7.35	1.58907045485827
7.45	1.4740885375604678
7.55	1.3723809533128355
7.6499999999999995	1.2783422258516175
7.75	1.1964462726575862
7.85	1.1228368699017197
7.95	1.0550946357906323
8.05	0.9976303409820297
8.15	0.947091328544419
8.25	0.9011217571709654
8.350000000000001	0.8630185873294021
8.450000000000001	0.8300907515364178
8.55	0.8015989142653032
8.65	0.77524778984946
8.75	0.756750785603673
8.850000000000001	0.7368797018839496
8.950000000000001	0.7219311186950323
9.05	0.7115629152744766
9.15	0.7015492959869792
9.25	0.6953225107950809
9.350000000000001	0.6886422243666579
9.450000000000001	0.6880442846036826
9.55	0.6862938830717333
9.65	0.6881735780782631
9.750000000000002	0.6899693060038488
9.85	0.6964296569310022
9.95	0.7031168166173657
10.049999999999999	0.7115759511148835
10.149999999999999	0.7214456085708538
10.25	0.7320395247364184
10.35	0.7477048319210722
10.45	0.7630758292821223
10.549999999999999	0.7782753819856162
10.649999999999999	0.7987464686223452
10.75	0.8173514282974756
10.85	0.8387511455454972
10.95	0.8616902325761575
11.049999999999999	0.8849124506688536
11.149999999999999	0.9115563398370212
11.25	0.9359467309556704
11.35	0.9631881887391288
11.45	0.9898299546721744
11.549999999999999	1.0171598509998874
11.649999999999999	1.0457663328643385
11.75	1.0723388029114442
11.85	1.098428189832761
11.95	1.1227147529063701
12.049999999999999	1.1459450817071424
12.149999999999999	1.1647022665927957
12.25	1.1866816498340857
12.35	1.2043781690777238
12.45	1.2185640986250328
12.549999999999999	1.2301379734380313
12.649999999999999	1.237164400458179
12.75	1.2415021778506032
12.85	1.2400191531929592
12.95	1.2404474885844539
13.049999999999999	1.2328230956923534
13.149999999999999	1.2283015554902645
13.25	1.2172290877745893
13.35	1.201822594497978
13.45	1.1861255375352082
13.549999999999999	1.1713482423629262
13.649999999999999	1.1484576908015085
13.75	1.1284199783157765
13.85	1.10846035336377
13.95	1.0873987536802716
14.049999999999999	1.0658216295708185
14.149999999999999	1.0466458466821311
14.25	1.0261922024305061
14.35	1.005946371532563
14.45	0.9874634271924239
14.549999999999999	0.9701868301186678
14.649999999999999	0.9538783953872841
14.75	0.9358780057353031
14.85	0.9220076376973645
14.95	0.9109814981736045
15.049999999999999	0.8991504878178647
15.149999999999999	0.8905258835840895
15.25	0.8809027049436645
15.35	0.8741795757342282
15.45	0.8675117107566636
15.549999999999999	0.8635555874858277
15.649999999999999	0.8609869626684572
15.75	0.8581288212728123
15.85	0.8588054731463641
15.95	0.8582449105139314
16.05	0.861061644412066
16.15	0.8618375370116489
16.25	0.8661407234670866
16.349999999999998	0.8718866862275482
16.45	0.8789497372204387
16.55	0.8856364411940877
16.65	0.8934307033935167
16.75	0.9021395163648301
16.849999999999998	0.9104559217337687
16.95	0.9240562093105639
17.05	0.9351558359613651
17.15	0.9453231560668809
17.25	0.9563072248811041
17.349999999999998	0.9705930623515504
17.45	0.9831440299574729
17.55	0.9952074074093178
17.65	1.008375583552024
17.75	1.020759658517393
17.849999999999998	1.0336351301490865
17.95	1.0473905484469028
18.05	1.0573336629593328
18.15	1.066519864118627
18.25	1.0749789857472534
18.349999999999998	1.085815171754653
18.45	1.090541975268688
18.55	1.0995690062311245
18.65	1.103634139021384
18.75	1.1080788005525797
18.849999999999998	1.1106348537027533
18.95	1.111368970538747
19.05	1.1105116173196783
19.15	1.1097563310352772
19.25	1.1060955557912597
19.35	1.101823031337831
19.45	1.0979517540246915
19.55	1.0922843705711454
19.65	1.085674695584857
19.75	1.0797415502884466
19.85	1.0715767857170602
19.95	1.0640105612187538
20.05	1.0518479580700375
20.15	1.0467638135025101
20.25	1.0343584193152298
20.35	1.023746878753412
20.45	1.013664238262141
20.55	1.007167041233935
20.65	0.9959636908779836
20.75	0.989701343260671
20.85	0.9809411703573084
20.95	0.9701485912940506
21.05	0.9633290074850283
21.15	0.9557909741873493
21.25	0.9499138378011344
21.35	0.9430668634601971
21.45	0.9373309341743851
21.55	0.9347331759685832
21.65	0.9310125845158161
21.75	0.9281096878721524
21.85	0.9264915284551567
21.95	0.9231142819507276
22.05	0.9219129565494901
22.15	0.9231344833412148
22.25	0.9235280613830597
22.35	0.924215765840327
22.45	0.9254890412617875
22.55	0.9293328219241421
22.65	0.9342054831212226
22.75	0.9352787512116427
22.85	0.9400939642631283
22.95	0.9459166985737905
23.05	0.95096122529713
23.15	0.9578668958879367
23.25	0.9619802812201022
23.35	0.9677929120918548
23.45	0.976351027621531
23.55	0.982587856793466
23.65	0.9900546003089589
23.75	0.9937557050074807
23.85	1.0038431889861126
23.95	1.0103506987531312
24.05	1.0161160488523755
24.15	1.0247702480060048
24.25	1.0306248515767087
24.35	1.0350661711868747
24.45	1.0427977809188567
24.55	1.0491007738253182
24.65	1.0493504632192963
24.75	1.0567219651630169
24.85	1.0588271867532948
24.95	1.062224837861212
25.05	1.0610793026308558
25.15	1.063002177154342
25.25	1.0626930980952318
25.35	1.0641956196981752
25.45	1.060605082351967
25.55	1.0606966958618695
25.65	1.0596738811129125
25.75	1.0554848738179852
25.85	1.0493806907889345
25.95	1.0502696518144983
26.05	1.0417288674853271
26.15	1.039080472093353
26.25	1.033494155003332
26.35	1.0260528694008932
26.45	1.021716637389252
26.55	1.0149808643884122
26.65	1.00777421325664
26.75	1.007199748332607
26.85	1.0006244729568616
26.95	0.9935974545431989
27.05	0.9877945751204914
27.15	0.9855746451684367
27.25	0.9791358620062257
27.35	0.9749713606105906
27.45	0.9713404205195613
27.55	0.9657376709371067
27.65	0.9648998989751199
27.75	0.9607443777400929
27.85	0.9587663998570455
27.95	0.9565857624897667
28.05	0.956424213753599
28.15	0.9533100909084826
28.25	0.9515982775201691
28.35	0.9522223678609381
28.45	0.9514989519958679
28.55	0.9534156014677939
28.65	0.9556876038851205
28.75	0.9532596340954999
28.85	0.9571958643925358
28.95	0.9594323600175019
29.05	0.962235290592603
29.15	0.9645492638636658
29.25	0.9682134260555414
29.35	0.9705961290820623
29.45	0.9751738995945812
29.55	0.978760402456483
29.65	0.9833007128341529
29.75	0.9876366233317353
29.85	0.9924537640633189
29.95	NaN
30.05	1.0005957765662186
30.15	1.0050603006517036
30.25	1.0087322184418483
30.35	1.0140335698924614
30.45	1.019055491394981
30.55	1.0227736185797625
30.65	1.0249976185299727
30.75	1.027390522006765
30.85	1.031493813735315
30.95	1.0335436555414392
31.05	1.0389782737078859
31.15	1.0366655568807632
31.25	1.0387795085100635
31.35	1.0412713495949086
31.45	1.0404383688838628
31.55	1.0404686725074774
31.65	1.0405360679273388
31.75	NaN
31.85	1.0388850440526636
31.95	1.0358532802080551
32.05	1.0338898707180308
32.15	1.0329938850742806
32.25	1.0306428559337717
32.35	1.0266504731548867
32.45	1.0248857970508691
32.55	1.0201445439787977
32.65	1.0163367163516026
32.75	1.0109115147842498
32.85	1.0100322342811734
32.95	1.0068355209879967
33.05	1.0017251056205239
33.15	1.0003468588952351
33.25	0.9956730729268943
33.35	0.9910487731403456
33.45	0.9874549930627087
33.55	0.9848256105071912
33.65	0.9817529749839304
33.75	0.9788375220151275
33.85	0.977103173742312
33.95	0.9756954289338421
34.05	0.9727381521041257
34.15	0.9705920724975207
34.25	0.9697377790041682
34.35	0.9688612312355418
34.45	0.9684130573780834
34.55	0.9683008149254274
34.65	0.9663421521028879
34.75	0.9663087725761982
34.85	0.9670893022906657
34.95	0.9678055763986787
35.05	0.9737896586149515
35.15	0.9726602649891116
35.25	0.9734957026383548
35.35	0.9737164603716956
35.45	0.979901370390414
35.55	0.9796278523065408
35.65	0.9828206684246822
35.75	0.9837708220886551
35.85	0.9890081786372951
35.95	0.9904158976108925
36.05	0.9924181389742767
36.15	0.9948066083211335
36.25	1.0025548917540308
36.35	1.0035100888844246
36.45	1.004255611341651
36.55	1.0069174730786088
36.65	NaN
36.75	1.011469857857616
36.85	1.0157862758718388
36.95	1.019076794478184
37.05	1.0197074806832014
37.15	1.0226411194518719
37.25	1.024709767456491
37.35	1.0254293091347337
37.45	1.028189346534922
37.55	1.0281421268425934
37.65	1.028800838712839
37.75	1.028001118174511
37.85	1.0246504080899088
37.95	1.029188175666297
38.05	NaN
38.15	NaN
38.25	1.0283440374599009
38.35	1.0235677771651337
38.45	1.0220063426719068
38.550000000000004	1.0210202192552802
38.65	1.0201096990214358
38.75	1.0153196006696692
38.85	1.010838275082733
38.95	1.010579906482287
39.050000000000004	1.0076995537927558
39.15	1.0068113178314702
39.25	1.005496888275898
39.35	1.0017465156460963
39.45	0.9964348291593867
39.550000000000004	0.9965315730409678
39.65	NaN
39.75	0.9905939333960035
39.85	0.9875463437501543
39.95	0.9861421330810689
40.050000000000004	0.9865613607296936
40.15	0.9826025703540358
40.25	0.9786052781314224
40.35	NaN
40.45	0.9785375481201704
40.550000000000004	0.9780420298800291
40.65	0.9762453825483605
40.75	0.9783085435310266
40.85	0.9770638924760611
40.95	0.9760217888805238
41.050000000000004	0.9772874012854633
41.15	0.9794216351605808
41.25	0.9768060120522938
41.35	0.9762523784388458
41.45	0.9776686502811628
41.550000000000004	0.9811188180525418
41.65	0.983717745675419
41.75	0.9847182435341975
41.85	0.9851682894702751
41.95	0.9871505214711027
42.050000000000004	0.9888372764121958
42.15	0.9917649595749284
42.25	0.9917482595828552
42.35	0.9974773986136352
42.45	0.9959178118580057
42.550000000000004	1.0019262811015366
42.65	1.0021947660093242
42.75	1.0067331642913493
42.85	1.005652994304621
42.95	1.008171195843622
43.050000000000004	1.0107873212646667
43.15	NaN
43.25	1.016844514244541
43.35	1.017667868015264
43.45	1.0171367144326378
43.550000000000004	1.0179159185835418
43.65	NaN
43.75	NaN
43.85	1.0179175756554393
43.95	1.0198728560927182
44.050000000000004	1.0210179240623865
44.15	1.0198895507158579
44.25	1.0206244482012625
44.35	1.018401299277315
44.45	NaN
44.550000000000004	1.0175375759746457
44.65	1.0187604440975733
44.75	1.0178136310325516
44.85	1.0151184950368968
44.95	1.0125460587820487
45.050000000000004	1.011980836877207
45.15	1.0098624395473257
45.25	1.0077885697468214
45.35	1.0061190531146529
45.45	1.0030837005209883
45.550000000000004	1.0033051254557819
45.65	1.0000651225860675
45.75	NaN
45.85	0.9972723277506682
45.95	NaN
46.050000000000004	0.9906688235542728
46.15	0.9908864083764941
46.25	0.9907177552635416
46.35	NaN
46.45	0.9875285286202474
46.550000000000004	0.9861002493179276
46.65	NaN
46.75	0.9818765962420195
46.85	0.9839998423711095
46.95	0.9830734758690263
47.050000000000004	0.9832199433491681
47.15	0.9811956379025922
47.25	0.9831232218901119
47.35	0.982029864096673
47.45	NaN
47.550000000000004	0.9835158462756198
47.65	0.9826683142947746
47.75	0.9838178865085931
47.85	0.9856866968154051
47.95	0.9866220512560183
48.050000000000004	0.988143832266865
48.15	0.9898128445120717
48.25	0.9913991903370963
48.35	0.9917406496293959
48.45	0.9939135005734142
48.550000000000004	0.9958922115455449
48.65	0.9984691661859331
48.75	1.002606035129474
48.85	1.0008046503282508
48.95	1.0028650003709432
49.050000000000004	1.0023540216239553
49.15	1.0063737237719228
49.25	1.0088756250609088
49.35	1.0081298970953085
49.45	1.0072248485306503
49.550000000000004	1.011862721810126
49.65	1.0126513670004595
49.75	NaN
49.85	1.0149397906768909
49.95	1.0150635657413223
50.050000000000004	1.0171688557840637
50.15	1.0147296573806395
50.25	1.0159191935347267
50.35	1.0147026791290152
50.45	1.0147414601443425
50.550000000000004	1.0165325531801472
50.65	1.0130027450407781
50.75	1.0141308603627042
50.85	1.0144930286054672
50.95	1.0113413640078706
51.050000000000004	1.0109227042642766
51.15	1.0123808659957707
51.25	1.0091491862017503
51.35	1.009617623723606
51.45	1.007960710123486
51.550000000000004	1.0054423248528044
51.65	1.0025669980011418
51.75	1.004251550006132
51.85	1.0004240097680865
51.95	0.9999656469959716
52.050000000000004	0.9969696981491981
52.15	NaN
52.25	0.9960810919903567
52.35	0.9938842942846216
52.45	0.9915742321570342
52.550000000000004	0.9904145091704056
52.65	0.9902718458903068
52.75	0.9900482368326039
52.85	0.9877428802711838
52.95	0.9875759871706145
53.050000000000004	0.9872526923676478
53.15	0.9845914233004479
53.25	0.9843704381298749
53.35	0.9869768101283457
53.45	0.9864953919172373
53.550000000000004	0.986612202304102
53.65	0.9858815162915032
53.75	0.9849245049783484
53.85	0.9869083169988229
53.95	0.9868549920078641
54.050000000000004	0.98748827542699
54.15	0.9888568489863097
54.25	0.9918805081452821
54.35	0.9903243171257053
54.45	0.9940162567698534
54.550000000000004	NaN
54.65	0.9946287920251214
54.75	0.9961892931049791
54.85	0.9963511635484555
54.95	0.9978170239185877
55.050000000000004	0.9999328356752577
55.15	1.0014553953677123
55.25	1.0027641780830978
55.35	1.0037255077771499
55.45	1.005244487783808
55.550000000000004	1.0067315656831957
55.65	NaN
55.75	1.0072420149207741
55.85	1.0090201462299453
55.95	1.009650499296261
56.050000000000004	1.0085598301019327
56.15	1.0116540559756122
56.25	1.012611601617021
56.35	1.0116748576189423
56.45	1.008396754045514
56.550000000000004	1.0125420915240106
56.65	1.0127992891756004
56.75	1.0133802568366286
56.85	1.0123581068733658
56.95	1.011370676255015
57.050000000000004	1.012263663591114
57.15	1.0104602963439844
57.25	1.007967427290373
57.35	1.0089205260320269
57.45	1.0103085866093273
57.550000000000004	NaN
57.65	1.0081862977233573
57.75	1.0044121881456152
57.85	1.00527869102687
57.95	1.0044454199908197
58.050000000000004	NaN
58.15	1.0006681015468266
58.25	0.9994761553316683
58.35	1.0005570848756904
58.45	0.9971459904137844
58.550000000000004	0.997293169318428
58.65	0.9941673719332141
58.75	NaN
58.85	0.9933721799610618
58.95	0.9916128592254735
59.050000000000004	0.9923367440570802
59.15	0.9916261893048256
59.25	0.988901257117689
59.35	0.9900507042553651
59.45	0.9889603827076244
59.550000000000004	0.9884931291480894
59.65	NaN
59.75	0.986552085970899
59.85	0.9886988238812795
59.95	0.9899593146382712
60.050000000000004	0.9906355895955736
60.15	0.9897315073666529
60.25	0.9897345446810102
60.35	NaN
60.45	0.9939730664003761
60.550000000000004	0.9935697679606205
60.65	0.9930292337432122
60.75	0.9940819468895009
60.85	NaN
60.95	0.9950431022650326
61.050000000000004	0.9978720213469358
61.15	0.9985375818907191
61.25	0.999124796296565
61.35	1.0009700835316198
61.45	1.001823751790626
61.550000000000004	1.0023224289053512
61.65	1.0028521894999265
61.75	1.0047628085186224
61.85	1.005985801487962
61.95	NaN
62.050000000000004	1.0061819259352816
62.15	1.007491845671189
62.25	1.0056215615097441
62.35	1.0076069148177629
62.45	NaN
62.550000000000004	1.0108013375038944
62.65	NaN
62.75	NaN
62.85	1.0106479551743983
62.95	1.0101443930498535
63.050000000000004	1.0106395856309596
63.15	1.0104864531267501
63.25	1.0104845855663867
63.35	1.0083131518356583
63.45	1.0073645536635698
63.550000000000004	1.008317667429287
63.65	NaN
63.75	1.00616874659988
63.85	NaN
63.95	1.0031881307024446
64.05	1.0024852840494125
64.14999999999999	1.0016197649033192
64.25	1.0020447738520513
64.35	NaN
64.44999999999999	1.0007037330805963
64.55	0.9993092036469253
64.64999999999999	0.9980052848540325
64.75	0.9971430510165629
64.85	0.9955748484521925
64.94999999999999	0.9949440131254091
65.05	0.9922193692832797
65.14999999999999	NaN
65.25	0.9936505134947067
65.35	0.991150730458605
65.44999999999999	0.992272553800829
65.55	0.9927261667509751
65.64999999999999	NaN
65.75	0.9936947001141053
65.85	0.9911643525477533
65.94999999999999	NaN
66.05	NaN
66.14999999999999	0.9908073738723013
66.25	0.9911910291034843
66.35	0.9917225715825067
66.44999999999999	0.9911123750990356
66.55	NaN
66.64999999999999	0.9916249696505813
66.75	0.9924154878601847
66.85	NaN
66.94999999999999	NaN
67.05	NaN
67.14999999999999	NaN
67.25	0.996309139656031
67.35	NaN
67.44999999999999	NaN
67.55	0.9996685534239316
67.64999999999999	1.0012757123991056
67.75	1.0009351967253692
67.85	1.002982249858602
67.94999999999999	NaN
68.05	1.0032501182718156
68.14999999999999	1.0028726198398732
68.25	1.0040948411171284
68.35	1.0059393884901162
68.44999999999999	1.0066962188311463
68.55	1.005368399001494
68.64999999999999	NaN
68.75	1.0082242300596398
68.85	1.0085777590833296
68.94999999999999	1.0068300630217693
69.05	NaN
69.14999999999999	1.0082197435353235
69.25	NaN
69.35	1.007000377051936
69.44999999999999	1.0068518095832322
69.55	1.0081676156116373
69.64999999999999	1.007365175668159
69.75	1.0053527281124237
69.85	1.0060646000876627
69.94999999999999	1.0067239476149996
70.05	NaN
70.14999999999999	1.0047721545142727
70.25	1.0031175165679855
70.35	1.0040210096979312
70.44999999999999	1.0023615223020284
70.55	1.0000892116967157
70.64999999999999	1.0003994169002517
70.75	0.9996208911836998
70.85	0.9996029074578889
70.94999999999999	0.9983027331840462
71.05	0.998974183574294
71.14999999999999	NaN
71.25	0.9963601037982871
71.35	NaN
71.44999999999999	0.9961785286789742
71.55	0.9935858695555886
71.64999999999999	0.9945468596087865
71.75	0.9949808417979819
71.85	NaN
71.94999999999999	NaN
72.05	0.9930848786175968
72.14999999999999	NaN
72.25	0.9935007588157909
72.35	0.9924829664043795
72.44999999999999	NaN
72.55	NaN
72.64999999999999	0.993673122431656
72.75	0.993364420714007
72.85	0.9920424869282981
72.94999999999999	NaN
73.05	0.995483496238396
73.14999999999999	0.9942681011934383
73.25	0.9962531715776571
73.35	0.996628680672784
73.44999999999999	0.9965193384118292
73.55	0.9970239386362476
73.64999999999999	0.9987502573174809
73.75	0.9985858600454217
73.85	0.9998248096465322
73.94999999999999	NaN
74.05	NaN
74.14999999999999	1.0011348855686888
74.25	1.0012996068055418
74.35	1.0032327604491873
74.44999999999999	1.0040318962369839
74.55	1.0034153050567391
74.64999999999999	NaN
74.75	NaN
74.85	1.0057767751886884
74.94999999999999	1.00645695936274
75.05	1.0045129566389093
75.14999999999999	1.006926904857775
75.25	1.0069260569300607
75.35	1.006136946218105
75.44999999999999	1.0067776792015932
75.55	1.0071070707123935
75.64999999999999	1.0074164454776406
75.75	NaN
75.85	1.0074294940085284
75.94999999999999	NaN
76.05	1.0047863317634442
76.14999999999999	1.0062945288261518
76.25	1.002385983572361
76.35	1.0050805080549132
76.44999999999999	NaN
76.55	1.0038737871137688
76.64999999999999	1.0053827635171009
76.75	NaN
76.85	0.9992893877340728
76.95	1.0004528996916222
77.05	0.9994336600081041
77.14999999999999	0.9993391105071217
77.25	NaN
77.35	NaN
77.45	NaN
77.55	0.9974747257514582
77.64999999999999	NaN
77.75	0.9952236861305644
77.85	0.9955609862872054
77.95	NaN
78.05	0.9947321871218916
78.14999999999999	NaN
78.25	0.9940174664098526
78.35	0.9938058492581615
78.45	NaN
78.55	NaN
78.64999999999999	NaN
78.75	0.9930704854541229
78.85	0.9933865050812825
78.95	0.9942228732821231
79.05	NaN
79.14999999999999	NaN
79.25	0.9941474967077867
79.35	0.9946909535462055
79.45	NaN
79.55	0.9939175597559132
79.64999999999999	NaN
79.75	0.9971200884501715
79.85	1.0002688408710536
