0.15	0.037855458132739
0.25	0.037663412616674004
0.35	0.03747305954749882
0.45	0.036888667281013435
0.55	0.037569676219455624
0.65	0.03736675661979676
0.7500000000000001	0.038212879090513914
0.85	0.038339649758427914
0.95	0.03898696882951745
1.05	0.039791879173188036
1.15	0.040329467925189086
1.25	0.041070336873387875
1.35	0.04188921234983199
1.45	0.04260563776465742
1.55	0.04375522883870909
1.65	0.04493561018871808
1.75	0.046192233231648366
1.85	0.047656600646764344
1.95	0.04884757788957989
2.05	0.05034641931174188
2.15	0.052056625731131886
2.25	0.05402595350020585
2.35	0.05587532521983313
2.45	0.05796656325722503
2.5500000000000003	0.060212718169003906
2.65	0.06293397446467669
2.75	0.06608859138548803
2.85	0.06902838919940243
2.95	0.07256262340958874
3.0500000000000003	0.07623836980931097
3.15	0.08020070021991639
3.25	0.08501907868962132
3.35	0.090071433408884
3.45	0.09551683073925608
3.5500000000000003	0.10139453212771035
3.65	0.10782003967351095
3.75	0.11581172760233041
3.85	0.12384666798846337
3.95	0.13365037821609344
4.05	0.14374063396810263
4.1499999999999995	0.15533871721977108
4.25	0.16820222118836
4.35	0.18347359834109714
4.449999999999999	0.20043304212720764
4.55	0.21991363198446792
4.6499999999999995	0.24196768653444994
4.75	0.2675390742096869
4.85	0.2951705094422618
4.95	0.3302536177441222
5.05	0.3691732957431583
5.1499999999999995	0.4136317605204898
5.25	0.46359334884853765
5.35	0.522368292545525
5.45	0.5970427342158973
5.55	0.6765161304628087
5.6499999999999995	0.774649167379678
5.75	0.8846640579572617
5.85	1.0128740700041219
5.95	1.1510750794432885
6.05	1.3078720059962543
6.1499999999999995	1.4796830420324438
6.25	1.6466534729703137
6.35	1.8139563603164723
6.45	1.953223035576431
6.55	2.066697532464417
6.6499999999999995	2.1242371763037484
6.75	2.1384720000392567
6.85	2.1025804024859727
6.95	2.0286407046066666
7.05	1.9315406513898596
7.1499999999999995	1.8173608978647091
7.25	1.7005613995738627
7.35	1.5848103710823342
7.45	1.474711040320511
7.55	1.3706175882512168
7.6499999999999995	1.2816020671894282
7.75	1.1944515917972063
7.85	1.1228982449857818
7.95	1.0563203884817616
8.05	0.994745440497209
8.15	0.9479196977126569
8.25	0.9032370449561521
8.350000000000001	0.8636677116142347
8.450000000000001	0.8292454640773608
8.55	0.8004676673200853
8.65	0.7763834003104653
8.75	0.755320558143952
8.850000000000001	0.7370813149944075
8.950000000000001	0.723409207674546
9.05	0.7117373454313647
9.15	0.7017264593171797
9.25	0.6940888212877061
9.350000000000001	0.6889289351040747
9.450000000000001	0.6862304309058498
9.55	0.6866646249569512
9.65	0.6867926650122839
9.750000000000002	0.6893571901583065
9.85	0.696300625170861
9.95	0.703674022638179
10.049999999999999	0.7113980427538126
10.149999999999999	0.7215480986281322
10.25	0.7332079495060081
10.35	0.7478739522984328
10.45	0.7618720561120453
10.549999999999999	0.779622528371206
10.649999999999999	0.7971381018669387
10.75	0.8176281554119776
10.85	0.8391154096180833
10.95	0.8614744446647007
11.049999999999999	0.8863473137087199
11.149999999999999	0.9127242440509269
11.25	0.9377511279091238
11.35	0.9650319428384875
11.45	0.9905172170138664
11.549999999999999	1.0169161204936497
11.649999999999999	1.0469581191648585
11.75	1.0704447480611325
11.85	1.0989591437284423
11.95	1.1240708912023394
12.049999999999999	1.144370043207936
12.149999999999999	1.164169337398789
12.25	1.1853977790073147
12.35	1.2023747497270636
12.45	1.216949397475422
12.549999999999999	1.227759898234346
12.649999999999999	1.2375942702853153
12.75	1.2398926600343507
12.85	1.2386491661513583
12.95	1.2389344574308674
13.049999999999999	1.2355634538162945
13.149999999999999	1.2300849566005272
13.25	1.2171199695648112
13.35	1.201259637792729
13.45	1.1862915738601927
13.549999999999999	1.1688821955157425
13.649999999999999	1.1476293086603364
13.75	1.1307806907175793
13.85	1.1085739903557932
13.95	1.08738498114433
14.049999999999999	1.0673757232141259
14.149999999999999	1.0455960133336646
14.25	1.025441855948796
14.35	1.0059902326997285
14.45	0.9875029782567197
14.549999999999999	0.9698948035804518
14.649999999999999	0.9539903699425114
14.75	0.9388348695912817
14.85	0.9248410876031479
14.95	0.9113986147391285
15.049999999999999	0.8984799576596743
15.149999999999999	0.8877555870994526
15.25	0.8795893078133021
15.35	0.876457136581951
15.45	0.8680664268828211
15.549999999999999	0.8650604267378051
15.649999999999999	0.8618629849732912
15.75	0.8582879150091512
15.85	0.8575967422890742
15.95	0.8599321665494819
16.05	0.8607959512345975
16.15	0.8645414142925809
16.25	0.8677585922172611
16.349999999999998	0.8717810279936522
16.45	0.8793984652603859
16.55	0.8848502688960147
16.65	0.8939730325700481
16.75	0.9038624308474273
16.849999999999998	0.9121576262056381
16.95	0.9239442758965595
17.05	0.9343602225804136
17.15	0.9472916552862692
17.25	0.9563638892729972
17.349999999999998	0.9693963180878059
17.45	0.9837510528601527
17.55	0.9952996436032977
17.65	1.010451397696178
17.75	1.0202145681126102
17.849999999999998	1.0343943843622698
17.95	1.0467015222138676
18.05	1.057746316482687
18.15	1.06629649014001
18.25	1.0767010671410522
18.349999999999998	1.0857857956022818
18.45	1.0927314930561844
18.55	1.0976908000592256
18.65	1.100741755330314
18.75	1.1078342155855674
18.849999999999998	1.1082445365044546
18.95	1.1124621200390419
19.05	1.1094474810673074
19.15	1.1093945152566993
19.25	1.1073533781613332
19.35	1.103407447280567
19.45	1.0973422984194616
19.55	1.0927333939339148
19.65	1.0856702113073835
19.75	1.0774077881216595
19.85	1.0707941886200973
19.95	1.0622385577812505
20.05	1.0518726809631718
20.15	1.0433308886420978
20.25	1.0329480113457077
20.35	1.026676839414472
20.45	1.016635008125617
20.55	1.0057914368027685
20.65	0.9975685270491963
20.75	0.9869264895885723
20.85	0.9794635833755464
20.95	0.9734734445205454
21.05	0.9636349116527172
21.15	0.9551140257032172
21.25	0.9489914193575479
21.35	0.9456314579544818
21.45	0.9385265636023618
21.55	0.9344154250536686
21.65	0.9301221181114459
21.75	0.9288487387739675
21.85	0.92635162806233
21.95	0.9253936359606169
22.05	0.9222318099155672
22.15	0.9222988113590233
22.25	0.922632482491479
22.35	0.9270974655502411
22.45	0.9264509897653667
22.55	0.9305862626739794
22.65	0.9317698957452114
22.75	0.9353865217095081
22.85	0.9406304324689398
22.95	0.9461790303925329
23.05	0.9507046565721772
23.15	0.9571601541759464
23.25	0.9636578912506809
23.35	0.9687516195700814
23.45	0.9763510368374299
23.55	0.9835865475624425
23.65	0.9899049777615501
23.75	0.9970261411894428
23.85	1.0061189399054338
23.95	1.0103854645211134
24.05	1.0163986263031222
24.15	1.0234399485103434
24.25	1.0318325625251314
24.35	1.037770086843336
24.45	1.0418564471040852
24.55	1.0456328298956203
24.65	1.0515937016409627
24.75	1.0555938535629028
24.85	1.0599289131872476
24.95	1.0609447555952032
25.05	1.0649291273004915
25.15	1.0641409582471983
25.25	1.0621934054662892
25.35	1.0627996288339432
25.45	1.0628064186368456
25.55	1.0594548658468166
25.65	1.05502665882742
25.75	1.0552164643183453
25.85	1.051564969973482
25.95	1.0481766192804671
26.05	1.0447598927720827
26.15	1.039562900142737
26.25	1.033258250083654
26.35	1.0270197297023698
26.45	1.0227681492999903
26.55	1.0159322256668828
26.65	1.0102650331401641
26.75	1.006630852261804
26.85	1.000228001990735
26.95	0.9932610291329959
27.05	0.988419942952574
27.15	0.9852381891395923
27.25	0.9800631846723727
27.35	0.9748547892033913
27.45	0.9718328071161982
27.55	0.9667034880595797
27.65	0.9656172742499718
27.75	0.9602801066070106
27.85	0.9577890131394928
27.95	0.9562858517604379
28.05	0.9541235424492583
28.15	0.9541366969223211
28.25	0.9521651723200998
28.35	0.9521569123449203
28.45	0.9512649353577481
28.55	0.9501416478480352
28.65	0.9540096375834142
28.75	0.9545957866164597
28.85	0.956816269472812
28.95	0.9592172738668293
29.05	0.962462591592345
29.15	0.9643970283345905
29.25	0.9682676468586835
29.35	0.9719402838351552
29.45	0.9750652297613012
29.55	0.9777166306419015
29.65	0.9822045304854221
29.75	0.9878068823251741
29.85	0.9913507171116583
29.95	NaN
30.05	1.0017546748359853
30.15	1.0046405716883677
30.25	1.0091408051372068
30.35	1.0133179691334622
30.45	1.0179004236046194
30.55	1.0204210984557842
30.65	1.0255686026262971
30.75	1.0281566142915737
30.85	1.031027092185547
30.95	1.0350518572233032
31.05	1.035782951610481
31.15	1.0352947134310717
31.25	1.0392094743289364
31.35	1.0393775192408377
31.45	1.0416461244229833
31.55	1.041723333055636
31.65	1.0394037704881711
31.75	NaN
31.85	1.0372479397483154
31.95	1.0369716380048295
32.05	1.0343222608352027
32.15	1.0319566627061745
32.25	1.029320191146465
32.35	1.0266635171505585
32.45	1.023122181332723
32.55	1.0197559298613652
32.65	1.0184383153502734
32.75	1.0091930204859128
32.85	1.0086499085235827
32.95	1.008278232112212
33.05	1.0006828380577644
33.15	0.9993127264259036
33.25	0.9950516809239336
33.35	0.9892530036855101
33.45	0.9879985085739394
33.55	0.9857156297186552
33.65	0.9813418733000212
33.75	0.9787361567241957
33.85	0.9772502397642922
33.95	0.9739025871707468
34.05	0.9716635283307387
34.15	0.9705238081981282
34.25	0.9698040045791108
34.35	0.9682935731044222
34.45	0.9697436567454867
34.55	0.9684300901395517
34.65	0.9695294232440632
34.75	0.9684077819414626
34.85	0.969834179390313
34.95	0.9683737962934049
35.05	0.9697977461480447
35.15	0.9702600568278644
35.25	0.9727043935847425
35.35	0.9762080202860676
35.45	0.9764073347771017
35.55	0.9789365151691136
35.65	0.9812590746279474
35.75	0.9840655549000982
35.85	0.9866572602109728
35.95	0.9895264252872428
36.05	0.9924801378085883
36.15	0.9955748986320836
36.25	0.9985470471534106
36.35	1.003320791528987
36.45	1.005026036595127
36.55	1.0077741523449792
36.65	NaN
36.75	1.0151347259978043
36.85	1.0182132937593251
36.95	1.0161752003391467
37.05	1.0226489357358786
37.15	1.024061547969663
37.25	1.0233240951234528
37.35	1.026778119126455
37.45	1.026296462100753
37.55	1.0268469029813352
37.65	1.029773155663879
37.75	1.0283651785996109
37.85	1.02978810160877
37.95	1.0295010090409695
38.05	NaN
38.15	NaN
38.25	1.028455268329875
38.35	1.0228106586893793
38.45	1.0214957148812303
38.550000000000004	1.0187473195507597
38.65	1.017440582787581
38.75	1.0165072449096333
38.85	1.0130829880870664
38.95	1.0111271044766268
39.050000000000004	1.009311525534032
39.15	1.0076991353060243
39.25	1.0034005770250363
39.35	0.9991555076433623
39.45	0.9988780894138944
39.550000000000004	0.9944315608684806
39.65	NaN
39.75	0.9922741111478829
39.85	0.9892086891901215
39.95	0.9858084193390689
40.050000000000004	0.9851712069912436
40.15	0.9850939764885002
40.25	0.9792296050234628
40.35	NaN
40.45	0.9780884386392843
40.550000000000004	0.9789465280701503
40.65	0.9785252834262193
40.75	0.9762430888720048
40.85	0.9762092482594299
40.95	0.9772354405385913
41.050000000000004	0.9766783647229634
41.15	0.9762494910158782
41.25	0.9774612320214292
41.35	0.979308577658064
41.45	0.9801366793104984
41.550000000000004	0.979498332665541
41.65	0.9823254328892002
41.75	0.9834948977764666
41.85	0.986598344142154
41.95	0.9874295568731214
42.050000000000004	0.9878156594713466
42.15	0.9908100759491388
42.25	0.9931460458863819
42.35	0.997458266290292
42.45	0.9995112156175139
42.550000000000004	0.9984082950274356
42.65	1.001691574695276
42.75	1.0030233122475827
42.85	1.00510730613753
42.95	1.0090855991018626
43.050000000000004	1.01062756933154
43.15	NaN
43.25	1.0131114034003137
43.35	1.0162316578409691
43.45	1.0180227476000836
43.550000000000004	1.0169318765492383
43.65	NaN
43.75	NaN
43.85	1.0191056827503875
43.95	1.0203225742427464
44.050000000000004	1.021251410926762
44.15	1.0218066190977841
44.25	1.023798519960073
44.35	1.0188582101574546
44.45	NaN
44.550000000000004	1.0163476879671554
44.65	1.01833295158958
44.75	1.0168699927643954
44.85	1.01430915054037
44.95	1.0127389265232816
45.050000000000004	1.0077596861166884
45.15	1.0088153695710642
45.25	1.0071034089915314
45.35	1.005748255306688
45.45	1.0036016538471084
45.550000000000004	1.0007004171257714
45.65	1.0003990470392556
45.75	NaN
45.85	0.9960535534457354
45.95	NaN
46.050000000000004	0.9932673212483178
46.15	0.9908558825983079
46.25	0.9887287110314359
46.35	NaN
46.45	0.985868282417779
46.550000000000004	0.9860602633332753
46.65	NaN
46.75	0.9841424886742783
46.85	0.9847889601153003
46.95	0.9840090795801516
47.050000000000004	0.9819988157745927
47.15	0.9813883346939432
47.25	0.9818553757207045
47.35	0.9817879280136353
47.45	NaN
47.550000000000004	0.9836641694940486
47.65	0.9851587426014472
47.75	0.9845908626466335
47.85	0.9859925684213209
47.95	0.987380288579337
48.050000000000004	0.9870502819767749
48.15	0.991116614637369
48.25	0.9921607810997206
48.35	0.9926932952287595
48.45	0.9930463314351935
48.550000000000004	0.9999329796188465
48.65	0.9975832232802724
48.75	0.9966626343338646
48.85	1.0003093768019122
48.95	1.0026949608704714
49.050000000000004	1.0039616005664032
49.15	1.0053783119474062
49.25	1.006622261241762
49.35	1.0082353887104372
49.45	1.009340480797831
49.550000000000004	1.0134472101973901
49.65	1.0112606281242529
49.75	NaN
49.85	1.0132545951377696
49.95	1.0150853265427224
50.050000000000004	1.0151344698581855
50.15	1.0147973411996047
50.25	1.0161429990981392
50.35	1.0162063441717515
50.45	1.0184757122596682
50.550000000000004	1.0150177664178683
50.65	1.017806613241784
50.75	1.015233802679187
50.85	1.0140491867257284
50.95	1.0139148905296305
51.050000000000004	1.0116474520336711
51.15	1.008577470507627
51.25	1.0105305213106321
51.35	1.0101710598331148
51.45	1.0067179256188064
51.550000000000004	1.0057749490033308
51.65	1.003783063664918
51.75	1.001674347949934
51.85	1.0005908535559087
51.95	0.9996495814976266
52.050000000000004	0.9975080643349585
52.15	NaN
52.25	0.9925659102000282
52.35	0.994384820410523
52.45	0.9934024297941195
52.550000000000004	0.9880964615953528
52.65	0.9909072683045457
52.75	0.9883428536672707
52.85	0.9885038790769566
52.95	0.9882936338983269
53.050000000000004	0.9880987884324084
53.15	0.9879748136772303
53.25	0.9862821925498638
53.35	0.9867131459633471
53.45	0.9858535137455988
53.550000000000004	0.9871310750401953
53.65	0.9862144447678001
53.75	0.9867781233589598
53.85	0.9870483755633728
53.95	0.9867614259081304
54.050000000000004	0.9894289342529803
54.15	0.9897949579519705
54.25	0.9894320047548808
54.35	0.990171956342326
54.45	0.9940794787015782
54.550000000000004	NaN
54.65	0.9942972999370784
54.75	0.997216573587776
54.85	0.9971339620604888
54.95	0.9980654657663549
55.050000000000004	1.0008340295541291
55.15	0.9993544575109019
55.25	1.0009807037621135
55.35	1.0034330693154978
55.45	1.0058769402859702
55.550000000000004	1.0067060766078992
55.65	NaN
55.75	1.0076809067283239
55.85	1.0101835683798224
55.95	1.0096700094095292
56.050000000000004	1.0096273629599468
56.15	1.0110452276799213
56.25	1.0111061026738468
56.35	1.0155239111118706
56.45	1.0069893471473752
56.550000000000004	1.0124260057026242
56.65	1.0129407101074899
56.75	1.0115595009976464
56.85	1.0120046301739263
56.95	1.0118688469781167
57.050000000000004	1.0114165418557335
57.15	1.0111009088901002
57.25	1.0089728138015674
57.35	1.009757902876011
57.45	1.0081432892875348
57.550000000000004	NaN
57.65	1.0069718560352605
57.75	1.0061440121462415
57.85	1.0030258282902018
57.95	1.0018070691794876
58.050000000000004	NaN
58.15	0.9994363405034283
58.25	0.9990130574983436
58.35	0.9979244541925757
58.45	0.9970255300022419
58.550000000000004	0.9953540626785325
58.65	0.99513601695003
58.75	NaN
58.85	0.9923168364313577
58.95	0.994019338933466
59.050000000000004	0.9909948120991342
59.15	0.9911596730704448
59.25	0.9908081100055026
59.35	0.9874609685236664
59.45	0.9892069228480225
59.550000000000004	0.9885625472228985
59.65	NaN
59.75	0.9877653448580265
59.85	0.9883913509572982
59.95	0.9893344544690533
60.050000000000004	0.9884619100228789
60.15	0.9899738575196662
60.25	0.9901177843231123
60.35	NaN
60.45	0.9911674908578582
60.550000000000004	0.9918305323403124
60.65	0.9919896512438618
60.75	0.9928333577900277
60.85	NaN
60.95	0.9955703076880102
61.050000000000004	0.9967104324611201
61.15	0.9967886895907302
61.25	0.9987006064172619
61.35	1.002211661473598
61.45	1.001625892377328
61.550000000000004	1.002649422388487
61.65	1.0013160827176237
61.75	1.0037396756057035
61.85	1.005553672937066
61.95	NaN
62.050000000000004	1.0066603660686821
62.15	1.0104094310829914
62.25	1.0076022517873797
62.35	1.0089910607171488
62.45	NaN
62.550000000000004	1.0086001969588418
62.65	NaN
62.75	NaN
62.85	1.0094100913138984
62.95	1.0107178860089698
63.050000000000004	1.0094987815188639
63.15	1.0107327093972513
63.25	1.010468655952383
63.35	1.008484544241894
63.45	1.0089335481142179
63.550000000000004	1.0086238742156928
63.65	NaN
63.75	1.0068154448319484
63.85	NaN
63.95	1.0052839116499857
64.05	1.0044190225683818
64.14999999999999	1.0015767608543713
64.25	1.0014188225969312
64.35	NaN
64.44999999999999	1.002552671057718
64.55	0.9988274967880516
64.64999999999999	0.9979035742059716
64.75	0.9983370653786243
64.85	0.9983201432026965
64.94999999999999	0.9975149323995829
65.05	0.9936732474507347
65.14999999999999	NaN
65.25	0.9946679072372301
65.35	0.9921423249217438
65.44999999999999	0.9924551263566792
65.55	0.9918180095848326
65.64999999999999	NaN
65.75	0.9926394112994392
65.85	0.9921979627710164
65.94999999999999	NaN
66.05	NaN
66.14999999999999	0.9911853568058409
66.25	0.9912321043303608
66.35	0.9925504205180062
66.44999999999999	0.9911130700536048
66.55	NaN
66.64999999999999	0.9914740304611678
66.75	0.9930034967542373
66.85	NaN
66.94999999999999	NaN
67.05	NaN
67.14999999999999	NaN
67.25	0.9959841796178702
67.35	NaN
67.44999999999999	NaN
67.55	0.9996750235129239
67.64999999999999	1.0000342742961348
67.75	1.001232657233468
67.85	1.0009781372825193
67.94999999999999	NaN
68.05	1.0040075393639387
68.14999999999999	1.0024611600324018
68.25	1.003058010237334
68.35	1.0063777566144037
68.44999999999999	1.0054675986126789
68.55	1.0079475629821057
68.64999999999999	NaN
68.75	1.0078803216518113
68.85	1.008261237840775
68.94999999999999	1.0073534414228853
69.05	NaN
69.14999999999999	1.0074949443605656
69.25	NaN
69.35	1.009142827830699
69.44999999999999	1.010487456318578
69.55	1.0078100947310196
69.64999999999999	1.006792330291372
69.75	1.0079792081402383
69.85	1.005399528104859
69.94999999999999	1.0054917284045315
70.05	NaN
70.14999999999999	1.0044536198112484
70.25	1.0058100361812907
70.35	1.002405540093868
70.44999999999999	1.0018443858523958
70.55	1.0015061302854398
70.64999999999999	1.001020444162393
70.75	0.9992105040600257
70.85	0.9986931304070895
70.94999999999999	0.9985017464836561
71.05	0.9978387237573423
71.14999999999999	NaN
71.25	0.9952265851735498
71.35	NaN
71.44999999999999	0.9958973874385876
71.55	0.9943571144461198
71.64999999999999	0.9947949208030478
71.75	0.993576787529945
71.85	NaN
71.94999999999999	NaN
72.05	0.993937730762661
72.14999999999999	NaN
72.25	0.9923323811166113
72.35	0.9917804180889561
72.44999999999999	NaN
72.55	NaN
72.64999999999999	0.9930926747695873
72.75	0.9937373658816271
72.85	0.992552190406793
72.94999999999999	NaN
73.05	0.9952489499627186
73.14999999999999	0.995459104244726
73.25	0.9959718517637308
73.35	0.9959942898849519
73.44999999999999	0.9972997388834384
73.55	0.9983287689308602
73.64999999999999	0.9986672173793568
73.75	1.0005750143052536
73.85	0.9988140783723205
73.94999999999999	NaN
74.05	NaN
74.14999999999999	1.0019636912223109
74.25	1.0031902873661083
74.35	1.0035049288819324
74.44999999999999	1.003371804271947
74.55	1.0048763417559623
74.64999999999999	NaN
74.75	NaN
74.85	1.005495556790808
74.94999999999999	1.0072305887666928
75.05	1.0099957373932087
75.14999999999999	1.0071486085670096
75.25	1.0067999063475868
75.35	1.0071616315528806
75.44999999999999	1.006140770850065
75.55	1.006223449577109
75.64999999999999	1.0067098390372744
75.75	NaN
75.85	1.0063011088174711
75.94999999999999	NaN
76.05	1.0051385496716014
76.14999999999999	1.0056063651373883
76.25	1.0051778326051781
76.35	1.0037622788831961
76.44999999999999	NaN
76.55	1.0019468232365738
76.64999999999999	1.0023029386812543
76.75	NaN
76.85	1.0014560889842157
76.95	1.0009671859859015
77.05	0.9992089229782898
77.14999999999999	0.9991751828692348
77.25	NaN
77.35	NaN
77.45	NaN
77.55	0.9947383197141995
77.64999999999999	NaN
77.75	0.9950459526462515
77.85	0.9949235178655067
77.95	NaN
78.05	0.9947848899845442
78.14999999999999	NaN
78.25	0.9929392918684211
78.35	0.9954528517493408
78.45	NaN
78.55	NaN
78.64999999999999	NaN
78.75	0.9936935506037433
78.85	0.9927417259834483
78.95	0.9925335981815161
79.05	NaN
79.14999999999999	NaN
79.25	0.9944404884646039
79.35	0.9960211808845029
79.45	NaN
79.55	0.9930752538280813
79.64999999999999	NaN
79.75	0.9976925243029717
79.85	0.9972753436057208
