0.15	0.018957659249275206
0.25	0.019175122523708354
0.35	0.019071355346046648
0.45	0.01917395411605188
0.55	0.019394143203252057
0.65	0.019701768435966646
0.7500000000000001	0.019596061843476315
0.85	0.019795569428744702
0.95	0.020028795296833546
1.05	0.02043387033511425
1.15	0.02077142892489666
1.25	0.02112328297421035
1.35	0.021498302364420064
1.45	0.02196800690654488
1.55	0.022532123081456634
1.65	0.02300789312941687
1.75	0.023684282736182307
1.85	0.02427470263588567
1.95	0.02503917115633124
2.05	0.025680569201411717
2.15	0.02659740835474545
2.25	0.027432001672317505
2.35	0.028584899236478643
2.45	0.02948694635071483
2.5500000000000003	0.03070066325878754
2.65	0.03199490875088997
2.75	0.033396661390897364
2.85	0.03492635743486955
2.95	0.036627596971813475
3.0500000000000003	0.03834240637114891
3.15	0.04021173747607109
3.25	0.042425533479538445
3.35	0.04498805424979513
3.45	0.04763052502464246
3.5500000000000003	0.05057154250528471
3.65	0.05371596195068757
3.75	0.057485194416050454
3.85	0.06094611771471984
3.95	0.06574867795816655
4.05	0.07089221954441204
4.1499999999999995	0.07624140074340253
4.25	0.08246890081776959
4.35	0.09002024258411713
4.449999999999999	0.09759128755973186
4.55	0.10655893942844716
4.6499999999999995	0.11648234100594577
4.75	0.12893912517344067
4.85	0.14304513883518424
4.95	0.15941794536528323
5.05	0.1770148037442272
5.1499999999999995	0.19956679283730727
5.25	0.22409536979073022
5.35	0.254975359784498
5.45	0.2920553964199859
5.55	0.3357145258566122
5.6499999999999995	0.38707863173523976
5.75	0.4540545165440455
5.85	0.5300788818772907
5.95	0.6251619168694813
6.05	0.7461958971889082
6.1499999999999995	0.901528375415318
6.25	1.0827264665273921
6.35	1.3005020944447179
6.45	1.5769300999719549
6.55	1.8850853453324878
6.6499999999999995	2.22433972853603
6.75	2.538274095029419
6.85	2.789257017287003
6.95	2.925847997153634
7.05	2.918561244244448
7.1499999999999995	2.7752492164852636
7.25	2.551717702552143
7.35	2.2936107940708883
7.45	2.044341943023223
7.55	1.8178147990182627
7.6499999999999995	1.606957629719321
7.75	1.4348275431588111
7.85	1.2810053611636696
7.95	1.160492909977794
8.05	1.060606153312402
8.15	0.974264225174804
8.25	0.9007492163138809
8.350000000000001	0.8381592071430736
8.450000000000001	0.7853780326456241
8.55	0.7440780428173407
8.65	0.7086629513805945
8.75	0.6767766622632307
8.850000000000001	0.6501027072652882
8.950000000000001	0.6297341601298534
9.05	0.6117348564345192
9.15	0.5982082834597998
9.25	0.5874029134628698
9.350000000000001	0.5782444289786735
9.450000000000001	0.5728961426045489
9.55	0.5702328881614095
9.65	0.5686506554577805
9.750000000000002	0.5693202385618119
9.85	0.5725392976306453
9.95	0.5784570592114322
10.049999999999999	0.5851954439697121
10.149999999999999	0.5942593808124241
10.25	0.6056923886060963
10.35	0.6193351572043599
10.45	0.6350239225937954
10.549999999999999	0.6526526021043303
10.649999999999999	0.6715055067958164
10.75	0.6948619361908003
10.85	0.7211281724080851
10.95	0.747073753106685
11.049999999999999	0.7769937351519451
11.149999999999999	0.8088948333715708
11.25	0.8439892656331713
11.35	0.8815742821256775
11.45	0.9217600111942496
11.549999999999999	0.9614312639372877
11.649999999999999	1.0029290085109597
11.75	1.0442862697045574
11.85	1.085793623336956
11.95	1.1256584684505937
12.049999999999999	1.1652673459116532
12.149999999999999	1.1992762517288222
12.25	1.2317562117147982
12.35	1.2622967559601563
12.45	1.2836185341691149
12.549999999999999	1.3051696625945413
12.649999999999999	1.3165854684283258
12.75	1.327031763050562
12.85	1.3354229810447287
12.95	1.3398335242712491
13.049999999999999	1.3388357973577953
13.149999999999999	1.335401186753225
13.25	1.3278711362049898
13.35	1.3150628480089739
13.45	1.3018524460398848
13.549999999999999	1.2860846631753937
13.649999999999999	1.2684035031691796
13.75	1.242911356891811
13.85	1.216699992506694
13.95	1.1899957781239598
14.049999999999999	1.161059200045608
14.149999999999999	1.1293914549568267
14.25	1.0988751320864232
14.35	1.0636620526365588
14.45	1.034967084863717
14.549999999999999	1.0033068719839426
14.649999999999999	0.9756412700391425
14.75	0.9460862227356474
14.85	0.9209156674728529
14.95	0.8968530596074052
15.049999999999999	0.8759393326679241
15.149999999999999	0.8575228865161222
15.25	0.8409045993943969
15.35	0.8255184507141736
15.45	0.8131372532538584
15.549999999999999	0.8040843491247369
15.649999999999999	0.7949009070713292
15.75	0.7898721319170123
15.85	0.7862545916512563
15.95	0.7827523129668216
16.05	0.7814406267697882
16.15	0.782775591299181
16.25	0.7874170138466177
16.349999999999998	0.7907776208404389
16.45	0.7960050392490369
16.55	0.8063846427742382
16.65	0.8162311397469987
16.75	0.8271322528192504
16.849999999999998	0.8380842862928294
16.95	0.8535170034640406
17.05	0.8685499692065933
17.15	0.8862869787108181
17.25	0.904706698309468
17.349999999999998	0.925879663928646
17.45	0.9431412716766377
17.55	0.9631429490998695
17.65	0.9849062915001826
17.75	1.0042267700299254
17.849999999999998	1.027191426430882
17.95	1.0448949204700486
18.05	1.0657379634309079
18.15	1.0849373504785358
18.25	1.1018300914296
18.349999999999998	1.1190326027842765
18.45	1.135150527409594
18.55	1.1471843712248968
18.65	1.1575001336949313
18.75	1.1629010577094654
18.849999999999998	1.1730539405171092
18.95	1.1784415326815934
19.05	1.175806545224328
19.15	1.1762760231918683
19.25	1.1722621310348755
19.35	1.167863448787063
19.45	1.1615961012914702
19.55	1.1520897598129698
19.65	1.1419780154622066
19.75	1.1320725806084428
19.85	1.1202684491696386
19.95	1.107249007654595
20.05	1.0945642000727012
20.15	1.0811936154417243
20.25	1.0694581185727552
20.35	1.0524514454087996
20.45	1.0410536168762081
20.55	1.024236231155313
20.65	1.0104162190210095
20.75	0.9976608862238957
20.85	0.9808320404279351
20.95	0.9706547757953233
21.05	0.9570519961657966
21.15	0.9478140995540958
21.25	0.9374202442347658
21.35	0.9270220627237632
21.45	0.917063367916334
21.55	0.9083370212792408
21.65	0.9034220244715786
21.75	0.8969609177132768
21.85	0.891992188933221
21.95	0.8875990650799164
22.05	0.8816763625983883
22.15	0.880675248166722
22.25	0.8798058360333213
22.35	0.8788279320392207
22.45	0.8818437672613384
22.55	0.8839058000713432
22.65	0.8863556060229396
22.75	0.8889860740344496
22.85	0.8970946286087663
22.95	NaN
23.05	0.9103887210364572
23.15	0.9176725057860002
23.25	0.9265216672654869
23.35	0.9364789344123075
23.45	0.9438604384424808
23.55	0.9550328032517801
23.65	0.9689673830895322
23.75	0.9783700347164077
23.85	0.9887306607153005
23.95	1.0052631106315308
24.05	1.0154808785637068
24.15	1.0279220703175413
24.25	1.0389015301379168
24.35	1.0481096987574174
24.45	1.0596547198525461
24.55	1.0665555728724532
24.65	1.077569123097465
24.75	1.085818109329526
24.85	1.0891579618599803
24.95	1.0967011076421385
25.05	1.1001230819239083
25.15	1.1045393403064492
25.25	1.1041601931708647
25.35	1.1031802595348066
25.45	1.1019407895641364
25.55	1.1031986454496785
25.65	1.0953565119672983
25.75	1.0945977309096964
25.85	1.0898430036095141
25.95	1.0837485354371243
26.05	1.0752635368878887
26.15	1.0676882453210672
26.25	1.061267560558541
26.35	1.0543661776170776
26.45	1.04250253797191
26.55	1.032217788220533
26.65	1.0241675360602587
26.75	1.0145404408379417
26.85	1.007662311848738
26.95	0.9995972950070504
27.05	0.9903379304688257
27.15	0.9796262002377083
27.25	0.9737268703606768
27.35	0.9672345283565502
27.45	0.96136496530298
27.55	0.9534075562608957
27.65	0.9494622555561508
27.75	0.9436210341842067
27.85	0.9377103976434528
27.95	0.9354411822783227
28.05	0.932421193210824
28.15	0.9282922165085798
28.25	0.9259906135671937
28.35	0.9244799507164383
28.45	0.9227819846813188
28.55	0.9242294547509975
28.65	0.9217955965093582
28.75	0.9272161381437213
28.85	0.9287367953455054
28.95	0.9308491819559909
29.05	0.9352856213273623
29.15	0.9379838321986957
29.25	0.9430163244718641
29.35	0.947874935341074
29.45	0.9540032132287191
29.55	0.9597677140800391
29.65	0.9666013411700114
29.75	0.9717755272974823
29.85	0.978946521038016
29.95	0.9860811523661724
30.05	0.9915939034381162
30.15	0.9977340466469474
30.25	1.0072963952063816
30.35	1.0157504061612659
30.45	1.0228162306978834
30.55	1.0286506554345447
30.65	1.0357890632535907
30.75	1.0425439954529203
30.85	1.0480211148941474
30.95	1.052037912554848
31.05	1.0605730456521032
31.15	1.05950613629051
31.25	1.0648077685324249
31.35	1.0664170570144855
31.45	1.065777988670461
31.55	1.0665584425368606
31.65	1.0680301891070239
31.75	1.0662117428162527
31.85	1.0655158330031105
31.95	1.0631250960335712
32.05	1.0616283378893523
32.15	1.0560558064616163
32.25	1.051467765205016
32.35	1.0459765476203289
32.45	1.0429771005976654
32.55	1.0367614262404918
32.65	1.0327505271837043
32.75	1.029604154970962
32.85	1.019150782748079
32.95	1.0160852472301132
33.05	1.0070601695801937
33.15	0.9988065737245658
33.25	0.995785278517054
33.35	0.9897544900134152
33.45	0.9846996669320871
33.55	0.9784588131880241
33.65	0.9740122045740888
33.75	0.9685400697268076
33.85	0.9661264816374168
33.95	0.9569581365500704
34.05	0.9575487601722105
34.15	0.9563495169635001
34.25	0.9526271366460136
34.35	0.9507879871885065
34.45	0.9484070850306573
34.55	0.9473471778135838
34.65	0.9465265242793417
34.75	0.9473224701542255
34.85	0.946764476383022
34.95	0.948252506348814
35.05	0.9497634609693163
35.15	0.9501690066820083
35.25	0.9525942716347496
35.35	0.9583871894648393
35.45	0.9607497869004191
35.55	0.9636035050617003
35.65	0.9673411021058596
35.75	0.9703529270677382
35.85	0.9752665163662955
35.95	0.9814041133787236
36.05	0.9848960369816567
36.15	0.9892640840110953
36.25	0.9946357072472217
36.35	0.9989981830858476
36.45	1.0049211937276807
36.55	NaN
36.65	1.0136685425893128
36.75	1.0195525388157463
36.85	1.0204840211472275
36.95	1.0277319940981011
37.05	1.03374329759129
37.15	1.0353287626575278
37.25	1.0370417917530843
37.35	1.0401217343953038
37.45	1.041739572966782
37.55	1.0443167109829496
37.65	NaN
37.75	1.0493417690043763
37.85	1.046911166173515
37.95	1.0459017498550531
38.05	1.045556661147189
38.15	1.047005577626501
38.25	1.0430939089173967
38.35	1.0414807898175766
38.45	1.040897669646606
38.550000000000004	1.0347292607312786
38.65	1.031153259588147
38.75	1.0267095611843349
38.85	1.025023969677527
38.95	1.019674737625362
39.050000000000004	1.0184870718187673
39.15	NaN
39.25	NaN
39.35	NaN
39.45	NaN
39.550000000000004	0.9958048346630486
39.65	0.9920294142488301
39.75	0.9881177371655268
39.85	0.9849487090028912
39.95	0.9809977135648397
40.050000000000004	0.9756106275998604
40.15	NaN
40.25	0.9723342057061041
40.35	0.968361188892963
40.45	0.966737208849127
40.550000000000004	0.9647163589564464
40.65	0.9628805770396837
40.75	0.9605707578754721
40.85	0.9628390782559368
40.95	0.9602363494668525
41.050000000000004	0.9631511985859446
41.15	0.9577464531512492
41.25	0.9641826642956943
41.35	0.9652589656989061
41.45	0.966312573379669
41.550000000000004	NaN
41.65	0.9672858857141816
41.75	0.9713981008293198
41.85	0.9733959986314711
41.95	0.9763611543716292
42.050000000000004	0.9795176714305031
42.15	NaN
42.25	0.9870593432170931
42.35	0.9897133338624343
42.45	0.9942685559400695
42.550000000000004	0.9987216961469624
42.65	1.0003517934485207
42.75	1.0055113889417195
42.85	1.0107433216989876
42.95	1.0099547963816773
43.050000000000004	1.0151830095770147
43.15	1.018989125207432
43.25	1.021562120041674
43.35	1.0230831798510014
43.45	1.0281074684931464
43.550000000000004	1.0296125879143487
43.65	NaN
43.75	1.0321311189636602
43.85	1.0334376631310327
43.95	1.03446167065876
44.050000000000004	1.0343986960747744
44.15	1.0342190151379551
44.25	NaN
44.35	1.0342837555654683
44.45	1.031991359316361
44.550000000000004	1.0318399225006964
44.65	1.0291400652198015
44.75	1.0267054910392388
44.85	1.02585168775605
44.95	1.0224753767300037
45.050000000000004	1.0161356904304524
45.15	1.0177967797792091
45.25	1.0142000293344067
45.35	NaN
45.45	1.0093538716744623
45.550000000000004	1.003794984227735
45.65	NaN
45.75	0.9967065138284333
45.85	0.9948075548718419
45.95	0.9933125087651333
46.050000000000004	0.9900666788621145
46.15	0.987330471123227
46.25	0.9817486287515531
46.35	0.9811738483966681
46.45	0.9791771159008977
46.550000000000004	0.9768746263961793
46.65	NaN
46.75	0.9753460477671557
46.85	0.9742470477184083
46.95	0.9709650759953706
47.050000000000004	0.9703446608339088
47.15	0.968994430454102
47.25	0.9694573299111918
47.35	0.9708847883617293
47.45	0.9702816593247645
47.550000000000004	0.972101131968019
47.65	0.9725856377176715
47.75	0.9737407788906911
47.85	0.9763164945914373
47.95	0.9771310024875653
48.050000000000004	0.980553568338782
48.15	0.9807269737418832
48.25	0.9836703317950913
48.35	0.9859921838307114
48.45	0.98678206320652
48.550000000000004	0.9916557735164319
48.65	0.9940412298912732
48.75	0.9958051698679584
48.85	0.9995529319891091
48.95	1.0016349635017847
49.050000000000004	1.00535004716953
49.15	NaN
49.25	1.0089695847155882
49.35	1.0134057289878968
49.45	1.0157822183179739
49.550000000000004	1.0173398470779023
49.65	1.020822947929689
49.75	1.0200036209514483
49.85	1.0231398303760273
49.95	1.0259392602533046
50.050000000000004	1.022935807963786
50.15	1.0249015822717353
50.25	1.027207264593295
50.35	1.0254263370511127
50.45	1.029350474458513
50.550000000000004	1.02557402774039
50.65	1.0245991822895628
50.75	1.0229507180884625
50.85	1.0241020479571668
50.95	NaN
51.050000000000004	1.021744005066683
51.15	1.0200865822430436
51.25	1.0174483648042785
51.35	1.0148174421131242
51.45	1.0121518015956266
51.550000000000004	NaN
51.65	1.0077196134742543
51.75	1.005270371246666
51.85	1.0034347220311493
51.95	1.0001232452396636
52.050000000000004	NaN
52.15	0.9967684607548806
52.25	0.9930270588779275
52.35	0.9913417115269612
52.45	0.987716413924758
52.550000000000004	0.9868495552445866
52.65	0.98587033634868
52.75	0.9829037136912787
52.85	0.981569510160916
52.95	NaN
53.050000000000004	0.979491701397784
53.15	NaN
53.25	0.9780659403486678
53.35	0.9781056497701458
53.45	0.977813716553886
53.550000000000004	NaN
53.65	0.9766887027372866
53.75	NaN
53.85	0.9788360206546962
53.95	0.9796944007808688
54.050000000000004	NaN
54.15	0.9789758353937689
54.25	NaN
54.35	0.9847375541703873
54.45	0.986388044658159
54.550000000000004	NaN
54.65	0.9911931341813972
54.75	0.9934615927835627
54.85	0.9922237171196164
54.95	0.9954438601875316
55.050000000000004	0.9982786267305712
55.15	0.9990656328511499
55.25	1.0027276272944157
55.35	1.001733054082157
55.45	1.0074216242978664
55.550000000000004	1.0075571221502226
55.65	1.0117372331220518
55.75	1.0107290832317188
55.85	1.0139691710379337
55.95	1.0167469948999892
56.050000000000004	1.0170721721547396
56.15	1.0187082105541987
56.25	1.0190103948098552
56.35	1.0211699903612805
56.45	1.0201522913379155
56.550000000000004	1.0222744853409818
56.65	1.0219760952162422
56.75	NaN
56.85	1.0208933738773862
56.95	1.0202480687454458
57.050000000000004	1.0192950526170628
57.15	1.0196389364786707
57.25	1.0233535124284228
57.35	NaN
57.45	1.0128463503405183
57.550000000000004	1.013819413567771
57.65	1.0118034675682808
57.75	1.0106745769335284
57.85	1.0091302798586765
57.95	1.0054819995317317
58.050000000000004	1.003864410982904
58.15	1.002287392684562
58.25	1.0027612914061088
58.35	0.9962436871357203
58.45	NaN
58.550000000000004	0.9946325122658553
58.65	0.9924886119790953
58.75	NaN
58.85	0.988789907308051
58.95	NaN
59.050000000000004	0.9851874495601216
59.15	0.9848700864805056
59.25	0.984001786184105
59.35	0.9827833189429608
59.45	0.9837705283163385
59.550000000000004	0.9806552412971358
59.65	0.9822057382829424
59.75	0.9810350845860795
59.85	NaN
59.95	0.9824451048358872
60.050000000000004	NaN
60.15	0.9822986214467886
60.25	0.9836342995925145
60.35	NaN
60.45	0.9856177205095545
60.550000000000004	0.9882932967543291
60.65	0.9882985219567527
60.75	0.9886987230025553
60.85	0.9902167379918742
60.95	0.9923967111827174
61.050000000000004	0.9934643784810037
61.15	0.9965260058850106
61.25	0.9988975852301611
61.35	1.0007841305647707
61.45	0.9998841341351162
61.550000000000004	NaN
61.65	1.0024234598248867
61.75	NaN
61.85	NaN
61.95	1.0100604760113991
62.050000000000004	1.0107946964355572
62.15	1.0112034213668255
62.25	1.0114485630784646
62.35	1.0156069703157775
62.45	1.0137761976317845
62.550000000000004	1.0158140916899991
62.65	1.0162227225471359
62.75	1.016233284886018
62.85	1.0174561599518146
62.95	1.0171643025412922
63.050000000000004	1.0158656466879499
63.15	1.0161066106208136
63.25	NaN
63.35	1.0158005041152354
63.45	1.0150891594390639
63.550000000000004	1.0138144921219931
63.65	1.0149336084873135
63.75	1.0124217549655627
63.85	1.0103488651390025
63.95	1.0087794083315145
64.05	1.0069449564234232
64.14999999999999	1.0063239732769247
64.25	1.0048996463975182
64.35	1.0036666198763844
64.44999999999999	1.0023352685161842
64.55	0.9994730616788822
64.64999999999999	0.9994899955315817
64.75	0.9989087288717912
64.85	0.99394030899803
64.94999999999999	0.9944333731244318
65.05	0.9917860195876784
65.14999999999999	0.991539308305202
65.25	NaN
65.35	0.9885114237282154
65.44999999999999	NaN
65.55	0.986692181075641
65.64999999999999	0.9864436903823564
65.75	0.9864016899594286
65.85	0.9840525535426863
65.94999999999999	0.9848012534691015
66.05	NaN
66.14999999999999	0.9842454181139888
66.25	0.9826971012054623
66.35	0.9878185633319645
66.44999999999999	0.9861689773305699
66.55	0.9865704518798641
66.64999999999999	NaN
66.75	0.9887119683061403
66.85	NaN
66.94999999999999	NaN
67.05	0.9902383436758599
67.14999999999999	0.9931521644646085
67.25	0.993294082552599
67.35	0.9953375749317257
67.44999999999999	0.9968240486478542
67.55	0.9966835877959895
67.64999999999999	NaN
67.75	NaN
67.85	1.004573680259404
67.94999999999999	1.0030732127263062
68.05	1.0055825475554425
68.14999999999999	1.007360343787113
68.25	NaN
68.35	1.0086417308198616
68.44999999999999	1.0107340002126295
68.55	1.012738574234849
68.64999999999999	NaN
68.75	1.012102485931558
68.85	1.012901254489494
68.94999999999999	1.015353317227634
69.05	1.0148895127496977
69.14999999999999	1.0130158542308794
69.25	1.0143177720210568
69.35	1.0144076932811024
69.44999999999999	NaN
69.55	1.0125385845213624
69.64999999999999	1.013335413914834
69.75	NaN
69.85	1.0099676684303966
69.94999999999999	NaN
70.05	1.0082166229923932
70.14999999999999	1.007938222603379
70.25	NaN
70.35	1.0055937030146411
70.44999999999999	NaN
70.55	1.0040433432122085
70.64999999999999	1.0037165524367122
70.75	0.9995449237474854
70.85	1.0002540038778933
70.94999999999999	0.9984431861828156
71.05	0.9934813220671531
71.14999999999999	0.9924457937044865
71.25	NaN
71.35	0.9935901857267787
71.44999999999999	0.9915632337272408
71.55	0.9915464476388066
71.64999999999999	0.990505321776492
71.75	0.9892444459179646
71.85	0.9888202611819444
71.94999999999999	0.9899203820774432
72.05	NaN
72.14999999999999	NaN
72.25	NaN
72.35	NaN
72.44999999999999	0.988322031863487
72.55	0.9877550684923101
72.64999999999999	0.9884623160135502
72.75	NaN
72.85	0.9895305856027061
72.94999999999999	0.9901866075885657
73.05	0.9907332189591286
73.14999999999999	0.9905978531162875
73.25	0.9917022092373204
73.35	0.9934127789801448
73.44999999999999	NaN
73.55	0.9952724022809522
73.64999999999999	NaN
73.75	NaN
73.85	0.9990259100364837
73.94999999999999	0.9994801593479815
74.05	1.0020604617732356
74.14999999999999	1.0049698235754867
74.25	1.0033039327000346
74.35	1.0048819858209534
74.44999999999999	1.0056708858954642
74.55	1.0073084203432703
74.64999999999999	1.0089807737945868
74.75	1.0081083671226505
74.85	1.008539193304821
74.94999999999999	1.0060367437529372
75.05	1.0106433137376094
75.14999999999999	1.011836803240029
75.25	NaN
75.35	NaN
75.44999999999999	NaN
75.55	1.0113892092654635
75.64999999999999	NaN
75.75	NaN
75.85	1.0110940989034651
75.94999999999999	1.0115026591977314
76.05	1.0096595206360146
76.14999999999999	1.0081667356605974
76.25	NaN
76.35	1.0077118183371077
76.44999999999999	NaN
76.55	1.0049453524902534
76.64999999999999	1.00473039005374
76.75	NaN
76.85	NaN
76.95	NaN
77.05	NaN
77.14999999999999	0.9988040691977299
77.25	0.999141582173868
77.35	0.9972965242840804
77.45	0.9949812576516452
77.55	0.9955024341086296
77.64999999999999	0.9933753489388261
77.75	0.9930043037691891
77.85	0.991633169403399
77.95	0.9895593407029428
78.05	0.9913112959458937
78.14999999999999	0.9907996152716503
78.25	0.9882218782915949
78.35	0.9907119927800287
78.45	NaN
78.55	NaN
78.64999999999999	0.9887440602364377
78.75	0.9904498303744873
78.85	NaN
78.95	0.9896738421121843
79.05	NaN
79.14999999999999	NaN
79.25	0.991436911231138
79.35	NaN
79.45	0.9908867852853963
79.55	0.9935368296023588
79.64999999999999	NaN
79.75	0.9969214283702587
79.85	0.9967145779628993
