0.15	0.019591215604927346
0.25	0.018721270649124672
0.35	0.019096383462380222
0.45	0.019236892448244163
0.55	0.01930075544278165
0.65	0.019342271730291707
0.7500000000000001	0.01966797914688528
0.85	0.01989794403701015
0.95	0.020134752456653186
1.05	0.020461772901546008
1.15	0.02077382842793929
1.25	0.02116784908115122
1.35	0.02145478063685965
1.45	0.021962755013877892
1.55	0.022617407879344142
1.65	0.02303107475363853
1.75	0.023572974429257976
1.85	0.024369983265502198
1.95	0.02508555188454188
2.05	0.02579123575010081
2.15	0.026605101982839097
2.25	0.02751291328648533
2.35	0.02854955815281955
2.45	0.029496394125375854
2.5500000000000003	0.030676066416000895
2.65	0.032092385006566734
2.75	0.03336506982735794
2.85	0.034886358800659975
2.95	0.03666846456715705
3.0500000000000003	0.03831570371644698
3.15	0.04025686159858382
3.25	0.0425757910049052
3.35	0.04497509596829186
3.45	0.04763968612850879
3.5500000000000003	0.050536844385064415
3.65	0.053777839979366825
3.75	0.05759073810008205
3.85	0.06089631227253395
3.95	0.06574055904706766
4.05	0.07072346950852916
4.1499999999999995	0.07639664736320724
4.25	0.08239248480879109
4.35	0.08998612139621634
4.449999999999999	0.09761497511764779
4.55	0.10654231301905424
4.6499999999999995	0.11670928118221807
4.75	0.12893623845660274
4.85	0.14324921950538777
4.95	0.15891241067667505
5.05	0.17729005356076957
5.1499999999999995	0.19966511692968147
5.25	0.22424687346589267
5.35	0.25514796261856953
5.45	0.2922925124755242
5.55	0.3356000590326106
5.6499999999999995	0.38787000544696637
5.75	0.4536864732235527
5.85	0.5300345635500957
5.95	0.6263024580725105
6.05	0.7484135500624876
6.1499999999999995	0.8995369837284424
6.25	1.0826140179633457
6.35	1.3057368197425774
6.45	1.5805203666711818
6.55	1.8872301857500398
6.6499999999999995	2.223324660309068
6.75	2.5368182310960035
6.85	2.787605057702118
6.95	2.9238034604960257
7.05	2.909874273609098
7.1499999999999995	2.7759915058223195
7.25	2.554771402027611
7.35	2.2931231301290502
7.45	2.038670917588053
7.55	1.8201733283144832
7.6499999999999995	1.6077186659811686
7.75	1.4344876853380097
7.85	1.2815938244727678
7.95	1.1616589394414294
8.05	1.060309539999191
8.15	0.9774753450088474
8.25	0.8999869107690055
8.350000000000001	0.8364586893928249
8.450000000000001	0.7875855691543387
8.55	0.7435224999869166
8.65	0.7065565696773376
8.75	0.6755357472917966
8.850000000000001	0.6514037256598296
8.950000000000001	0.6291736930164511
9.05	0.6123026987660153
9.15	0.5981953437759614
9.25	0.5869952471412169
9.350000000000001	0.5779155698592311
9.450000000000001	0.5732906146291374
9.55	0.5699043608851766
9.65	0.5690149748129587
9.750000000000002	0.5704017321712166
9.85	0.5720076370048975
9.95	0.5775815994291228
10.049999999999999	0.5847706238933522
10.149999999999999	0.5930480157890372
10.25	0.6055134893263827
10.35	0.6193624886106733
10.45	0.6348941877954405
10.549999999999999	0.6526495822132355
10.649999999999999	0.6737632422710225
10.75	0.6958572889263192
10.85	0.7210897133932186
10.95	0.7484775236632518
11.049999999999999	0.7773619956450394
11.149999999999999	0.8085159943184621
11.25	0.8446175823512198
11.35	0.8808319715494896
11.45	0.9192811045933748
11.549999999999999	0.9600383886693605
11.649999999999999	1.0024355839274621
11.75	1.0442069188479215
11.85	1.0896583713629335
11.95	1.1254423462999303
12.049999999999999	1.165674354062881
12.149999999999999	1.200158124360529
12.25	1.233093853272703
12.35	1.2588520412230606
12.45	1.2844590619195733
12.549999999999999	1.306952030184081
12.649999999999999	1.3210741789290235
12.75	1.3315329868323968
12.85	1.3345845645737657
12.95	1.3405464155766058
13.049999999999999	1.3399144732241033
13.149999999999999	1.3365758764293474
13.25	1.327546425936608
13.35	1.3170983541252943
13.45	1.3032230070103106
13.549999999999999	1.2860954251933248
13.649999999999999	1.267250444435172
13.75	1.2414358340217564
13.85	1.2177949010398583
13.95	1.1892773643460304
14.049999999999999	1.1601411842183624
14.149999999999999	1.126243880288602
14.25	1.096052179231689
14.35	1.065997664192969
14.45	1.0331360253684172
14.549999999999999	1.0032416149405807
14.649999999999999	0.9746023789740901
14.75	0.9470610219307719
14.85	0.9202802132278208
14.95	0.8966544660474228
15.049999999999999	0.8760138271330178
15.149999999999999	0.8566777337338599
15.25	0.839447062225506
15.35	0.8265875563359265
15.45	0.8138554726548363
15.549999999999999	0.8031584359033593
15.649999999999999	0.7957276693969151
15.75	0.7900117527145114
15.85	0.7858617763262349
15.95	0.782759237976847
16.05	0.7828516424593431
16.15	0.783520620868116
16.25	0.7875136819537694
16.349999999999998	0.7927883023932868
16.45	0.8004432882695017
16.55	0.8069920542661639
16.65	0.8132014241171754
16.75	0.8267794989176975
16.849999999999998	0.8389033616067472
16.95	0.853265268772973
17.05	0.8686376095489662
17.15	0.8881754809693361
17.25	0.9014292316601953
17.349999999999998	0.9227732807373824
17.45	0.9417317951375653
17.55	0.9612170045937083
17.65	0.9832164906685266
17.75	1.003538800268752
17.849999999999998	1.0259312276441308
17.95	1.0456593817248645
18.05	1.0654236062160798
18.15	1.0862837492414403
18.25	1.1036132395261953
18.349999999999998	1.1181847207981368
18.45	1.135041220280113
18.55	1.147218867375079
18.65	1.1586308061014372
18.75	1.164964694611898
18.849999999999998	1.170618987517188
18.95	1.1723751462041863
19.05	1.1756079338640806
19.15	1.1768354328675439
19.25	1.173734198185686
19.35	1.168991258155089
19.45	1.1613675141852846
19.55	1.1523568948219634
19.65	1.1442770993460358
19.75	1.1313728607449536
19.85	1.1204356049457886
19.95	1.1074248667075388
20.05	1.0944364220657816
20.15	1.0803069702113621
20.25	1.067031205934594
20.35	1.0538752905615367
20.45	1.0385943334913288
20.55	1.0246213525279722
20.65	1.0111825363594713
20.75	0.9971997660482965
20.85	0.9859201116591837
20.95	0.9703719312177035
21.05	0.9597152849617063
21.15	0.9470350759352845
21.25	0.9382705869278818
21.35	0.925361522575392
21.45	0.9181869189780327
21.55	0.9082130467818899
21.65	0.9039658311916619
21.75	0.8968524193944897
21.85	0.8920059276319128
21.95	0.8882073461346682
22.05	0.8841839185395706
22.15	0.8809638192214019
22.25	0.8812353306612781
22.35	0.8825836871062986
22.45	0.8822848406591939
22.55	0.8828884101817993
22.65	0.8864853752834649
22.75	0.8910682071185904
22.85	0.8964294036734356
22.95	NaN
23.05	0.9091723952519914
23.15	0.918221873289192
23.25	0.9268007368792064
23.35	0.9336734981159884
23.45	0.9460583022494997
23.55	0.9544922897080247
23.65	0.9679842493382702
23.75	0.9799194139429699
23.85	0.9916378435613823
23.95	1.001353216963867
24.05	1.013581225932839
24.15	1.0255667090806533
24.25	1.036939840631019
24.35	1.047410601280631
24.45	1.0591280855158838
24.55	1.067518809222928
24.65	1.0758521296622063
24.75	1.0853423073035893
24.85	1.0905315335186185
24.95	1.0946186539582257
25.05	1.1004625360551872
25.15	1.1023558466102452
25.25	1.1033608085739335
25.35	1.1050353526022152
25.45	1.1071346283232184
25.55	1.1007051803810857
25.65	1.0998446894792226
25.75	1.09474342515356
25.85	1.0885164229277045
25.95	1.0823384548265393
26.05	1.0745635198152208
26.15	1.0682961923985774
26.25	1.0601530266154642
26.35	1.0526989464945136
26.45	1.0442657204981416
26.55	1.0337900077471913
26.65	1.0245809796145704
26.75	1.0176117352625376
26.85	1.007556471910316
26.95	1.0000376562642868
27.05	0.9874831085110899
27.15	0.9812692346099416
27.25	0.9743624570404595
27.35	0.9680232545465343
27.45	0.9568302423616042
27.55	0.955446116238237
27.65	0.9500591830096315
27.75	0.9431543101597611
27.85	0.932977656646765
27.95	0.9336502724646668
28.05	0.9318006631570872
28.15	0.9277909453484063
28.25	0.9258844285522285
28.35	0.9262485811373614
28.45	0.9240965606170317
28.55	0.9239451509932312
28.65	0.9258426271903573
28.75	0.926304010165706
28.85	0.9275130728154579
28.95	0.9294523167832928
29.05	0.9343489964266082
29.15	0.9387840352636493
29.25	0.9404242069195847
29.35	0.9468424200846418
29.45	0.9540131845498484
29.55	0.9596341979084088
29.65	0.9653981063611355
29.75	0.9732691535359141
29.85	0.9773840767839508
29.95	0.9864230741004968
30.05	0.9925872917437534
30.15	1.0021881214419015
30.25	1.0070128486202508
30.35	1.0148730230195435
30.45	1.0226845624091596
30.55	1.0298835468163943
30.65	1.0361264751265424
30.75	1.040280196241141
30.85	1.0443937833470849
30.95	1.0513442937195439
31.05	1.0564356198804168
31.15	1.0609892660300726
31.25	1.0628279998119239
31.35	1.0656946411508768
31.45	1.067471894368212
31.55	1.0659569998236222
31.65	1.0686781893868849
31.75	1.0670774702072265
31.85	1.066221409689325
31.95	1.0616080777041295
32.05	1.060553558884003
32.15	1.0566867277590137
32.25	1.0524151951004432
32.35	1.0468066396268667
32.45	1.0442633869377136
32.55	1.037473453668163
32.65	1.033269652186686
32.75	1.0246723279052612
32.85	1.016762080473501
32.95	1.0142076923008723
33.05	1.0062233205626356
33.15	1.0021994308797633
33.25	0.995265875697999
33.35	0.9910944348633384
33.45	0.9862427675418981
33.55	0.9830207449231034
33.65	0.9742984195818783
33.75	0.9693445770268067
33.85	0.9661547375513255
33.95	0.959423649802904
34.05	0.9584941716116522
34.15	0.953513828492068
34.25	0.9531854085370874
34.35	0.9520775771773168
34.45	0.9502177622039361
34.55	0.9487751640965711
34.65	0.947116428764569
34.75	0.9463149717628287
34.85	0.9466187385803357
34.95	0.9491881967347849
35.05	0.9506710154399792
35.15	0.9508284915003958
35.25	0.9524489446509372
35.35	0.9555426520625397
35.45	0.9592892040674413
35.55	0.9621628733797026
35.65	0.9680990348603211
35.75	0.9685953805433078
35.85	0.9743969581012324
35.95	0.9779560443897807
36.05	0.9843819616877021
36.15	0.98916885025703
36.25	0.9944436303005418
36.35	0.9987811005420061
36.45	1.0047598377374842
36.55	NaN
36.65	1.0134363652784657
36.75	1.0181512535955064
36.85	1.0235308585107752
36.95	1.0280450156009155
37.05	1.0315414763874469
37.15	1.0344231888288689
37.25	1.0366999737413471
37.35	1.0400421115961485
37.45	1.0443774792599554
37.55	1.0421079917798495
37.65	NaN
37.75	1.045153074602174
37.85	1.0520704511978545
37.95	1.045835415795895
38.05	1.0480134587368366
38.15	1.042820156859395
38.25	1.0460582090971269
38.35	1.0382794203167103
38.45	1.0350656380156176
38.550000000000004	1.0365629567264827
38.65	1.0342608566397178
38.75	1.0298615056224427
38.85	1.0256888531593156
38.95	1.0183231367568657
39.050000000000004	1.0173970308758549
39.15	NaN
39.25	NaN
39.35	NaN
39.45	NaN
39.550000000000004	0.9970016455618128
39.65	0.9912904792434684
39.75	0.9872799269065974
39.85	0.983967588133268
39.95	0.9788937999322508
40.050000000000004	0.9751250184423527
40.15	NaN
40.25	0.9712039421328886
40.35	0.9701294216168654
40.45	0.9678810588964474
40.550000000000004	0.9642987474410389
40.65	0.9623514046768867
40.75	0.9606823777474982
40.85	0.9624893468252084
40.95	0.9618905827064925
41.050000000000004	0.9612851463017351
41.15	0.9620948527410119
41.25	0.9594326792048624
41.35	0.9656967132521013
41.45	0.9656790497551244
41.550000000000004	NaN
41.65	0.967146619344844
41.75	0.9702666876732916
41.85	0.9716521556216313
41.95	0.9774883229526555
42.050000000000004	0.9796301636429574
42.15	NaN
42.25	0.9858432112210838
42.35	0.9901726755579716
42.45	0.9937936795249237
42.550000000000004	0.9991583309801335
42.65	1.003649163012037
42.75	1.0050892091603618
42.85	1.009012839198185
42.95	1.0148672926984705
43.050000000000004	1.0157518043748375
43.15	1.0184611190580324
43.25	1.0227793407012478
43.35	1.0256610218051396
43.45	1.0276671349077109
43.550000000000004	1.0302646053568598
43.65	NaN
43.75	1.03221577908722
43.85	1.0324854399547738
43.95	1.034883895447401
44.050000000000004	1.035883744130931
44.15	1.035399751309911
44.25	NaN
44.35	1.033267897449464
44.45	1.0334900861587306
44.550000000000004	1.0311045106338437
44.65	1.0288745261531922
44.75	1.0270028759740613
44.85	1.0260277340720778
44.95	1.0219696988758316
45.050000000000004	1.0215379423216138
45.15	1.0165893464468192
45.25	1.0145781691054523
45.35	NaN
45.45	1.0079411175545683
45.550000000000004	1.004847095176387
45.65	NaN
45.75	0.9995078182793221
45.85	0.9949275179925418
45.95	0.9913084214387714
46.050000000000004	0.9897643828997386
46.15	0.986763769167896
46.25	0.9857716102267858
46.35	0.9788034980473961
46.45	0.979325244583006
46.550000000000004	0.9778601633889934
46.65	NaN
46.75	0.974177125447861
46.85	0.9725564073719595
46.95	0.9726257934880332
47.050000000000004	0.970812929114977
47.15	0.9707067993149299
47.25	0.9732599972319917
47.35	0.970220845433638
47.45	0.9697517242933353
47.550000000000004	0.9698395990067941
47.65	0.9725480769580914
47.75	0.9727892828691322
47.85	0.9732971620102063
47.95	0.9774220675081934
48.050000000000004	0.9780634444750499
48.15	0.9838353140151115
48.25	0.9821379492152386
48.35	0.9872637129606012
48.45	0.9897694870593766
48.550000000000004	0.990949698645128
48.65	0.9934191423946802
48.75	0.9975356393712825
48.85	0.9979745982259182
48.95	1.0023994867914008
49.050000000000004	1.00299224209663
49.15	NaN
49.25	1.0126897564260158
49.35	1.0127007514685902
49.45	1.015914527892212
49.550000000000004	1.0179115284911966
49.65	1.019827214768577
49.75	1.020711172199168
49.85	1.0224030934188693
49.95	1.0232551659068172
50.050000000000004	1.0232210174551035
50.15	1.0271326030763999
50.25	1.0271253689673356
50.35	1.027971227938492
50.45	1.026459844410979
50.550000000000004	1.0272144342899137
50.65	1.0245890031367308
50.75	1.0257350745079579
50.85	1.0235683885451612
50.95	NaN
51.050000000000004	1.0211326913992285
51.15	1.020870107791078
51.25	1.017113735852837
51.35	1.0149612644443993
51.45	1.0116644045242444
51.550000000000004	NaN
51.65	1.0086015405199182
51.75	1.0061712927154305
51.85	1.003277706667137
51.95	1.0002640745453684
52.050000000000004	NaN
52.15	0.9949959565269306
52.25	0.9921692977740795
52.35	0.9900351723537781
52.45	0.9903309101351152
52.550000000000004	0.9848702593894512
52.65	0.9833409932141114
52.75	0.9839730274682598
52.85	0.9813740975651921
52.95	NaN
53.050000000000004	0.9798975656694708
53.15	NaN
53.25	0.9779856373453537
53.35	0.9766043860943581
53.45	0.9777588234232693
53.550000000000004	NaN
53.65	0.9762340261065933
53.75	NaN
53.85	0.9781206649223587
53.95	0.9786980022400267
54.050000000000004	NaN
54.15	0.9807124767606722
54.25	NaN
54.35	0.9839788642457499
54.45	0.9843900021738703
54.550000000000004	NaN
54.65	0.9904002329590029
54.75	0.9894138701900403
54.85	0.9962436347529333
54.95	0.9962420017417218
55.050000000000004	0.9987232760497257
55.15	1.0013747870521172
55.25	1.001289320568011
55.35	1.000400689896341
55.45	1.0067495129431148
55.550000000000004	1.0100263978689241
55.65	1.0090718458075463
55.75	1.0115540754006713
55.85	1.0152805321982037
55.95	1.016463649071302
56.050000000000004	1.0169329259130104
56.15	1.0185321600007562
56.25	1.014313886233023
56.35	1.0185289005493119
56.45	1.021742622246352
56.550000000000004	1.0187260720285236
56.65	1.021144275731538
56.75	NaN
56.85	1.0218733988879978
56.95	1.0187720739851112
57.050000000000004	1.0199516897317766
57.15	1.0188109346858427
57.25	1.0167922426736915
57.35	NaN
57.45	1.0149094952944813
57.550000000000004	1.0128730528143348
57.65	1.0113009019113708
57.75	1.011013455417224
57.85	1.0066822285900192
57.95	1.0075595673548245
58.050000000000004	1.0048736178324027
58.15	1.0003014491732447
58.25	0.9993503588596613
58.35	0.9956441181563942
58.45	NaN
58.550000000000004	0.9926459910675437
58.65	0.9901990530337045
58.75	NaN
58.85	0.9883374783576351
58.95	NaN
59.050000000000004	0.9849085304965665
59.15	0.9862643873700954
59.25	0.9832147250644961
59.35	0.9829250177586111
59.45	0.982829932940145
59.550000000000004	0.9808050706998204
59.65	0.9814003061533033
59.75	0.9805512358835057
59.85	NaN
59.95	0.9815129946617472
60.050000000000004	NaN
60.15	0.9830417040554513
60.25	0.9825892904053832
60.35	NaN
60.45	0.9860262743636846
60.550000000000004	0.9887531500473571
60.65	0.9861883185844164
60.75	0.9888126271152412
60.85	0.9949268929138987
60.95	0.9935161132485957
61.050000000000004	0.9932893924639008
61.15	0.9949475317650486
61.25	1.0000410290045818
61.35	0.9993642344601429
61.45	0.9992935806501791
61.550000000000004	NaN
61.65	1.0052328080936404
61.75	NaN
61.85	NaN
61.95	1.0073363549240035
62.050000000000004	1.0103138068020139
62.15	1.0119022766716703
62.25	1.0147853026498228
62.35	1.0140877975754696
62.45	1.0156427163159654
62.550000000000004	1.0162742924574237
62.65	1.0175038692057397
62.75	1.0157689680838173
62.85	1.0155798748790905
62.95	1.017956736819216
63.050000000000004	1.0171132517476231
63.15	1.018877225367707
63.25	NaN
63.35	1.0162319269442062
63.45	1.0142627831628355
63.550000000000004	1.0077165268237702
63.65	1.0113266671063261
63.75	1.0110116284574346
63.85	1.0108486340877307
63.95	1.0079312831395375
64.05	1.005592487119002
64.14999999999999	1.0062249080397565
64.25	1.007768159273152
64.35	1.00180110459143
64.44999999999999	1.0021274540854022
64.55	0.9988385675566827
64.64999999999999	0.998175345093918
64.75	0.99525968573865
64.85	0.9934571784956688
64.94999999999999	0.9923218614684655
65.05	0.9909789474948616
65.14999999999999	0.9920227464757152
65.25	NaN
65.35	0.9894345521124953
65.44999999999999	NaN
65.55	0.9870973896007117
65.64999999999999	0.9853492198999141
65.75	0.9857861365718736
65.85	0.9856743545305076
65.94999999999999	0.9851717989385471
66.05	NaN
66.14999999999999	0.9851475091728974
66.25	0.987226497398236
66.35	0.9851565841140905
66.44999999999999	0.985346198950042
66.55	0.9864732585342624
66.64999999999999	NaN
66.75	0.9883939861734703
66.85	NaN
66.94999999999999	NaN
67.05	0.9910035319582047
67.14999999999999	0.9940738212730481
67.25	0.9931486588003615
67.35	0.9950159933616203
67.44999999999999	0.996571277586129
67.55	0.9994129825477706
67.64999999999999	NaN
67.75	NaN
67.85	1.001241601413509
67.94999999999999	1.0033261501682185
68.05	1.0067133903093521
68.14999999999999	1.0093755468156338
68.25	NaN
68.35	1.0092301625421598
68.44999999999999	1.00967516796781
68.55	1.0107254699403219
68.64999999999999	NaN
68.75	1.0129580095981612
68.85	1.0141841925176145
68.94999999999999	1.012799377695952
69.05	1.0136681933441896
69.14999999999999	1.0125435654724182
69.25	1.013834305748767
69.35	1.0138664761828406
69.44999999999999	NaN
69.55	1.0140223187268198
69.64999999999999	1.0122166142392244
69.75	NaN
69.85	1.0104335572467547
69.94999999999999	NaN
70.05	1.0092641827722804
70.14999999999999	1.007207058249326
70.25	NaN
70.35	1.0058346043285427
70.44999999999999	NaN
70.55	1.0044103223356664
70.64999999999999	1.002460797144936
70.75	1.0005634004732498
70.85	0.9994615242277686
70.94999999999999	0.9977094364049672
71.05	0.9943915833743447
71.14999999999999	0.9946303255789158
71.25	NaN
71.35	0.992491350468603
71.44999999999999	0.9924443319376265
71.55	0.9919911889260077
71.64999999999999	0.991345532951618
71.75	0.9893823030952024
71.85	0.9880140876125734
71.94999999999999	0.9887102931524272
72.05	NaN
72.14999999999999	NaN
72.25	NaN
72.35	NaN
72.44999999999999	0.9888686945591758
72.55	0.9875180900908078
72.64999999999999	0.9880833910255318
72.75	NaN
72.85	0.9880254131794696
72.94999999999999	0.9901392859441656
73.05	0.9897142123501377
73.14999999999999	0.9905681899536027
73.25	0.9932000341114281
73.35	0.9930157486548412
73.44999999999999	NaN
73.55	0.995956288154241
73.64999999999999	NaN
73.75	NaN
73.85	0.998066190975222
73.94999999999999	1.0007531402972336
74.05	1.0035349508638767
74.14999999999999	1.0010800312006796
74.25	1.00407718060308
74.35	1.005013973315857
74.44999999999999	1.0055317938995783
74.55	1.0070371496124646
74.64999999999999	1.011027127112555
74.75	1.0111185322390281
74.85	1.0097675819575966
74.94999999999999	1.011885107887833
75.05	1.0108898239767934
75.14999999999999	1.0098832557174229
75.25	NaN
75.35	NaN
75.44999999999999	NaN
75.55	1.0115773089354596
75.64999999999999	NaN
75.75	NaN
75.85	1.0100074252316182
75.94999999999999	1.0104622893785873
76.05	1.0099992892034302
76.14999999999999	1.0101514479091036
76.25	NaN
76.35	1.0063313356282684
76.44999999999999	NaN
76.55	1.0065364521709124
76.64999999999999	1.0050625396348163
76.75	NaN
76.85	NaN
76.95	NaN
77.05	NaN
77.14999999999999	0.9990576638670846
77.25	0.997880035486531
77.35	0.997662610778473
77.45	0.996061671050102
77.55	0.9945355980375319
77.64999999999999	0.9944774697523472
77.75	0.9932976349934689
77.85	0.9920319101649022
77.95	0.9905751917753718
78.05	0.9911174735782999
78.14999999999999	0.9901607349886212
78.25	0.9901901628891087
78.35	0.9889056684501988
78.45	NaN
78.55	NaN
78.64999999999999	0.9882358801874039
78.75	0.9887087290387853
78.85	NaN
78.95	0.990058107024484
79.05	NaN
79.14999999999999	NaN
79.25	0.9902157598522346
79.35	NaN
79.45	0.9908789223693538
79.55	0.9927651172022598
79.64999999999999	NaN
79.75	0.9950241003221104
79.85	0.9971357824990813
