0.15	0.0374013575214234
0.25	0.03666758117721006
0.35	0.03701847667773184
0.45	0.03735842201582536
0.55	0.03758494585798079
0.65	0.03748732794556676
0.7500000000000001	0.03818556997194994
0.85	0.038471122918559225
0.95	0.03925378866822564
1.05	0.03964807897865888
1.15	0.04037310143441013
1.25	0.040864066624923576
1.35	0.04203876191007053
1.45	0.04272604123555991
1.55	0.04375921193941654
1.65	0.04476123992345188
1.75	0.046158622703582404
1.85	0.047540280896295736
1.95	0.04885398143866558
2.05	0.050369774762895815
2.15	0.052055000718047945
2.25	0.054024476201901685
2.35	0.055980664002473896
2.45	0.05786721841045938
2.5500000000000003	0.060289543162250006
2.65	0.0630885114584607
2.75	0.06603800107024108
2.85	0.06902753171322158
2.95	0.07256528171549408
3.0500000000000003	0.0762250261258073
3.15	0.08025244641702689
3.25	0.08478225860536732
3.35	0.0900003613338048
3.45	0.09559511245666166
3.5500000000000003	0.10166713117023375
3.65	0.10769510074506591
3.75	0.11555868541921217
3.85	0.12379287925290514
3.95	0.13377059257413285
4.05	0.1435781967354546
4.1499999999999995	0.15540104176983022
4.25	0.16827116458052035
4.35	0.18355674824964774
4.449999999999999	0.20038770031667374
4.55	0.22004807451415512
4.6499999999999995	0.24196903853854196
4.75	0.2679797617748204
4.85	0.2956057759289888
4.95	0.3297444440264692
5.05	0.36931837828878517
5.1499999999999995	0.41301285187119846
5.25	0.46492701047166934
5.35	0.5244348896929927
5.45	0.5981350067071188
5.55	0.6772994549972904
5.6499999999999995	0.7744795313401259
5.75	0.8849184149520889
5.85	1.0129617301512954
5.95	1.1506570475020794
6.05	1.3083316299481424
6.1499999999999995	1.4804255512222215
6.25	1.6459645512211314
6.35	1.8162363066589133
6.45	1.956769149366018
6.55	2.0628147075213836
6.6499999999999995	2.1252813793682357
6.75	2.1374385007573227
6.85	2.1004241626686015
6.95	2.032079662183246
7.05	1.9323476635415318
7.1499999999999995	1.818565979100219
7.25	1.7045881713729478
7.35	1.5899580329657865
7.45	1.4714154819226564
7.55	1.3723940916295572
7.6499999999999995	1.2808482602160038
7.75	1.1947112508777784
7.85	1.1234178019091259
7.95	1.054924791975045
8.05	0.996446902673902
8.15	0.9464003571389191
8.25	0.9001318142963927
8.350000000000001	0.8645835384714483
8.450000000000001	0.830396371403579
8.55	0.7996251769315199
8.65	0.776133721526573
8.75	0.7556060145995366
8.850000000000001	0.7366498147542232
8.950000000000001	0.7225310412981815
9.05	0.7119240070581606
9.15	0.7009266549960618
9.25	0.6948449833773342
9.350000000000001	0.6894851208848493
9.450000000000001	0.6874060064035488
9.55	0.6869862793744701
9.65	0.6880520282426729
9.750000000000002	0.6914931734858814
9.85	0.6964652513166553
9.95	0.7031721640888459
10.049999999999999	0.7111539929086987
10.149999999999999	0.7215838227533435
10.25	0.7337526137476659
10.35	0.7475752685992182
10.45	0.7633514967071465
10.549999999999999	0.7784949207426637
10.649999999999999	0.7974881125986708
10.75	0.8168425074599133
10.85	0.8385004321876325
10.95	0.8631999597951373
11.049999999999999	0.8852138076611102
11.149999999999999	0.9116829452722574
11.25	0.9371683073028235
11.35	0.9635524509448543
11.45	0.9909099900354171
11.549999999999999	1.0166054604980754
11.649999999999999	1.0450687985956204
11.75	1.0716438303592584
11.85	1.0978476064248883
11.95	1.1227153472087903
12.049999999999999	1.1455123562467766
12.149999999999999	1.1687968156495459
12.25	1.1881665825593715
12.35	1.2026427477218735
12.45	1.2171318873458643
12.549999999999999	1.22745191102342
12.649999999999999	1.2340443563180514
12.75	1.239732995850188
12.85	1.2403724371417089
12.95	1.2382440562658914
13.049999999999999	1.2360801512846558
13.149999999999999	1.2274075051983413
13.25	1.215519692540132
13.35	1.2015289968319853
13.45	1.1852268500094463
13.549999999999999	1.1695036885290637
13.649999999999999	1.1494326868937252
13.75	1.129554673573886
13.85	1.108713420846361
13.95	1.0875482656977475
14.049999999999999	1.0653825082948538
14.149999999999999	1.0464961808344713
14.25	1.0244034617165152
14.35	1.0080321718369611
14.45	0.9865195879434133
14.549999999999999	0.9692708138967869
14.649999999999999	0.9525828945672558
14.75	0.9376308398265375
14.85	0.9246538288543932
14.95	0.9124421578981667
15.049999999999999	0.8993778288738443
15.149999999999999	0.8894854694667492
15.25	0.8812525871385759
15.35	0.8731553414013371
15.45	0.867464893891335
15.549999999999999	0.8652158758227758
15.649999999999999	0.8620881885618836
15.75	0.857840703963337
15.85	0.8579497453857259
15.95	0.8585945582529914
16.05	0.8597780068047882
16.15	0.8622600392385998
16.25	0.8663121920969539
16.349999999999998	0.872150910349842
16.45	0.8799192232480184
16.55	0.8865740294698868
16.65	0.8941753734642116
16.75	0.9020032180825966
16.849999999999998	0.9113495906531339
16.95	0.9220185664613353
17.05	0.933197398072201
17.15	0.9463519982746812
17.25	0.9562888761931345
17.349999999999998	0.9705581088842101
17.45	0.9829485288818474
17.55	0.9967523520968458
17.65	1.0095850577911099
17.75	1.021607071096621
17.849999999999998	1.0319811097303746
17.95	1.0422948190262034
18.05	1.0551390098361186
18.15	1.0653344211741056
18.25	1.0779218294819088
18.349999999999998	1.0849945533972989
18.45	1.093033425573559
18.55	1.0990596115712152
18.65	1.103499786373369
18.75	1.1080245237531596
18.849999999999998	1.1091652465597404
18.95	1.1079275977969916
19.05	1.1111230699712766
19.15	1.1099393585907753
19.25	1.1077015397232524
19.35	1.1025149640273615
19.45	1.097530211163719
19.55	1.0929739785964305
19.65	1.0869838966570808
19.75	1.0802087196375145
19.85	1.0709841883651836
19.95	1.061171168030098
20.05	1.0519565211081106
20.15	1.0438773981838434
20.25	1.0332385527144985
20.35	1.0240066204363814
20.45	1.0146451451350869
20.55	1.0049826624865974
20.65	0.9941627794208104
20.75	0.9875546059541671
20.85	0.9787082203224154
20.95	0.9684883549012199
21.05	0.9652368642193396
21.15	0.9549314483519525
21.25	0.9488598407829776
21.35	0.9434747303761868
21.45	0.9403934113826107
21.55	0.9365939503904228
21.65	0.931332322499445
21.75	0.9295314472667678
21.85	0.9253141226846886
21.95	0.9250079211977973
22.05	0.9211756871741785
22.15	0.9237288415646362
22.25	0.9241763987633058
22.35	0.9251049418085129
22.45	0.9260599948120555
22.55	0.9296931097435878
22.65	0.9326521417477682
22.75	0.9389248312872001
22.85	0.9401086200467661
22.95	0.9463094625734852
23.05	0.9509285908860343
23.15	0.956870980038853
23.25	0.9618845589208773
23.35	0.9695936238342974
23.45	0.9755293740330407
23.55	0.981658915653275
23.65	0.989817112398463
23.75	0.9987375596603898
23.85	1.0017903413692204
23.95	1.0109459923844335
24.05	1.018240832651628
24.15	1.0242238328961248
24.25	1.030324409394172
24.35	1.0364456729758216
24.45	1.0424583585414435
24.55	1.0481942743499928
24.65	1.0528794052384352
24.75	1.05477850763565
24.85	1.056986824695539
24.95	1.0612851452710763
25.05	1.0587590067825587
25.15	1.0640566531726474
25.25	1.0618641939848732
25.35	1.0636941955933195
25.45	1.061642662657862
25.55	1.059767836047698
25.65	1.0578553636440577
25.75	1.05542184237143
25.85	1.0510346482392954
25.95	1.0467945668420924
26.05	1.0432821721276757
26.15	1.0385013420340232
26.25	1.032476292685851
26.35	1.0272154049428246
26.45	1.0223506377092793
26.55	1.017412233866341
26.65	1.0139324823968143
26.75	1.0067166189080674
26.85	0.999812319207543
26.95	0.9942714728139245
27.05	0.9880908833377142
27.15	0.9856814607822905
27.25	0.9798016335220242
27.35	0.9752483485653213
27.45	0.970212856005188
27.55	0.9678051008030376
27.65	0.9608754232133431
27.75	0.9621673405004327
27.85	0.9585725346979708
27.95	0.955833017931554
28.05	0.9535425259090503
28.15	0.9533030246709656
28.25	0.9515705983584273
28.35	0.9512420199697476
28.45	0.9516833219608775
28.55	0.952993241447323
28.65	0.9528901226777602
28.75	0.9557647495755123
28.85	0.958449445547783
28.95	0.959410300031359
29.05	0.9616817849838275
29.15	0.965232786587066
29.25	0.9651069216918013
29.35	0.9714657504954031
29.45	0.9741750336298246
29.55	0.9799976065485728
29.65	0.9853334886830674
29.75	0.9866226245845314
29.85	0.9932567583623165
29.95	NaN
30.05	1.0012845853341754
30.15	1.0051083328521235
30.25	1.0101511054894934
30.35	1.0149385958538175
30.45	1.0176410253156034
30.55	1.023007431647485
30.65	1.0255221783751727
30.75	1.0288301620812352
30.85	1.0312476985065584
30.95	1.0351776842483704
31.05	1.0376503258248413
31.15	1.0388505609489043
31.25	1.0384829365386137
31.35	1.0396738314612413
31.45	1.0410481595757306
31.55	1.040946719914266
31.65	1.0393778678959078
31.75	NaN
31.85	1.0378505783318674
31.95	1.0379146173331675
32.05	1.03615710648982
32.15	1.0332336988800304
32.25	1.028854586401975
32.35	1.0264213162573919
32.45	1.0226626979613351
32.55	1.0207108491987529
32.65	1.0162108875431317
32.75	1.0127765098548516
32.85	1.0083681110353138
32.95	1.0063962613359745
33.05	1.0033144203617141
33.15	0.9987163018364845
33.25	0.9956320549945789
33.35	0.9905072814219399
33.45	0.9894641045384814
33.55	0.9844027195772097
33.65	0.982035113329912
33.75	0.9787125334912573
33.85	0.9776748606829314
33.95	0.9750951221141049
34.05	0.9728462953839878
34.15	0.9692539776256315
34.25	0.9697465694528252
34.35	0.9687752890132364
34.45	0.967772501160845
34.55	0.9691618861252947
34.65	0.9687781287530434
34.75	0.967069160388395
34.85	0.9671958015488706
34.95	0.9692928406767177
35.05	0.9675674443545574
35.15	0.9716707693983351
35.25	0.9727083298210569
35.35	0.9747172831873351
35.45	0.9761451140304047
35.55	0.9797936739574002
35.65	0.9830846371903956
35.75	0.9839332865443853
35.85	0.9871782395431076
35.95	0.9888686552839663
36.05	0.99326664776442
36.15	0.9968588027617599
36.25	0.9980339842366673
36.35	1.0026464837613402
36.45	1.0040716145661157
36.55	1.0080678588031888
36.65	NaN
36.75	1.0111135139298293
36.85	1.015146737305224
36.95	1.0189085632991166
37.05	1.023911703308848
37.15	1.0213344327820537
37.25	1.024810307080018
37.35	1.026145242993541
37.45	1.026715850631918
37.55	1.027004888471515
37.65	1.0283728993772727
37.75	1.0300397431142372
37.85	1.0297970966114454
37.95	1.0272411510822859
38.05	NaN
38.15	NaN
38.25	1.0221831510965873
38.35	1.023517863519574
38.45	1.0237115909349577
38.550000000000004	1.0192789744697484
38.65	1.01671829480152
38.75	1.0158488271476873
38.85	1.0157628833008383
38.95	1.0101942308676493
39.050000000000004	1.0108587612618014
39.15	1.0057547059825673
39.25	1.0026738558393913
39.35	1.00055865471036
39.45	0.9969312273071996
39.550000000000004	0.9954900993361325
39.65	NaN
39.75	0.9909673376606131
39.85	0.9879192234254146
39.95	0.9862863655396351
40.050000000000004	0.9856539406611174
40.15	0.9821650662222662
40.25	0.9821626123912163
40.35	NaN
40.45	0.9791402816327146
40.550000000000004	0.9788212330099327
40.65	0.9781596232499236
40.75	0.9757440723988529
40.85	0.9765857868895774
40.95	0.9758666366317738
41.050000000000004	0.9742591608493287
41.15	0.9765634992988005
41.25	0.9765545067178304
41.35	0.9773158982176048
41.45	0.978877137893413
41.550000000000004	0.9812607270537793
41.65	0.9823139085935166
41.75	0.9832396214849606
41.85	0.9846077195009343
41.95	0.9864440444913515
42.050000000000004	0.9894766237755377
42.15	0.9905197904146492
42.25	0.992048965897372
42.35	0.99517671420857
42.45	0.9984751641693642
42.550000000000004	1.000546210590625
42.65	1.0018189515797893
42.75	1.0043906363683819
42.85	1.0070867685948828
42.95	1.00634860187153
43.050000000000004	1.0119574856858564
43.15	NaN
43.25	1.0134777249528597
43.35	1.0165270829953308
43.45	1.017717233984943
43.550000000000004	1.0208758576457775
43.65	NaN
43.75	NaN
43.85	1.0204812108319452
43.95	1.0201652688072873
44.050000000000004	1.021509246791453
44.15	1.0214676249118206
44.25	1.0194103339995824
44.35	1.019024918407945
44.45	NaN
44.550000000000004	1.0184150316487823
44.65	1.0191846391380155
44.75	1.0169028590370448
44.85	1.0177447160558721
44.95	1.0139394006599105
45.050000000000004	1.010920125175222
45.15	1.0103970760573648
45.25	1.008376876810959
45.35	1.0069894516210773
45.45	1.0032697632142322
45.550000000000004	1.0030977026561048
45.65	1.001012466801103
45.75	NaN
45.85	0.996058049610704
45.95	NaN
46.050000000000004	0.9947089582752424
46.15	0.9904861189523964
46.25	0.991950364706041
46.35	NaN
46.45	0.9865653562298419
46.550000000000004	0.9852232475172457
46.65	NaN
46.75	0.98482563860047
46.85	0.9824102183222503
46.95	0.9820852567786533
47.050000000000004	0.9808221239159781
47.15	0.9828299878408167
47.25	0.982416200289949
47.35	0.9827692985155252
47.45	NaN
47.550000000000004	0.9820973672701163
47.65	0.9836256359125966
47.75	0.9848776554406482
47.85	0.9843214525905096
47.95	0.9866771951648434
48.050000000000004	0.9881152095746132
48.15	0.987478214959685
48.25	0.9899833681241161
48.35	0.9915464467003868
48.45	0.9928057076932736
48.550000000000004	0.9934144143029302
48.65	0.997991528443913
48.75	0.9986184949052055
48.85	1.0005873008455148
48.95	1.0022577120173906
49.050000000000004	1.0046642986632086
49.15	1.0031522174996188
49.25	1.0055164826645804
49.35	1.0090748402345244
49.45	1.0102919435801425
49.550000000000004	1.0125959720608426
49.65	1.0120885441750702
49.75	NaN
49.85	1.015432519747611
49.95	1.0152770528243247
50.050000000000004	1.0155907388241634
50.15	1.0169298081550222
50.25	1.0157369903939184
50.35	1.0142065367614226
50.45	1.0156763997385247
50.550000000000004	1.0165372937156676
50.65	1.0158521812988628
50.75	1.0150142797453332
50.85	1.0138804585827366
50.95	1.0131138304558303
51.050000000000004	1.0120401565209836
51.15	1.0106815380874121
51.25	1.0090413498795565
51.35	1.0098386275115798
51.45	1.0068366858097977
51.550000000000004	1.0059851236871926
51.65	1.0056629996474624
51.75	1.0058136693419915
51.85	1.0006083322804151
51.95	1.000292950667922
52.050000000000004	0.9978586684400421
52.15	NaN
52.25	0.9936700946975804
52.35	0.9921546915523858
52.45	0.9919198447315882
52.550000000000004	0.9904384171593981
52.65	0.9911370031604214
52.75	0.9899559747663457
52.85	0.9878751706826812
52.95	0.9868553523791626
53.050000000000004	0.9878246650377919
53.15	0.9842111395072792
53.25	0.9869771244789027
53.35	0.9861125567931206
53.45	0.9866785110019977
53.550000000000004	0.987038665629809
53.65	0.9868449381888512
53.75	0.9869539196406657
53.85	0.987701720259728
53.95	0.9875129556821787
54.050000000000004	0.9874646787716312
54.15	0.988715503558708
54.25	0.9909663566105212
54.35	0.9912380905340712
54.45	0.993156381026423
54.550000000000004	NaN
54.65	0.9930225568096793
54.75	0.9956121215839898
54.85	0.9969226374277977
54.95	0.9986428468797681
55.050000000000004	0.9987327352523983
55.15	0.9987812854381266
55.25	1.0040419632442639
55.35	1.0028857058730796
55.45	1.0038054139454413
55.550000000000004	1.006425380785529
55.65	NaN
55.75	1.0091678288847565
55.85	1.009713165457518
55.95	1.0087547381185482
56.050000000000004	1.0102920222514342
56.15	1.0126329596707513
56.25	1.014141705329714
56.35	1.0202590832662017
56.45	1.0094671842560639
56.550000000000004	1.0125061083388411
56.65	1.0140006127558234
56.75	1.0142849712053041
56.85	1.011605282363712
56.95	1.0134003666057174
57.050000000000004	1.0127285049520736
57.15	1.0092552225357372
57.25	1.0096935566164187
57.35	1.009195797733215
57.45	1.0058411663378004
57.550000000000004	NaN
57.65	1.0079461144485595
57.75	1.0057500763926517
57.85	1.0037975194558628
57.95	1.0044889241611032
58.050000000000004	NaN
58.15	1.0001230204865468
58.25	1.000453745796368
58.35	0.9958873639459725
58.45	0.9970218632674647
58.550000000000004	0.9962446340445296
58.65	0.9956588415649897
58.75	NaN
58.85	0.9933865966395161
58.95	0.9929927590001761
59.050000000000004	0.9910425013352634
59.15	0.990006782119362
59.25	0.9893762173695224
59.35	0.9904048539470311
59.45	0.9892076713315645
59.550000000000004	0.9890038541311023
59.65	NaN
59.75	0.9888944087680793
59.85	0.9890709309431782
59.95	0.9899466670605548
60.050000000000004	0.9903290067555469
60.15	0.9888447000094986
60.25	0.9909646523414829
60.35	NaN
60.45	0.9921377551886007
60.550000000000004	0.9915342534572374
60.65	0.9931885822402027
60.75	0.9910837517312475
60.85	NaN
60.95	0.9945167121030936
61.050000000000004	0.9978673172432996
61.15	0.9990706213965488
61.25	0.9968717126859968
61.35	0.9973943557460627
61.45	1.0010983560848878
61.550000000000004	1.0012081726759312
61.65	1.0021807162811205
61.75	1.0054067524229184
61.85	1.0039001055981531
61.95	NaN
62.050000000000004	1.0064380311165109
62.15	1.0085662235774902
62.25	1.0078709617201052
62.35	1.0095934334099739
62.45	NaN
62.550000000000004	1.0117678166559823
62.65	NaN
62.75	NaN
62.85	1.0116316764407345
62.95	1.0101060160121647
63.050000000000004	1.0111788129785861
63.15	1.010186018623571
63.25	1.007858548656349
63.35	1.0097032088341749
63.45	1.008418255969408
63.550000000000004	1.0064406018573517
63.65	NaN
63.75	1.005374054412869
63.85	NaN
63.95	1.0042083708442473
64.05	1.0038990997959292
64.14999999999999	1.0032407211113774
64.25	1.0026960668421308
64.35	NaN
64.44999999999999	1.0002314532834906
64.55	0.9996421371672672
64.64999999999999	0.9991580538810687
64.75	0.9978587194000044
64.85	0.9979015570560895
64.94999999999999	0.9956656030161385
65.05	0.992068452863123
65.14999999999999	NaN
65.25	0.992355595345097
65.35	0.9937773615512934
65.44999999999999	0.9936373223514146
65.55	0.9926961502323891
65.64999999999999	NaN
65.75	0.9907079248630527
65.85	0.9904314946180446
65.94999999999999	NaN
66.05	NaN
66.14999999999999	0.9906097337759253
66.25	0.9911201658010769
66.35	0.9896897815683652
66.44999999999999	0.9907455893888427
66.55	NaN
66.64999999999999	0.9925508885929619
66.75	0.9917803863846163
66.85	NaN
66.94999999999999	NaN
67.05	NaN
67.14999999999999	NaN
67.25	0.9972899279188239
67.35	NaN
67.44999999999999	NaN
67.55	0.997426870769781
67.64999999999999	0.9992946014312697
67.75	0.9994953413758474
67.85	1.0020634597565377
67.94999999999999	NaN
68.05	1.0036786075636712
68.14999999999999	1.0054165256183991
68.25	1.0036834724521446
68.35	1.0058343346998404
68.44999999999999	1.0068016397926758
68.55	1.0064959360207322
68.64999999999999	NaN
68.75	1.0079380304744185
68.85	1.007408587404307
68.94999999999999	1.009350667665007
69.05	NaN
69.14999999999999	1.0075553592085738
69.25	NaN
69.35	1.0080934948720528
69.44999999999999	1.0072625437474223
69.55	1.0076420691875034
69.64999999999999	1.0075391775572373
69.75	1.007622247441836
69.85	1.0067658367922678
69.94999999999999	1.0036392297826862
70.05	NaN
70.14999999999999	1.0056549297638822
70.25	1.0026276666984892
70.35	1.0042481754383712
70.44999999999999	1.0021833228319166
70.55	1.001667655591202
70.64999999999999	1.0010473956086179
70.75	0.9990090162808402
70.85	0.9992142967234349
70.94999999999999	0.9991517468863133
71.05	0.9954728046446459
71.14999999999999	NaN
71.25	0.996817281823545
71.35	NaN
71.44999999999999	0.9946753472794514
71.55	0.9940851249220245
71.64999999999999	0.9934069118141963
71.75	0.9922597502040329
71.85	NaN
71.94999999999999	NaN
72.05	0.9925288849349838
72.14999999999999	NaN
72.25	0.9926478975164489
72.35	0.9920878434697306
72.44999999999999	NaN
72.55	NaN
72.64999999999999	0.9942727566599809
72.75	0.9926264479353851
72.85	0.9937597917196637
72.94999999999999	NaN
73.05	0.994709870870319
73.14999999999999	0.9956746216810517
73.25	0.9971650087501411
73.35	0.9955616686263579
73.44999999999999	0.9964314675749529
73.55	0.9973095455696803
73.64999999999999	0.9975858721147919
73.75	0.9994681306589421
73.85	0.999612194803021
73.94999999999999	NaN
74.05	NaN
74.14999999999999	1.0022463437794487
74.25	1.001429951229967
74.35	1.0038023075592988
74.44999999999999	1.0033365307891597
74.55	1.0047498345979944
74.64999999999999	NaN
74.75	NaN
74.85	1.0059110221323353
74.94999999999999	1.0069307247630126
75.05	1.0056612734033463
75.14999999999999	1.0053526685680467
75.25	1.005708816298093
75.35	1.00872991097507
75.44999999999999	1.0091273878518086
75.55	1.0069358936467079
75.64999999999999	1.0070470502734248
75.75	NaN
75.85	1.0072532521850432
75.94999999999999	NaN
76.05	1.0052677084711552
76.14999999999999	1.005659551798809
76.25	1.0058337365301746
76.35	1.0042933521270505
76.44999999999999	NaN
76.55	1.0041809358076113
76.64999999999999	0.9998442813680213
76.75	NaN
76.85	1.001103855023603
76.95	1.0010336889169609
77.05	0.99876433867619
77.14999999999999	0.9992660534101986
77.25	NaN
77.35	NaN
77.45	NaN
77.55	0.997330675725457
77.64999999999999	NaN
77.75	0.9945781550133029
77.85	0.9957594689822113
77.95	NaN
78.05	0.9942286412081142
78.14999999999999	NaN
78.25	0.9949433391466768
78.35	0.9943517043300579
78.45	NaN
78.55	NaN
78.64999999999999	NaN
78.75	0.9921991961878531
78.85	0.9932900985425365
78.95	0.9948625601075277
79.05	NaN
79.14999999999999	NaN
79.25	0.9953776507941912
79.35	0.995946956722725
79.45	NaN
79.55	0.9941338533205204
79.64999999999999	NaN
79.75	0.9973506108652209
79.85	0.9988664355440053
