0.15	0.018469185091302482
0.25	0.019032539022185945
0.35	0.019471902012757808
0.45	0.01912202326705525
0.55	0.019483031802831008
0.65	0.019353767458186583
0.7500000000000001	0.019669972735890703
0.85	0.01979200831112841
0.95	0.020318102739471416
1.05	0.02037019142305828
1.15	0.020778600059894948
1.25	0.021163254312960334
1.35	0.021599973867811668
1.45	0.02192942967918833
1.55	0.022688519749994293
1.65	0.022984326218615975
1.75	0.023616124652600514
1.85	0.024294271332605664
1.95	0.02504112317013549
2.05	0.025775337685123106
2.15	0.02659341870447596
2.25	0.027509689165006394
2.35	0.028547444388122317
2.45	0.02950985690881707
2.5500000000000003	0.03083022598290434
2.65	0.03201248115214778
2.75	0.03341797902284452
2.85	0.034897155239986107
2.95	0.03661167190226979
3.0500000000000003	0.0383432673146132
3.15	0.04023091055177133
3.25	0.042497213328127614
3.35	0.04501418065762501
3.45	0.04746574666756852
3.5500000000000003	0.05049056026917675
3.65	0.053669432936946905
3.75	0.05744558626638132
3.85	0.060960014133923233
3.95	0.06577424437135103
4.05	0.07074892574622772
4.1499999999999995	0.07643505804358204
4.25	0.08235109005291884
4.35	0.09007605460520088
4.449999999999999	0.09760427348508273
4.55	0.10669578128783708
4.6499999999999995	0.11667798105364754
4.75	0.1289313696581467
4.85	0.14304153414060186
4.95	0.1592037384916053
5.05	0.17697962723871383
5.1499999999999995	0.19995776288466896
5.25	0.22417075112762086
5.35	0.2548934488011395
5.45	0.29233039154966756
5.55	0.3359633318515326
5.6499999999999995	0.38703502164321485
5.75	0.45436844949047306
5.85	0.5291604134830069
5.95	0.6258833625292487
6.05	0.747178772258271
6.1499999999999995	0.8988373007511586
6.25	1.0850897161035267
6.35	1.298497437301362
6.45	1.5767315825818318
6.55	1.8871769222457853
6.6499999999999995	2.2277803666339677
6.75	2.540336376112946
6.85	2.783356169935573
6.95	2.9268606481602966
7.05	2.9110666271707872
7.1499999999999995	2.7727952880810527
7.25	2.5565414786490046
7.35	2.2944134992059153
7.45	2.0389362197352523
7.55	1.8161109233492454
7.6499999999999995	1.6075812903661468
7.75	1.4303542868423167
7.85	1.282184802831479
7.95	1.16069560050009
8.05	1.058959614729065
8.15	0.9732396622312957
8.25	0.9005231591157198
8.350000000000001	0.8374385756978242
8.450000000000001	0.7872099134362698
8.55	0.7436203753208404
8.65	0.7072047588428643
8.75	0.6768978086508516
8.850000000000001	0.6512709594333624
8.950000000000001	0.6299829519902409
9.05	0.6118058942149632
9.15	0.5977928975450595
9.25	0.58658496692354
9.350000000000001	0.5792160343800034
9.450000000000001	0.5720897649587353
9.55	0.5694866792318276
9.65	0.5689681292914102
9.750000000000002	0.5695809937429033
9.85	0.5738429087549793
9.95	0.5772883017370046
10.049999999999999	0.5853285399346315
10.149999999999999	0.5940881462293103
10.25	0.6049274235692177
10.35	0.6190176415708147
10.45	0.6345206387161332
10.549999999999999	0.6512139431401797
10.649999999999999	0.6711165322006586
10.75	0.6956313128485593
10.85	0.7210674148597321
10.95	0.7477538150950773
11.049999999999999	0.777197094691221
11.149999999999999	0.8102971281000901
11.25	0.8459653536894526
11.35	0.8818383078773521
11.45	0.9205948184960057
11.549999999999999	0.9617926290921085
11.649999999999999	1.0023602984869908
11.75	1.0432093126375295
11.85	1.0857802767635358
11.95	1.1263871966790826
12.049999999999999	1.1638732508566527
12.149999999999999	1.198905933604162
12.25	1.2305939488446451
12.35	1.2588127520162196
12.45	1.2829896822167857
12.549999999999999	1.304767483339834
12.649999999999999	1.3168435187677923
12.75	1.3295910002912525
12.85	1.3366146879964542
12.95	1.3401980451297095
13.049999999999999	1.339750890444669
13.149999999999999	1.3345825734957912
13.25	1.3277595067077315
13.35	1.3173086375151255
13.45	1.303455738231009
13.549999999999999	1.2848074583494913
13.649999999999999	1.2664274643754594
13.75	1.243430060063375
13.85	1.216738408174327
13.95	1.1885424415366956
14.049999999999999	1.1589701389609064
14.149999999999999	1.1303597058841557
14.25	1.095779633892093
14.35	1.0641314632991354
14.45	1.0334420871337417
14.549999999999999	1.0031024854246973
14.649999999999999	0.9731214702347388
14.75	0.9460928567159288
14.85	0.9207667187641451
14.95	0.8948060816149804
15.049999999999999	0.8766195714713706
15.149999999999999	0.8576560994859214
15.25	0.8416099705471386
15.35	0.8260383249834053
15.45	0.8144297461318268
15.549999999999999	0.8025878818469163
15.649999999999999	0.7940947809697408
15.75	0.7900235601150042
15.85	0.78497143449136
15.95	0.7828600571421959
16.05	0.7821733915688643
16.15	0.7849108099312635
16.25	0.7868045113426482
16.349999999999998	0.7923118637890006
16.45	0.7988232377882231
16.55	0.8040259404738102
16.65	0.8168821777245371
16.75	0.825693590862595
16.849999999999998	0.8392895909351621
16.95	0.8531254564265317
17.05	0.8700003133389786
17.15	0.8870898523901151
17.25	0.905305350646068
17.349999999999998	0.9257533457425087
17.45	0.9418371597396726
17.55	0.9622651286309855
17.65	0.9844875420337963
17.75	1.0060983888513724
17.849999999999998	1.0262145482623826
17.95	1.0466614029796766
18.05	1.06624415060087
18.15	1.0840922224644611
18.25	1.1044672131320796
18.349999999999998	1.120585972985303
18.45	1.134176022388026
18.55	1.1481379526594149
18.65	1.1576927010670393
18.75	1.1636635930986514
18.849999999999998	1.171017147498315
18.95	1.1789804829268582
19.05	1.176261200530764
19.15	1.175859293571864
19.25	1.1728463377377119
19.35	1.16818952279628
19.45	1.161350390946099
19.55	1.1525765159858243
19.65	1.1436782068382094
19.75	1.132463498747504
19.85	1.1202012171490061
19.95	1.1057841025008208
20.05	1.094418900925634
20.15	1.0807856561735985
20.25	1.0678010700836311
20.35	1.0523499961545848
20.45	1.0379313656725726
20.55	1.0249575637315633
20.65	1.0108733321116512
20.75	0.9977889450575811
20.85	0.9817238144301008
20.95	0.9702581564334309
21.05	0.960145373455621
21.15	0.9468311066019098
21.25	0.9374801552301788
21.35	0.9284832467155524
21.45	0.9178301297918621
21.55	0.9105323785753658
21.65	0.9024321847273956
21.75	0.8979081272858992
21.85	0.8901549799107813
21.95	0.8880985184599951
22.05	0.8823529015456707
22.15	0.8809083466887018
22.25	0.8803046686007936
22.35	0.8816501824137026
22.45	0.8819873648612169
22.55	0.8817512484573674
22.65	0.8863741902857366
22.75	0.8912506452556969
22.85	0.8970228008874501
22.95	NaN
23.05	0.9098339393033168
23.15	0.9162739149442765
23.25	0.9254830349795427
23.35	0.9359499923531185
23.45	0.9459541488999372
23.55	0.9559471392651603
23.65	0.9684653257300951
23.75	0.9821638202218579
23.85	0.9900972040838334
23.95	1.002615281399773
24.05	1.014312837814114
24.15	1.0256957421761232
24.25	1.0375509211533644
24.35	1.0479163924531054
24.45	1.0570041044376344
24.55	1.066951624308627
24.65	1.0759609713465577
24.75	1.0845051682759292
24.85	1.0938792182228128
24.95	1.0958277370663059
25.05	1.1002383778098297
25.15	1.102565793044494
25.25	1.1043794554376674
25.35	1.1066383367249935
25.45	1.1068850862132644
25.55	1.1016949087613022
25.65	1.0968131109370225
25.75	1.0957067070066393
25.85	1.0885700614512321
25.95	1.083699099219106
26.05	1.0749414294627357
26.15	1.0688346712562988
26.25	1.0608275410161303
26.35	1.0493083707614534
26.45	1.0436796674770026
26.55	1.0344167443474912
26.65	1.0243006330310993
26.75	1.0153467211499596
26.85	1.0073296822403026
26.95	0.998900090198586
27.05	0.9899633140775888
27.15	0.9826312095910118
27.25	0.973356125493435
27.35	0.9664139204499832
27.45	0.9616123939929506
27.55	0.9528241478202424
27.65	0.9487429097215491
27.75	0.9436013177987712
27.85	0.9377499384550253
27.95	0.9339720980006014
28.05	0.9311235978584756
28.15	0.9286620584583025
28.25	0.9264510550198611
28.35	0.9253617344953619
28.45	0.9256552936295082
28.55	0.9244667827802545
28.65	0.9239956316620783
28.75	0.925394435093924
28.85	0.9266712398178194
28.95	0.9308756287828562
29.05	0.9326774241229566
29.15	0.9381241424291515
29.25	0.9429583002427153
29.35	0.9483772801046665
29.45	0.9539109291279171
29.55	0.9575084769787976
29.65	0.9651827100574019
29.75	0.9743654196709135
29.85	0.9789442869330485
29.95	0.9855024024588415
30.05	0.991585284023666
30.15	1.0038221133984915
30.25	1.007981330333296
30.35	1.0163904583409618
30.45	1.0215985699544974
30.55	1.0271275486802587
30.65	1.03572023709381
30.75	1.0407582889842377
30.85	1.042816951212673
30.95	1.0535194897658204
31.05	1.0558641053423876
31.15	1.0598370174116143
31.25	1.0637910987673869
31.35	1.0663037101855217
31.45	1.0684420302323547
31.55	1.0692896679175945
31.65	1.06745765044694
31.75	1.0672126709132241
31.85	1.063458379206732
31.95	1.06236471263277
32.05	1.060894424205412
32.15	1.0578307627227164
32.25	1.0507538909728653
32.35	1.046752428510792
32.45	1.0428970157070097
32.55	1.0385125967487474
32.65	1.032510157116367
32.75	1.025405783172253
32.85	1.0191239333903581
32.95	1.0109298160482794
33.05	1.007779675453941
33.15	1.0016177025366957
33.25	0.9946023731146331
33.35	0.990481713963149
33.45	0.9855584779139948
33.55	0.9798390356662696
33.65	0.9745972248423738
33.75	0.9700373106271826
33.85	0.965045109782339
33.95	0.9609595215750563
34.05	0.9578227458315045
34.15	0.9544944081385474
34.25	0.9529491233024242
34.35	0.950948460796245
34.45	0.9489861392729296
34.55	0.9485669331679879
34.65	0.9482707301976897
34.75	0.9456150300582505
34.85	0.9475365856612075
34.95	0.950893228893135
35.05	0.9504921520959083
35.15	0.9529753513460985
35.25	0.9533932069363731
35.35	0.9546157207191579
35.45	0.9562901869149126
35.55	0.9629586924824929
35.65	0.9667965908781012
35.75	0.9706742169408592
35.85	0.9744676454327929
35.95	0.9795874370546515
36.05	0.9821358739153481
36.15	0.9888521392463885
36.25	0.9940663089660885
36.35	0.999861889169207
36.45	1.004467862757393
36.55	NaN
36.65	1.0149809888531978
36.75	1.018456067217246
36.85	1.0267968151230862
36.95	1.0262903949889417
37.05	1.0304303574068632
37.15	1.0365583456836427
37.25	1.0382037687596726
37.35	1.041314592268959
37.45	1.0428716755929903
37.55	1.04307387983753
37.65	NaN
37.75	1.045697681284678
37.85	1.0475198604162308
37.95	1.0482874484224816
38.05	1.0472342313983392
38.15	1.0453039670637445
38.25	1.0404285622039768
38.35	1.040360867097539
38.45	1.039694673732205
38.550000000000004	1.0358490195200776
38.65	1.0313121377125642
38.75	1.0299582830228353
38.85	1.0251224751715564
38.95	1.0218566520511687
39.050000000000004	1.016952824778466
39.15	NaN
39.25	NaN
39.35	NaN
39.45	NaN
39.550000000000004	0.9937290574480052
39.65	0.9924129912957804
39.75	0.9872495865061176
39.85	0.9829427695912556
39.95	0.9799315782038244
40.050000000000004	0.9779224633098041
40.15	NaN
40.25	0.9709680367165424
40.35	0.9674815727162821
40.45	0.9676973960584312
40.550000000000004	0.9643327508497188
40.65	0.9636110220363819
40.75	0.9611309756014873
40.85	0.9603456472055848
40.95	0.9606764453220126
41.050000000000004	0.9627109393735643
41.15	0.9598463374663835
41.25	0.9618861477674245
41.35	0.9642708427632158
41.45	0.9659000294098993
41.550000000000004	NaN
41.65	0.9694827517298453
41.75	0.9704835391861364
41.85	0.972166546169352
41.95	0.975924795758816
42.050000000000004	0.9791349635597069
42.15	NaN
42.25	0.9882060165276091
42.35	0.9880576315087888
42.45	0.9942192661898132
42.550000000000004	0.9978135144189534
42.65	1.0036200230408068
42.75	1.006760457743627
42.85	1.0092281388046127
42.95	1.0148174326784392
43.050000000000004	1.0164409676599586
43.15	1.0190197892013044
43.25	1.021645387417097
43.35	1.0242225607225777
43.45	1.0274108082332258
43.550000000000004	1.028555815570674
43.65	NaN
43.75	1.0317729152810338
43.85	1.033125815520058
43.95	1.0346696083827343
44.050000000000004	1.0369019251060287
44.15	1.0343182418492967
44.25	NaN
44.35	1.0337338879749765
44.45	1.0311094050992256
44.550000000000004	1.0295191310408918
44.65	1.029485078336052
44.75	1.0275947303138582
44.85	1.025934543602096
44.95	1.0253679322145781
45.050000000000004	1.0219759219246909
45.15	1.0163336278923565
45.25	1.0146891428286153
45.35	NaN
45.45	1.0087178102454208
45.550000000000004	1.0029020653552596
45.65	NaN
45.75	1.0011494256685705
45.85	0.9952683173718758
45.95	0.9930103150568922
46.050000000000004	0.9888055916485279
46.15	0.9861144773646916
46.25	0.9830254998157438
46.35	0.9810209226807065
46.45	0.9797172893249706
46.550000000000004	0.9777689941776573
46.65	NaN
46.75	0.97389680992893
46.85	0.9723405919602679
46.95	0.9721048838310974
47.050000000000004	0.9717921768655713
47.15	0.97038484307747
47.25	0.9714182790684824
47.35	0.972508386475432
47.45	0.9721032851712827
47.550000000000004	0.9719260549785345
47.65	0.9719705193836439
47.75	0.9737228579837718
47.85	0.9747208555020959
47.95	0.9770862117676096
48.050000000000004	0.9773900800086648
48.15	0.9804090686762726
48.25	0.9837086123701558
48.35	0.984353267246347
48.45	0.988483184257213
48.550000000000004	0.9901360941229844
48.65	0.9933342889928618
48.75	0.997094731626843
48.85	0.999260405556191
48.95	1.003497470318062
49.050000000000004	1.0053550003737068
49.15	NaN
49.25	1.0120344178819476
49.35	1.0125816326724066
49.45	1.0151363375304494
49.550000000000004	1.0161699710113465
49.65	1.0192123136242976
49.75	1.0217110647666052
49.85	1.0230518047559156
49.95	1.0227719960242772
50.050000000000004	1.0254910329303848
50.15	1.0278561683880751
50.25	1.0276935149170052
50.35	1.026697235058048
50.45	1.0248675610164812
50.550000000000004	1.025440309243094
50.65	1.0251049436438684
50.75	1.0265561944157502
50.85	1.0242652216765524
50.95	NaN
51.050000000000004	1.020055732614931
51.15	1.0190151657333981
51.25	1.0172246907615068
51.35	1.0150255913257675
51.45	1.0111303484956498
51.550000000000004	NaN
51.65	1.006905989989645
51.75	1.004918511103285
51.85	1.0014715508955883
51.95	0.9995288621840693
52.050000000000004	NaN
52.15	0.99581930799808
52.25	0.9933085333352436
52.35	0.9912145678208941
52.45	0.9904553590616209
52.550000000000004	0.984514492998666
52.65	0.9822649008021977
52.75	0.9829536549915191
52.85	0.9812559072263696
52.95	NaN
53.050000000000004	0.9793047598063183
53.15	NaN
53.25	0.9788235439338425
53.35	0.976041330319346
53.45	0.9787810860288461
53.550000000000004	NaN
53.65	0.9790766713479527
53.75	NaN
53.85	0.977989622037719
53.95	0.9781164091802473
54.050000000000004	NaN
54.15	0.9793356393309992
54.25	NaN
54.35	0.9835484066837304
54.45	0.9845373672615315
54.550000000000004	NaN
54.65	0.9899258919019113
54.75	0.9905055975034216
54.85	0.9940509600578956
54.95	0.9947861553082669
55.050000000000004	1.0006495895542882
55.15	1.0003549101590616
55.25	1.0027467381220996
55.35	1.0076655133170707
55.45	1.0057666384240724
55.550000000000004	1.0088697146901142
55.65	1.0100882804568994
55.75	1.010588079582555
55.85	1.0144940491788679
55.95	1.017123221127396
56.050000000000004	1.018001208105574
56.15	1.0161414393674164
56.25	1.018534350584382
56.35	1.021892525105479
56.45	1.0185184290004
56.550000000000004	1.0243937343151401
56.65	1.023527023535851
56.75	NaN
56.85	1.0195239084427774
56.95	1.02103563873468
57.050000000000004	1.0196182287850026
57.15	1.0183381704803849
57.25	1.0177275978656417
57.35	NaN
57.45	1.0142002107448151
57.550000000000004	1.0133631493071955
57.65	1.011134405273377
57.75	1.00947231104756
57.85	1.01194562531336
57.95	1.0046000544866602
58.050000000000004	1.004046364787875
58.15	1.0010164220584763
58.25	1.0000454776079852
58.35	0.9989994428242632
58.45	NaN
58.550000000000004	0.9940088057406257
58.65	0.9925066183666766
58.75	NaN
58.85	0.9883120999764828
58.95	NaN
59.050000000000004	0.9821116030380823
59.15	0.9838282075389828
59.25	0.9845893383299189
59.35	0.9833012581691576
59.45	0.9828081247681915
59.550000000000004	0.9821870267190421
59.65	0.9807406837684693
59.75	0.9822337421638454
59.85	NaN
59.95	0.9802162429538465
60.050000000000004	NaN
60.15	0.9824085867934733
60.25	0.9818782184725039
60.35	NaN
60.45	0.9851916465312924
60.550000000000004	0.983620307515319
60.65	0.989081584091456
60.75	0.9909012401678222
60.85	0.9864156473749771
60.95	0.9926462475588906
61.050000000000004	0.9960522841498463
61.15	0.9954159907074835
61.25	0.9962837399458699
61.35	0.9994450921134075
61.45	0.9992802644180203
61.550000000000004	NaN
61.65	1.0059556059769859
61.75	NaN
61.85	NaN
61.95	1.0092374729929328
62.050000000000004	1.010178397528898
62.15	1.012545810553374
62.25	1.013959485720833
62.35	1.0153219933659987
62.45	1.013510759843012
62.550000000000004	1.0161821537301174
62.65	1.0174691140778287
62.75	1.0182581647052462
62.85	1.0169719515145783
62.95	1.0175666027062458
63.050000000000004	1.0167932633731291
63.15	1.0172375634978061
63.25	NaN
63.35	1.015772647025091
63.45	1.015649331439749
63.550000000000004	1.0174372179201905
63.65	1.0109256731286644
63.75	1.0117782476288353
63.85	1.008879727955151
63.95	1.0075161504477608
64.05	1.0080834960305647
64.14999999999999	1.006117748669985
64.25	1.0042525828332864
64.35	1.0046230653034907
64.44999999999999	1.0018514655977888
64.55	1.00040264655209
64.64999999999999	0.9996197588792302
64.75	0.9925577129786374
64.85	0.9952223443259495
64.94999999999999	0.9941042278585032
65.05	0.9910937240876828
65.14999999999999	0.9903087827021535
65.25	NaN
65.35	0.9880350887163682
65.44999999999999	NaN
65.55	0.9867976957313396
65.64999999999999	0.9855418324758137
65.75	0.9849380662012948
65.85	0.9843170502468848
65.94999999999999	0.9849634412486993
66.05	NaN
66.14999999999999	0.9850376468219362
66.25	0.9834772322745305
66.35	0.9829906264895617
66.44999999999999	0.984437698693781
66.55	0.9851046238796078
66.64999999999999	NaN
66.75	0.987026119591154
66.85	NaN
66.94999999999999	NaN
67.05	0.9904428871904363
67.14999999999999	0.9924313949346155
67.25	0.9942197142004516
67.35	0.9958779421710063
67.44999999999999	0.9966440839193524
67.55	0.9997128534909208
67.64999999999999	NaN
67.75	NaN
67.85	1.0031116831132156
67.94999999999999	1.0040398447028984
68.05	1.006615241730464
68.14999999999999	1.0070426901517209
68.25	NaN
68.35	1.0083288804685264
68.44999999999999	1.011642880469488
68.55	1.010983964809285
68.64999999999999	NaN
68.75	1.0125822211901436
68.85	1.013523916318145
68.94999999999999	1.013511026130769
69.05	1.0134432249202014
69.14999999999999	1.0138607497930145
69.25	1.0161631146044245
69.35	1.014552337080196
69.44999999999999	NaN
69.55	1.0130512497228323
69.64999999999999	1.014026219026043
69.75	NaN
69.85	1.0125515154452371
69.94999999999999	NaN
70.05	1.0096627121258195
70.14999999999999	1.008704844246841
70.25	NaN
70.35	1.005754554527982
70.44999999999999	NaN
70.55	1.0039821746159994
70.64999999999999	1.0043518918933765
70.75	1.00077867826215
70.85	0.9984739441698464
70.94999999999999	0.998642924250906
71.05	0.9962600823793717
71.14999999999999	0.9939100531387226
71.25	NaN
71.35	0.9945483086437652
71.44999999999999	0.9919053736849425
71.55	0.9914698676804832
71.64999999999999	0.9896272496161934
71.75	0.9887799013293924
71.85	0.989636849603663
71.94999999999999	0.991089760257136
72.05	NaN
72.14999999999999	NaN
72.25	NaN
72.35	NaN
72.44999999999999	0.9898362125101546
72.55	0.9876018963201054
72.64999999999999	0.9880439782456469
72.75	NaN
72.85	0.9871797948348543
72.94999999999999	0.9896195305516855
73.05	0.9907811452719183
73.14999999999999	0.9917586688182809
73.25	0.9919818405214229
73.35	0.9933847061886677
73.44999999999999	NaN
73.55	0.9961261256295618
73.64999999999999	NaN
73.75	NaN
73.85	0.9981993263353957
73.94999999999999	1.0004054554431085
74.05	1.0004025982955551
74.14999999999999	1.0063720863211925
74.25	1.0048571250925726
74.35	1.0047712055310685
74.44999999999999	1.005787662454272
74.55	1.0061836129078687
74.64999999999999	1.0058224015280641
74.75	1.010113791383147
74.85	1.0093663288511614
74.94999999999999	1.0102063012392943
75.05	1.0115541214087351
75.14999999999999	1.0107643729960876
75.25	NaN
75.35	NaN
75.44999999999999	NaN
75.55	1.0116602478582466
75.64999999999999	NaN
75.75	NaN
75.85	1.0104157442123625
75.94999999999999	1.0108762397012971
76.05	1.0096290546658706
76.14999999999999	1.0094813147450692
76.25	NaN
76.35	1.0072525632276348
76.44999999999999	NaN
76.55	1.0067639822773051
76.64999999999999	1.0052791214199632
76.75	NaN
76.85	NaN
76.95	NaN
77.05	NaN
77.14999999999999	0.9974011207606703
77.25	0.9992950765314027
77.35	0.9977136862436127
77.45	0.995192049072866
77.55	0.9937520979998736
77.64999999999999	0.99403836720405
77.75	0.9931210754788861
77.85	0.9925794219859506
77.95	0.9923980018059259
78.05	0.9921010820230667
78.14999999999999	0.9905151500391749
78.25	0.9895031245129461
78.35	0.9886131070917892
78.45	NaN
78.55	NaN
78.64999999999999	0.9895470553572909
78.75	0.9905019049792709
78.85	NaN
78.95	0.9901508909215144
79.05	NaN
79.14999999999999	NaN
79.25	0.9912299284248123
79.35	NaN
79.45	0.9920826070095641
79.55	0.9932730591071931
79.64999999999999	NaN
79.75	0.9952295970264341
79.85	0.9970071337153689
