0.15	0.01880972239550939
0.25	0.019206298502389318
0.35	0.01891218240493142
0.45	0.01943358847962595
0.55	0.019521776784006267
0.65	0.019614154027282976
0.7500000000000001	0.01957810532429522
0.85	0.01997688861955126
0.95	0.020190910557343518
1.05	0.020505358096799507
1.15	0.020837030478890562
1.25	0.02114051276769754
1.35	0.021586622599272617
1.45	0.022007561025735558
1.55	0.0225775807105137
1.65	0.023053463336526022
1.75	0.02364313520019937
1.85	0.024285275452755443
1.95	0.02508571166593664
2.05	0.02579692557747291
2.15	0.026671129850292463
2.25	0.027519098575782018
2.35	0.028539913237742614
2.45	0.029573472525631726
2.5500000000000003	0.030737950047309292
2.65	0.032082354992164094
2.75	0.03343294897091768
2.85	0.03488075419587803
2.95	0.03670751137518996
3.0500000000000003	0.038284628440083346
3.15	0.040271176484388285
3.25	0.04250614671762464
3.35	0.04504350130549093
3.45	0.04759350054190602
3.5500000000000003	0.05052064705224256
3.65	0.053689827772171746
3.75	0.05754309493504747
3.85	0.06097626043072216
3.95	0.0656396425233349
4.05	0.0707407110171095
4.1499999999999995	0.07641449938326844
4.25	0.0822901019193717
4.35	0.0899694575102749
4.449999999999999	0.09747239161100664
4.55	0.10660903126728624
4.6499999999999995	0.11652759684762422
4.75	0.12917930410366335
4.85	0.1429503644688819
4.95	0.15952606184301082
5.05	0.1771236545698314
5.1499999999999995	0.19970524282114424
5.25	0.22438852737268977
5.35	0.254832389612136
5.45	0.2923737013683098
5.55	0.33561243349425807
5.6499999999999995	0.3869626167781299
5.75	0.45392714412747387
5.85	0.5293766053105035
5.95	0.6262520245493538
6.05	0.7477894110664653
6.1499999999999995	0.9007325047389713
6.25	1.0839433336762583
6.35	1.3005885792984362
6.45	1.5785914828623817
6.55	1.8894526677762602
6.6499999999999995	2.224330896690256
6.75	2.5318002650322495
6.85	2.782662890776815
6.95	2.9316596498956504
7.05	2.9125854558615427
7.1499999999999995	2.769447200271612
7.25	2.5561285458885536
7.35	2.295325475359808
7.45	2.0442330456431694
7.55	1.8183083201917527
7.6499999999999995	1.6075858199488833
7.75	1.4338164832609546
7.85	1.2813501502304718
7.95	1.16111308450557
8.05	1.0594853935915938
8.15	0.976531896162672
8.25	0.9004593192195663
8.350000000000001	0.8376315825388937
8.450000000000001	0.7877342768366126
8.55	0.743663522823563
8.65	0.7063548193977702
8.75	0.6761035831908567
8.850000000000001	0.6521442741132295
8.950000000000001	0.6289276193212372
9.05	0.611759466831557
9.15	0.596900184901062
9.25	0.5854292634311871
9.350000000000001	0.5787157485658733
9.450000000000001	0.5730053073454185
9.55	0.5698074091497036
9.65	0.5680618821048583
9.750000000000002	0.5690873683764726
9.85	0.5723942962863514
9.95	0.5782218109069696
10.049999999999999	0.5847485690278873
10.149999999999999	0.5940278328766335
10.25	0.6053138739020011
10.35	0.6177752763587349
10.45	0.6350239463739547
10.549999999999999	0.6520322251545506
10.649999999999999	0.6724293291848423
10.75	0.695152789114258
10.85	0.7206062238423885
10.95	0.747926124018704
11.049999999999999	0.7775326152976081
11.149999999999999	0.8101592064903493
11.25	0.8451090871210416
11.35	0.8810377937627606
11.45	0.9201498793406854
11.549999999999999	0.9610890625246626
11.649999999999999	1.0008538421362654
11.75	1.0443106718691013
11.85	1.0853514170707033
11.95	1.1274883764770403
12.049999999999999	1.1640904378016697
12.149999999999999	1.2008477827685657
12.25	1.23229173674878
12.35	1.2636772061561148
12.45	1.2830129235674033
12.549999999999999	1.3033585050259018
12.649999999999999	1.3169066060462724
12.75	1.330412796590739
12.85	1.336679314965653
12.95	1.338689923366442
13.049999999999999	1.341648971123343
13.149999999999999	1.33385817223977
13.25	1.3279661734766766
13.35	1.31422560681431
13.45	1.3019628775725984
13.549999999999999	1.2859103784099182
13.649999999999999	1.2667547036745443
13.75	1.2440096966862946
13.85	1.2187554201879194
13.95	1.1882630528771867
14.049999999999999	1.1605779120714586
14.149999999999999	1.1294829043151489
14.25	1.0966533385925263
14.35	1.0630525318192057
14.45	1.0330497929717208
14.549999999999999	1.0045862802064958
14.649999999999999	0.9746732143871176
14.75	0.9473664444346468
14.85	0.9203079477052671
14.95	0.8974193326013091
15.049999999999999	0.8762453674901327
15.149999999999999	0.8576351357191978
15.25	0.8400113692171489
15.35	0.825787690481821
15.45	0.8131408710910655
15.549999999999999	0.8035649326724116
15.649999999999999	0.7953297155758967
15.75	0.7886471767868201
15.85	0.7847967834514566
15.95	0.7816301046379451
16.05	0.7811991933722033
16.15	0.7851627504956986
16.25	0.7867986210702337
16.349999999999998	0.7923355360182335
16.45	0.7972137022299418
16.55	0.8033058570167386
16.65	0.8142567444862973
16.75	0.8273010553473084
16.849999999999998	0.8392309474144657
16.95	0.851024654524634
17.05	0.8690397253616985
17.15	0.8876880438193914
17.25	0.9043728569917562
17.349999999999998	0.9242395925919268
17.45	0.9435449882303195
17.55	0.9626942791059024
17.65	0.9826901972501577
17.75	1.0036653757954652
17.849999999999998	1.0274708414750056
17.95	1.0458072998039813
18.05	1.0698812085323643
18.15	1.0859847276240042
18.25	1.1027635641521372
18.349999999999998	1.1185884020569712
18.45	1.134863505947319
18.55	1.1480896757318189
18.65	1.1579501219073771
18.75	1.166480928073054
18.849999999999998	1.1733312731058063
18.95	1.1738711974170235
19.05	1.1762431634862693
19.15	1.1795851567351492
19.25	1.1711642113700487
19.35	1.167448853652193
19.45	1.1622043909370703
19.55	1.1536132377978359
19.65	1.1422851636178135
19.75	1.1347438105408405
19.85	1.1180750481555373
19.95	1.1064683423550516
20.05	1.0960167877485738
20.15	1.0808097842448656
20.25	1.0652360347436514
20.35	1.0522062673555546
20.45	1.0379390198925156
20.55	1.0228638344022536
20.65	1.0113499116818152
20.75	0.9956984650803941
20.85	0.9857181399667017
20.95	0.9711350297462539
21.05	0.9594252051483172
21.15	0.9473892736800483
21.25	0.9380900043088796
21.35	0.926005224239955
21.45	0.9174892775416253
21.55	0.9089064147523035
21.65	0.903530706841117
21.75	0.8956114161964578
21.85	0.8929951167226632
21.95	0.8866134535497004
22.05	0.8822136295968971
22.15	0.8819071351293944
22.25	0.8802918295072433
22.35	0.8798683532310343
22.45	0.8811033758062217
22.55	0.88487607195449
22.65	0.887779009181681
22.75	0.889152492393874
22.85	0.8956201272569686
22.95	NaN
23.05	0.9106264959894378
23.15	0.9190129735189814
23.25	0.9261159424735144
23.35	0.9319135189791949
23.45	0.9452687116824419
23.55	0.9563949524231654
23.65	0.970488159504355
23.75	0.9789347518533037
23.85	0.9917378613943405
23.95	1.001554914114613
24.05	1.0124701081205316
24.15	1.0264025467445912
24.25	1.0371412825093793
24.35	1.0507907449123057
24.45	1.058483639805189
24.55	1.0685662030688134
24.65	1.0779780015577063
24.75	1.0843325234500933
24.85	1.0909032166067656
24.95	1.096314992631443
25.05	1.1002450459132365
25.15	1.1042682216699236
25.25	1.105710252705998
25.35	1.1033032596208143
25.45	1.103044208383431
25.55	1.1027644231289093
25.65	1.099165570260339
25.75	1.0928308003213854
25.85	1.088176545878181
25.95	1.08231846927295
26.05	1.0764706911343382
26.15	1.06853977318229
26.25	1.0607808852206475
26.35	1.0506355640824203
26.45	1.0426664458597814
26.55	1.0329000565123325
26.65	1.0257396241430385
26.75	1.016113292710542
26.85	1.0077065560845513
26.95	0.9997277863520566
27.05	0.9903597175485808
27.15	0.98201058321869
27.25	0.9759757808968303
27.35	0.9672896969042855
27.45	0.961571194909469
27.55	0.9544213303687287
27.65	0.9482345347617637
27.75	0.9429016399459349
27.85	0.9347766082202068
27.95	0.9347925001893366
28.05	0.9328021084124156
28.15	0.9287566660679347
28.25	0.9274383012225104
28.35	0.9250953755072955
28.45	0.924328169593288
28.55	0.9242865403537307
28.65	0.9233945938352714
28.75	0.9258948077228102
28.85	0.929172795515325
28.95	0.9328578059840373
29.05	0.9336420316343709
29.15	0.937975185549753
29.25	0.941122769549086
29.35	0.9480595601365263
29.45	0.9518304286645016
29.55	0.9566609793782563
29.65	0.9668555499937287
29.75	0.9696969932938724
29.85	0.9766891672755971
29.95	0.985618920195274
30.05	0.9941808517587998
30.15	1.0028772963495622
30.25	1.0086888449006788
30.35	1.0152319822908915
30.45	1.0219044583891157
30.55	1.029880797264315
30.65	1.0359334575778105
30.75	1.0406515354653336
30.85	1.0433930433692316
30.95	1.051603618650059
31.05	1.0544722365829098
31.15	1.0626905233141497
31.25	1.0618473406429034
31.35	1.0658704302700202
31.45	1.0658411683626479
31.55	1.068302721728728
31.65	1.068130613902317
31.75	1.069385938323727
31.85	1.0643123497338174
31.95	1.0630013896636352
32.05	1.0609679425862286
32.15	1.054201570402968
32.25	1.0524814362987025
32.35	1.0524054802673666
32.45	1.0442121041012462
32.55	1.038281196563145
32.65	1.0325005531177225
32.75	1.0250940787892664
32.85	1.0197132264018292
32.95	1.012359029831185
33.05	1.0063279489310009
33.15	1.001865610054455
33.25	0.9933073580701274
33.35	0.9911566754495166
33.45	0.9845466401186754
33.55	0.9805363089319895
33.65	0.9736216287409802
33.75	0.9694143333259956
33.85	0.9646223944692697
33.95	0.961199659443048
34.05	0.9598312815644101
34.15	0.957741098865876
34.25	0.9530403655168036
34.35	0.9490954495446954
34.45	0.9483361826776608
34.55	0.9481266835657385
34.65	0.9489339444265531
34.75	0.9454984873995029
34.85	0.9476610961515051
34.95	0.9480809931566312
35.05	0.9479976314217343
35.15	0.9512639875996589
35.25	0.9540173192398247
35.35	0.9593007385155176
35.45	0.9598206261028583
35.55	0.9627333696647271
35.65	0.9675522059004867
35.75	0.9685190736511889
35.85	0.974703101047227
35.95	0.9783861501625737
36.05	0.9851230595668898
36.15	0.9890857278049625
36.25	0.993779001829906
36.35	0.9980188596560114
36.45	1.0044072534966684
36.55	NaN
36.65	1.013865411314043
36.75	1.019099414839427
36.85	1.0225936118267027
36.95	1.0269724235383277
37.05	1.0310701569731016
37.15	1.0342484287565834
37.25	1.0384422251753092
37.35	1.040211466558538
37.45	1.0421421775771427
37.55	1.0461706040563967
37.65	NaN
37.75	1.043992707187018
37.85	1.0446772640285211
37.95	1.0464279490267383
38.05	1.0446133660182528
38.15	1.047311045137676
38.25	1.0417590642406338
38.35	1.03973281814101
38.45	1.0367922657075987
38.550000000000004	1.033925233943997
38.65	1.0325059495366733
38.75	1.0285778828932044
38.85	1.0238249425975745
38.95	1.0220833817212571
39.050000000000004	1.0146663365480557
39.15	NaN
39.25	NaN
39.35	NaN
39.45	NaN
39.550000000000004	0.9964311879050196
39.65	0.991374695610286
39.75	0.9875898885868827
39.85	0.9837245284732113
39.95	0.9817491697859829
40.050000000000004	0.976789141821213
40.15	NaN
40.25	0.9729964914637738
40.35	0.9676157074013014
40.45	0.9675739184125515
40.550000000000004	0.9647179304790594
40.65	0.9642367332997854
40.75	0.9614175924106674
40.85	0.960293125166493
40.95	0.9623490382699881
41.050000000000004	0.9601680458327825
41.15	0.9576751179812067
41.25	0.9621794539601629
41.35	0.9629314986552046
41.45	0.9650938406497379
41.550000000000004	NaN
41.65	0.9698872146163524
41.75	0.9716683358169224
41.85	0.9738466575859224
41.95	0.9764317737043294
42.050000000000004	0.9791465876407114
42.15	NaN
42.25	0.9862801542845246
42.35	0.9905908965836628
42.45	0.9943517689165167
42.550000000000004	0.9993622710310102
42.65	1.0020610291168948
42.75	1.0064569467508777
42.85	1.0098026186318059
42.95	1.0112418175693054
43.050000000000004	1.0159437348528113
43.15	1.0185404103321767
43.25	1.0218391726078724
43.35	1.0259487084350711
43.45	1.0261881051232036
43.550000000000004	1.0317848423133857
43.65	NaN
43.75	1.0326974586460511
43.85	1.0343354452794868
43.95	1.0351041514524242
44.050000000000004	1.0344164271217586
44.15	1.0358952231611676
44.25	NaN
44.35	1.0338678401475225
44.45	1.0321319835083365
44.550000000000004	1.0301965677956268
44.65	1.0298434705346013
44.75	1.0279364990734734
44.85	1.0253738767092158
44.95	1.0235232131150038
45.050000000000004	1.0217277331469772
45.15	1.017765579466848
45.25	1.0148261768752775
45.35	NaN
45.45	1.0066814264178223
45.550000000000004	1.0064038744871528
45.65	NaN
45.75	0.9985471131694614
45.85	0.996011522339111
45.95	0.9929457949112359
46.050000000000004	0.9888718076839615
46.15	0.9874496313904018
46.25	0.9839825890077906
46.35	0.9779065859000466
46.45	0.9804629380715298
46.550000000000004	0.9768110360424683
46.65	NaN
46.75	0.9754398392388968
46.85	0.9743522857802475
46.95	0.9738932895634914
47.050000000000004	0.9713530710820919
47.15	0.9709935464120227
47.25	0.9725301775524278
47.35	0.9694456454283754
47.45	0.9696498730430475
47.550000000000004	0.96992711335597
47.65	0.9724057458996069
47.75	0.9761278821637827
47.85	0.9773392680147108
47.95	0.9765633422605021
48.050000000000004	0.9814070665434387
48.15	0.9769764792318616
48.25	0.9838356584470429
48.35	0.9872224570656578
48.45	0.9890679335752013
48.550000000000004	0.9919181950524104
48.65	0.9937867359257364
48.75	0.9970483812866905
48.85	0.9989839589397312
48.95	1.0038900043351335
49.050000000000004	1.0045469708193888
49.15	NaN
49.25	1.0096170475344344
49.35	1.0135302842554974
49.45	1.014552979123943
49.550000000000004	1.0180915766202923
49.65	1.0202760601497867
49.75	1.021441282568829
49.85	1.022476287048771
49.95	1.022727273229968
50.050000000000004	1.0257074046402996
50.15	1.0267713703709687
50.25	1.0258290428462293
50.35	1.0263869740714968
50.45	1.0237435507277448
50.550000000000004	1.0267438186979156
50.65	1.0252987748515459
50.75	1.0241877723801893
50.85	1.023569063971935
50.95	NaN
51.050000000000004	1.0209717058713936
51.15	1.018701433643336
51.25	1.0178907757220783
51.35	1.0148416366604518
51.45	1.0125886196529221
51.550000000000004	NaN
51.65	1.0089256989442232
51.75	1.005383821048179
51.85	1.00151436630269
51.95	1.0007590413130956
52.050000000000004	NaN
52.15	0.99626841687596
52.25	0.9934168011875021
52.35	0.9912429986947969
52.45	0.9908479524378998
52.550000000000004	0.9868918572307319
52.65	0.9836292015905039
52.75	0.9825272862385327
52.85	0.9807910408237461
52.95	NaN
53.050000000000004	0.978852656883008
53.15	NaN
53.25	0.9763438624431353
53.35	0.9779636705947997
53.45	0.9761317645470532
53.550000000000004	NaN
53.65	0.9767942023470445
53.75	NaN
53.85	0.9782716960037176
53.95	0.977753680450211
54.050000000000004	NaN
54.15	0.9824215866010064
54.25	NaN
54.35	0.9847205796618415
54.45	0.9864906893185529
54.550000000000004	NaN
54.65	0.9876551441411697
54.75	0.9915733333378753
54.85	0.9936004153413611
54.95	0.9951002930758144
55.050000000000004	0.9989540593728381
55.15	0.9992465598391614
55.25	1.0045600382840434
55.35	1.0082392392616053
55.45	1.0082523047121155
55.550000000000004	1.0097239134738476
55.65	1.0134779637606108
55.75	1.0127462962792873
55.85	1.0141288844772585
55.95	1.0170042766577914
56.050000000000004	1.0147486258133218
56.15	1.0175028339247505
56.25	1.0176508056719387
56.35	1.0201922567435373
56.45	1.0191956431481888
56.550000000000004	1.0196080204606557
56.65	1.021811629081308
56.75	NaN
56.85	1.0214121896508848
56.95	1.0211041557799707
57.050000000000004	1.0192971183142494
57.15	1.0183644013227107
57.25	1.0174750305526576
57.35	NaN
57.45	1.0164194739932795
57.550000000000004	1.013218490818802
57.65	1.008794585918117
57.75	1.0102819645341503
57.85	1.0089219917257735
57.95	1.0060307419694912
58.050000000000004	1.0036306311752436
58.15	1.0020678054067014
58.25	1.0012209073735145
58.35	0.9975116994377939
58.45	NaN
58.550000000000004	0.9944004166418011
58.65	0.9917363486566645
58.75	NaN
58.85	0.9891784282610717
58.95	NaN
59.050000000000004	0.986815464246323
59.15	0.986245956954738
59.25	0.9831446255439423
59.35	0.9840084545996559
59.45	0.9809250174426214
59.550000000000004	0.9810971621490279
59.65	0.9805748977069931
59.75	0.9804293967107299
59.85	NaN
59.95	0.9825604050612248
60.050000000000004	NaN
60.15	0.9823100334937412
60.25	0.9853906368867317
60.35	NaN
60.45	0.9846902738842569
60.550000000000004	0.9899397381460088
60.65	0.9862130569410194
60.75	0.9894034110696629
60.85	0.9886892887603885
60.95	0.9914428411780741
61.050000000000004	0.9945854165534572
61.15	0.9957467246640155
61.25	0.9963178028923457
61.35	0.9987444609578209
61.45	1.0000309183360765
61.550000000000004	NaN
61.65	1.0053424635950694
61.75	NaN
61.85	NaN
61.95	1.0094270592481478
62.050000000000004	1.010960503923396
62.15	1.0160275044295215
62.25	1.0145913712512895
62.35	1.0131651026295472
62.45	1.0163594013887685
62.550000000000004	1.0171346858810564
62.65	1.0159397999226787
62.75	1.0160411196005164
62.85	1.0171793287530562
62.95	1.0172519960227404
63.050000000000004	1.0179244598630408
63.15	1.0146291618626853
63.25	NaN
63.35	1.0167518189573077
63.45	1.0158639693648697
63.550000000000004	1.0153570251845316
63.65	1.0120887839680632
63.75	1.0119915745560253
63.85	1.0100833471490986
63.95	1.0094302751960584
64.05	1.0082940942326883
64.14999999999999	1.006221924540016
64.25	1.005118906535069
64.35	1.006384117212951
64.44999999999999	1.0008151122821471
64.55	0.9991425612744347
64.64999999999999	0.996172025461686
64.75	0.9974082751599049
64.85	0.9958836361172158
64.94999999999999	0.9931579330071231
65.05	0.9914381192239947
65.14999999999999	0.9894322310105557
65.25	NaN
65.35	0.9907179289597513
65.44999999999999	NaN
65.55	0.9845849085982771
65.64999999999999	0.9864182784779553
65.75	0.9848001245137378
65.85	0.9839244269873695
65.94999999999999	0.9841798952313081
66.05	NaN
66.14999999999999	0.9839536733747448
66.25	0.9859795717070203
66.35	0.985362981183776
66.44999999999999	0.9855355968511855
66.55	0.9876493134529485
66.64999999999999	NaN
66.75	0.9891188041383182
66.85	NaN
66.94999999999999	NaN
67.05	0.991639484649587
67.14999999999999	0.9937795119241231
67.25	0.9939439556908115
67.35	0.9944068434313537
67.44999999999999	0.9970628894772846
67.55	0.9987483571388371
67.64999999999999	NaN
67.75	NaN
67.85	1.00265589839783
67.94999999999999	1.0040448872232073
68.05	1.0047630610799714
68.14999999999999	1.010274878275315
68.25	NaN
68.35	1.008286987080069
68.44999999999999	1.0093979517969052
68.55	1.011749303814815
68.64999999999999	NaN
68.75	1.013331771141242
68.85	1.0161170021869421
68.94999999999999	1.0134920462774002
69.05	1.0152345852524238
69.14999999999999	1.0162391486600884
69.25	1.0149441696558332
69.35	1.0150587510005038
69.44999999999999	NaN
69.55	1.0136594094055065
69.64999999999999	1.011981234434576
69.75	NaN
69.85	1.010847519821764
69.94999999999999	NaN
70.05	1.008081801963872
70.14999999999999	1.0091528052873058
70.25	NaN
70.35	1.0051654136686095
70.44999999999999	NaN
70.55	1.003940437590993
70.64999999999999	0.9975314545942292
70.75	1.0005880532623015
70.85	1.001537215973638
70.94999999999999	0.9995576545049201
71.05	0.9962529778020004
71.14999999999999	0.994033004645806
71.25	NaN
71.35	0.992260360661779
71.44999999999999	0.9918653597606201
71.55	0.9903363481454599
71.64999999999999	0.989516142226863
71.75	0.990111191783804
71.85	0.9883922465047528
71.94999999999999	0.99004322281035
72.05	NaN
72.14999999999999	NaN
72.25	NaN
72.35	NaN
72.44999999999999	0.9877052051326296
72.55	0.9880595897479977
72.64999999999999	0.9880965265060404
72.75	NaN
72.85	0.9895779412561861
72.94999999999999	0.988714875686228
73.05	0.9910171939864413
73.14999999999999	0.9909585596937948
73.25	0.9926052651333692
73.35	0.9924981138897202
73.44999999999999	NaN
73.55	0.9944565803103028
73.64999999999999	NaN
73.75	NaN
73.85	0.9995299143776122
73.94999999999999	1.0007440360902309
74.05	0.9996582667854675
74.14999999999999	1.0005157981640291
74.25	1.0021294289050415
74.35	1.005301079404942
74.44999999999999	1.0044452742751528
74.55	1.0059701896773243
74.64999999999999	1.008539465174792
74.75	1.0073586433664645
74.85	1.0074714484647966
74.94999999999999	1.0094935538889624
75.05	1.0099641793315612
75.14999999999999	1.01155177047064
75.25	NaN
75.35	NaN
75.44999999999999	NaN
75.55	1.0121607719517622
75.64999999999999	NaN
75.75	NaN
75.85	1.011379150287581
75.94999999999999	1.0105958573904248
76.05	1.0096449083106918
76.14999999999999	1.0089593483835493
76.25	NaN
76.35	1.0083528480254438
76.44999999999999	NaN
76.55	1.0048799054298205
76.64999999999999	1.0051109780047656
76.75	NaN
76.85	NaN
76.95	NaN
77.05	NaN
77.14999999999999	0.9983516039432382
77.25	0.9986254022817939
77.35	0.9974119228344726
77.45	0.9956948051701202
77.55	0.9933410022078262
77.64999999999999	0.993178944952095
77.75	0.9932980001413511
77.85	0.9915416534552615
77.95	0.9909667594351761
78.05	0.9911533616576941
78.14999999999999	0.9899256112583189
78.25	0.9881658359146072
78.35	0.988961628777948
78.45	NaN
78.55	NaN
78.64999999999999	0.9894168359227714
78.75	0.9889843333552513
78.85	NaN
78.95	0.9885807215467989
79.05	NaN
79.14999999999999	NaN
79.25	0.9900929517720263
79.35	NaN
79.45	0.9924574302565662
79.55	0.9945925778373322
79.64999999999999	NaN
79.75	0.9962347940947043
79.85	0.9956096089410673
