0.15	0.018475946648543223
0.25	0.019247429085199965
0.35	0.018920878268998978
0.45	0.01923160017219157
0.55	0.019425789310634375
0.65	0.019386863498419407
0.7500000000000001	0.019770570744722615
0.85	0.01989696962513536
0.95	0.020217830800823306
1.05	0.020353402656924674
1.15	0.020798339403625316
1.25	0.021303519349598458
1.35	0.02161039807080706
1.45	0.021961690096022658
1.55	0.022639074962763243
1.65	0.023092571643906355
1.75	0.02356322695624307
1.85	0.02434253498701267
1.95	0.02513659534203143
2.05	0.0258493773430121
2.15	0.02659966946196783
2.25	0.027577374720489795
2.35	0.028621054712463682
2.45	0.029552032920303315
2.5500000000000003	0.03078807385259534
2.65	0.031985515975531884
2.75	0.03343507535886264
2.85	0.03485629091472472
2.95	0.036709283689134536
3.0500000000000003	0.03826848237698028
3.15	0.04025444701979672
3.25	0.04243600756080157
3.35	0.04508063790807288
3.45	0.04752907517113295
3.5500000000000003	0.050509287099560735
3.65	0.05368417579957892
3.75	0.05753967385649771
3.85	0.06099216081256223
3.95	0.06578910607524603
4.05	0.07078285008169061
4.1499999999999995	0.0764337389245854
4.25	0.08244974713216457
4.35	0.0900608512831098
4.449999999999999	0.09756573170477348
4.55	0.10667903307258772
4.6499999999999995	0.11669036960046747
4.75	0.12895614169771394
4.85	0.14294644719235286
4.95	0.15931512617251734
5.05	0.17713087295996205
5.1499999999999995	0.19983219491791926
5.25	0.22443787921707026
5.35	0.25525144233224223
5.45	0.2922513131976532
5.55	0.33567163325823574
5.6499999999999995	0.38641880867452066
5.75	0.45321478676359306
5.85	0.5298449066308364
5.95	0.6263963174455817
6.05	0.7474996526938147
6.1499999999999995	0.8996958487654083
6.25	1.081849683319513
6.35	1.3027773680677508
6.45	1.5788803308185866
6.55	1.8878456338714455
6.6499999999999995	2.226232976967854
6.75	2.5330804898658057
6.85	2.7875754671527515
6.95	2.928410862297592
7.05	2.9154436958813457
7.1499999999999995	2.771940718036998
7.25	2.5553981313955756
7.35	2.2967562183548047
7.45	2.044667835626971
7.55	1.8184473282389768
7.6499999999999995	1.608066069399281
7.75	1.4314574392105592
7.85	1.2811826831253663
7.95	1.1605773781555537
8.05	1.0601309404629249
8.15	0.9728887281020016
8.25	0.8996201174072643
8.350000000000001	0.8387276524235764
8.450000000000001	0.7871980015161728
8.55	0.7426291522663231
8.65	0.706377478100661
8.75	0.677148971382087
8.850000000000001	0.6515044511068049
8.950000000000001	0.6293756568555173
9.05	0.6115421827478257
9.15	0.5980153659969182
9.25	0.5870937460238297
9.350000000000001	0.5783172361775962
9.450000000000001	0.5727766171343531
9.55	0.5688264755943695
9.65	0.5683456776668565
9.750000000000002	0.5688079604549624
9.85	0.5726682956201853
9.95	0.5776176657835111
10.049999999999999	0.5849951226133914
10.149999999999999	0.5939689730028279
10.25	0.6054931847626924
10.35	0.6184875567999021
10.45	0.6349767743465271
10.549999999999999	0.6515320112245298
10.649999999999999	0.6716957957325523
10.75	0.6961423715027358
10.85	0.7198295983033249
10.95	0.7463454569675905
11.049999999999999	0.7786276524012089
11.149999999999999	0.8108422045650033
11.25	0.844553723430148
11.35	0.8813765028269492
11.45	0.9210411644531901
11.549999999999999	0.9620055349296099
11.649999999999999	1.0029746425410335
11.75	1.0438376004035521
11.85	1.0848594685120616
11.95	1.1263312431958532
12.049999999999999	1.1645736337588446
12.149999999999999	1.198761670667596
12.25	1.2325214062282568
12.35	1.2604191242433846
12.45	1.2864069140469971
12.549999999999999	1.3028836833319009
12.649999999999999	1.319085981787714
12.75	1.3282193430398619
12.85	1.3360410487693946
12.95	1.3381413063319154
13.049999999999999	1.3370190093873995
13.149999999999999	1.3345656585968382
13.25	1.3258319094662308
13.35	1.3176736439559784
13.45	1.302683617345211
13.549999999999999	1.2883873748267756
13.649999999999999	1.2666705006621044
13.75	1.2460886451179538
13.85	1.2176968749970467
13.95	1.1890814815585768
14.049999999999999	1.1597683797425813
14.149999999999999	1.127738602478603
14.25	1.0950410206931442
14.35	1.0643253443216105
14.45	1.0323050609381226
14.549999999999999	1.0041484440114603
14.649999999999999	0.9748034061891508
14.75	0.9451118320950406
14.85	0.9210781325280946
14.95	0.8984490399662113
15.049999999999999	0.8766380812291524
15.149999999999999	0.8575292981073906
15.25	0.8420155604689884
15.35	0.8249676439474882
15.45	0.8156346583637183
15.549999999999999	0.8052269107399234
15.649999999999999	0.7953951979004591
15.75	0.7887114062771526
15.85	0.7852927962743428
15.95	0.7827945923810121
16.05	0.78161241849209
16.15	0.7839677209691588
16.25	0.7860373624527439
16.349999999999998	0.7922705252487813
16.45	0.7967990616193688
16.55	0.8070949391734774
16.65	0.8162654073532752
16.75	0.8273427315120968
16.849999999999998	0.8419389249817043
16.95	0.8525158515329565
17.05	0.8670383835393591
17.15	0.8857262190028476
17.25	0.9044828889829283
17.349999999999998	0.9236085466452778
17.45	0.9421637702263567
17.55	0.9630046888523939
17.65	0.9837522503606262
17.75	1.0042309487230134
17.849999999999998	1.0272971953665533
17.95	1.047328284692192
18.05	1.064014170782828
18.15	1.0868954892721212
18.25	1.1040691521884576
18.349999999999998	1.1203583043474392
18.45	1.1347096513008195
18.55	1.1457163987436132
18.65	1.1584497725582583
18.75	1.1678533226754253
18.849999999999998	1.1734932163501415
18.95	1.1738988975772295
19.05	1.17530921214797
19.15	1.1757862148605345
19.25	1.172814286056313
19.35	1.1678680246627766
19.45	1.1594172874532316
19.55	1.1530668997700346
19.65	1.142376103951649
19.75	1.1320005428410493
19.85	1.119363132998527
19.95	1.1081355076192176
20.05	1.094293178873534
20.15	1.079612069879822
20.25	1.0675108051804834
20.35	1.0527685914057514
20.45	1.0382740177241907
20.55	1.0241189091630332
20.65	1.0097311604719912
20.75	0.997075681185613
20.85	0.9848618096736292
20.95	0.9720157458326206
21.05	0.9593646563319433
21.15	0.9480716494649198
21.25	0.9359393631873384
21.35	0.9265262767339922
21.45	0.9178990720200345
21.55	0.9081211087801335
21.65	0.9024766852023427
21.75	0.897161787636741
21.85	0.8904216180126144
21.95	0.887526985693866
22.05	0.8847838851554765
22.15	0.8816386513971325
22.25	0.8797224467324636
22.35	0.8811769000571029
22.45	0.881027744184382
22.55	0.8840714553884513
22.65	0.8866618544630067
22.75	0.8898991179098862
22.85	0.8958654543221505
22.95	NaN
23.05	0.9094305689685779
23.15	0.9171354511066105
23.25	0.9268964058555188
23.35	0.9361611920706061
23.45	0.9421664086852383
23.55	0.9549854064724517
23.65	0.9653642271228176
23.75	0.9789704558270554
23.85	0.9894225233530652
23.95	1.0030922252348209
24.05	1.013676828807602
24.15	1.02542727686455
24.25	1.037143561872334
24.35	1.0484569061603903
24.45	1.0581292092688037
24.55	1.0668495617325875
24.65	1.076940667887032
24.75	1.0833186181284853
24.85	1.089274008487845
24.95	1.0952738951675283
25.05	1.0986713490063433
25.15	1.1032290233508204
25.25	1.1028831965447854
25.35	1.1060738446054232
25.45	1.106640157739314
25.55	1.1028943414019876
25.65	1.0983421648045466
25.75	1.0942861790639435
25.85	1.0878624900089842
25.95	1.084152955951159
26.05	1.076884472237222
26.15	1.066358203231017
26.25	1.058510724177849
26.35	1.049860920234436
26.45	1.042606545024656
26.55	1.0321390708880198
26.65	1.02629470029779
26.75	1.016608178125399
26.85	1.0079122968556813
26.95	0.9975528874205428
27.05	0.9906264804195404
27.15	0.9815030758150913
27.25	0.973984524015921
27.35	0.9673131327805293
27.45	0.9586162027091969
27.55	0.9527782536054883
27.65	0.9496756201146566
27.75	0.9420965784328864
27.85	0.9412795665925444
27.95	0.9339796842162822
28.05	0.9327378597320525
28.15	0.927939490523001
28.25	0.9268716969108376
28.35	0.9267424516243378
28.45	0.9236039922095797
28.55	0.9243139240424628
28.65	0.9242186737182737
28.75	0.9260736144796203
28.85	0.9290825981858981
28.95	0.9310920274120655
29.05	0.9352321225202795
29.15	0.9388911924518021
29.25	0.9433024698053342
29.35	0.9439292758144354
29.45	0.9533160343906386
29.55	0.9596718930206738
29.65	0.9656669579979976
29.75	0.9709360284673824
29.85	0.9799316917385327
29.95	0.9847518118903452
30.05	0.9937792533743941
30.15	1.0004956452000353
30.25	1.0073738985241436
30.35	1.0152085507934558
30.45	1.0221939411290042
30.55	1.0284665132005157
30.65	1.0355188125298396
30.75	1.0412062635295012
30.85	1.0457817300566716
30.95	1.0527349996274318
31.05	1.0597368703403438
31.15	1.0613358639495636
31.25	1.0625268053186234
31.35	1.0658902842759659
31.45	1.0649918595862191
31.55	1.0685943466191723
31.65	1.06702530112577
31.75	1.0672847564271606
31.85	1.0637771139426642
31.95	1.0614937164213285
32.05	1.0598062293345327
32.15	1.0541861881108383
32.25	1.0525641606385963
32.35	1.04978044598388
32.45	1.0425803778880123
32.55	1.0373970039694709
32.65	1.0316506570165973
32.75	1.025372184217503
32.85	1.0174560887956898
32.95	1.014314744530943
33.05	1.0093399513975698
33.15	1.0038920857426479
33.25	0.993389454830847
33.35	0.9907572589931438
33.45	0.9854663178297128
33.55	0.9777289188722329
33.65	0.9730384171676167
33.75	0.9704975402422037
33.85	0.9651825617238069
33.95	0.9643396544402807
34.05	0.9579910530370719
34.15	0.9549729730859148
34.25	0.9525629893006533
34.35	0.9496050474527384
34.45	0.9488951136119173
34.55	0.9484187138556783
34.65	0.9478991394935583
34.75	0.9466896776706898
34.85	0.9473373150637996
34.95	0.9465976705879396
35.05	0.9498722459000636
35.15	0.9514916562283352
35.25	0.9541101357718776
35.35	0.9576161356811251
35.45	0.9580020463115334
35.55	0.9637199738751103
35.65	0.9671024630271586
35.75	0.9696985588625909
35.85	0.973494355339305
35.95	0.9807996097378369
36.05	0.984250968070804
36.15	0.9878480387172927
36.25	0.9955592500603903
36.35	0.9980849956305579
36.45	1.0037583718214327
36.55	NaN
36.65	1.0135846076731987
36.75	1.0180617222154456
36.85	1.01794976756162
36.95	1.0273885922676798
37.05	1.0307049331621336
37.15	1.0348391092697455
37.25	1.03794750454884
37.35	1.0431937022319235
37.45	1.042665188174738
37.55	1.0447483164268527
37.65	NaN
37.75	1.0486922351133787
37.85	1.0441918915116444
37.95	1.0488437506894164
38.05	1.046039945518618
38.15	1.045175282227691
38.25	1.0457381210616141
38.35	1.039729328345148
38.45	1.0400604264971967
38.550000000000004	1.0352175149445384
38.65	1.0327025539888348
38.75	1.0294922758830014
38.85	1.0232075052947345
38.95	1.0220846179119287
39.050000000000004	1.0174683480716769
39.15	NaN
39.25	NaN
39.35	NaN
39.45	NaN
39.550000000000004	0.9956253043593869
39.65	0.9928862007249669
39.75	0.9873774097676823
39.85	0.9826592710306846
39.95	0.9801921604811772
40.050000000000004	0.9744002614940237
40.15	NaN
40.25	0.9707200785796342
40.35	0.9685808968220755
40.45	0.9675071985821492
40.550000000000004	0.9655439096987247
40.65	0.9622626956827793
40.75	0.9626526788069111
40.85	0.959950968745319
40.95	0.9614325403937555
41.050000000000004	0.961653157494855
41.15	0.9624401289968018
41.25	0.961928494238248
41.35	0.9644631158109482
41.45	0.9674886314874936
41.550000000000004	NaN
41.65	0.9691130802580258
41.75	0.9726846051752466
41.85	0.975496999081392
41.95	0.9773577654764174
42.050000000000004	0.9805029521916496
42.15	NaN
42.25	0.9862371827102749
42.35	0.9911204181380682
42.45	0.9937344438465474
42.550000000000004	0.9983830717917169
42.65	1.0030971609973254
42.75	1.0057643690642057
42.85	1.008876220462274
42.95	1.0113656363612553
43.050000000000004	1.0160039442768252
43.15	1.0193125319765997
43.25	1.02062509613499
43.35	1.0238161890320374
43.45	1.0280955889070245
43.550000000000004	1.0295723395863574
43.65	NaN
43.75	1.03145688322309
43.85	1.0344948753742444
43.95	1.0350176852800068
44.050000000000004	1.0347076760885863
44.15	1.03427620187525
44.25	NaN
44.35	1.033675486189487
44.45	1.0325060181389454
44.550000000000004	1.0333872919228986
44.65	1.0276263676209534
44.75	1.028065126975738
44.85	1.0260218315610379
44.95	1.023743185114358
45.050000000000004	1.0164141102039796
45.15	1.0172169946020617
45.25	1.0144499751035332
45.35	NaN
45.45	1.0090223072550986
45.550000000000004	1.0038983585744088
45.65	NaN
45.75	1.000100324082619
45.85	0.9954301661818439
45.95	0.9941376680367874
46.050000000000004	0.9901309627184901
46.15	0.9871635027083896
46.25	0.984022995909386
46.35	0.9799225585291103
46.45	0.9792825691789737
46.550000000000004	0.977808854451554
46.65	NaN
46.75	0.9739624152090554
46.85	0.97093415005722
46.95	0.9726998299705991
47.050000000000004	0.9706497569748569
47.15	0.9693952991692996
47.25	0.9709683960784732
47.35	0.9714500542159139
47.45	0.9714386725814108
47.550000000000004	0.9722791093417482
47.65	0.9729821761369528
47.75	0.974847002539763
47.85	0.9749296259381143
47.95	0.9767679360942394
48.050000000000004	0.9797390209185357
48.15	0.9847694596843208
48.25	0.9847986416089841
48.35	0.9850495311417623
48.45	0.9882727665939288
48.550000000000004	0.991436139023327
48.65	0.9937222212109232
48.75	0.9975189174005601
48.85	0.9998970033607035
48.95	1.0025613897809225
49.050000000000004	1.0053486613309939
49.15	NaN
49.25	1.0087705753663874
49.35	1.0114652651784877
49.45	1.0157965872299524
49.550000000000004	1.0172875516796465
49.65	1.0202364030940445
49.75	1.0213002332686094
49.85	1.0215129307680986
49.95	1.0266138441640908
50.050000000000004	1.0257251789034234
50.15	1.0258472720800738
50.25	1.0261878123804722
50.35	1.027068198757579
50.45	1.0261788146076687
50.550000000000004	1.0262968121173794
50.65	1.0263954124336119
50.75	1.0243313746643823
50.85	1.0237236920642272
50.95	NaN
51.050000000000004	1.0222101428487056
51.15	1.0170275007872367
51.25	1.0168737267109242
51.35	1.0144785062910262
51.45	1.0132937715228207
51.550000000000004	NaN
51.65	1.0094244783855595
51.75	1.0051889387641746
51.85	1.0030447074025064
51.95	1.0006400515107359
52.050000000000004	NaN
52.15	0.9947445733936158
52.25	0.9929586693341542
52.35	0.9902200641411965
52.45	0.9851722674530217
52.550000000000004	0.9864523864070023
52.65	0.9816570639911478
52.75	0.9834149370130705
52.85	0.9813276568812634
52.95	NaN
53.050000000000004	0.9789669245958177
53.15	NaN
53.25	0.9778603205536234
53.35	0.9774722049745636
53.45	0.9768725042529558
53.550000000000004	NaN
53.65	0.9782858835200342
53.75	NaN
53.85	0.9797169715043117
53.95	0.9799410982710223
54.050000000000004	NaN
54.15	0.9823668456319751
54.25	NaN
54.35	0.9837625512222146
54.45	0.9865114578098918
54.550000000000004	NaN
54.65	0.9878833949200757
54.75	0.989831661929548
54.85	0.9919032870490229
54.95	0.9957953278245862
55.050000000000004	0.9991530748089319
55.15	1.0012966725938341
55.25	1.0016277191333165
55.35	1.007867019813308
55.45	1.0079836873290464
55.550000000000004	1.0080123312745106
55.65	1.013853462762449
55.75	1.0112951327005995
55.85	1.0141451323940305
55.95	1.015997186423534
56.050000000000004	1.015752842935938
56.15	1.0174036482690685
56.25	1.0148838542803513
56.35	1.0209632448574824
56.45	1.0215461408221302
56.550000000000004	1.0230006467630797
56.65	1.02156990160113
56.75	NaN
56.85	1.0198591304239955
56.95	1.0205709341669613
57.050000000000004	1.0196946564037452
57.15	1.019107923172649
57.25	1.0152417772563738
57.35	NaN
57.45	1.0144667176575188
57.550000000000004	1.014041248010178
57.65	1.0088451330120465
57.75	1.0102115360860602
57.85	1.0105322252578224
57.95	1.0063400816711499
58.050000000000004	1.003855640412546
58.15	1.0028279734843262
58.25	0.9995029420958492
58.35	0.9988257193958705
58.45	NaN
58.550000000000004	0.9950963423922026
58.65	0.9927667836573055
58.75	NaN
58.85	0.9899147285683204
58.95	NaN
59.050000000000004	0.9859056883266469
59.15	0.9838484254271002
59.25	0.983573909329128
59.35	0.9833957864874374
59.45	0.9832818060893264
59.550000000000004	0.980636691609281
59.65	0.9818753295537987
59.75	0.9808033456177356
59.85	NaN
59.95	0.9817562953006133
60.050000000000004	NaN
60.15	0.9811771129056612
60.25	0.9829645470350978
60.35	NaN
60.45	0.9848628287026259
60.550000000000004	0.9914770610178478
60.65	0.9861710082982397
60.75	0.9892744905549342
60.85	0.9888823653075468
60.95	0.9918020088052855
61.050000000000004	0.9935819669712276
61.15	0.9954869127269147
61.25	0.9972061645352169
61.35	0.9998830468714627
61.45	0.9998418939448753
61.550000000000004	NaN
61.65	1.0049350744853545
61.75	NaN
61.85	NaN
61.95	1.0079172170417698
62.050000000000004	1.0083081469703732
62.15	1.012707990829408
62.25	1.0125730261450454
62.35	1.0135679225148742
62.45	1.0159135229371503
62.550000000000004	1.0151687031358503
62.65	1.0179836500481976
62.75	1.0175445181994252
62.85	1.0169511992751274
62.95	1.0169618952743447
63.050000000000004	1.0198470965899302
63.15	1.0173809809065504
63.25	NaN
63.35	1.015721827431013
63.45	1.0159258365789887
63.550000000000004	1.0134985644444148
63.65	1.0157310056646287
63.75	1.0115812384501748
63.85	1.0092074959308193
63.95	1.0094114564473866
64.05	1.0075603926954366
64.14999999999999	1.0063622317004133
64.25	1.0034006183626913
64.35	1.0031936243068271
64.44999999999999	1.0009899863207696
64.55	0.9992277463821294
64.64999999999999	0.9991673403959063
64.75	0.9980503281714359
64.85	0.9958271919638694
64.94999999999999	0.9943663356443104
65.05	0.990733533092861
65.14999999999999	0.9903614277710939
65.25	NaN
65.35	0.9869431103719087
65.44999999999999	NaN
65.55	0.9869450143873437
65.64999999999999	0.9854474822471548
65.75	0.9856688285247774
65.85	0.9855685918175894
65.94999999999999	0.9852163100572741
66.05	NaN
66.14999999999999	0.9848387136378793
66.25	0.9841534075635932
66.35	0.9844163900941483
66.44999999999999	0.9840738074004437
66.55	0.9876396647103769
66.64999999999999	NaN
66.75	0.9884965191824323
66.85	NaN
66.94999999999999	NaN
67.05	0.9920726509514319
67.14999999999999	0.9935200336562826
67.25	0.9924254953704006
67.35	0.9969921646707238
67.44999999999999	0.9961006142686174
67.55	0.9981089062273133
67.64999999999999	NaN
67.75	NaN
67.85	1.003580039499471
67.94999999999999	1.0051966062878994
68.05	1.0049472426749226
68.14999999999999	1.0055624343732026
68.25	NaN
68.35	1.0079190019887336
68.44999999999999	1.01030729809612
68.55	1.0122542528175589
68.64999999999999	NaN
68.75	1.0133350763134585
68.85	1.013469444826491
68.94999999999999	1.0132802421495104
69.05	1.013512624316696
69.14999999999999	1.011455626317316
69.25	1.0157600827722504
69.35	1.0138679635443484
69.44999999999999	NaN
69.55	1.0134989362165039
69.64999999999999	1.0132066391985601
69.75	NaN
69.85	1.0098317548575924
69.94999999999999	NaN
70.05	1.0095545831185915
70.14999999999999	1.0080996647650866
70.25	NaN
70.35	1.006701474175887
70.44999999999999	NaN
70.55	1.001441652119482
70.64999999999999	1.0005662661787962
70.75	0.9975503555204174
70.85	0.9986894321597691
70.94999999999999	0.9974650833109543
71.05	0.9957514652676236
71.14999999999999	0.9972344059480382
71.25	NaN
71.35	0.9918928899129245
71.44999999999999	0.9913031293341208
71.55	0.9909416209164014
71.64999999999999	0.9885788107863221
71.75	0.9881221378533124
71.85	0.9886761174620431
71.94999999999999	0.9888997170519684
72.05	NaN
72.14999999999999	NaN
72.25	NaN
72.35	NaN
72.44999999999999	0.9859845888983805
72.55	0.9871841767763034
72.64999999999999	0.986993297505039
72.75	NaN
72.85	0.989678416857423
72.94999999999999	0.9884041204592754
73.05	0.9903803506646861
73.14999999999999	0.9910305200983711
73.25	0.9918993750821178
73.35	0.993288775535539
73.44999999999999	NaN
73.55	0.9942833889853873
73.64999999999999	NaN
73.75	NaN
73.85	0.9997017975207881
73.94999999999999	1.0003842432821322
74.05	1.0003675138627819
74.14999999999999	1.0007374523337043
74.25	1.0033019273766965
74.35	1.0044329149698596
74.44999999999999	1.007231824497746
74.55	1.0065642508806496
74.64999999999999	1.0102792211445324
74.75	1.0102663268815033
74.85	1.0106897684578315
74.94999999999999	1.0132521698436048
75.05	1.0113654915433425
75.14999999999999	1.011275541199673
75.25	NaN
75.35	NaN
75.44999999999999	NaN
75.55	1.010903022626198
75.64999999999999	NaN
75.75	NaN
75.85	1.0105648738851851
75.94999999999999	1.0103605591379896
76.05	1.0097785997769415
76.14999999999999	1.0091290561110522
76.25	NaN
76.35	1.0068871881332035
76.44999999999999	NaN
76.55	1.005236162882571
76.64999999999999	1.0025856445174157
76.75	NaN
76.85	NaN
76.95	NaN
77.05	NaN
77.14999999999999	1.0009686207934279
77.25	0.9978802332945926
77.35	0.9980518341327032
77.45	0.9954137355281988
77.55	0.9954852215670024
77.64999999999999	0.9936456214841244
77.75	0.9940024755440445
77.85	0.9924558314530455
77.95	0.9903585869123572
78.05	0.9915141979315696
78.14999999999999	0.990820398532379
78.25	0.9902692361121563
78.35	0.988755628240703
78.45	NaN
78.55	NaN
78.64999999999999	0.9908504277503563
78.75	0.9884487872739861
78.85	NaN
78.95	0.9914601393755162
79.05	NaN
79.14999999999999	NaN
79.25	0.9912728522488022
79.35	NaN
79.45	0.9927849926227996
79.55	0.9922571228268962
79.64999999999999	NaN
79.75	0.9940996539155482
79.85	0.9957205039901585
