0.15	0.037601429227527614
0.25	0.037105332360410574
0.35	0.03688050640812386
0.45	0.037327332596301804
0.55	0.037509845543621405
0.65	0.03770791614218441
0.7500000000000001	0.03788821115047319
0.85	0.03864986211406765
0.95	0.03905176230759409
1.05	0.039777790592415166
1.15	0.04042590642294887
1.25	0.04116716839187582
1.35	0.041884731770250844
1.45	0.04262003637800459
1.55	0.043823367418870385
1.65	0.044810720238736355
1.75	0.046128747819634344
1.85	0.0473923126256148
1.95	0.0486887305380663
2.05	0.050259360933410775
2.15	0.052108653280592505
2.25	0.05401603538996969
2.35	0.05592776304586487
2.45	0.05789306793137247
2.5500000000000003	0.060274861586745394
2.65	0.06307082216647145
2.75	0.06596790197648682
2.85	0.06910454610505895
2.95	0.0725380301912508
3.0500000000000003	0.07620417565786088
3.15	0.08031295196717238
3.25	0.08485182116719993
3.35	0.09005499446930909
3.45	0.09557960597557218
3.5500000000000003	0.10141013768913727
3.65	0.10794520726825639
3.75	0.11568412250176222
3.85	0.12380637429288938
3.95	0.13376718859097111
4.05	0.1434844418179466
4.1499999999999995	0.15515278708606411
4.25	0.16807325631195458
4.35	0.18335365539116755
4.449999999999999	0.20053094366633056
4.55	0.2196446253050023
4.6499999999999995	0.24187965607087125
4.75	0.2679932738216165
4.85	0.2947802592962364
4.95	0.3304281247187341
5.05	0.36958302876434235
5.1499999999999995	0.4136424447273705
5.25	0.4641208027754229
5.35	0.5241776238828812
5.45	0.5971455347587561
5.55	0.6770080272657564
5.6499999999999995	0.7735768122382847
5.75	0.8852736962964419
5.85	1.0137850671636324
5.95	1.1498211285146247
6.05	1.3077023240742711
6.1499999999999995	1.480253286153106
6.25	1.6455341108068318
6.35	1.813129087424833
6.45	1.9595437678431185
6.55	2.0643530121774125
6.6499999999999995	2.126030848177252
6.75	2.136053803509331
6.85	2.107546608594693
6.95	2.0299105366483596
7.05	1.9348352719809603
7.1499999999999995	1.819814974660519
7.25	1.6993013321872994
7.35	1.5824066102101162
7.45	1.474198325536837
7.55	1.3684332414840852
7.6499999999999995	1.2795002041479935
7.75	1.1951820547133942
7.85	1.125200908493568
7.95	1.054995762146928
8.05	0.9968147215225506
8.15	0.9481742550989453
8.25	0.9032621822699176
8.350000000000001	0.8637953098688306
8.450000000000001	0.8311825567400597
8.55	0.8000665913120164
8.65	0.7762149056388705
8.75	0.7546467026996871
8.850000000000001	0.7368778130642417
8.950000000000001	0.7234176882445799
9.05	0.711259232251758
9.15	0.7011377766572016
9.25	0.6949495881196391
9.350000000000001	0.6892733369105426
9.450000000000001	0.6869873993008255
9.55	0.6858762542860412
9.65	0.6865194096783209
9.750000000000002	0.6906921971487998
9.85	0.695266734729503
9.95	0.702896152848705
10.049999999999999	0.7120273122101302
10.149999999999999	0.7216378359673941
10.25	0.7326348754370032
10.35	0.7482091389545187
10.45	0.7627568845722932
10.549999999999999	0.7802213278038006
10.649999999999999	0.7984827560022405
10.75	0.8175098284486806
10.85	0.8392504219469082
10.95	0.8615063254138718
11.049999999999999	0.8856190530712071
11.149999999999999	0.9102310360736842
11.25	0.937329510213447
11.35	0.9631751582761654
11.45	0.992772052452349
11.549999999999999	1.0171733344827343
11.649999999999999	1.0434431881431594
11.75	1.0730650504668442
11.85	1.0977846650933347
11.95	1.1222906089949123
12.049999999999999	1.1456610019522644
12.149999999999999	1.1666692381014616
12.25	1.1859316208391288
12.35	1.2025280075519584
12.45	1.216917646298412
12.549999999999999	1.2279099524583852
12.649999999999999	1.2370862819311743
12.75	1.2386292289181247
12.85	1.2417245025336203
12.95	1.2388934699548748
13.049999999999999	1.2363635600436267
13.149999999999999	1.226646770407311
13.25	1.213941690200683
13.35	1.2019596774853458
13.45	1.1865790277185573
13.549999999999999	1.1696003907242867
13.649999999999999	1.1498017578003343
13.75	1.128850624426956
13.85	1.1081415893463675
13.95	1.0867363244477062
14.049999999999999	1.067979274265151
14.149999999999999	1.0455284619750622
14.25	1.026304326821529
14.35	1.0061688771964863
14.45	0.9874413940163568
14.549999999999999	0.9703950970133255
14.649999999999999	0.9525055672832738
14.75	0.93838135413092
14.85	0.922976879150578
14.95	0.9117240103366118
15.049999999999999	0.899280865706292
15.149999999999999	0.891594393644663
15.25	0.8823746883226826
15.35	0.8730970143806245
15.45	0.8696354187859419
15.549999999999999	0.8633661669565262
15.649999999999999	0.8605593605105163
15.75	0.8576779506317171
15.85	0.8579614308799695
15.95	0.8586085313500796
16.05	0.8607018932798252
16.15	0.864459829584224
16.25	0.8678829958310146
16.349999999999998	0.8735111121773719
16.45	0.8768653477843741
16.55	0.8852288808701391
16.65	0.892640649524669
16.75	0.9028599926056049
16.849999999999998	0.9119950203068921
16.95	0.9238055224323479
17.05	0.9335236076058999
17.15	0.9441388141256557
17.25	0.958543946130513
17.349999999999998	0.9692639651278462
17.45	0.9836596494432157
17.55	0.9953679663420639
17.65	1.0078161227280966
17.75	1.020935262110388
17.849999999999998	1.0343416879096872
17.95	1.0435216127715667
18.05	1.0553657048437666
18.15	1.0661391192639214
18.25	1.0749878354924618
18.349999999999998	1.0829008818961559
18.45	1.0925210060294634
18.55	1.0969818785471175
18.65	1.1044292630938695
18.75	1.1084450355609479
18.849999999999998	1.109536901103597
18.95	1.1122993868012039
19.05	1.110731858586786
19.15	1.107773955613496
19.25	1.1070412147194806
19.35	1.103160421288243
19.45	1.099776380959839
19.55	1.091799602315079
19.65	1.0851958484293776
19.75	1.0803073165467465
19.85	1.0718218047511459
19.95	1.0618379113132677
20.05	1.0533756785135888
20.15	1.0416732729068734
20.25	1.034383032728589
20.35	1.023489601143636
20.45	1.0156408863221165
20.55	1.0056597657126662
20.65	0.9967956122860466
20.75	0.9885412270707847
20.85	0.9795338834221563
20.95	0.9686497184273168
21.05	0.962854561953299
21.15	0.9575795971807415
21.25	0.95087872455221
21.35	0.9437065743141713
21.45	0.9369129969096995
21.55	0.9350148073254707
21.65	0.9294831481303216
21.75	0.9273190102875731
21.85	0.9261213242606546
21.95	0.9236522950577102
22.05	0.922685724519157
22.15	0.9219102410842889
22.25	0.92448452648093
22.35	0.9241417947157035
22.45	0.9271115997810577
22.55	0.9291749024347604
22.65	0.9325442657637255
22.75	0.9354035406118371
22.85	0.9421371853128201
22.95	0.9454961791896941
23.05	0.9531453833772453
23.15	0.9568082392455876
23.25	0.9626634324534977
23.35	0.9695839997503045
23.45	0.975216806775298
23.55	0.9828772678746258
23.65	0.990256951247644
23.75	0.9964064885584895
23.85	1.0021616499910053
23.95	1.0109596841111281
24.05	1.0162108241888979
24.15	1.0223899205039526
24.25	1.0310677834104587
24.35	1.035405046910209
24.45	1.0422409324402995
24.55	1.047369723300262
24.65	1.054396305643541
24.75	1.0549203024036953
24.85	1.0565883577098418
24.95	1.060815969026527
25.05	1.0618375935171773
25.15	1.0622771250896779
25.25	1.0623355103332437
25.35	1.0613493632754134
25.45	1.0627773072510927
25.55	1.0594248457122166
25.65	1.0580935735934482
25.75	1.055467997385965
25.85	1.0510404310903272
25.95	1.048870241221244
26.05	1.0429958961872638
26.15	1.0387672390671039
26.25	1.0327554856339358
26.35	1.0271416291654871
26.45	1.0225356948563278
26.55	1.0165496010778918
26.65	1.0131598191326312
26.75	1.005231547862489
26.85	1.0005562188021033
26.95	0.9943813058147921
27.05	0.9890128304791953
27.15	0.985305577792246
27.25	0.9789749251437057
27.35	0.9749884624567156
27.45	0.9700982613209915
27.55	0.9673282116256399
27.65	0.9644137461530684
27.75	0.9620655511641315
27.85	0.9601955554889429
27.95	0.9562649299303214
28.05	0.9537456315820484
28.15	0.9543172582781999
28.25	0.9521340158319909
28.35	0.9509922444187522
28.45	0.9516182849523485
28.55	0.9522130864857321
28.65	0.9534697856784685
28.75	0.9560835145570695
28.85	0.9571316089243624
28.95	0.9596425772726416
29.05	0.9604912413662078
29.15	0.9657966584828502
29.25	0.9665180867873902
29.35	0.9713877278899454
29.45	0.9755248781170339
29.55	0.9804580799716034
29.65	0.9832842373861936
29.75	0.9888220579367181
29.85	0.9934555926302594
29.95	NaN
30.05	1.0016186705586625
30.15	1.0057143630836018
30.25	1.0087705845614843
30.35	1.0148772523718228
30.45	1.016881826179224
30.55	1.0225404030636454
30.65	1.025013546525475
30.75	1.029278136075974
30.85	1.0297075256149006
30.95	1.0332684627024398
31.05	1.0349324763745016
31.15	1.0391718802754293
31.25	1.0406962261369073
31.35	1.0397180220254447
31.45	1.0422813927828984
31.55	1.0403176707640573
31.65	1.0374518555660894
31.75	NaN
31.85	1.0380045091001893
31.95	1.0355347540440043
32.05	1.034255392210037
32.15	1.0318450995389432
32.25	1.0311970135729225
32.35	1.0262757706743626
32.45	1.0254859143762287
32.55	1.0213761766511105
32.65	1.017640240403035
32.75	1.009977470845978
32.85	1.0102675848155482
32.95	1.0077370774102588
33.05	0.9997670836010937
33.15	0.9996419252595825
33.25	0.9948840582846797
33.35	0.9925454865577304
33.45	0.9885269854518856
33.55	0.9874386423642172
33.65	0.9857086353517042
33.75	0.9793347313419888
33.85	0.9785557189326095
33.95	0.9751291664186555
34.05	0.9724534415076791
34.15	0.9731569814968573
34.25	0.9704048970510698
34.35	0.9674235261745397
34.45	0.9695414469996076
34.55	0.9666477229770909
34.65	0.9678242500950244
34.75	0.969217983137898
34.85	0.9673573538621212
34.95	0.9674506857123368
35.05	0.9727082330291338
35.15	0.9701883773985427
35.25	0.9726820805762597
35.35	0.9757557328140974
35.45	0.977450320539193
35.55	0.980036774767663
35.65	0.9809238424446456
35.75	0.9855989574099211
35.85	0.9881232425226394
35.95	0.9895469198665942
36.05	0.9933464552614315
36.15	0.9953840905388976
36.25	1.0007595790117254
36.35	1.0018371041458127
36.45	1.0040954993676412
36.55	1.0071347823248815
36.65	NaN
36.75	1.0095210576313225
36.85	1.0172505717407654
36.95	1.018732054492939
37.05	1.0224880342759137
37.15	1.023697739736638
37.25	1.0244141326310245
37.35	1.0250907312894282
37.45	1.0269158679569526
37.55	1.0278605024684992
37.65	1.0297103617855354
37.75	1.0282220229397376
37.85	1.0308259507539053
37.95	1.0262546281790985
38.05	NaN
38.15	NaN
38.25	1.0272542483532814
38.35	1.02417933367559
38.45	1.0226022511364592
38.550000000000004	1.020322405554443
38.65	1.0196230184249653
38.75	1.0159484397153375
38.85	1.0116419603374407
38.95	1.0103256331124528
39.050000000000004	1.0105016514666434
39.15	1.0054720095176144
39.25	1.0025726903834256
39.35	1.000491566582805
39.45	0.9992421413609265
39.550000000000004	0.9969760815235351
39.65	NaN
39.75	0.9911787612292889
39.85	0.9889239324914437
39.95	0.9854677419711763
40.050000000000004	0.9834819831625328
40.15	0.983832078228939
40.25	0.980512110681993
40.35	NaN
40.45	0.9794437871122982
40.550000000000004	0.9794755924385212
40.65	0.9771941025975596
40.75	0.9771816479168481
40.85	0.976764733764971
40.95	0.975648991626672
41.050000000000004	0.9766702201011852
41.15	0.9770313351837013
41.25	0.9790414666434082
41.35	0.9776402532522326
41.45	0.9800316677140289
41.550000000000004	0.9800640977980863
41.65	0.9821432809374258
41.75	0.9844645166702714
41.85	0.9854087484337726
41.95	0.9858307752473298
42.050000000000004	0.989950636119271
42.15	0.9912680419295861
42.25	0.9944530192250743
42.35	0.9967641893572259
42.45	0.9987374711942745
42.550000000000004	0.9994762215004996
42.65	1.003433104154857
42.75	1.006600634648511
42.85	1.0071129338373113
42.95	1.0080306993660557
43.050000000000004	1.0105266930641272
43.15	NaN
43.25	1.0159125963596052
43.35	1.0157747787028921
43.45	1.015951027086769
43.550000000000004	1.0195236378535963
43.65	NaN
43.75	NaN
43.85	1.0208864031548106
43.95	1.020636754727497
44.050000000000004	1.021250433379949
44.15	1.0202881354321778
44.25	1.021308546276986
44.35	1.0191455886537193
44.45	NaN
44.550000000000004	1.0194154889488443
44.65	1.0156925997640607
44.75	1.0159651786248132
44.85	1.0145889064261617
44.95	1.0116021364763041
45.050000000000004	1.010956159891396
45.15	1.01041159874837
45.25	1.00520410265758
45.35	1.0064306874631856
45.45	1.0045368032288198
45.550000000000004	1.0023276748728225
45.65	0.9995709143310127
45.75	NaN
45.85	0.997309460965985
45.95	NaN
46.050000000000004	0.9933819251446273
46.15	0.9899225459402503
46.25	0.987330938509749
46.35	NaN
46.45	0.9873600080214465
46.550000000000004	0.9856486551263697
46.65	NaN
46.75	0.9835437708011844
46.85	0.9829491132580267
46.95	0.9841629779444445
47.050000000000004	0.9830576015801946
47.15	0.9813335042483907
47.25	0.9804560950495839
47.35	0.9829595301186554
47.45	NaN
47.550000000000004	0.9825510078596037
47.65	0.9856238203158503
47.75	0.9845317064702142
47.85	0.9864069534664257
47.95	0.9874617720009266
48.050000000000004	0.9872899025605856
48.15	0.9892040335196058
48.25	0.9899564728664165
48.35	0.9918580828419487
48.45	0.9942199224402261
48.550000000000004	0.9968045676368371
48.65	0.9972967389034499
48.75	1.0004226463509687
48.85	0.9997966695421638
48.95	1.0036647861346832
49.050000000000004	1.0031132480682579
49.15	1.007264295720682
49.25	1.006548636297042
49.35	1.0085587623838195
49.45	1.0099690206112846
49.550000000000004	1.0114514913346582
49.65	1.011903217242228
49.75	NaN
49.85	1.0138063867700209
49.95	1.0147465662829536
50.050000000000004	1.0154491272406887
50.15	1.0145547716359562
50.25	1.016160951305408
50.35	1.017825256822069
50.45	1.0163605635045736
50.550000000000004	1.0168602692460254
50.65	1.0136134156837262
50.75	1.0118729308044294
50.85	1.0148321385512857
50.95	1.012810862114368
51.050000000000004	1.0119911786112328
51.15	1.010187506957104
51.25	1.0095653845894168
51.35	1.0099658380696719
51.45	1.0070095515969326
51.550000000000004	1.006810524357812
51.65	1.004824875523869
51.75	1.002677566742694
51.85	1.000738516071027
51.95	0.9999037915848362
52.050000000000004	0.9972719612329248
52.15	NaN
52.25	0.9946124086480486
52.35	0.9934513194408803
52.45	0.9926994776822055
52.550000000000004	0.994174531362309
52.65	0.9938665758242113
52.75	0.9885301703645162
52.85	0.9890359665617138
52.95	0.9863494612360855
53.050000000000004	0.9865802705599077
53.15	0.9859917934239508
53.25	0.9869163238067505
53.35	0.9879567899916141
53.45	0.9871838619050041
53.550000000000004	0.9871107495824676
53.65	0.9874275547968406
53.75	0.9882215510135459
53.85	0.9870028907306551
53.95	0.9871607946320761
54.050000000000004	0.9894567222797336
54.15	0.9897739229425588
54.25	0.9882057988081642
54.35	0.9911036883992307
54.45	0.9924448129748574
54.550000000000004	NaN
54.65	0.9926963966508042
54.75	0.9991161459882383
54.85	0.9974978429221547
54.95	1.000042082916661
55.050000000000004	0.9997102719520651
55.15	1.0011393002583646
55.25	1.0004476801353737
55.35	1.0026449812563651
55.45	1.0030388070054188
55.550000000000004	1.005744653867653
55.65	NaN
55.75	1.0075769346185204
55.85	1.0087397761617392
55.95	1.009224097273865
56.050000000000004	1.0104358588549658
56.15	1.0129835845202362
56.25	1.0118840618993394
56.35	1.0212437502160512
56.45	1.011983492911542
56.550000000000004	1.0131954754216839
56.65	1.0127389063706063
56.75	1.0128539028688783
56.85	1.0127991457099337
56.95	1.0110999884164953
57.050000000000004	1.0107359941526572
57.15	1.011752080917691
57.25	1.009984147627505
57.35	1.0089936204745562
57.45	1.0089103629935927
57.550000000000004	NaN
57.65	1.005019658560525
57.75	1.0052758151871546
57.85	1.003443871801392
57.95	1.0034798454423277
58.050000000000004	NaN
58.15	1.0016654468178252
58.25	0.9985999462658552
58.35	0.9975691296901856
58.45	0.9971621975528446
58.550000000000004	0.9956526017409795
58.65	0.9936887320204848
58.75	NaN
58.85	0.9947529850558635
58.95	0.9927328722228111
59.050000000000004	0.9913882788171989
59.15	0.9909047187345733
59.25	0.9892827362904963
59.35	0.9892025300441958
59.45	0.9897416644988055
59.550000000000004	0.9887388184806407
59.65	NaN
59.75	0.9882818871755376
59.85	0.9887809147398745
59.95	0.9894672218508881
60.050000000000004	0.9900661483704309
60.15	0.9899883595365164
60.25	0.9904035411190475
60.35	NaN
60.45	0.9915773813148421
60.550000000000004	0.9914955145100126
60.65	0.9933532258666813
60.75	0.9927385557338357
60.85	NaN
60.95	0.996921457329507
61.050000000000004	0.9970684876473893
61.15	0.998415041452568
61.25	0.9993581859902249
61.35	1.0015044319054498
61.45	1.0017034622329972
61.550000000000004	1.0023926848758613
61.65	1.004030159061027
61.75	1.0048679081513332
61.85	1.0049275673314144
61.95	NaN
62.050000000000004	1.0093481430612483
62.15	1.0088704659205652
62.25	1.0088995968764016
62.35	1.0087201197888094
62.45	NaN
62.550000000000004	1.010657994558145
62.65	NaN
62.75	NaN
62.85	1.0091137409311672
62.95	1.0105764553287764
63.050000000000004	1.0097940873726603
63.15	1.0097114695860243
63.25	1.0090856739855614
63.35	1.0084294840128716
63.45	1.0080325065998423
63.550000000000004	1.0073951085234503
63.65	NaN
63.75	1.0070724808167322
63.85	NaN
63.95	1.0041227697777384
64.05	1.0039395909795075
64.14999999999999	1.005341045691311
64.25	1.0017451573846023
64.35	NaN
64.44999999999999	0.9991137430262722
64.55	0.9993679600809312
64.64999999999999	0.9995463878894327
64.75	0.9969929255731468
64.85	0.9970552947389861
64.94999999999999	0.9952638630772069
65.05	0.9949632518199814
65.14999999999999	NaN
65.25	0.994069684607561
65.35	0.9926385044658492
65.44999999999999	0.9909594937752159
65.55	0.9924381506900969
65.64999999999999	NaN
65.75	0.9906371881150366
65.85	0.9901573358542083
65.94999999999999	NaN
66.05	NaN
66.14999999999999	0.9919011387980655
66.25	0.9915954199496034
66.35	0.9922472750677217
66.44999999999999	0.990248648414247
66.55	NaN
66.64999999999999	0.9932772606415854
66.75	0.9920962803899586
66.85	NaN
66.94999999999999	NaN
67.05	NaN
67.14999999999999	NaN
67.25	0.9965813668555429
67.35	NaN
67.44999999999999	NaN
67.55	0.9998732477885501
67.64999999999999	1.0027654245328523
67.75	1.0009087716305383
67.85	1.0029210652741736
67.94999999999999	NaN
68.05	1.0036809585038198
68.14999999999999	1.0041934450453813
68.25	1.0042160242819007
68.35	1.0068376034554767
68.44999999999999	1.005646654914639
68.55	1.0068732509267775
68.64999999999999	NaN
68.75	1.0072482776333391
68.85	1.0078471937358222
68.94999999999999	1.0099689677930594
69.05	NaN
69.14999999999999	1.0095641491164817
69.25	NaN
69.35	1.0085825713648071
69.44999999999999	1.0069014466200201
69.55	1.0073421774616287
69.64999999999999	1.0067276797893039
69.75	1.0065491673901932
69.85	1.0057620343217522
69.94999999999999	1.0044900954531115
70.05	NaN
70.14999999999999	1.0052537383542322
70.25	1.004901328381551
70.35	1.0041270513011566
70.44999999999999	1.001722342205101
70.55	1.0011115052514887
70.64999999999999	0.9998204073703847
70.75	0.9999721575926811
70.85	0.9986275690294513
70.94999999999999	0.999199212442735
71.05	0.9975073536021307
71.14999999999999	NaN
71.25	0.9954436228136408
71.35	NaN
71.44999999999999	0.9941140009601039
71.55	0.9943055866531794
71.64999999999999	0.9939474767932546
71.75	0.994176954036897
71.85	NaN
71.94999999999999	NaN
72.05	0.9945901058888178
72.14999999999999	NaN
72.25	0.9929005174167788
72.35	0.992308712518841
72.44999999999999	NaN
72.55	NaN
72.64999999999999	0.9938566025437653
72.75	0.9928577834894231
72.85	0.9948508252052677
72.94999999999999	NaN
73.05	0.9942384498910718
73.14999999999999	0.9930649312015939
73.25	0.9947050550773846
73.35	0.9943951265398225
73.44999999999999	0.9958803302296156
73.55	0.9980095142954477
73.64999999999999	0.9974073866309792
73.75	0.9976591957147781
73.85	1.000466121294949
73.94999999999999	NaN
74.05	NaN
74.14999999999999	1.0011152889196213
74.25	1.0020471848673655
74.35	1.0036786633199808
74.44999999999999	1.0039113207318162
74.55	1.0052029910991045
74.64999999999999	NaN
74.75	NaN
74.85	1.0066376689100516
74.94999999999999	1.0081693468902475
75.05	1.0079105996388662
75.14999999999999	1.0079551522896684
75.25	1.0084623081839748
75.35	1.0083103287406199
75.44999999999999	1.0064779279836682
75.55	1.0069192619499723
75.64999999999999	1.006593146625566
75.75	NaN
75.85	1.0059272020389083
75.94999999999999	NaN
76.05	1.0068210853472197
76.14999999999999	1.0052766063748475
76.25	1.0050075486935843
76.35	1.0044053760062268
76.44999999999999	NaN
76.55	1.0009620256421032
76.64999999999999	0.9992785126248787
76.75	NaN
76.85	1.0007820523881406
76.95	1.004449035028171
77.05	0.9997385854897397
77.14999999999999	0.9983212924767062
77.25	NaN
77.35	NaN
77.45	NaN
77.55	0.9963484906238188
77.64999999999999	NaN
77.75	0.9963461033512455
77.85	0.9950950586395089
77.95	NaN
78.05	0.9942289522116816
78.14999999999999	NaN
78.25	0.9936400683673984
78.35	0.9935088120949936
78.45	NaN
78.55	NaN
78.64999999999999	NaN
78.75	0.993708845011166
78.85	0.9924864220629378
78.95	0.9937951866616821
79.05	NaN
79.14999999999999	NaN
79.25	0.9959311054506996
79.35	0.9944709541821627
79.45	NaN
79.55	0.9953890306059685
79.64999999999999	NaN
79.75	0.9973731252548326
79.85	0.9981712876634532
