0.15	0.03645286629148013
0.25	0.036373916821620354
0.35	0.03655708449125086
0.45	0.0370893600926787
0.55	0.037470768746026145
0.65	0.03776754756212431
0.7500000000000001	0.03826336234119216
0.85	0.038449474272085296
0.95	0.039236647903419804
1.05	0.039585109147001044
1.15	0.04015878817618871
1.25	0.04098119960549447
1.35	0.041983756761233004
1.45	0.042689470016148125
1.55	0.043639307715819614
1.65	0.04486033852399739
1.75	0.046000988303778745
1.85	0.04756296811767485
1.95	0.04887528732165598
2.05	0.05054532859256446
2.15	0.05207331339098848
2.25	0.054179648779569774
2.35	0.055719269899513965
2.45	0.05798872595691159
2.5500000000000003	0.06036671810063034
2.65	0.06305261589679392
2.75	0.06598959159382006
2.85	0.0690255990198584
2.95	0.07228351684685161
3.0500000000000003	0.07625449093424157
3.15	0.08028048396391944
3.25	0.08488021383220727
3.35	0.08992014927845196
3.45	0.09549960790341289
3.5500000000000003	0.10147366216057892
3.65	0.1079471267405727
3.75	0.11582262269874573
3.85	0.1238980061115184
3.95	0.13371565572186428
4.05	0.14361915118482496
4.1499999999999995	0.15543901224111112
4.25	0.16793818680070535
4.35	0.18355917604084568
4.449999999999999	0.20057113526178863
4.55	0.21949331618875315
4.6499999999999995	0.2418791838297317
4.75	0.26816851781329026
4.85	0.2949330899582778
4.95	0.33038978675341457
5.05	0.3689507257218527
5.1499999999999995	0.4123645344171495
5.25	0.46299356822828036
5.35	0.5235070096091947
5.45	0.59838993763518
5.55	0.6766843031546178
5.6499999999999995	0.7743079628294478
5.75	0.886703283673824
5.85	1.012586226418406
5.95	1.1481616737779528
6.05	1.3095824342712374
6.1499999999999995	1.482290783446002
6.25	1.650170416571725
6.35	1.8138635770980667
6.45	1.9546041534912264
6.55	2.065983648144568
6.6499999999999995	2.122593391343022
6.75	2.135779033766795
6.85	2.102371837290792
6.95	2.02682012172577
7.05	1.9332065761854835
7.1499999999999995	1.8178533463005915
7.25	1.7017602162867809
7.35	1.5852750647881724
7.45	1.4716097556332592
7.55	1.3711143792910538
7.6499999999999995	1.2806988391679606
7.75	1.1936157414484778
7.85	1.12341312447164
7.95	1.0529274100885402
8.05	0.9951531923364835
8.15	0.9470389115729522
8.25	0.9027023446911338
8.350000000000001	0.8646656570986865
8.450000000000001	0.8317646208972728
8.55	0.8006679018614931
8.65	0.7755840159914864
8.75	0.7553918714412398
8.850000000000001	0.7388867285459039
8.950000000000001	0.7219471843953459
9.05	0.7129188125715551
9.15	0.7024247901676198
9.25	0.6948138339200939
9.350000000000001	0.6905183841768742
9.450000000000001	0.6869213543050284
9.55	0.6874525850170897
9.65	0.6881374762920237
9.750000000000002	0.6901449574817144
9.85	0.697216598526806
9.95	0.7024703748554619
10.049999999999999	0.711180432148129
10.149999999999999	0.7220733299891675
10.25	0.7321762764422953
10.35	0.7472850526957856
10.45	0.7642945657352419
10.549999999999999	0.7802070619132169
10.649999999999999	0.7971890312286136
10.75	0.8180930341044217
10.85	0.8386567167563819
10.95	0.8611954665994607
11.049999999999999	0.8863618125985868
11.149999999999999	0.9099446357131196
11.25	0.938022020107138
11.35	0.9610033786177137
11.45	0.9911415340046774
11.549999999999999	1.0176490752674838
11.649999999999999	1.0450322673772887
11.75	1.0716283669625248
11.85	1.0979720865157656
11.95	1.1225249442063678
12.049999999999999	1.14669552338395
12.149999999999999	1.1692912830438695
12.25	1.185913826098924
12.35	1.2039535362056168
12.45	1.2165269356020294
12.549999999999999	1.2280212583731436
12.649999999999999	1.2364851210938443
12.75	1.2403768178774317
12.85	1.2423676957078593
12.95	1.2386776665127701
13.049999999999999	1.2341893260829098
13.149999999999999	1.223568715000773
13.25	1.2158638562403212
13.35	1.2024538745104383
13.45	1.185079043606355
13.549999999999999	1.1694627662687875
13.649999999999999	1.1490527036119373
13.75	1.1317985933863863
13.85	1.1096949887992378
13.95	1.08932464421918
14.049999999999999	1.066917560117019
14.149999999999999	1.0450332045443302
14.25	1.025339342094246
14.35	1.0062560911693756
14.45	0.9863190193241889
14.549999999999999	0.9691709675480374
14.649999999999999	0.9552115846072388
14.75	0.9363699417575007
14.85	0.9221639301231892
14.95	0.9129703935972457
15.049999999999999	0.9014588458818407
15.149999999999999	0.889728587178606
15.25	0.8806809390900601
15.35	0.8740988604505958
15.45	0.869085679146176
15.549999999999999	0.8625155954892428
15.649999999999999	0.8618999945832769
15.75	0.8602419059923725
15.85	0.8585260584311643
15.95	0.8587101066343645
16.05	0.85908371392333
16.15	0.8633682989282081
16.25	0.8678630468004209
16.349999999999998	0.8716688459113848
16.45	0.8775292890799424
16.55	0.8860778382893933
16.65	0.893984524463028
16.75	0.904200537467755
16.849999999999998	0.9121843870572147
16.95	0.9239857044415817
17.05	0.935353788171309
17.15	0.9460387934105235
17.25	0.9589139388525086
17.349999999999998	0.9696835550673392
17.45	0.9815103046552449
17.55	0.993786639582566
17.65	1.0078622201795833
17.75	1.020102793070325
17.849999999999998	1.0329979162443157
17.95	1.0442606316123504
18.05	1.0553874378667325
18.15	1.0674725349236762
18.25	1.0770827869100421
18.349999999999998	1.0838934935881217
18.45	1.0915393100935333
18.55	1.0979188162670892
18.65	1.1029470285703205
18.75	1.108484441181679
18.849999999999998	1.1085828344186375
18.95	1.1091138839002486
19.05	1.109849351577484
19.15	1.1085206560131438
19.25	1.1076915768124913
19.35	1.1023928592934311
19.45	1.0982067929324477
19.55	1.092365970681153
19.65	1.0856294826943544
19.75	1.0764704098284992
19.85	1.0712604736104203
19.95	1.0612500690275843
20.05	1.0521030532941154
20.15	1.043658733409815
20.25	1.0334815260425734
20.35	1.0244000058854525
20.45	1.0174145048445877
20.55	1.005613525321111
20.65	0.9970300449071235
20.75	0.9895803386980981
20.85	0.9790258253446286
20.95	0.971816833589054
21.05	0.962187027966102
21.15	0.954059766714226
21.25	0.9490315486155952
21.35	0.9439616916340827
21.45	0.9396259926619486
21.55	0.9346311192497718
21.65	0.9315262047340302
21.75	0.9259885736481149
21.85	0.9250382506903365
21.95	0.9243147409661077
22.05	0.9253413964419481
22.15	0.9225325148155804
22.25	0.9240403862760176
22.35	0.9237163043515381
22.45	0.9272105202691734
22.55	0.929023543361646
22.65	0.9341819811984946
22.75	0.932975052242984
22.85	0.9401146887892843
22.95	0.9447976224642268
23.05	0.9523251449705109
23.15	0.9565192019888572
23.25	0.9636736827017979
23.35	0.9685090487638316
23.45	0.9756113471806249
23.55	0.9814203317725618
23.65	0.9912979972123696
23.75	0.9975297253780651
23.85	1.0027622127029188
23.95	1.0120813936960107
24.05	1.0178595048366028
24.15	1.0237288245365719
24.25	1.030150332040131
24.35	1.0379877223660696
24.45	1.0418362840982545
24.55	1.0474317062644352
24.65	1.053711814570092
24.75	1.0558975415349836
24.85	1.0569414375263926
24.95	1.061118079916139
25.05	1.0620693302582194
25.15	1.0642087919111005
25.25	1.0623376735770058
25.35	1.0615653226261466
25.45	1.0612419312560621
25.55	1.0600569496377688
25.65	1.0562909423043323
25.75	1.0547661238904356
25.85	1.0520364675788954
25.95	1.0475964147997223
26.05	1.0439621083578638
26.15	1.0377084203395626
26.25	1.033630702030438
26.35	1.0283907033611834
26.45	1.022563682254015
26.55	1.016894201887185
26.65	1.0093180507939212
26.75	1.0047645521182376
26.85	0.9996991755282857
26.95	0.9946721784896926
27.05	0.9903253965641412
27.15	0.9850475582721413
27.25	0.9788436309426979
27.35	0.9746058827127484
27.45	0.9704515892537454
27.55	0.9665312208199391
27.65	0.964323042141822
27.75	0.9607450420116093
27.85	0.9596419854752701
27.95	0.9573421212294636
28.05	0.9552273722236946
28.15	0.9530384947383842
28.25	0.951838491334724
28.35	0.9530100270173847
28.45	0.9528222169133818
28.55	0.9524231936060319
28.65	0.9542595360901803
28.75	0.9551916611422289
28.85	0.957145117995504
28.95	0.9605836799027628
29.05	0.9611978861824794
29.15	0.9648731306580131
29.25	0.9674846957441703
29.35	0.9719627615699937
29.45	0.9756415576644711
29.55	0.9783943510556125
29.65	0.9823098760429619
29.75	0.9892232971558095
29.85	0.9923760403912651
29.95	NaN
30.05	1.0007773157831046
30.15	1.0060947384827637
30.25	1.0096000248047148
30.35	1.0153735034482763
30.45	1.0173908397189926
30.55	1.0242918083802046
30.65	1.0252648200555814
30.75	1.0288108182390923
30.85	1.0302259701123002
30.95	1.0344072308422698
31.05	1.0364458558943443
31.15	1.0368191381515162
31.25	1.040792762395003
31.35	1.0403404261705118
31.45	1.040988034407575
31.55	1.0409361448767669
31.65	1.0417299636868806
31.75	NaN
31.85	1.0364206802855036
31.95	1.0376007339103122
32.05	1.032270342893913
32.15	1.0326448413315967
32.25	1.0318953833315838
32.35	1.0274985543575033
32.45	1.0236846985207184
32.55	1.0187073647468559
32.65	1.0164927931233911
32.75	1.0130583589068163
32.85	1.00835463181491
32.95	1.0063150292080256
33.05	1.0023672003886743
33.15	0.9983308120939386
33.25	0.9955681000428113
33.35	0.9903571213149948
33.45	0.988362944515486
33.55	0.9856984811759095
33.65	0.9831375134558344
33.75	0.9791104383148269
33.85	0.9763475903017728
33.95	0.9749171624617473
34.05	0.97289158025203
34.15	0.972036831745238
34.25	0.9705279602261817
34.35	0.9679425043266133
34.45	0.9652650440881915
34.55	0.9682750101011898
34.65	0.9674558653636999
34.75	0.9678879880486536
34.85	0.9665552885032778
34.95	0.9685817258121731
35.05	0.9699804588683366
35.15	0.9737179474826969
35.25	0.9728130894776809
35.35	0.9758771989680379
35.45	0.9766705342095676
35.55	0.9782248144637279
35.65	0.9827578814271896
35.75	0.9831595652913256
35.85	0.9868953509648999
35.95	0.991018043170951
36.05	0.9931707914510882
36.15	0.9954185706528892
36.25	0.9997494301835956
36.35	1.0035899906779189
36.45	1.0038579764083673
36.55	1.0088905904948486
36.65	NaN
36.75	1.0126765451177855
36.85	1.0162609858891443
36.95	1.017942034310458
37.05	1.0200014007644966
37.15	1.0224164942430518
37.25	1.0260809728119293
37.35	1.0249001450332644
37.45	1.0275572379915268
37.55	1.0261627525009114
37.65	1.0296255179291758
37.75	1.0268928539442417
37.85	1.0295324222184012
37.95	1.0273065176149314
38.05	NaN
38.15	NaN
38.25	1.02268984825314
38.35	1.0229005475532176
38.45	1.023787268616607
38.550000000000004	1.021322819522383
38.65	1.018733942207124
38.75	1.0144200408939261
38.85	1.0144199227445265
38.95	1.0115923991986544
39.050000000000004	1.007772709258506
39.15	1.0058297242943743
39.25	1.0029687779749377
39.35	1.0002311551718461
39.45	0.9977585466558004
39.550000000000004	0.9961031940733325
39.65	NaN
39.75	0.9892809240269912
39.85	0.9893723045256014
39.95	0.9836476976788563
40.050000000000004	0.9868522565382875
40.15	0.9835350119358716
40.25	0.9789651203346409
40.35	NaN
40.45	0.9784908571074145
40.550000000000004	0.976760614206754
40.65	0.9767840956069966
40.75	0.9753211715417761
40.85	0.977626315039074
40.95	0.977094569173958
41.050000000000004	0.9749595673278609
41.15	0.9757031085246844
41.25	0.9774339387963247
41.35	0.9797065563933537
41.45	0.9792689002597093
41.550000000000004	0.9799454663197112
41.65	0.9823785171629232
41.75	0.985247025530192
41.85	0.9864992652140303
41.95	0.9859555314181567
42.050000000000004	0.9909049022230457
42.15	0.9917206480461481
42.25	0.9940728394379033
42.35	0.9970587733113883
42.45	0.9955951599736793
42.550000000000004	1.0009066025123798
42.65	1.0011944705106102
42.75	1.0070475528032987
42.85	1.0069858814001034
42.95	1.007639792355674
43.050000000000004	1.011061874940576
43.15	NaN
43.25	1.0122041232155026
43.35	1.0140921016630104
43.45	1.0163522750129272
43.550000000000004	1.0164525935780957
43.65	NaN
43.75	NaN
43.85	1.0185563811671932
43.95	1.0230356958758495
44.050000000000004	1.0207847927340226
44.15	1.0208377594280618
44.25	1.018926076575688
44.35	1.01790192814286
44.45	NaN
44.550000000000004	1.0177182907963027
44.65	1.0182032905474212
44.75	1.0196606451198826
44.85	1.0147058324638332
44.95	1.0135618523693406
45.050000000000004	1.0094981013989621
45.15	1.0086895465584633
45.25	1.0057076689638886
45.35	1.0063545333783477
45.45	1.0036442016995446
45.550000000000004	1.0031636064607288
45.65	1.0008508647370573
45.75	NaN
45.85	0.9951884323094689
45.95	NaN
46.050000000000004	0.9936691758436034
46.15	0.9897153748150392
46.25	0.9882118746537101
46.35	NaN
46.45	0.9888398462323643
46.550000000000004	0.9846740472483142
46.65	NaN
46.75	0.9848142226626333
46.85	0.9836442003701003
46.95	0.984088909494495
47.050000000000004	0.9811853241610958
47.15	0.9821816934218052
47.25	0.983188171670588
47.35	0.9824595437481214
47.45	NaN
47.550000000000004	0.9841628387051051
47.65	0.9847923362079111
47.75	0.984300079929928
47.85	0.9844242715372299
47.95	0.9866455542871855
48.050000000000004	0.9873644289539151
48.15	0.9910293509504621
48.25	0.9924299367199577
48.35	0.9929781235018624
48.45	0.9952388598410258
48.550000000000004	0.998230401863279
48.65	0.9924666362809115
48.75	0.9980402743870553
48.85	1.0007383030116321
48.95	1.0022610582344353
49.050000000000004	1.0030245778567377
49.15	1.002707291840402
49.25	1.008403786186668
49.35	1.008006610698281
49.45	1.0107812600402801
49.550000000000004	1.0137430164679821
49.65	1.0121486793894034
49.75	NaN
49.85	1.016404913296225
49.95	1.0145788732920067
50.050000000000004	1.0176467967295495
50.15	1.0150494596717319
50.25	1.0164122818538504
50.35	1.0151109645337995
50.45	1.015235071875843
50.550000000000004	1.0161613292734604
50.65	1.0152673553828804
50.75	1.0148777768310753
50.85	1.015411066145914
50.95	1.0109179022617323
51.050000000000004	1.012479840743471
51.15	1.0127546694852845
51.25	1.0116702966064957
51.35	1.008465131482948
51.45	1.006511530514429
51.550000000000004	1.0050184521481498
51.65	1.0052264126301236
51.75	0.9978004855424795
51.85	0.9994685371694199
51.95	0.9992380670499578
52.050000000000004	0.9971663795139803
52.15	NaN
52.25	0.9960144535765831
52.35	0.9947707269548504
52.45	0.9916915231848391
52.550000000000004	0.9940988396717338
52.65	0.9896004032342971
52.75	0.9893855001732723
52.85	0.9885342506204178
52.95	0.9881309899114856
53.050000000000004	0.9853875635721284
53.15	0.9870074005690566
53.25	0.9864881345447879
53.35	0.9862432364495173
53.45	0.9868507162350025
53.550000000000004	0.9875466282698264
53.65	0.986485775169424
53.75	0.9849992513645863
53.85	0.9886034020171137
53.95	0.9855077928144537
54.050000000000004	0.9893456292389728
54.15	0.9896599101614276
54.25	0.990517177897819
54.35	0.9895118073750176
54.45	0.9929713488431885
54.550000000000004	NaN
54.65	0.9950002175025633
54.75	0.9966332151699377
54.85	0.9969989126288816
54.95	0.9987144981072363
55.050000000000004	1.0007968635377869
55.15	1.0021142206227913
55.25	1.0013131915500717
55.35	1.0026631675637248
55.45	1.0049050140980047
55.550000000000004	1.0049070017834867
55.65	NaN
55.75	1.0089551144852371
55.85	1.0090689966522834
55.95	1.0089754938744944
56.050000000000004	1.010657192359074
56.15	1.0087982393857846
56.25	1.0115328405666393
56.35	1.008099213171561
56.45	1.014214463738832
56.550000000000004	1.0120969664439543
56.65	1.0131581489915904
56.75	1.0126247774931443
56.85	1.0122592037119136
56.95	1.010357368638992
57.050000000000004	1.01142309398641
57.15	1.0118991279964185
57.25	1.0115375075210047
57.35	1.009573570707278
57.45	1.0105586090194334
57.550000000000004	NaN
57.65	1.0036279089599012
57.75	1.0050697775546753
57.85	1.004231397360982
57.95	1.0015590215103582
58.050000000000004	NaN
58.15	0.9993543531474726
58.25	0.9991403122700208
58.35	0.9967497072700203
58.45	0.9974025398317232
58.550000000000004	0.9972535904290938
58.65	0.996661329715893
58.75	NaN
58.85	0.9925716457701551
58.95	0.9923860262790409
59.050000000000004	0.9914492737501429
59.15	0.9899369249449539
59.25	0.9905546961733188
59.35	0.9896064505932701
59.45	0.9896265627570203
59.550000000000004	0.9909223938369094
59.65	NaN
59.75	0.9872231819742076
59.85	0.98975486143514
59.95	0.9900663718153964
60.050000000000004	0.9915195603784556
60.15	0.9889113361129309
60.25	0.9905230650135736
60.35	NaN
60.45	0.9932141690756848
60.550000000000004	0.9933369855061954
60.65	0.9934977071479638
60.75	0.9943243094271881
60.85	NaN
60.95	0.9953636697007429
61.050000000000004	0.9961520715966247
61.15	0.9980440962205723
61.25	1.0002389127317382
61.35	1.0004387264629417
61.45	1.002130003648776
61.550000000000004	1.0026273907702965
61.65	1.0035716494709106
61.75	1.0057314374441284
61.85	1.0051360028199778
61.95	NaN
62.050000000000004	1.0077870762495371
62.15	1.009035189769234
62.25	1.0082887120318815
62.35	1.007721741106987
62.45	NaN
62.550000000000004	1.0087918163696146
62.65	NaN
62.75	NaN
62.85	1.0091265625839685
62.95	1.0092102455659395
63.050000000000004	1.010662063520654
63.15	1.0090310265221767
63.25	1.0074306366590515
63.35	1.009080199858589
63.45	1.010149370725406
63.550000000000004	1.0087540497667369
63.65	NaN
63.75	1.0074050472909684
63.85	NaN
63.95	1.0042506133257334
64.05	1.0032139668024902
64.14999999999999	1.0033895428264346
64.25	1.0030767869558437
64.35	NaN
64.44999999999999	0.9980103163870989
64.55	0.9991213857227245
64.64999999999999	0.998887886283005
64.75	0.9970892819589391
64.85	0.9957456408181116
64.94999999999999	0.9955482604462798
65.05	0.995411865684471
65.14999999999999	NaN
65.25	0.994240964355414
65.35	0.9919020982484213
65.44999999999999	0.9929600856148164
65.55	0.9919717331728807
65.64999999999999	NaN
65.75	0.9925189803812962
65.85	0.9898971081087631
65.94999999999999	NaN
66.05	NaN
66.14999999999999	0.9923589489575423
66.25	0.9916126006465295
66.35	0.9905070723837822
66.44999999999999	0.9921475068377635
66.55	NaN
66.64999999999999	0.9915214878921722
66.75	0.9941504588263498
66.85	NaN
66.94999999999999	NaN
67.05	NaN
67.14999999999999	NaN
67.25	0.997199370091822
67.35	NaN
67.44999999999999	NaN
67.55	0.9988441269755987
67.64999999999999	0.9988488051528135
67.75	1.0012464027103638
67.85	1.0008752552726732
67.94999999999999	NaN
68.05	1.0042322945935893
68.14999999999999	1.0030428626502792
68.25	1.0039757347638223
68.35	1.0063718429869495
68.44999999999999	1.00742888075263
68.55	1.0077458937074317
68.64999999999999	NaN
68.75	1.0070942531029177
68.85	1.0088719556041283
68.94999999999999	1.0080652212447576
69.05	NaN
69.14999999999999	1.0080125088749197
69.25	NaN
69.35	1.0071515394818658
69.44999999999999	1.0054710093027375
69.55	1.007236956939779
69.64999999999999	1.0077373210625082
69.75	1.0065327770358496
69.85	1.0064040780281798
69.94999999999999	1.0044540155559432
70.05	NaN
70.14999999999999	1.0045549347403753
70.25	1.0039471539697988
70.35	1.0025107097181
70.44999999999999	1.0023307722924706
70.55	1.0018191957745
70.64999999999999	1.0004916076451502
70.75	1.0003171496774828
70.85	0.9986152260458898
70.94999999999999	0.9983394946833617
71.05	0.9964364153692609
71.14999999999999	NaN
71.25	0.9972338175397023
71.35	NaN
71.44999999999999	0.9964773284769488
71.55	0.9939347574913642
71.64999999999999	0.9941117798701283
71.75	0.9928699956910946
71.85	NaN
71.94999999999999	NaN
72.05	0.9918088675575945
72.14999999999999	NaN
72.25	0.9926342063008194
72.35	0.99255191432777
72.44999999999999	NaN
72.55	NaN
72.64999999999999	0.994780411097878
72.75	0.9934478321214544
72.85	0.9917189670188176
72.94999999999999	NaN
73.05	0.9950023550959434
73.14999999999999	0.9945392491102271
73.25	0.99588791018474
73.35	0.9956381472089201
73.44999999999999	0.9962329182767428
73.55	0.9980093504981372
73.64999999999999	0.9980999773753925
73.75	0.9988004285930066
73.85	1.0004399392491803
73.94999999999999	NaN
74.05	NaN
74.14999999999999	1.0018677875312225
74.25	1.001158289374131
74.35	1.0013096046932863
74.44999999999999	1.0024020845902182
74.55	1.004329774316913
74.64999999999999	NaN
74.75	NaN
74.85	1.00619993005042
74.94999999999999	1.006614884139308
75.05	1.0061151988557069
75.14999999999999	1.0059875934171965
75.25	1.007163654599179
75.35	1.0060422937289932
75.44999999999999	1.005339780798085
75.55	1.0074679545958747
75.64999999999999	1.0075231907465565
75.75	NaN
75.85	1.0059822553402737
75.94999999999999	NaN
76.05	1.0054296037198192
76.14999999999999	1.0057455172290386
76.25	1.0064804618479166
76.35	1.00388287302681
76.44999999999999	NaN
76.55	1.0035961806228206
76.64999999999999	1.000442384472365
76.75	NaN
76.85	1.0017794404102751
76.95	0.9991817072521622
77.05	0.999185932370783
77.14999999999999	0.9979015883699971
77.25	NaN
77.35	NaN
77.45	NaN
77.55	0.9963788434123546
77.64999999999999	NaN
77.75	0.9956990537227486
77.85	0.9945885158616291
77.95	NaN
78.05	0.9935745898173707
78.14999999999999	NaN
78.25	0.9938630848486677
78.35	0.9937933039081425
78.45	NaN
78.55	NaN
78.64999999999999	NaN
78.75	0.9924663262360522
78.85	0.994878010405677
78.95	0.9931566495034477
79.05	NaN
79.14999999999999	NaN
79.25	0.9929832093604365
79.35	0.9955373860753137
79.45	NaN
79.55	0.9957360967923797
79.64999999999999	NaN
79.75	0.9981517944176769
79.85	0.997258953502595
