0.15	0.03637236383759904
0.25	0.037319702717330004
0.35	0.03686575432384845
0.45	0.036747029768565004
0.55	0.03802367821744871
0.65	0.037978854916987895
0.7500000000000001	0.038142073920510854
0.85	0.03866037995644033
0.95	0.03940574750129825
1.05	0.039548557072807584
1.15	0.040523203880023416
1.25	0.04090431630967712
1.35	0.042011533546868055
1.45	0.04277802519558265
1.55	0.0438222014242841
1.65	0.04499231381265402
1.75	0.0460906738677606
1.85	0.047626451977112835
1.95	0.04877346597279959
2.05	0.05026353270055585
2.15	0.05205041380387279
2.25	0.0540539234720264
2.35	0.05579766248351494
2.45	0.057909241860106396
2.5500000000000003	0.060315366345401696
2.65	0.06309753263871878
2.75	0.06589507363020762
2.85	0.06922025454233817
2.95	0.07236378290491105
3.0500000000000003	0.07611011529210222
3.15	0.08024877658046654
3.25	0.08482549139713974
3.35	0.08994458894202628
3.45	0.09544279324713294
3.5500000000000003	0.10153283250023538
3.65	0.10774124719357765
3.75	0.11587734515698057
3.85	0.12368272849303702
3.95	0.13365731804556955
4.05	0.1434647601727612
4.1499999999999995	0.15501651821044132
4.25	0.16817314485577997
4.35	0.18317512988364984
4.449999999999999	0.20014066444120734
4.55	0.2198210472983664
4.6499999999999995	0.2419155162059537
4.75	0.268123957899025
4.85	0.29517290472704855
4.95	0.3302073170426683
5.05	0.36923873083862796
5.1499999999999995	0.4134339483785695
5.25	0.463974879451428
5.35	0.5222221174984019
5.45	0.5989086811985864
5.55	0.677864734582803
5.6499999999999995	0.7747979435491354
5.75	0.8846420770220492
5.85	1.0132479314282976
5.95	1.1512156593668361
6.05	1.3083153875087838
6.1499999999999995	1.4813833324764876
6.25	1.6456913281577263
6.35	1.8107465115838335
6.45	1.9569963833860933
6.55	2.063638747390265
6.6499999999999995	2.1223056638176416
6.75	2.138992740111867
6.85	2.1016813255383884
6.95	2.030691770237186
7.05	1.9306976642440916
7.1499999999999995	1.8204356353995055
7.25	1.704412412581207
7.35	1.5858565741871002
7.45	1.474331372097476
7.55	1.3710077897092465
7.6499999999999995	1.2798223438173715
7.75	1.1976301008835128
7.85	1.1231320430360054
7.95	1.0548459343749583
8.05	0.9955215312579945
8.15	0.9461417831954018
8.25	0.9035372284840244
8.350000000000001	0.8626067389812232
8.450000000000001	0.8304075470789325
8.55	0.8013916545032932
8.65	0.7772327089773688
8.75	0.756002533432826
8.850000000000001	0.7368204138464827
8.950000000000001	0.7218066927947802
9.05	0.7113319283691517
9.15	0.70048024915995
9.25	0.6942044127874711
9.350000000000001	0.6896893447171154
9.450000000000001	0.6880657826461385
9.55	0.6865278732780029
9.65	0.6884036371458105
9.750000000000002	0.6918132821522698
9.85	0.6950094166962033
9.95	0.7019191290676376
10.049999999999999	0.7104143479801767
10.149999999999999	0.7222265505657715
10.25	0.7336450165351359
10.35	0.7455946003452326
10.45	0.7625294054549426
10.549999999999999	0.7792971499134951
10.649999999999999	0.7977997733814457
10.75	0.8180236668359342
10.85	0.8390861583410242
10.95	0.8619048013247119
11.049999999999999	0.8863218139085784
11.149999999999999	0.9111744136570069
11.25	0.9373705603364453
11.35	0.9645054423854995
11.45	0.9922126541900568
11.549999999999999	1.0184102914679025
11.649999999999999	1.044067212115725
11.75	1.0721087247888752
11.85	1.0993333270713854
11.95	1.1233703618587545
12.049999999999999	1.1451343482794294
12.149999999999999	1.168686565527219
12.25	1.1852927429572035
12.35	1.2008235709401105
12.45	1.2175298750073649
12.549999999999999	1.2258836780928464
12.649999999999999	1.237406194962627
12.75	1.240883532911195
12.85	1.2416803593622117
12.95	1.2406879060681935
13.049999999999999	1.2332674664367083
13.149999999999999	1.2250033182441618
13.25	1.2146402566634615
13.35	1.199683248087556
13.45	1.1852659016356073
13.549999999999999	1.1680529902709684
13.649999999999999	1.1502934723430445
13.75	1.1282801066886505
13.85	1.1105020324387083
13.95	1.0877297050848616
14.049999999999999	1.0667203641652359
14.149999999999999	1.0469200452562828
14.25	1.027280759995885
14.35	1.0063620668999007
14.45	0.9893104629424134
14.549999999999999	0.9706509459346038
14.649999999999999	0.9528554688203608
14.75	0.9378116770798235
14.85	0.9221795591603512
14.95	0.9103491370478699
15.049999999999999	0.8997016583942512
15.149999999999999	0.8898495699506496
15.25	0.8803033612757281
15.35	0.8740350663735021
15.45	0.8698397023805154
15.549999999999999	0.8649673221851439
15.649999999999999	0.860322148308234
15.75	0.8597280453561877
15.85	0.8578344468675773
15.95	0.8575073043294891
16.05	0.8603839279186469
16.15	0.8628388814248419
16.25	0.8673352154469441
16.349999999999998	0.8731514516794517
16.45	0.8783638993805242
16.55	0.8862839482638878
16.65	0.8944948639335363
16.75	0.9035694719958203
16.849999999999998	0.9144734991553546
16.95	0.9230453439658814
17.05	0.9351887775435835
17.15	0.9445073476248452
17.25	0.9574566044097884
17.349999999999998	0.969018067268955
17.45	0.9821723041163417
17.55	0.9959373666445867
17.65	1.0088125512051704
17.75	1.0207440610173362
17.849999999999998	1.034165458880485
17.95	1.0475928016562097
18.05	1.0570886352658992
18.15	1.066139866512682
18.25	1.073823184474079
18.349999999999998	1.0833898870229128
18.45	1.0910287166273023
18.55	1.0977726323949943
18.65	1.10131560942016
18.75	1.1063157770378897
18.849999999999998	1.1099368345116587
18.95	1.1104590116398185
19.05	1.1105670011974291
19.15	1.1096913451982378
19.25	1.1077599791483574
19.35	1.1019640508607103
19.45	1.0990496419971367
19.55	1.092258604036118
19.65	1.0857343184532724
19.75	1.0780729412078265
19.85	1.0704133924597508
19.95	1.061776665162817
20.05	1.051336109322519
20.15	1.043029871861019
20.25	1.0346115641670097
20.35	1.0245259003106046
20.45	1.015769854390523
20.55	1.0047239955635583
20.65	0.9951878767398723
20.75	0.986722862871653
20.85	0.9772433804527545
20.95	0.9703628913103541
21.05	0.9625070801854415
21.15	0.955704627315977
21.25	0.9478355632859755
21.35	0.9434518424280608
21.45	0.937751770445873
21.55	0.9343751379357964
21.65	0.9309863389250749
21.75	0.927859688040948
21.85	0.9252711110308164
21.95	0.9236040122246806
22.05	0.9235268033098663
22.15	0.9244091383274837
22.25	0.9224652546592531
22.35	0.9254138517750822
22.45	0.9260581788472737
22.55	0.929939025244193
22.65	0.9306472344317563
22.75	0.9349033237156281
22.85	0.9404591822361492
22.95	0.9452972406492172
23.05	0.9523370768845999
23.15	0.9578967628538425
23.25	0.9643213412686148
23.35	0.9696215302595526
23.45	0.975844722502251
23.55	0.9828385760850263
23.65	0.9900330144253807
23.75	0.9992469707301829
23.85	1.0056893951454446
23.95	1.0101859796411248
24.05	1.0182236948723757
24.15	1.025654698793656
24.25	1.0323392204152022
24.35	1.0384859695127096
24.45	1.0422017586121186
24.55	1.045236347329715
24.65	1.0505009652033945
24.75	1.0550123918589935
24.85	1.0570305642785633
24.95	1.059196669546069
25.05	1.0636854865931178
25.15	1.062493295142752
25.25	1.062461498354992
25.35	1.0643141038564863
25.45	1.0604158300736684
25.55	1.0597087451913692
25.65	1.0576239495750739
25.75	1.057248413999876
25.85	1.050425077110484
25.95	1.0471261741212838
26.05	1.043370410510008
26.15	1.038741609436053
26.25	1.0344693138379004
26.35	1.0301368264463022
26.45	1.0214923625036532
26.55	1.014385537435721
26.65	1.009137769944692
26.75	1.0045331878156039
26.85	0.9998247391461175
26.95	0.9949501338706359
27.05	0.9887909853510626
27.15	0.9837998964949387
27.25	0.9797634953140913
27.35	0.9752793858701744
27.45	0.9725892979757645
27.55	0.9676415175652228
27.65	0.9663183456045059
27.75	0.9614666600400408
27.85	0.9569727891459306
27.95	0.9576319908659542
28.05	0.9542944612680542
28.15	0.9535090660142859
28.25	0.9530182247598642
28.35	0.9515468070383422
28.45	0.9525741641089032
28.55	0.9518417708474007
28.65	0.9540789143542275
28.75	0.9570964848049519
28.85	0.955820680752709
28.95	0.9594606539310333
29.05	0.9610218310712587
29.15	0.9656465761758658
29.25	0.9668677813977636
29.35	0.9712475577505288
29.45	0.9757714976634856
29.55	0.9784463045916816
29.65	0.9823999619287612
29.75	0.9849728561399665
29.85	0.9915563920321246
29.95	NaN
30.05	1.0016549697925334
30.15	1.0077732938452129
30.25	1.0069479712588685
30.35	1.0156143858905573
30.45	1.0184937259361158
30.55	1.0223049305794214
30.65	1.0249442773478428
30.75	1.0284551729372051
30.85	1.0316230877669326
30.95	1.033045470389045
31.05	1.0358667495413194
31.15	1.037588059880166
31.25	1.040041777264263
31.35	1.0402936049125209
31.45	1.041531911097819
31.55	1.0431458321977685
31.65	1.0419275537574917
31.75	NaN
31.85	1.03553281883909
31.95	1.0363426969530867
32.05	1.0331247475974104
32.15	1.032880974112248
32.25	1.0280257851170147
32.35	1.0269351596017868
32.45	1.023523519216775
32.55	1.017077609870581
32.65	1.0182699273184062
32.75	1.0137810479334395
32.85	1.0104412235102684
32.95	1.00532872513482
33.05	1.0019692901861266
33.15	0.9975515732579701
33.25	0.9945379902304738
33.35	0.9894584411046633
33.45	0.9878452044844943
33.55	0.9868993449365459
33.65	0.9819390969798762
33.75	0.980846203531601
33.85	0.9786364862541831
33.95	0.976418274845253
34.05	0.9712338183846096
34.15	0.9688909040043278
34.25	0.9699465667364335
34.35	0.9697551928071901
34.45	0.9711094334389296
34.55	0.9681588400649251
34.65	0.9686217758375233
34.75	0.967682391948283
34.85	0.9691083189439589
34.95	0.9682668224312775
35.05	0.9721672413195446
35.15	0.9713108080461087
35.25	0.9731060015883612
35.35	0.9758638407317092
35.45	0.9773751525319132
35.55	0.9795546878354665
35.65	0.9815443980569485
35.75	0.9850125206588085
35.85	0.9881850642863808
35.95	0.9888164378828272
36.05	0.9917957443875899
36.15	0.9968917731689521
36.25	0.9966701488012957
36.35	1.0029063587207077
36.45	1.0065377191553346
36.55	1.0107898518281833
36.65	NaN
36.75	1.0109625731535756
36.85	1.0147460759035034
36.95	1.017048168795644
37.05	1.0198312930237323
37.15	1.024671980121634
37.25	1.0250771063912272
37.35	1.0266005399634524
37.45	1.0272099418595082
37.55	1.0258699294378446
37.65	1.0268522923826384
37.75	1.0288400288039137
37.85	1.027322179702035
37.95	1.0278308432641519
38.05	NaN
38.15	NaN
38.25	1.0283567364430928
38.35	1.0238381850423086
38.45	1.020715478295176
38.550000000000004	1.0202253532892436
38.65	1.01675980022414
38.75	1.0175148436483505
38.85	1.0127250388087905
38.95	1.0108098533873897
39.050000000000004	1.0075274359810196
39.15	1.0050768366782765
39.25	1.0064250253280522
39.35	0.9992030056522005
39.45	0.996896578686809
39.550000000000004	0.9954988938563804
39.65	NaN
39.75	0.9896749991148748
39.85	0.9895288068505105
39.95	0.9864774152884059
40.050000000000004	0.9848318575790165
40.15	0.9835733696290364
40.25	0.9829396399491072
40.35	NaN
40.45	0.978753088210033
40.550000000000004	0.9788533468048605
40.65	0.9765014676078202
40.75	0.9744415607466695
40.85	0.9782082075689293
40.95	0.9766632997419069
41.050000000000004	0.975992572836003
41.15	0.9776929444189334
41.25	0.9778705062798344
41.35	0.9771925901235118
41.45	0.9792478622720884
41.550000000000004	0.9819840605882851
41.65	0.9813569897372979
41.75	0.9825203819734002
41.85	0.9857833892967793
41.95	0.9877463939001798
42.050000000000004	0.9886627976711831
42.15	0.9909902311785309
42.25	0.9930622534216688
42.35	0.9965266543888794
42.45	0.9992822058232158
42.550000000000004	0.998368335443925
42.65	1.0026778949425896
42.75	1.0032764760020743
42.85	1.0063729545727254
42.95	1.0086262568535835
43.050000000000004	1.011346764490171
43.15	NaN
43.25	1.0128257605846958
43.35	1.016151877108449
43.45	1.0170750888264182
43.550000000000004	1.019239326359379
43.65	NaN
43.75	NaN
43.85	1.0215891904105674
43.95	1.0186965710828817
44.050000000000004	1.020058752095073
44.15	1.020934945763492
44.25	1.020721540268448
44.35	1.020661141008807
44.45	NaN
44.550000000000004	1.0174056345735205
44.65	1.0162270005813554
44.75	1.0155870632092774
44.85	1.0163768250167053
44.95	1.012467015386593
45.050000000000004	1.0118789198368898
45.15	1.0098096073498166
45.25	1.007429786977906
45.35	1.0051755982687476
45.45	1.0039725200166982
45.550000000000004	1.002531789420012
45.65	0.9993853034821376
45.75	NaN
45.85	0.9957930848943344
45.95	NaN
46.050000000000004	0.9928887696283483
46.15	0.9906508933932915
46.25	0.9906545366963855
46.35	NaN
46.45	0.9865036403052913
46.550000000000004	0.9857523288573685
46.65	NaN
46.75	0.9843162079304554
46.85	0.9839482972651693
46.95	0.9829308129601063
47.050000000000004	0.9809296604564274
47.15	0.981886201170641
47.25	0.981443415373644
47.35	0.9832059341275007
47.45	NaN
47.550000000000004	0.9833337226922333
47.65	0.9865106611974411
47.75	0.9842687802754448
47.85	0.9853417629440671
47.95	0.987057420487155
48.050000000000004	0.9884446985082651
48.15	0.989040083505749
48.25	0.9905553247898544
48.35	0.9923335693431476
48.45	0.9938635598691323
48.550000000000004	0.9943339480740806
48.65	0.9949356093816878
48.75	0.997946458617419
48.85	1.0008869788948176
48.95	1.0029483887192807
49.050000000000004	1.0044371500716105
49.15	1.0086528853859207
49.25	1.0067984745743759
49.35	1.007743123077914
49.45	1.0100079036064535
49.550000000000004	1.0112962746924257
49.65	1.0126617167561889
49.75	NaN
49.85	1.0123763543967101
49.95	1.016575551701493
50.050000000000004	1.0167675648536785
50.15	1.0130406095242945
50.25	1.015919032737236
50.35	1.0145710931649958
50.45	1.0143033170900984
50.550000000000004	1.014787296456549
50.65	1.0143771929421455
50.75	1.0151228667514298
50.85	1.0143921296143206
50.95	1.0133378264053967
51.050000000000004	1.0127943627299334
51.15	1.0101650933768618
51.25	1.010635428551134
51.35	1.009254656269806
51.45	1.0054071291225357
51.550000000000004	1.0055051588116763
51.65	1.0037593440624046
51.75	0.9994909674440071
51.85	1.0020074810260473
51.95	1.0004475751208353
52.050000000000004	0.9977121631278617
52.15	NaN
52.25	0.9946359828470085
52.35	0.9947053267431242
52.45	0.9920314645172772
52.550000000000004	0.9887025347053939
52.65	0.9900323544998016
52.75	0.9889184287473352
52.85	0.9885938503673061
52.95	0.9870191619814711
53.050000000000004	0.9885068844411058
53.15	0.9879508546608234
53.25	0.9854524463325689
53.35	0.9850264756751509
53.45	0.9865738623593013
53.550000000000004	0.9868761088864431
53.65	0.9866059577275116
53.75	0.9895787584497694
53.85	0.9872359549376826
53.95	0.9884132257797362
54.050000000000004	0.9885649129915436
54.15	0.988665785973295
54.25	0.9905875030522389
54.35	0.9889652908588431
54.45	0.992759870677555
54.550000000000004	NaN
54.65	0.9927861721363626
54.75	0.9954883969249055
54.85	0.9968968300934667
54.95	0.9983321468003886
55.050000000000004	1.0004157926186124
55.15	1.0007078334548623
55.25	1.0009125606115712
55.35	1.0040916634714696
55.45	1.0032683038166819
55.550000000000004	1.0067964904925795
55.65	NaN
55.75	1.0086112917997807
55.85	1.0105640730579954
55.95	1.0077622901829304
56.050000000000004	1.011753061834812
56.15	1.0105268552659585
56.25	1.0134818591917159
56.35	1.0138277291293196
56.45	1.012896296322085
56.550000000000004	1.0125382597208203
56.65	1.0131642420799243
56.75	1.0122239549641696
56.85	1.0127404870302847
56.95	1.0138412185637902
57.050000000000004	1.0116058981917997
57.15	1.0088809833621442
57.25	1.0099969080389872
57.35	1.009436073820899
57.45	1.0066237087226
57.550000000000004	NaN
57.65	1.0050080685114342
57.75	1.004078458690482
57.85	1.0048168697262032
57.95	1.0039842899564886
58.050000000000004	NaN
58.15	1.0031095769978686
58.25	0.9986202095189994
58.35	0.9988000009589686
58.45	0.9968041237443599
58.550000000000004	0.9952964714746021
58.65	0.9949834622914033
58.75	NaN
58.85	0.9923539272710591
58.95	0.9917975271070525
59.050000000000004	0.9905726767710861
59.15	0.9914158390805079
59.25	0.9902081490838425
59.35	0.9896438965508033
59.45	0.9903517366842299
59.550000000000004	0.9898183790526806
59.65	NaN
59.75	0.9876708391545445
59.85	0.9878245849408177
59.95	0.9887592650794277
60.050000000000004	0.9901073044640376
60.15	0.9899958936124781
60.25	0.9900175110912646
60.35	NaN
60.45	0.9910100692444954
60.550000000000004	0.9921661860972469
60.65	0.9931837551792029
60.75	0.995504488716948
60.85	NaN
60.95	0.9960303628827654
61.050000000000004	0.9974816194424561
61.15	0.9984002051148628
61.25	1.001444542522846
61.35	1.0023694208541247
61.45	1.0005036718094558
61.550000000000004	1.0016478043001271
61.65	1.0029894349339634
61.75	1.005449665690307
61.85	1.0042928753940064
61.95	NaN
62.050000000000004	1.0085311976670663
62.15	1.0064550618156292
62.25	1.0061155444416034
62.35	1.0079316863614178
62.45	NaN
62.550000000000004	1.0103759085888697
62.65	NaN
62.75	NaN
62.85	1.0106183899655925
62.95	1.0083422213976834
63.050000000000004	1.0095288994643263
63.15	1.0108402037539934
63.25	1.0099239024023794
63.35	1.0088630091010402
63.45	1.008060956517579
63.550000000000004	1.0081732784084465
63.65	NaN
63.75	1.006797390744474
63.85	NaN
63.95	1.0049764408573059
64.05	1.0036578583344316
64.14999999999999	1.0034240153824008
64.25	1.001506251987967
64.35	NaN
64.44999999999999	0.9997190959203361
64.55	0.9980006227382876
64.64999999999999	0.9977567704279068
64.75	0.9980899713504519
64.85	0.9969394539978982
64.94999999999999	0.995116320547513
65.05	0.9926365738340196
65.14999999999999	NaN
65.25	0.9939674416472603
65.35	0.994291994177761
65.44999999999999	0.9925370954956545
65.55	0.9914191533396376
65.64999999999999	NaN
65.75	0.9925449599326369
65.85	0.9904928789972736
65.94999999999999	NaN
66.05	NaN
66.14999999999999	0.9908885349859018
66.25	0.9910321881889017
66.35	0.9905947830046572
66.44999999999999	0.9917433641831059
66.55	NaN
66.64999999999999	0.9920064834727835
66.75	0.9923489391242474
66.85	NaN
66.94999999999999	NaN
67.05	NaN
67.14999999999999	NaN
67.25	0.9969963172951911
67.35	NaN
67.44999999999999	NaN
67.55	0.9995504142460433
67.64999999999999	1.0001018399454527
67.75	1.0009000171983407
67.85	1.000609610295084
67.94999999999999	NaN
68.05	1.0036888954990506
68.14999999999999	1.0035116678232747
68.25	1.005568109088072
68.35	1.005891260634294
68.44999999999999	1.0061858042148049
68.55	1.0065707668871127
68.64999999999999	NaN
68.75	1.0084499825307491
68.85	1.0082061742772173
68.94999999999999	1.0085317073027806
69.05	NaN
69.14999999999999	1.009245270996955
69.25	NaN
69.35	1.0094747516887221
69.44999999999999	1.0058182138337532
69.55	1.0070428632584114
69.64999999999999	1.0068148555430212
69.75	1.0080908231456265
69.85	1.0052005039403864
69.94999999999999	1.0052477650649394
70.05	NaN
70.14999999999999	1.0044173221630823
70.25	1.0044854313934257
70.35	1.0033068068851008
70.44999999999999	1.0030397260884616
70.55	1.0029632984645704
70.64999999999999	0.9999494240937656
70.75	0.998497827476638
70.85	0.999420449248808
70.94999999999999	0.9983110803971602
71.05	0.9980065980159718
71.14999999999999	NaN
71.25	0.9964318532759927
71.35	NaN
71.44999999999999	0.9945217557722509
71.55	0.9942224240822634
71.64999999999999	0.9941423614212
71.75	0.9936394759373209
71.85	NaN
71.94999999999999	NaN
72.05	0.9919593362889538
72.14999999999999	NaN
72.25	0.9929550840488951
72.35	0.9927056337284302
72.44999999999999	NaN
72.55	NaN
72.64999999999999	0.9916947078200447
72.75	0.9937442457385652
72.85	0.9932691906170154
72.94999999999999	NaN
73.05	0.9947018587700432
73.14999999999999	0.9947215561077094
73.25	0.995600418237836
73.35	0.9971637934357902
73.44999999999999	0.9968546041983642
73.55	0.9968863258931859
73.64999999999999	0.9978836584152748
73.75	0.9984499278858314
73.85	0.9987998855563116
73.94999999999999	NaN
74.05	NaN
74.14999999999999	1.002011951609076
74.25	1.0013238197308874
74.35	1.0016236607233753
74.44999999999999	1.0031054525198022
74.55	1.004052490537175
74.64999999999999	NaN
74.75	NaN
74.85	1.0061608180489154
74.94999999999999	1.0075712027913795
75.05	1.0066620972850702
75.14999999999999	1.0078692848718764
75.25	1.0062492620039185
75.35	1.0066308080408413
75.44999999999999	1.0074134231472809
75.55	1.0066973870686564
75.64999999999999	1.0073138606462395
75.75	NaN
75.85	1.007129649088442
75.94999999999999	NaN
76.05	1.0040213014361121
76.14999999999999	1.004795487926761
76.25	1.005351105315224
76.35	1.0042371216727335
76.44999999999999	NaN
76.55	1.0023177512525105
76.64999999999999	1.0035418938765324
76.75	NaN
76.85	1.0008758632754373
76.95	0.9993431914623849
77.05	0.9993537740055478
77.14999999999999	0.9997980362134868
77.25	NaN
77.35	NaN
77.45	NaN
77.55	0.9973718003739149
77.64999999999999	NaN
77.75	0.9968287828009714
77.85	0.9947739315095868
77.95	NaN
78.05	0.9936795056719161
78.14999999999999	NaN
78.25	0.9935282270530095
78.35	0.9944077742714105
78.45	NaN
78.55	NaN
78.64999999999999	NaN
78.75	0.9936806102933498
78.85	0.9934766893654468
78.95	0.9934058696317082
79.05	NaN
79.14999999999999	NaN
79.25	0.9938884437674637
79.35	0.99460971715318
79.45	NaN
79.55	0.9955839679589196
79.64999999999999	NaN
79.75	0.9975281631286415
79.85	0.9963433146649905
