0.15	0.018461578331860323
0.25	0.018618202292020266
0.35	0.01912302853271995
0.45	0.01916544199850964
0.55	0.019492803854504165
0.65	0.01947537440496422
0.7500000000000001	0.019584533489084465
0.85	0.01985248712975494
0.95	0.0201990783643066
1.05	0.020333735103431408
1.15	0.020817547312345457
1.25	0.02118183422660422
1.35	0.02152274930549935
1.45	0.02199000561628891
1.55	0.02250716493084668
1.65	0.02311707842954031
1.75	0.02365612324828439
1.85	0.024327228781537046
1.95	0.0250834073413444
2.05	0.025828859442426577
2.15	0.026610618544908
2.25	0.027588758037947202
2.35	0.028596594053815906
2.45	0.02960513321867259
2.5500000000000003	0.030776743977864757
2.65	0.03202457684410099
2.75	0.03342174637147928
2.85	0.03489332827567578
2.95	0.03670339407175345
3.0500000000000003	0.03841269944889402
3.15	0.040227485319372494
3.25	0.04251372642367328
3.35	0.044999019487468254
3.45	0.047594398761438124
3.5500000000000003	0.05054965044853113
3.65	0.05373777521113039
3.75	0.05739083663130172
3.85	0.06093251456980425
3.95	0.06579801864019912
4.05	0.07082663557737012
4.1499999999999995	0.07636228237767521
4.25	0.08241729391281605
4.35	0.08994572908709965
4.449999999999999	0.09759591460662882
4.55	0.1064480807353489
4.6499999999999995	0.11667114352608915
4.75	0.1290225882309807
4.85	0.14298529607098812
4.95	0.15952861559219714
5.05	0.17718588084648465
5.1499999999999995	0.1998435112741104
5.25	0.2240415407393951
5.35	0.25491826710474663
5.45	0.29224881521593443
5.55	0.3359077468078658
5.6499999999999995	0.38729747258033
5.75	0.4533791109487298
5.85	0.5301791482512739
5.95	0.6246546567945751
6.05	0.74769311332886
6.1499999999999995	0.901814322528907
6.25	1.0837574462962833
6.35	1.3044089813399502
6.45	1.5793069071248884
6.55	1.889549996385213
6.6499999999999995	2.2221044440990516
6.75	2.5380065323908543
6.85	2.7861643965289433
6.95	2.927061101473272
7.05	2.9138286199277763
7.1499999999999995	2.7715306320397533
7.25	2.5532071691408604
7.35	2.2933413525795374
7.45	2.043966088263886
7.55	1.8154330794922307
7.6499999999999995	1.6088661444815864
7.75	1.4340758815902184
7.85	1.2816728776186181
7.95	1.1616701387251476
8.05	1.0599310263896848
8.15	0.974354658228435
8.25	0.8991478545335869
8.350000000000001	0.8370814479048677
8.450000000000001	0.7880647370094335
8.55	0.7439247936441937
8.65	0.7060118736114899
8.75	0.6768191509268678
8.850000000000001	0.6524344842358699
8.950000000000001	0.6291018302711481
9.05	0.6119255686434087
9.15	0.5982809899007228
9.25	0.5869198695835476
9.350000000000001	0.5788981253897741
9.450000000000001	0.5732669818408339
9.55	0.5695333776986206
9.65	0.5694139432119204
9.750000000000002	0.5695648829691242
9.85	0.5727138926937245
9.95	0.5767251758213885
10.049999999999999	0.5847054011719088
10.149999999999999	0.5940782210220246
10.25	0.6059034609061363
10.35	0.6180326275332302
10.45	0.6342533632314037
10.549999999999999	0.6524459857660125
10.649999999999999	0.6727483346269537
10.75	0.6947199630555945
10.85	0.7214541493687865
10.95	0.7474978707543108
11.049999999999999	0.7783596652626973
11.149999999999999	0.8095104511451454
11.25	0.844790863227809
11.35	0.8813987152439395
11.45	0.9206966628836272
11.549999999999999	0.9625439136459089
11.649999999999999	1.002589433243078
11.75	1.0435303225123702
11.85	1.0862520816609398
11.95	1.1258137838007403
12.049999999999999	1.1640826039852583
12.149999999999999	1.200349703742094
12.25	1.2308516004930934
12.35	1.2595268413977596
12.45	1.283221213255119
12.549999999999999	1.303817435934625
12.649999999999999	1.3168506781234335
12.75	1.3291904251988735
12.85	1.3357577542319674
12.95	1.3387968271931736
13.049999999999999	1.3402605071587503
13.149999999999999	1.3357781511845828
13.25	1.3276718511928345
13.35	1.3170517870698586
13.45	1.3065162948386935
13.549999999999999	1.2876174633648227
13.649999999999999	1.2671963979143548
13.75	1.2439060925530832
13.85	1.217115333029227
13.95	1.188711053403065
14.049999999999999	1.161869603169551
14.149999999999999	1.1283695745904605
14.25	1.0960265830638518
14.35	1.0651883908701594
14.45	1.034577519240465
14.549999999999999	1.0019308283980086
14.649999999999999	0.9724305686010177
14.75	0.9489810884084291
14.85	0.9209385109189855
14.95	0.899625591120452
15.049999999999999	0.8760767980952786
15.149999999999999	0.8577881507846855
15.25	0.8394713615352483
15.35	0.8253245645361195
15.45	0.8143517318414678
15.549999999999999	0.804138118955917
15.649999999999999	0.7941463557519779
15.75	0.7890716344043402
15.85	0.7849928467729563
15.95	0.7829142788261494
16.05	0.782670821966626
16.15	0.7837317832202999
16.25	0.7860407871677489
16.349999999999998	0.7899135053274406
16.45	0.7963953886638572
16.55	0.8063056975891785
16.65	0.8159662400397615
16.75	0.8264003990582374
16.849999999999998	0.8385983386772605
16.95	0.8534215204059501
17.05	0.8686404815705004
17.15	0.8851981896291872
17.25	0.9023795158108235
17.349999999999998	0.9229876154474824
17.45	0.9427178518366389
17.55	0.9627790302054311
17.65	0.984917621200752
17.75	1.006372377060929
17.849999999999998	1.0243119795307793
17.95	1.0459333273891842
18.05	1.0680852402393204
18.15	1.0852575265608877
18.25	1.10379987311952
18.349999999999998	1.1175942914658532
18.45	1.135770564226348
18.55	1.150111593135825
18.65	1.1587575533308319
18.75	1.1650023197179427
18.849999999999998	1.1736211430914514
18.95	1.1735207141329362
19.05	1.1761900774430445
19.15	1.1755799219157614
19.25	1.1737825114522806
19.35	1.1669901173240829
19.45	1.1620742407287612
19.55	1.150418762726609
19.65	1.1430744905545216
19.75	1.1323241573953426
19.85	1.1221780763177183
19.95	1.1077271318393112
20.05	1.0935144542396924
20.15	1.079571696989711
20.25	1.0662245249531497
20.35	1.050976448799292
20.45	1.0390502929305665
20.55	1.0245516983014855
20.65	1.0102612741961579
20.75	0.9971012442137149
20.85	0.9833680357629963
20.95	0.970630815830888
21.05	0.9591483038792202
21.15	0.9493837166010491
21.25	0.9359353647446733
21.35	0.9265511961464037
21.45	0.916768295317892
21.55	0.9102314003397343
21.65	0.902090304935563
21.75	0.8959611125138119
21.85	0.8898303996420625
21.95	0.8853832577908171
22.05	0.8825853677033028
22.15	0.8795148587904305
22.25	0.8807734638905185
22.35	0.8816056920938673
22.45	0.8805523326021643
22.55	0.8842588464960546
22.65	0.8870803211606668
22.75	0.8909069606957766
22.85	0.8972391132468871
22.95	NaN
23.05	0.9094752038597609
23.15	0.9164281425242468
23.25	0.9280091602531098
23.35	0.9351234343784032
23.45	0.9429621116384447
23.55	0.9549679319055806
23.65	0.966980440868167
23.75	0.981369044231845
23.85	0.9927047006081084
23.95	1.0024684873513936
24.05	1.0135343682978828
24.15	1.0260501788340122
24.25	1.0373410813409596
24.35	1.0474630402600522
24.45	1.0590035032218463
24.55	1.066521406656381
24.65	1.0766868840254449
24.75	1.0845843110725448
24.85	1.0911876590251826
24.95	1.0952398534782195
25.05	1.0984299841452265
25.15	1.104320071369343
25.25	1.1035030022509809
25.35	1.103233460715271
25.45	1.104484366646942
25.55	1.1011243558061592
25.65	1.09955954941665
25.75	1.0940185873847408
25.85	1.0892367279861472
25.95	1.0824832059772629
26.05	1.0761746932092653
26.15	1.068923659117469
26.25	1.0587377538083238
26.35	1.0531285554069378
26.45	1.0428740188151207
26.55	1.0343646892501752
26.65	1.0264911380086625
26.75	1.0163111237251952
26.85	1.0072080495312288
26.95	0.9962652654349556
27.05	0.9912284655365775
27.15	0.982967242006269
27.25	0.9732431874100242
27.35	0.9664696533520705
27.45	0.959178961067838
27.55	0.9540303697714826
27.65	0.9493757402998013
27.75	0.9418190905865641
27.85	0.9364910183778519
27.95	0.9352981200949928
28.05	0.93163267901007
28.15	0.927857110008758
28.25	0.9254185527873033
28.35	0.926562907108537
28.45	0.9248417311298534
28.55	0.9232769822386574
28.65	0.9239186175285473
28.75	0.9255783981829228
28.85	0.9275281275904166
28.95	0.9324156555866115
29.05	0.9333010483922286
29.15	0.9379952604521087
29.25	0.9421983148477623
29.35	0.9479717199509623
29.45	0.9531250392836175
29.55	0.9587839002197769
29.65	0.9641399636679671
29.75	0.9714061207856403
29.85	0.9780069431304056
29.95	0.9864121862215398
30.05	0.99282583534213
30.15	1.0053160008039745
30.25	1.0078989093444424
30.35	1.0136359820871879
30.45	1.0217935882074092
30.55	1.0287550844660753
30.65	1.0362446959001705
30.75	1.0414247458918573
30.85	1.057634710761756
30.95	1.0525472508306715
31.05	1.057502352498991
31.15	1.060297596464029
31.25	1.0631271200412222
31.35	1.065637493316906
31.45	1.0668766966967969
31.55	1.067981631116616
31.65	1.0672553734154995
31.75	1.0681037562257818
31.85	1.065984657885244
31.95	1.0639898971761925
32.05	1.0614746550522924
32.15	1.0567156639187647
32.25	1.0528163382275253
32.35	1.0488883857297018
32.45	1.0404249077940184
32.55	1.035410055954197
32.65	1.031749165413139
32.75	1.0279249113610784
32.85	1.0189632577197274
32.95	1.013920710254956
33.05	1.006801315148925
33.15	1.0018269111066076
33.25	0.9977910550756942
33.35	0.9907449264587127
33.45	0.9836623549187129
33.55	0.9800573806949755
33.65	0.9737178674091357
33.75	0.9695522277615102
33.85	0.9657526943840579
33.95	0.9566846547935988
34.05	0.9585870168378919
34.15	0.956230935913029
34.25	0.9529592172672863
34.35	0.9528459989681193
34.45	0.9489643846701865
34.55	0.9476658349625634
34.65	0.9476617077993185
34.75	0.9456267189001111
34.85	0.9478977768944299
34.95	0.9471401358469353
35.05	0.9485453021102452
35.15	0.9525632185366704
35.25	0.9520828073718854
35.35	0.9552518284218675
35.45	0.9594495359876868
35.55	0.9622487735979622
35.65	0.9669693034355525
35.75	0.9710498736529084
35.85	0.9741961597837206
35.95	0.979272117270213
36.05	0.9855314792331975
36.15	0.9882996830019608
36.25	0.9939578344435355
36.35	1.0000749787458805
36.45	1.0039059951902618
36.55	NaN
36.65	1.013721849481427
36.75	1.01791719201608
36.85	1.0206728300790315
36.95	1.0287313764615038
37.05	1.0306478032680022
37.15	1.0354303947517058
37.25	1.0382033945623856
37.35	1.039540043589934
37.45	1.0440284504832111
37.55	1.0465441940231837
37.65	NaN
37.75	1.0472680132801078
37.85	1.0468846970282628
37.95	1.049306539937334
38.05	1.0454786371322067
38.15	1.0439781901257659
38.25	1.0420530641705927
38.35	1.039067786486475
38.45	1.0367361771193593
38.550000000000004	1.0347511007922705
38.65	1.0330970950941456
38.75	1.0274801809622287
38.85	1.0255205686630269
38.95	1.0225525089372107
39.050000000000004	1.0145072194520628
39.15	NaN
39.25	NaN
39.35	NaN
39.45	NaN
39.550000000000004	0.9944529840244859
39.65	0.9928298547334514
39.75	0.9862624569604895
39.85	0.9842332565009574
39.95	0.980361687945248
40.050000000000004	0.9816164564715921
40.15	NaN
40.25	0.9720646367038848
40.35	0.9677559348061662
40.45	0.9674052089553449
40.550000000000004	0.9638623699668497
40.65	0.9630841545460127
40.75	0.9612648473887443
40.85	0.9598668678559593
40.95	0.9613916641326523
41.050000000000004	0.9611824255296276
41.15	0.9603877961551978
41.25	0.9639111820747941
41.35	0.9628190146802142
41.45	0.963645186757116
41.550000000000004	NaN
41.65	0.9705810251322707
41.75	0.9723281963129148
41.85	0.9740521966421565
41.95	0.9785651744365755
42.050000000000004	0.9800485772915654
42.15	NaN
42.25	0.9872700380985006
42.35	0.9889017435207568
42.45	0.9931799247180856
42.550000000000004	0.9962625865334003
42.65	1.0025983020400229
42.75	1.0042112623906205
42.85	1.0097450918974276
42.95	1.014286085434398
43.050000000000004	1.0159641199099874
43.15	1.0183299335835796
43.25	1.021687550609449
43.35	1.0256700137774875
43.45	1.0271609499770282
43.550000000000004	1.0314188114016547
43.65	NaN
43.75	1.0313288921050372
43.85	1.032441380549547
43.95	1.0340661517175267
44.050000000000004	1.0364543982419092
44.15	1.0360244221679298
44.25	NaN
44.35	1.0336775400222291
44.45	1.032366286718652
44.550000000000004	1.0319130172731485
44.65	1.0287540394276744
44.75	1.027731261654718
44.85	1.0260620722084992
44.95	1.0237854786984555
45.050000000000004	1.0217098623369378
45.15	1.0183009213308802
45.25	1.0132378689338304
45.35	NaN
45.45	1.0079981533210436
45.550000000000004	1.0046393853267104
45.65	NaN
45.75	0.9993215835013226
45.85	0.9954254923536934
45.95	0.9917020511975699
46.050000000000004	0.992200244861878
46.15	0.9871075689689418
46.25	0.9846745989291661
46.35	0.9826550050804355
46.45	0.9793042708314734
46.550000000000004	0.9775342227131512
46.65	NaN
46.75	0.9744911792606589
46.85	0.972001539555713
46.95	0.9709522755632635
47.050000000000004	0.9702551827417452
47.15	0.96972190428559
47.25	0.9701553136627463
47.35	0.9706086095668015
47.45	0.9717106966363649
47.550000000000004	0.9708456495562013
47.65	0.972727185681369
47.75	0.9731511005057457
47.85	0.9761114514724678
47.95	0.9778182841358636
48.050000000000004	0.9794120414326292
48.15	0.9805928195951759
48.25	0.9835667156744994
48.35	0.9850514246860725
48.45	0.9886744394129158
48.550000000000004	0.990959788664778
48.65	0.9949198652631147
48.75	0.9977823293335575
48.85	0.9986675449829424
48.95	1.0029916186862946
49.050000000000004	1.005281554941448
49.15	NaN
49.25	1.0110157649743696
49.35	1.0126844016369747
49.45	1.015760816332419
49.550000000000004	1.0169446579515036
49.65	1.019886818362623
49.75	1.0197698433980509
49.85	1.023021796753788
49.95	1.0230096743446975
50.050000000000004	1.0239599329753284
50.15	1.0262764136041647
50.25	1.0266471489108073
50.35	1.0264616475420272
50.45	1.0257849236475123
50.550000000000004	1.02587012330048
50.65	1.027434690592644
50.75	1.023639625990111
50.85	1.0242766500737353
50.95	NaN
51.050000000000004	1.020842403161194
51.15	1.0170787178732223
51.25	1.0177511227850302
51.35	1.0147481560390705
51.45	1.0113013283554488
51.550000000000004	NaN
51.65	1.0078823708048499
51.75	1.004575384575559
51.85	1.0045965665526737
51.95	1.001230467688755
52.050000000000004	NaN
52.15	0.9953196149118935
52.25	0.9940887544065204
52.35	0.9905118466576355
52.45	0.9898454276550679
52.550000000000004	0.988971530840173
52.65	0.9836087100755955
52.75	0.9827894969963605
52.85	0.9828228390543978
52.95	NaN
53.050000000000004	0.9796164066941199
53.15	NaN
53.25	0.9785757460911646
53.35	0.9774563168862428
53.45	0.9771750185973135
53.550000000000004	NaN
53.65	0.9764539518689817
53.75	NaN
53.85	0.9778638160173303
53.95	0.9785339665577746
54.050000000000004	NaN
54.15	0.9820155103359409
54.25	NaN
54.35	0.9829832347721214
54.45	0.9858289168650164
54.550000000000004	NaN
54.65	0.9892150731556932
54.75	0.9949014531731533
54.85	0.9935594327110217
54.95	0.9978703584589028
55.050000000000004	0.9983580388352693
55.15	0.99851092036882
55.25	1.0034300049879037
55.35	1.0004726204148466
55.45	1.008618984845186
55.550000000000004	1.0074868055573913
55.65	1.011317838947683
55.75	1.0099202684757247
55.85	1.01614850544557
55.95	1.016727816111013
56.050000000000004	1.0171157152298562
56.15	1.01672472708851
56.25	1.0208720662914743
56.35	1.018203970313375
56.45	1.0217467228396633
56.550000000000004	1.0185953480403875
56.65	1.0205986117049548
56.75	NaN
56.85	1.0204661110453666
56.95	1.0229180171532326
57.050000000000004	1.0198009065586506
57.15	1.019694504041741
57.25	1.0182400410851853
57.35	NaN
57.45	1.0150641364091466
57.550000000000004	1.0138152495871513
57.65	1.0123220148411574
57.75	1.0103446507034608
57.85	1.0040329169292108
57.95	1.006290692430733
58.050000000000004	1.0023278840147585
58.15	1.0006684844977958
58.25	0.9995817720595253
58.35	0.9959593816892253
58.45	NaN
58.550000000000004	0.9952048449178623
58.65	0.9923615548983271
58.75	NaN
58.85	0.9876492922209323
58.95	NaN
59.050000000000004	0.987311837034186
59.15	0.9852600800406761
59.25	0.9841383091831596
59.35	0.9840138078333462
59.45	0.981332642571858
59.550000000000004	0.9817071694949149
59.65	0.9815775100612859
59.75	0.9820586302601944
59.85	NaN
59.95	0.9844025662592207
60.050000000000004	NaN
60.15	0.9833010458531859
60.25	0.9841408804851043
60.35	NaN
60.45	0.9857057701467962
60.550000000000004	0.9868579479109425
60.65	0.9869044994523781
60.75	0.9883724541534156
60.85	0.9883498330723137
60.95	0.9919922457699596
61.050000000000004	0.9940252361112352
61.15	0.9961549709170634
61.25	0.9988731181835567
61.35	0.999794954959835
61.45	1.0005260045966533
61.550000000000004	NaN
61.65	1.0045145067866368
61.75	NaN
61.85	NaN
61.95	1.0115743545971483
62.050000000000004	1.0110265944269214
62.15	1.0143256194745451
62.25	1.0126669699530022
62.35	1.0149080857867954
62.45	1.0135009991981034
62.550000000000004	1.015128468231158
62.65	1.0160084939158185
62.75	1.0163374277327781
62.85	1.0164635694399684
62.95	1.0185517414170702
63.050000000000004	1.015807396550691
63.15	1.0162373611553233
63.25	NaN
63.35	1.0140273150112347
63.45	1.014710042624681
63.550000000000004	1.0120487724812566
63.65	1.0141230721133603
63.75	1.0111784548796894
63.85	1.0081928487088743
63.95	1.0082425272582354
64.05	1.0085328548090653
64.14999999999999	1.0052016487039057
64.25	1.0062398193920798
64.35	1.004262141959111
64.44999999999999	1.000541161579489
64.55	1.0003228083209514
64.64999999999999	0.9983698233446004
64.75	0.9952822503571883
64.85	0.9957760771934677
64.94999999999999	0.9942411965174714
65.05	0.9918529002187353
65.14999999999999	0.9919655561157514
65.25	NaN
65.35	0.988112745879761
65.44999999999999	NaN
65.55	0.9858975097405314
65.64999999999999	0.9870935279763249
65.75	0.9847244772767745
65.85	0.9846832406065473
65.94999999999999	0.9845497037125107
66.05	NaN
66.14999999999999	0.9853672314812161
66.25	0.9857090262688635
66.35	0.986767362162269
66.44999999999999	0.9864857598948068
66.55	0.986507956797273
66.64999999999999	NaN
66.75	0.9891912545755384
66.85	NaN
66.94999999999999	NaN
67.05	0.9923533043666414
67.14999999999999	0.9914802089442326
67.25	0.994909507242076
67.35	0.9964712328872378
67.44999999999999	0.9966431680519631
67.55	0.9990381743376823
67.64999999999999	NaN
67.75	NaN
67.85	1.0029074268595704
67.94999999999999	1.0038825194484404
68.05	1.0059705274879764
68.14999999999999	1.0092840817576452
68.25	NaN
68.35	1.0077753300058343
68.44999999999999	1.0108373539002578
68.55	1.0122780762817798
68.64999999999999	NaN
68.75	1.012990388408512
68.85	1.0131829836494415
68.94999999999999	1.012164163987022
69.05	1.0148072135755046
69.14999999999999	1.0162202202686101
69.25	1.013900414892847
69.35	1.0147404030854623
69.44999999999999	NaN
69.55	1.0135320508107508
69.64999999999999	1.0142548589900144
69.75	NaN
69.85	1.011895008728967
69.94999999999999	NaN
70.05	1.010737838577933
70.14999999999999	1.0091976056770084
70.25	NaN
70.35	1.0072868331707359
70.44999999999999	NaN
70.55	1.0027220919630602
70.64999999999999	1.0028840096083307
70.75	1.0011966540577908
70.85	0.9998767632336287
70.94999999999999	0.9986177989336373
71.05	0.996248592156056
71.14999999999999	0.9961292785063415
71.25	NaN
71.35	0.9923088567402771
71.44999999999999	0.9910107471875758
71.55	0.9905206140774894
71.64999999999999	0.989678094812978
71.75	0.9898220037109456
71.85	0.988670513406122
71.94999999999999	0.9899068514655353
72.05	NaN
72.14999999999999	NaN
72.25	NaN
72.35	NaN
72.44999999999999	0.9876981683674111
72.55	0.9873841186291495
72.64999999999999	0.9880736534081291
72.75	NaN
72.85	0.990491962262014
72.94999999999999	0.990041774621771
73.05	0.9896034223687775
73.14999999999999	0.990389315489029
73.25	0.9903249448077966
73.35	0.9931207807999326
73.44999999999999	NaN
73.55	0.9959524314847383
73.64999999999999	NaN
73.75	NaN
73.85	0.9978639872714805
73.94999999999999	0.9992605990430358
74.05	1.0017106848713524
74.14999999999999	1.003708976819732
74.25	1.004606013372919
74.35	1.0040435604088407
74.44999999999999	1.005439526626076
74.55	1.0061836448539914
74.64999999999999	1.0087326050230725
74.75	1.0093473825117576
74.85	1.0088430604912204
74.94999999999999	1.0083489528519776
75.05	1.0104323343910524
75.14999999999999	1.0106985006503604
75.25	NaN
75.35	NaN
75.44999999999999	NaN
75.55	1.0114523566468054
75.64999999999999	NaN
75.75	NaN
75.85	1.012880001553153
75.94999999999999	1.0102308336336303
76.05	1.0103882376506776
76.14999999999999	1.0100705979099964
76.25	NaN
76.35	1.009739972427473
76.44999999999999	NaN
76.55	1.0061772016355037
76.64999999999999	1.0060729990157324
76.75	NaN
76.85	NaN
76.95	NaN
77.05	NaN
77.14999999999999	0.9987776948178849
77.25	0.9991524268417868
77.35	0.9977422557641143
77.45	0.9949311611970416
77.55	0.9940042000416338
77.64999999999999	0.9944810094984916
77.75	0.9923139220183217
77.85	0.9911929865508756
77.95	0.9913628799416663
78.05	0.9912783441365263
78.14999999999999	0.9905804556261212
78.25	0.9900478375904928
78.35	0.9898611467103648
78.45	NaN
78.55	NaN
78.64999999999999	0.9886173550528707
78.75	0.9879141800535702
78.85	NaN
78.95	0.9882111123187887
79.05	NaN
79.14999999999999	NaN
79.25	0.9929083155203936
79.35	NaN
79.45	0.9911775411528193
79.55	0.9925671427970733
79.64999999999999	NaN
79.75	0.9945597175528639
79.85	0.9957572704255786
