0.15	0.019258307328181856
0.25	0.01898522857964871
0.35	0.019367583276427982
0.45	0.019006153948091874
0.55	0.01943651283286495
0.65	0.019557932563733667
0.7500000000000001	0.019440602608310355
0.85	0.01976849311641944
0.95	0.02022535728952778
1.05	0.020379603235544455
1.15	0.02078327232641233
1.25	0.02116836812003418
1.35	0.021628213838934523
1.45	0.022082481751276018
1.55	0.022539898341323562
1.65	0.02310356442904352
1.75	0.023636958547126222
1.85	0.024294231972379423
1.95	0.025016321158106314
2.05	0.02584418552870849
2.15	0.02661305523479881
2.25	0.027469462392218
2.35	0.02855869409099387
2.45	0.029556312785867463
2.5500000000000003	0.03072557924065915
2.65	0.03197599585847247
2.75	0.033414941992089005
2.85	0.03487335948016355
2.95	0.03666225008826639
3.0500000000000003	0.03825010932712602
3.15	0.04021007693312635
3.25	0.042503880204472565
3.35	0.045092176634759625
3.45	0.0475453750345763
3.5500000000000003	0.050528536664499656
3.65	0.05368993773622238
3.75	0.05745296630680793
3.85	0.06091322005034119
3.95	0.06587227314323618
4.05	0.07067575244030187
4.1499999999999995	0.07637936863319232
4.25	0.08243057058575122
4.35	0.08996434447174566
4.449999999999999	0.0977025109399716
4.55	0.10660175704239581
4.6499999999999995	0.11677008913857168
4.75	0.12895418100082004
4.85	0.1430827272022654
4.95	0.15926150230775604
5.05	0.1769715342115849
5.1499999999999995	0.19967170713608537
5.25	0.2245042389507002
5.35	0.2549181162566564
5.45	0.29231194598478855
5.55	0.3359311315237736
5.6499999999999995	0.38698680503987354
5.75	0.453516397366072
5.85	0.5298898230101693
5.95	0.6247909094266985
6.05	0.7467616558100257
6.1499999999999995	0.8996130289689344
6.25	1.0840300132897844
6.35	1.30367091359505
6.45	1.5796823559512745
6.55	1.8865271703322088
6.6499999999999995	2.2258490161494415
6.75	2.5430829941461455
6.85	2.788521602429996
6.95	2.9252048240542607
7.05	2.9175551169314167
7.1499999999999995	2.7775442280772404
7.25	2.552808921683228
7.35	2.2919134784653767
7.45	2.0398740031125477
7.55	1.8187707586287036
7.6499999999999995	1.605155456342856
7.75	1.4286934865471197
7.85	1.2789400430358735
7.95	1.1614155283373682
8.05	1.0600142125840482
8.15	0.9745625001412911
8.25	0.8998239389824
8.350000000000001	0.8383066289022563
8.450000000000001	0.7885517308644061
8.55	0.7448408552247617
8.65	0.7053338122700678
8.75	0.676944879004815
8.850000000000001	0.6509257296345271
8.950000000000001	0.6301659940529049
9.05	0.6117848888047985
9.15	0.5984329380415612
9.25	0.5863342911789569
9.350000000000001	0.5779816111052999
9.450000000000001	0.57331466226106
9.55	0.5692173375637637
9.65	0.5687141533320178
9.750000000000002	0.568527099325507
9.85	0.5728910480653104
9.95	0.5790825280919338
10.049999999999999	0.5849471185671907
10.149999999999999	0.5934576991844577
10.25	0.6048693501346359
10.35	0.6193380673944676
10.45	0.6352295210866253
10.549999999999999	0.6506809578674194
10.649999999999999	0.6721856237496128
10.75	0.6961708416111076
10.85	0.7209796013217412
10.95	0.7486224396201107
11.049999999999999	0.7766880210397162
11.149999999999999	0.809353838237964
11.25	0.8461145031559092
11.35	0.8813674174920879
11.45	0.9213411922545888
11.549999999999999	0.9593477856492203
11.649999999999999	1.003424186369132
11.75	1.044352754983054
11.85	1.0870249728042325
11.95	1.1260674059332023
12.049999999999999	1.1624554183746456
12.149999999999999	1.1998027799024475
12.25	1.2326709965286886
12.35	1.2591300623569734
12.45	1.2851902045629828
12.549999999999999	1.3027995649235675
12.649999999999999	1.3173996913776311
12.75	1.3301776723598047
12.85	1.3378269837885595
12.95	1.3404017862966269
13.049999999999999	1.3380747286551335
13.149999999999999	1.334411345162305
13.25	1.3276114252809845
13.35	1.3167344732878004
13.45	1.3051052922812394
13.549999999999999	1.2875734832852213
13.649999999999999	1.2644458588516585
13.75	1.2441529015631085
13.85	1.2170124067233883
13.95	1.1914608994083393
14.049999999999999	1.161024219486183
14.149999999999999	1.1286194334873527
14.25	1.0971592255852058
14.35	1.064584129161577
14.45	1.0331181548294304
14.549999999999999	1.0021644124127072
14.649999999999999	0.9746936035098129
14.75	0.9452235607328981
14.85	0.9210036767990626
14.95	0.8978838709674011
15.049999999999999	0.8767006672857277
15.149999999999999	0.8577495950059753
15.25	0.8407711450614668
15.35	0.8271733316822203
15.45	0.8129706894332888
15.549999999999999	0.8035875413105742
15.649999999999999	0.7957562234090985
15.75	0.7893640675624243
15.85	0.7848225135673588
15.95	0.7827324041591711
16.05	0.7837654877579776
16.15	0.783669655205689
16.25	0.7866918032535495
16.349999999999998	0.7914940096359356
16.45	0.7982693037795104
16.55	0.8061332277218456
16.65	0.815587254298262
16.75	0.8250734930257383
16.849999999999998	0.8394777086768631
16.95	0.852366595351344
17.05	0.8692231783180258
17.15	0.8862546216170656
17.25	0.9032179447942649
17.349999999999998	0.9211499102932686
17.45	0.9432119074775731
17.55	0.9621049768959578
17.65	0.9846044707400278
17.75	1.0062021275609023
17.849999999999998	1.0299085674284707
17.95	1.0466135674692256
18.05	1.068354684673857
18.15	1.086032213576533
18.25	1.1028535430378412
18.349999999999998	1.1182074822211174
18.45	1.1337798347932422
18.55	1.147719059696736
18.65	1.1591663849376443
18.75	1.1657031696057207
18.849999999999998	1.1701937156130937
18.95	1.1769743339294065
19.05	1.173927405967129
19.15	1.1749563314096265
19.25	1.1712972491250286
19.35	1.168101112768519
19.45	1.159907474775135
19.55	1.1533617648890329
19.65	1.1440284636092957
19.75	1.130776946880037
19.85	1.1201472344978087
19.95	1.1068308366898296
20.05	1.0937682714105152
20.15	1.0800991038828833
20.25	1.0685860213055705
20.35	1.052752843237591
20.45	1.0377282409786088
20.55	1.0240807396104807
20.65	1.0106256501593478
20.75	0.9969948501026744
20.85	0.9838857374656321
20.95	0.9710912089688329
21.05	0.9607157112889104
21.15	0.9467056853061149
21.25	0.9349711543804498
21.35	0.9256204856507256
21.45	0.9169746288622735
21.55	0.9098566428286449
21.65	0.9011235102769461
21.75	0.8978603346116409
21.85	0.8927165962221885
21.95	0.8880398419993714
22.05	0.8832491059607879
22.15	0.8805762112001779
22.25	0.8797418906206445
22.35	0.8809065266293814
22.45	0.8795776163100691
22.55	0.8854663160822185
22.65	0.8861828462160309
22.75	0.891708156900491
22.85	0.8961120419208126
22.95	NaN
23.05	0.9095127347937462
23.15	0.9169082705816388
23.25	0.9255141950046964
23.35	0.9374797442137999
23.45	0.945710596266506
23.55	0.9563232152950533
23.65	0.9701595349801947
23.75	0.9788827648592814
23.85	0.990888944948767
23.95	1.004144224274037
24.05	1.014150668837325
24.15	1.0260924500710886
24.25	1.03664604807561
24.35	1.050338877064659
24.45	1.05911130273567
24.55	1.0722177535220518
24.65	1.0758627907099716
24.75	1.0874819705914769
24.85	1.0910148887937177
24.95	1.094734739413796
25.05	1.099398456830078
25.15	1.1055812292987768
25.25	1.1062102985336346
25.35	1.105829481936526
25.45	1.1048535725322963
25.55	1.103321549831735
25.65	1.1000155942032435
25.75	1.0930244426709321
25.85	1.0874091306205707
25.95	1.0827928728161573
26.05	1.0741827381976978
26.15	1.0692841606905288
26.25	1.060768447854441
26.35	1.0508395216817066
26.45	1.0436473469283987
26.55	1.0323918327095722
26.65	1.0246472522821009
26.75	1.017347721592538
26.85	1.0080192645260078
26.95	1.0000035891049646
27.05	0.9903754793357842
27.15	0.9822448973727147
27.25	0.9729899116741908
27.35	0.9660341324680428
27.45	0.9592895475282862
27.55	0.9554113606260709
27.65	0.9502767497126464
27.75	0.9424558428894606
27.85	0.9398807392345225
27.95	0.9342352475245698
28.05	0.9307909759381053
28.15	0.9276985448693041
28.25	0.926743055063255
28.35	0.9251933378202963
28.45	0.9242414923764442
28.55	0.922867312094293
28.65	0.9231873146287742
28.75	0.9263109421493069
28.85	0.9295147154944737
28.95	0.9320848143355742
29.05	0.9333207863666594
29.15	0.9385851114923207
29.25	0.9427284053632148
29.35	0.9469567121745449
29.45	0.953151760220814
29.55	0.9572771981802581
29.65	0.9655611536728321
29.75	0.972502232356557
29.85	0.9785871479669289
29.95	0.984714641977636
30.05	0.9940015977234108
30.15	1.0040898847579018
30.25	1.0083802858910347
30.35	1.0176399299227907
30.45	1.021018664227455
30.55	1.0265255760337586
30.65	1.0338759573737848
30.75	1.041093336903041
30.85	1.0551976290727099
30.95	1.0534567880493344
31.05	1.0538068995710028
31.15	1.059403396322722
31.25	1.0620518409870139
31.35	1.0650781132776534
31.45	1.066559996783459
31.55	1.067758285754372
31.65	1.066920033765243
31.75	1.067248471694754
31.85	1.0649748342257828
31.95	1.0629173602870392
32.05	1.0586377094680566
32.15	1.0580571667257
32.25	1.0510611325924708
32.35	1.0450946234756673
32.45	1.0413608106879566
32.55	1.0372329377735805
32.65	1.0327931881404082
32.75	1.026907641775643
32.85	1.0202105859145907
32.95	1.0135987443589833
33.05	1.0088398662149498
33.15	1.000669419696644
33.25	0.9957936685071515
33.35	0.990842581295417
33.45	0.9854349251175462
33.55	0.980716090791011
33.65	0.973449039230502
33.75	0.9692398316527744
33.85	0.9644059847119404
33.95	0.9612318040078167
34.05	0.9582348873157117
34.15	0.9552398960648261
34.25	0.9535228509634351
34.35	0.9523687048889359
34.45	0.9493038219511858
34.55	0.9485235147465828
34.65	0.9492850391034353
34.75	0.9439983836634586
34.85	0.9475028782007991
34.95	0.9509043393985499
35.05	0.950758544758485
35.15	0.9518233447690271
35.25	0.95743550455412
35.35	0.9582266183693234
35.45	0.9582942608008292
35.55	0.9627149060622219
35.65	0.9666312287146717
35.75	0.9707593022367667
35.85	0.9750351916438845
35.95	0.9781575846226022
36.05	0.9838876045038465
36.15	0.9876955170089017
36.25	0.994510166221775
36.35	0.9981867962186122
36.45	1.0033389922859677
36.55	NaN
36.65	1.0136007451348346
36.75	1.019041374874511
36.85	1.0196966105282366
36.95	1.0275455538588034
37.05	1.0306264906779634
37.15	1.0360022147083703
37.25	1.0376269186640845
37.35	1.0397671699938174
37.45	1.0437744223785972
37.55	1.0458628090659976
37.65	NaN
37.75	1.047249783553094
37.85	1.0473495178987502
37.95	1.0460802898597243
38.05	1.045702781499356
38.15	1.0445466718447325
38.25	1.0414065125109584
38.35	1.0391780223399578
38.45	1.0374596446253757
38.550000000000004	1.0370311048538938
38.65	1.0325148436797975
38.75	1.0312915039083175
38.85	1.0247281417583791
38.95	1.0222943836140053
39.050000000000004	1.0148532377723767
39.15	NaN
39.25	NaN
39.35	NaN
39.45	NaN
39.550000000000004	0.9955875749100721
39.65	0.9898251577963851
39.75	0.9883443298660537
39.85	0.9838820862676827
39.95	0.9795226930651432
40.050000000000004	0.9790832442090346
40.15	NaN
40.25	0.9701422872659595
40.35	0.9689514695684633
40.45	0.968088463769647
40.550000000000004	0.9639663300348363
40.65	0.9636182584316155
40.75	0.9621564568778238
40.85	0.9614662229366568
40.95	0.962249349165578
41.050000000000004	0.9601039374737415
41.15	0.9608123247337202
41.25	0.962639065742589
41.35	0.9635000602258066
41.45	0.9662309330376458
41.550000000000004	NaN
41.65	0.9672693963703485
41.75	0.9719431270638037
41.85	0.9717892841268116
41.95	0.9776698446877711
42.050000000000004	0.9800627137780136
42.15	NaN
42.25	0.9854064149709453
42.35	0.9899534893314894
42.45	0.9939333001033999
42.550000000000004	0.9987310656397561
42.65	1.001994089990909
42.75	1.00475466251941
42.85	1.0088690552466093
42.95	1.0132956179932595
43.050000000000004	1.0156307383098329
43.15	1.0192958432843373
43.25	1.0204054718147146
43.35	1.0246692717311743
43.45	1.027702281315858
43.550000000000004	1.027808731766558
43.65	NaN
43.75	1.032810341600713
43.85	1.033610630783041
43.95	1.0336236045788962
44.050000000000004	1.0339624648540446
44.15	1.033154017578913
44.25	NaN
44.35	1.033249134841868
44.45	1.03314032071923
44.550000000000004	1.0309381598695673
44.65	1.0290537302124583
44.75	1.0275971762828127
44.85	1.025997618859137
44.95	1.0230170942364403
45.050000000000004	1.0186074707010082
45.15	1.0166790708105868
45.25	1.0121616166083474
45.35	NaN
45.45	1.0083722472592505
45.550000000000004	1.005439264913955
45.65	NaN
45.75	1.0008087312789078
45.85	0.9960557831848248
45.95	0.9937518152003859
46.050000000000004	0.9902947786582184
46.15	0.987125981724465
46.25	0.9836533586553186
46.35	0.9833309437280325
46.45	0.9805702944008784
46.550000000000004	0.9783673277382197
46.65	NaN
46.75	0.9737648568419031
46.85	0.9731703416980861
46.95	0.972404537462727
47.050000000000004	0.9701866924719912
47.15	0.9694896977997195
47.25	0.972234839785018
47.35	0.9710127297884537
47.45	0.9716052837917305
47.550000000000004	0.9719267163762804
47.65	0.9728039633218294
47.75	0.9745191279230735
47.85	0.9752124625821278
47.95	0.9780093014629161
48.050000000000004	0.9795446054794976
48.15	0.9821846686021843
48.25	0.9826755550015249
48.35	0.9862720765445571
48.45	0.988073976326472
48.550000000000004	0.9922310753036623
48.65	0.9948597781724937
48.75	0.9963172303968985
48.85	0.9993267676260353
48.95	1.0037603448049275
49.050000000000004	1.004575522952302
49.15	NaN
49.25	1.0096202617381063
49.35	1.0130326246189374
49.45	1.0145333394191787
49.550000000000004	1.0165838221538022
49.65	1.0196052030074032
49.75	1.0213841771398426
49.85	1.0228929986260993
49.95	1.0238387847366035
50.050000000000004	1.0251953041265038
50.15	1.0276097553843553
50.25	1.0287612754299662
50.35	1.0261729107433526
50.45	1.025893590574144
50.550000000000004	1.0264656560949914
50.65	1.0272154354680707
50.75	1.0237995900363006
50.85	1.0223466274742932
50.95	NaN
51.050000000000004	1.021489890560903
51.15	1.0209087740551153
51.25	1.018322033599664
51.35	1.0149726958542953
51.45	1.0154739556224561
51.550000000000004	NaN
51.65	1.0084588622005883
51.75	1.0059135218911686
51.85	1.0031779981177475
51.95	1.0011305009966944
52.050000000000004	NaN
52.15	0.995952604666823
52.25	0.9939516275051372
52.35	0.9901774490633745
52.45	0.9878844498937611
52.550000000000004	0.985537440101361
52.65	0.9853687169532821
52.75	0.9838914181239231
52.85	0.9815194461077633
52.95	NaN
53.050000000000004	0.9789096261187052
53.15	NaN
53.25	0.9763131255783956
53.35	0.9766686280670668
53.45	0.9772068622840232
53.550000000000004	NaN
53.65	0.9753640704718891
53.75	NaN
53.85	0.9791448619834566
53.95	0.9771073976140079
54.050000000000004	NaN
54.15	0.9823717182819248
54.25	NaN
54.35	0.9855625926592788
54.45	0.9852503107258848
54.550000000000004	NaN
54.65	0.9894772546152248
54.75	0.9913998505710437
54.85	0.9935953903930006
54.95	0.9952651005961038
55.050000000000004	1.000230829030206
55.15	1.0009075183505791
55.25	1.001364466455922
55.35	1.009331511091773
55.45	1.00760915071068
55.550000000000004	1.0083861988465608
55.65	1.01087348509795
55.75	1.0100822420575863
55.85	1.0154336462235285
55.95	1.0167075951655868
56.050000000000004	1.0204504105617302
56.15	1.0195418055756174
56.25	1.0148612506024621
56.35	1.0202366329744181
56.45	1.0198438056913623
56.550000000000004	1.0214709941941966
56.65	1.0201017222770272
56.75	NaN
56.85	1.0199803724690153
56.95	1.0194046744694047
57.050000000000004	1.0208079345442125
57.15	1.0183411522439585
57.25	1.0160656111039854
57.35	NaN
57.45	1.0155600399598799
57.550000000000004	1.0123415962951672
57.65	1.0113112983508117
57.75	1.0101991099226126
57.85	1.009433854294007
57.95	1.0053764308402648
58.050000000000004	1.0026676051645746
58.15	1.0056958973358125
58.25	1.0023507028798477
58.35	0.999053799331239
58.45	NaN
58.550000000000004	0.9931344023768975
58.65	0.9932714793629689
58.75	NaN
58.85	0.9880141796438623
58.95	NaN
59.050000000000004	0.9842469110989709
59.15	0.9852390991955339
59.25	0.9846759044843826
59.35	0.9851873562207766
59.45	0.9826296099831201
59.550000000000004	0.9829720868670621
59.65	0.9815524275295058
59.75	0.9830897721465051
59.85	NaN
59.95	0.9833181422563159
60.050000000000004	NaN
60.15	0.9822757710760571
60.25	0.9822208413327893
60.35	NaN
60.45	0.9855109653861146
60.550000000000004	0.9845375106615208
60.65	0.9879167252479355
60.75	0.9885694258913218
60.85	0.9918809226629027
60.95	0.9912497455618103
61.050000000000004	0.9943611843372545
61.15	0.9950973994590656
61.25	0.9977499538452034
61.35	0.9984234605815698
61.45	1.0016542155105475
61.550000000000004	NaN
61.65	1.005377802653011
61.75	NaN
61.85	NaN
61.95	1.0076474619848437
62.050000000000004	1.0102552443671715
62.15	1.0129759262498308
62.25	1.0146151185058834
62.35	1.0135303658896915
62.45	1.0152854461430114
62.550000000000004	1.0161534926854
62.65	1.0170129818591784
62.75	1.016816435065165
62.85	1.0162728736543314
62.95	1.0182934102332768
63.050000000000004	1.0157298003155568
63.15	1.015978523662945
63.25	NaN
63.35	1.0138548487206125
63.45	1.0172820426575528
63.550000000000004	1.016049316410614
63.65	1.0120404259835238
63.75	1.0123855097908638
63.85	1.0100421043289576
63.95	1.0080768582984623
64.05	1.0075481310767
64.14999999999999	1.0056964419027619
64.25	1.0063172744952245
64.35	1.0035527150144894
64.44999999999999	0.9988104220536467
64.55	0.9993832897677347
64.64999999999999	0.9975359350796512
64.75	0.994913468437395
64.85	0.9954118637538858
64.94999999999999	0.9938710335879739
65.05	0.9912107006136011
65.14999999999999	0.9883583136488726
65.25	NaN
65.35	0.988425967815515
65.44999999999999	NaN
65.55	0.9868863191252887
65.64999999999999	0.9878597582609585
65.75	0.9866040681388424
65.85	0.9847290183045302
65.94999999999999	0.9855964334311148
66.05	NaN
66.14999999999999	0.9850564747495832
66.25	0.9850308188610963
66.35	0.9839317765573138
66.44999999999999	0.985987136132774
66.55	0.9867408550629728
66.64999999999999	NaN
66.75	0.9887965514299897
66.85	NaN
66.94999999999999	NaN
67.05	0.9909125537681599
67.14999999999999	0.9947354824936371
67.25	0.9953345687944252
67.35	0.993986621673509
67.44999999999999	0.9965861337106242
67.55	0.9974268119450491
67.64999999999999	NaN
67.75	NaN
67.85	1.0003402595772775
67.94999999999999	1.0044291331113901
68.05	1.005486829962916
68.14999999999999	1.0086442256313524
68.25	NaN
68.35	1.0098234204830139
68.44999999999999	1.0097431093315643
68.55	1.0118415383593153
68.64999999999999	NaN
68.75	1.0131064454088428
68.85	1.0128421291186942
68.94999999999999	1.013520515153287
69.05	1.0143108145107425
69.14999999999999	1.0137853837306707
69.25	1.0152670314481786
69.35	1.0148127656514916
69.44999999999999	NaN
69.55	1.0139236927549464
69.64999999999999	1.0126002026743472
69.75	NaN
69.85	1.012037129368735
69.94999999999999	NaN
70.05	1.0085729616667445
70.14999999999999	1.0074010951551693
70.25	NaN
70.35	1.0052816672551435
70.44999999999999	NaN
70.55	1.000734006329052
70.64999999999999	1.003898957141764
70.75	0.9996195079443633
70.85	0.9989679376164071
70.94999999999999	0.998290786245702
71.05	0.9953119646779727
71.14999999999999	0.9969015430051149
71.25	NaN
71.35	0.9911028536191255
71.44999999999999	0.992056207785689
71.55	0.9902623522798346
71.64999999999999	0.9904548094207584
71.75	0.988460594246502
71.85	0.987780576431775
71.94999999999999	0.9892493678524349
72.05	NaN
72.14999999999999	NaN
72.25	NaN
72.35	NaN
72.44999999999999	0.9869890018857631
72.55	0.9875480382642912
72.64999999999999	0.9889102732642542
72.75	NaN
72.85	0.9883855862689452
72.94999999999999	0.9902569737298941
73.05	0.9903116596728836
73.14999999999999	0.9906288855687082
73.25	0.990265982618653
73.35	0.9944482867682584
73.44999999999999	NaN
73.55	0.996550593766599
73.64999999999999	NaN
73.75	NaN
73.85	0.9995979864791311
73.94999999999999	1.0009013388488843
74.05	1.00082370857004
74.14999999999999	1.0031767208303695
74.25	1.0047711009041829
74.35	1.0049718105655039
74.44999999999999	1.0076494905211284
74.55	1.006677056359518
74.64999999999999	1.00703879786876
74.75	1.01010611149327
74.85	1.0104410873605318
74.94999999999999	1.00833653897021
75.05	1.0115404032391653
75.14999999999999	1.0125094754287407
75.25	NaN
75.35	NaN
75.44999999999999	NaN
75.55	1.012923869648511
75.64999999999999	NaN
75.75	NaN
75.85	1.011190304518809
75.94999999999999	1.0105835451172394
76.05	1.0113453959610998
76.14999999999999	1.0089392739617042
76.25	NaN
76.35	1.00762856714284
76.44999999999999	NaN
76.55	1.0055600417063344
76.64999999999999	1.006507145360729
76.75	NaN
76.85	NaN
76.95	NaN
77.05	NaN
77.14999999999999	0.9988610432417664
77.25	0.9985015776839139
77.35	0.9967103439108203
77.45	0.9964060277090809
77.55	0.9941482427916573
77.64999999999999	0.9941165099450763
77.75	0.991213029827632
77.85	0.9925229595962813
77.95	0.9909340480414857
78.05	0.9909105559809444
78.14999999999999	0.99109563245431
78.25	0.9895841977523364
78.35	0.9880147148363231
78.45	NaN
78.55	NaN
78.64999999999999	0.9896505045657458
78.75	0.989418302486139
78.85	NaN
78.95	0.9899537446317095
79.05	NaN
79.14999999999999	NaN
79.25	0.9928817294032789
79.35	NaN
79.45	0.9938478618732906
79.55	0.9932662420109892
79.64999999999999	NaN
79.75	0.9949938316371414
79.85	0.9974641724498341
