0.15	0.019988261927047987
0.25	0.019171342162475128
0.35	0.01877863642404183
0.45	0.019092527651967516
0.55	0.019251040522195298
0.65	0.019601143201187454
0.7500000000000001	0.019661120758966567
0.85	0.019985429158923037
0.95	0.020115365359606223
1.05	0.02058072886998332
1.15	0.020954639882121092
1.25	0.021143335584235656
1.35	0.02159048158342973
1.45	0.02196478823793877
1.55	0.02250416507693062
1.65	0.023096683691942125
1.75	0.02359926765976031
1.85	0.02432316072889931
1.95	0.02519775374812355
2.05	0.025739464011496998
2.15	0.02665228392853693
2.25	0.027545587430598713
2.35	0.02852211563182854
2.45	0.02944344554913175
2.5500000000000003	0.03070011006502861
2.65	0.032056547581483144
2.75	0.03347143384519073
2.85	0.03491764646110837
2.95	0.03668440298224018
3.0500000000000003	0.03825676715635309
3.15	0.040269802854195215
3.25	0.04241508962181207
3.35	0.0450930353818127
3.45	0.04763105883227648
3.5500000000000003	0.050479538948137274
3.65	0.053696607122113785
3.75	0.05746655573684542
3.85	0.06093657398577374
3.95	0.06576274262201323
4.05	0.0706631629258192
4.1499999999999995	0.07632441389639322
4.25	0.08246928169075993
4.35	0.08994396017134365
4.449999999999999	0.09771012151133861
4.55	0.10664906737289222
4.6499999999999995	0.1167526507428183
4.75	0.12907293315216103
4.85	0.14277223244664417
4.95	0.15937939938529447
5.05	0.17731698883681773
5.1499999999999995	0.199609534856205
5.25	0.22463654464543975
5.35	0.25502443340033404
5.45	0.2921490343323167
5.55	0.33605041375670536
5.6499999999999995	0.38801570814744685
5.75	0.4536828456859828
5.85	0.5300775048548297
5.95	0.624160669223431
6.05	0.746885910112832
6.1499999999999995	0.8995386367121084
6.25	1.083992390044445
6.35	1.3038379735880556
6.45	1.582942521838415
6.55	1.8846149360492523
6.6499999999999995	2.21873527130939
6.75	2.5400095335278063
6.85	2.787686837751
6.95	2.9303927827883967
7.05	2.9086101516080634
7.1499999999999995	2.7741964725579873
7.25	2.5547767368798215
7.35	2.295365651542398
7.45	2.042824604673189
7.55	1.8201990458048283
7.6499999999999995	1.6076545538114253
7.75	1.4321095429500965
7.85	1.2806708365276818
7.95	1.1598535476214602
8.05	1.0607047758753956
8.15	0.9727887102602202
8.25	0.9007758931435009
8.350000000000001	0.8365516420515047
8.450000000000001	0.7873363076788409
8.55	0.7433468460831282
8.65	0.7065079149720874
8.75	0.6774608308260963
8.850000000000001	0.651628422762982
8.950000000000001	0.6287200045066085
9.05	0.6119816192121864
9.15	0.5978395920585287
9.25	0.587283907254749
9.350000000000001	0.5787402538502395
9.450000000000001	0.5728410421190118
9.55	0.5701338790282325
9.65	0.5683949041702852
9.750000000000002	0.5682519044278274
9.85	0.5722733127261249
9.95	0.5777037173587711
10.049999999999999	0.5857187161138018
10.149999999999999	0.5946597290563993
10.25	0.6048718689767776
10.35	0.6190068369362919
10.45	0.6343046854292235
10.549999999999999	0.6523658756534787
10.649999999999999	0.6715275371741454
10.75	0.6959359201457825
10.85	0.7200471131715684
10.95	0.7459888082071535
11.049999999999999	0.7768740086943493
11.149999999999999	0.8095447999114909
11.25	0.8464554060385089
11.35	0.8822774893425808
11.45	0.9207103562912575
11.549999999999999	0.9628534713525279
11.649999999999999	1.002907182963508
11.75	1.0438436706033507
11.85	1.0879545416757592
11.95	1.1269163043393053
12.049999999999999	1.163326743437776
12.149999999999999	1.1989747203159922
12.25	1.2319044158473391
12.35	1.2595403912861638
12.45	1.2827128162103913
12.549999999999999	1.3053419971020286
12.649999999999999	1.3189691748342875
12.75	1.3284241087817494
12.85	1.3390083661176049
12.95	1.3401044123688541
13.049999999999999	1.3379199880871548
13.149999999999999	1.3346072707541665
13.25	1.325657851119229
13.35	1.3170261170656965
13.45	1.3027478502931822
13.549999999999999	1.285857387095471
13.649999999999999	1.265733729759112
13.75	1.2439846690308198
13.85	1.2185971288000967
13.95	1.1883338298539006
14.049999999999999	1.1601273037816873
14.149999999999999	1.129061290858572
14.25	1.0966206484528997
14.35	1.065009979128048
14.45	1.0338849337549296
14.549999999999999	1.0032414496917372
14.649999999999999	0.9711161198955527
14.75	0.9469378782562715
14.85	0.9187596717046337
14.95	0.895759311108636
15.049999999999999	0.8776796067712053
15.149999999999999	0.8568675067977829
15.25	0.8403537437934929
15.35	0.8268531938474615
15.45	0.8135416088049663
15.549999999999999	0.8043193743004047
15.649999999999999	0.7953752063223577
15.75	0.7894669999487121
15.85	0.7859834322866875
15.95	0.7829115082974609
16.05	0.7841063581539706
16.15	0.7837287491158911
16.25	0.7852717322486601
16.349999999999998	0.7924725128168498
16.45	0.7989137950870709
16.55	0.8065223548845399
16.65	0.8159135509332732
16.75	0.8265327202885719
16.849999999999998	0.8397436467228636
16.95	0.8543308941561482
17.05	0.8692963081472204
17.15	0.8852446968193
17.25	0.9021397183355505
17.349999999999998	0.9235564115586349
17.45	0.9427391538074585
17.55	0.9625199104358951
17.65	0.9835356021975361
17.75	1.0074132599084504
17.849999999999998	1.0243611400370511
17.95	1.0464735743634204
18.05	1.0690321021536027
18.15	1.0865944602850066
18.25	1.103445799567101
18.349999999999998	1.120023895385644
18.45	1.13489413130319
18.55	1.147904786038372
18.65	1.1580256230328307
18.75	1.1649709606709702
18.849999999999998	1.1724422649033486
18.95	1.1761132806820411
19.05	1.1778836542785391
19.15	1.1768104974470792
19.25	1.173243251363466
19.35	1.1670960532680792
19.45	1.162203382656988
19.55	1.1526480014636957
19.65	1.1408353470383763
19.75	1.1323696531804266
19.85	1.1206769286695917
19.95	1.106065243002331
20.05	1.097331831692033
20.15	1.0812927230848177
20.25	1.06696622180528
20.35	1.0520206568792483
20.45	1.0378762880330448
20.55	1.0255399751422003
20.65	1.0113573250253687
20.75	0.9959986573293562
20.85	0.9826284654579747
20.95	0.9706502929479531
21.05	0.9593174706964517
21.15	0.9510052366450807
21.25	0.9369344242327147
21.35	0.92635403308102
21.45	0.917891074246347
21.55	0.9115464665053695
21.65	0.9027595882635164
21.75	0.8962878343804838
21.85	0.8906301038012638
21.95	0.8886007818643255
22.05	0.8842277001184674
22.15	0.8808001879153173
22.25	0.8806159214800359
22.35	0.8783294684831431
22.45	0.8819266188536172
22.55	0.8844419227876784
22.65	0.8870740821648894
22.75	0.8915104742407379
22.85	0.8951986820391519
22.95	NaN
23.05	0.9088732889643975
23.15	0.9179147689905786
23.25	0.9259102804550456
23.35	0.9352285524840445
23.45	0.9476341103810209
23.55	0.9578921129607285
23.65	0.965431690458853
23.75	0.9770408017007021
23.85	0.9922226560019877
23.95	1.0020108643549845
24.05	1.0147914262231161
24.15	1.028728280500168
24.25	1.0375208196218981
24.35	1.0481482594807032
24.45	1.0582707256090678
24.55	1.070709752046247
24.65	1.0767294869034085
24.75	1.0846743606262252
24.85	1.0900092835897797
24.95	1.0967479567876979
25.05	1.099925628494822
25.15	1.1031101789289548
25.25	1.1038041510634418
25.35	1.1045033292618192
25.45	1.1032239623547793
25.55	1.1013687623549775
25.65	1.0961948796189631
25.75	1.0940382147039827
25.85	1.088104313761725
25.95	1.0830012328713978
26.05	1.0738812138933473
26.15	1.0673317685240873
26.25	1.059593450940327
26.35	1.0529703418215992
26.45	1.0416130663158634
26.55	1.0340599184342063
26.65	1.0246627121625085
26.75	1.0135218847393817
26.85	1.0059406770932338
26.95	0.9975199988412996
27.05	0.9901999174289796
27.15	0.9822586521554185
27.25	0.9749670200440165
27.35	0.9666151993069084
27.45	0.9610831491406812
27.55	0.9553950707808644
27.65	0.9483695393079635
27.75	0.942096877204458
27.85	0.9381057269113564
27.95	0.9351362842401787
28.05	0.9296266949716839
28.15	0.9281059331616289
28.25	0.9256953488438898
28.35	0.922453032951923
28.45	0.9237145460630406
28.55	0.9238410231737155
28.65	0.9284800644838374
28.75	0.9257004674028294
28.85	0.9272346817378071
28.95	0.930239465798163
29.05	0.9323196398935385
29.15	0.9380837239171881
29.25	0.9419217146496673
29.35	0.9476052983070071
29.45	0.9528604037251887
29.55	0.9597963015919042
29.65	0.9648668836864666
29.75	0.9735612902018066
29.85	0.9788166982098728
29.95	0.9846726968037106
30.05	0.9920547470829115
30.15	1.0004653000523154
30.25	1.0082752378969482
30.35	1.0144280899080598
30.45	1.0217649545448042
30.55	1.0290278177235148
30.65	1.0367045829423451
30.75	1.0409989978575929
30.85	1.0516421068869053
30.95	1.053126362834954
31.05	1.054086436114326
31.15	1.0605313597317028
31.25	1.063261960456729
31.35	1.0653542468343844
31.45	1.066469931821932
31.55	1.0664784712252269
31.65	1.0670545053225176
31.75	1.0663793921319047
31.85	1.0650577159331869
31.95	1.0673111513086566
32.05	1.0603088422923033
32.15	1.056796958680293
32.25	1.0520505312143065
32.35	1.0510544708944345
32.45	1.044723276241767
32.55	1.0368410737570737
32.65	1.0286041780626458
32.75	1.0272667746648965
32.85	1.0192613660293919
32.95	1.0139362368976763
33.05	1.0070889345248082
33.15	1.0045065305747298
33.25	0.9945142265388349
33.35	0.9910053195667018
33.45	0.9862046397928074
33.55	0.9789715815906783
33.65	0.9747993551026721
33.75	0.9702717603487102
33.85	0.9655573744507481
33.95	0.9584370204182907
34.05	0.9573017465607354
34.15	0.955080742441994
34.25	0.9536521619629889
34.35	0.953486815443958
34.45	0.9490508695839501
34.55	0.947751915774278
34.65	0.9454489405704473
34.75	0.9487635046596566
34.85	0.9473478160150852
34.95	0.9480521007248702
35.05	0.9493501329578357
35.15	0.9510007990976878
35.25	0.9526719224970559
35.35	0.9561498201375577
35.45	0.9589650749730806
35.55	0.9625115143028415
35.65	0.9640507647844492
35.75	0.9705852212934319
35.85	0.9733362558000248
35.95	0.9795011869404202
36.05	0.9851964904067859
36.15	0.9894441409600644
36.25	0.9953859035527097
36.35	0.9983715069673174
36.45	1.0039101374562738
36.55	NaN
36.65	1.0126960499305637
36.75	1.017716531340269
36.85	1.0156442332051578
36.95	1.027316829557943
37.05	1.0301793641245307
37.15	1.0344980360585836
37.25	1.0375354458990225
37.35	1.040382119623798
37.45	1.045207344289463
37.55	1.0453888495427373
37.65	NaN
37.75	1.0451690382719179
37.85	1.0500126696453298
37.95	1.0460159400315872
38.05	1.0460967749824446
38.15	1.0449216817852989
38.25	1.041220678922155
38.35	1.0419226125988508
38.45	1.040925738017496
38.550000000000004	1.035350346630214
38.65	1.0292781671702482
38.75	1.0295660547253287
38.85	1.025118810514966
38.95	1.0189930984556579
39.050000000000004	1.0191731332267793
39.15	NaN
39.25	NaN
39.35	NaN
39.45	NaN
39.550000000000004	0.995724635072664
39.65	0.9903500273767412
39.75	0.9875385014254942
39.85	0.9841011063482069
39.95	0.9796838753973341
40.050000000000004	0.9796500560070128
40.15	NaN
40.25	0.9705613726146018
40.35	0.9675360090568491
40.45	0.9660736977383486
40.550000000000004	0.9657048051429274
40.65	0.9635422437513901
40.75	0.9637201561438534
40.85	0.9619909521932957
40.95	0.9623914503088934
41.050000000000004	0.9626656579207968
41.15	0.9600889403132544
41.25	0.9627674315457071
41.35	0.9642100939263621
41.45	0.966777963377461
41.550000000000004	NaN
41.65	0.9716843533658519
41.75	0.9715192684974773
41.85	0.9736088764578912
41.95	0.9771363865664286
42.050000000000004	0.9795361415118365
42.15	NaN
42.25	0.9865932525551359
42.35	0.9897040168184701
42.45	0.9940508866464965
42.550000000000004	0.9964618404800619
42.65	1.0040197195587772
42.75	1.0054989960688216
42.85	1.0091273658482032
42.95	1.011482303248731
43.050000000000004	1.0153176881184358
43.15	1.0173491065146152
43.25	1.0224721128745744
43.35	1.0252063662162705
43.45	1.0293014316357343
43.550000000000004	1.0262715084758551
43.65	NaN
43.75	1.0327868886352518
43.85	1.0344753234395836
43.95	1.0337262847865538
44.050000000000004	1.0334243805589998
44.15	1.035295333067083
44.25	NaN
44.35	1.0336956549867464
44.45	1.031953507883336
44.550000000000004	1.0295307710823272
44.65	1.0289075321270946
44.75	1.0282020805340615
44.85	1.0247245697836342
44.95	1.0222672502666112
45.050000000000004	1.0196674995524055
45.15	1.0190727618016486
45.25	1.0137738477391462
45.35	NaN
45.45	1.0089718299372525
45.550000000000004	1.0048090097905549
45.65	NaN
45.75	0.995787900859804
45.85	0.9955852755959819
45.95	0.9913592034132765
46.050000000000004	0.9899900399318031
46.15	0.9865793516235715
46.25	0.9837860010793833
46.35	0.9822950447247719
46.45	0.9786075959705464
46.550000000000004	0.9782253890999363
46.65	NaN
46.75	0.9755836021355676
46.85	0.9728227934974887
46.95	0.9742546500772798
47.050000000000004	0.9710124880634033
47.15	0.9712219737646586
47.25	0.9694970810862173
47.35	0.9684943855911545
47.45	0.9710917989004241
47.550000000000004	0.9717599874072378
47.65	0.9736747068686674
47.75	0.9732534809419182
47.85	0.9762233377206149
47.95	0.9772443758465337
48.050000000000004	0.9793288062181573
48.15	0.9768340439988176
48.25	0.9831601108378891
48.35	0.9865518060216221
48.45	0.9892524056299536
48.550000000000004	0.9893792379561555
48.65	0.9942792310174928
48.75	0.9974939353714664
48.85	0.9989337254939843
48.95	1.0008027901494698
49.050000000000004	1.0047759983923408
49.15	NaN
49.25	1.0099152778119143
49.35	1.0129686124963275
49.45	1.0168561835773005
49.550000000000004	1.0176986761716025
49.65	1.0193878483570453
49.75	1.0209747267743516
49.85	1.0240074660537164
49.95	1.025191853930005
50.050000000000004	1.0256976756681728
50.15	1.0255543147488324
50.25	1.026590737830777
50.35	1.025794586399119
50.45	1.0270404077346806
50.550000000000004	1.0258091459442915
50.65	1.0270955226022018
50.75	1.023085830949063
50.85	1.025335319442908
50.95	NaN
51.050000000000004	1.0216368171060177
51.15	1.0180362165237713
51.25	1.017133424133658
51.35	1.0147869643542151
51.45	1.014033909465611
51.550000000000004	NaN
51.65	1.0075690125663799
51.75	1.0045394029419241
51.85	1.0050337944429066
51.95	1.0017757879465294
52.050000000000004	NaN
52.15	0.995004718773169
52.25	0.9939997718393435
52.35	0.9912686038117844
52.45	0.9912643538331477
52.550000000000004	0.9850569968512111
52.65	0.9854488955442103
52.75	0.9830629758325404
52.85	0.9816991466829611
52.95	NaN
53.050000000000004	0.9795546952197169
53.15	NaN
53.25	0.9783100745874638
53.35	0.9780902253162921
53.45	0.9780723364733034
53.550000000000004	NaN
53.65	0.9761898057385644
53.75	NaN
53.85	0.9761078719901
53.95	0.9801029439200759
54.050000000000004	NaN
54.15	0.9813074942203205
54.25	NaN
54.35	0.9852021789133723
54.45	0.9850161121757296
54.550000000000004	NaN
54.65	0.9896368788520553
54.75	0.9875222906655526
54.85	0.9948200964684433
54.95	0.9962080238674794
55.050000000000004	0.9975117378859615
55.15	1.0008925208335915
55.25	1.0028055892153793
55.35	1.0024475035833795
55.45	1.0070434405315218
55.550000000000004	1.0081297998538004
55.65	1.0104193612542913
55.75	1.0136158265288218
55.85	1.0135443226829142
55.95	1.0156202514500574
56.050000000000004	1.018136720157932
56.15	1.020164236419251
56.25	1.0149298213719493
56.35	1.0191954613839118
56.45	1.0223159540364057
56.550000000000004	1.0209982018689145
56.65	1.0218894617838057
56.75	NaN
56.85	1.020788861226675
56.95	1.0205855662926226
57.050000000000004	1.0192589114333024
57.15	1.0193737974192376
57.25	1.0198715746572076
57.35	NaN
57.45	1.0139725512259745
57.550000000000004	1.013378746449324
57.65	1.0136642277226668
57.75	1.0095373121770879
57.85	1.0036987825426624
57.95	1.0049669605523956
58.050000000000004	1.0021739268607552
58.15	1.0017926737519578
58.25	0.9989953740834623
58.35	0.9983540796359673
58.45	NaN
58.550000000000004	0.9945114818546545
58.65	0.9921123958168669
58.75	NaN
58.85	0.9880876686768394
58.95	NaN
59.050000000000004	0.9848959428703299
59.15	0.9844090915242961
59.25	0.9847001765338105
59.35	0.9816251655465161
59.45	0.9823718153171611
59.550000000000004	0.9838714727677246
59.65	0.9823561224447053
59.75	0.9836703145599017
59.85	NaN
59.95	0.9801709467981624
60.050000000000004	NaN
60.15	0.9840549407868947
60.25	0.9840635221558274
60.35	NaN
60.45	0.9854328847024264
60.550000000000004	0.9900066654874226
60.65	0.9855762415341583
60.75	0.9896546239782514
60.85	0.9875050429650829
60.95	0.9903777955434394
61.050000000000004	0.9946383595732926
61.15	0.9948374656166661
61.25	0.9961900337383746
61.35	1.0001572635409193
61.45	1.0006740239971188
61.550000000000004	NaN
61.65	1.0046918230463624
61.75	NaN
61.85	NaN
61.95	1.0113955151872296
62.050000000000004	1.0095467841604873
62.15	1.0104199883700398
62.25	1.0123638782177469
62.35	1.013924460909655
62.45	1.0160839767869947
62.550000000000004	1.015481948116707
62.65	1.0168862526048215
62.75	1.0157718786264052
62.85	1.0166143926338795
62.95	1.016850695441544
63.050000000000004	1.0157611633839847
63.15	1.0155207136787496
63.25	NaN
63.35	1.0148216149645721
63.45	1.015972946918624
63.550000000000004	1.011301230166439
63.65	1.0137015078788558
63.75	1.010760954558162
63.85	1.0107063410556834
63.95	1.0071288475552265
64.05	1.009328819899226
64.14999999999999	1.0066631919282412
64.25	1.0057941826997703
64.35	1.0020799252624493
64.44999999999999	1.0018682555723977
64.55	0.9996690529977418
64.64999999999999	0.9985413424523182
64.75	0.9960927073322748
64.85	0.9955689793846431
64.94999999999999	0.9923254825140227
65.05	0.9911163363203532
65.14999999999999	0.9914979388347187
65.25	NaN
65.35	0.9889100877913677
65.44999999999999	NaN
65.55	0.9874103816624049
65.64999999999999	0.9869119866909649
65.75	0.9857728201204776
65.85	0.9844403028019818
65.94999999999999	0.9844618964419161
66.05	NaN
66.14999999999999	0.9839857031342839
66.25	0.9849494036815122
66.35	0.9848603077911011
66.44999999999999	0.9869494238811185
66.55	0.9855717785983822
66.64999999999999	NaN
66.75	0.9883303152368083
66.85	NaN
66.94999999999999	NaN
67.05	0.9915886327167431
67.14999999999999	0.9932091151519277
67.25	0.9926955458981026
67.35	0.996233979440329
67.44999999999999	0.9971775681651525
67.55	0.9973736473248432
67.64999999999999	NaN
67.75	NaN
67.85	0.9988745415476532
67.94999999999999	1.003781401635431
68.05	1.0044248914741254
68.14999999999999	1.0064614014279092
68.25	NaN
68.35	1.007454698638076
68.44999999999999	1.0110441705084194
68.55	1.0105010682434334
68.64999999999999	NaN
68.75	1.012091343228064
68.85	1.0129495906307002
68.94999999999999	1.0150154950614585
69.05	1.0148652539238447
69.14999999999999	1.0173015337564357
69.25	1.0156296639618463
69.35	1.0132898465584845
69.44999999999999	NaN
69.55	1.0143573966343022
69.64999999999999	1.0131843028020586
69.75	NaN
69.85	1.0109687154032643
69.94999999999999	NaN
70.05	1.0105441139442881
70.14999999999999	1.0067663629142112
70.25	NaN
70.35	1.0053386384747727
70.44999999999999	NaN
70.55	1.0019537573488864
70.64999999999999	1.001086467802429
70.75	0.9976493412170577
70.85	0.9972230626362129
70.94999999999999	0.997536991738756
71.05	0.9933959764076956
71.14999999999999	0.9941331593434765
71.25	NaN
71.35	0.9952801401218612
71.44999999999999	0.9907737240841659
71.55	0.9915686587405146
71.64999999999999	0.9904094701118206
71.75	0.9882324139100341
71.85	0.9882672259656504
71.94999999999999	0.9875804603782912
72.05	NaN
72.14999999999999	NaN
72.25	NaN
72.35	NaN
72.44999999999999	0.9885881547790458
72.55	0.9874295947224881
72.64999999999999	0.987669298874827
72.75	NaN
72.85	0.9895148283120779
72.94999999999999	0.9900685495515079
73.05	0.9903218815063083
73.14999999999999	0.9918959491501057
73.25	0.9902837241253419
73.35	0.9935618199475859
73.44999999999999	NaN
73.55	0.9945021584176701
73.64999999999999	NaN
73.75	NaN
73.85	0.9988135843444925
73.94999999999999	0.9995864416641911
74.05	1.00109211233597
74.14999999999999	1.0071261280356976
74.25	1.0032851446847415
74.35	1.003634200109329
74.44999999999999	1.0053620216987946
74.55	1.0084064395098382
74.64999999999999	1.0079154034648954
74.75	1.0080507495963484
74.85	1.0117905672364296
74.94999999999999	1.0074773121994194
75.05	1.0112567633676148
75.14999999999999	1.0114636876119443
75.25	NaN
75.35	NaN
75.44999999999999	NaN
75.55	1.0113992688341034
75.64999999999999	NaN
75.75	NaN
75.85	1.0116667043118104
75.94999999999999	1.0114599061436167
76.05	1.0108504661337814
76.14999999999999	1.0101217375735565
76.25	NaN
76.35	1.0089324180952428
76.44999999999999	NaN
76.55	1.0060634364565555
76.64999999999999	1.005810175045701
76.75	NaN
76.85	NaN
76.95	NaN
77.05	NaN
77.14999999999999	1.001994457519868
77.25	0.997952734222094
77.35	0.9968634023541646
77.45	0.9945646853679257
77.55	0.9946962745156072
77.64999999999999	0.9940013617605986
77.75	0.9933462125381933
77.85	0.9919977242118194
77.95	0.9923686125685084
78.05	0.9916219372657076
78.14999999999999	0.9903030965158275
78.25	0.9905854603438337
78.35	0.9902295448723935
78.45	NaN
78.55	NaN
78.64999999999999	0.9876419275416624
78.75	0.9895221984897636
78.85	NaN
78.95	0.9892651545582688
79.05	NaN
79.14999999999999	NaN
79.25	0.9928166726905112
79.35	NaN
79.45	0.991482372875166
79.55	0.9927619061187102
79.64999999999999	NaN
79.75	0.9942891699367372
79.85	0.994558040919086
