0.15	0.036280022621679626
0.25	0.03493868526374049
0.35	0.03770755567588787
0.45	0.03712535577717068
0.55	0.03772740459080432
0.65	0.038175262855242524
0.7500000000000001	0.03785928728509322
0.85	0.038814210899545204
0.95	0.03908232084540879
1.05	0.03964643305445703
1.15	0.040519243318297406
1.25	0.04098219612655004
1.35	0.041801378669184826
1.45	0.04289711153447461
1.55	0.04367425413224726
1.65	0.044999519602889046
1.75	0.04613397477914639
1.85	0.04771378570307644
1.95	0.04876872571924319
2.05	0.0504258311908684
2.15	0.05206809133733078
2.25	0.05389574270561145
2.35	0.055819780287626665
2.45	0.058029396473574954
2.5500000000000003	0.06035160995426406
2.65	0.06312455843128842
2.75	0.06600257186437618
2.85	0.06905451701963901
2.95	0.072413504568029
3.0500000000000003	0.07613285534613634
3.15	0.08030761275155443
3.25	0.08479239858539751
3.35	0.0899682724933743
3.45	0.09562222442002107
3.5500000000000003	0.10167271739639101
3.65	0.10782185227070541
3.75	0.11569448193610078
3.85	0.12395909532947604
3.95	0.13358835668732405
4.05	0.14372070015110253
4.1499999999999995	0.15533253965148625
4.25	0.1681228822287255
4.35	0.18359186820730675
4.449999999999999	0.2004577848529336
4.55	0.220350930809503
4.6499999999999995	0.24237121016654953
4.75	0.26748070062745904
4.85	0.29526822023245863
4.95	0.3298376537895035
5.05	0.36969530216941277
5.1499999999999995	0.41296678650260665
5.25	0.4642393745398895
5.35	0.5236336175736039
5.45	0.5977172320868782
5.55	0.6760211831853671
5.6499999999999995	0.7737761688893942
5.75	0.886373518428473
5.85	1.0144006678809703
5.95	1.1515309997810799
6.05	1.3091574897338474
6.1499999999999995	1.4789839175917354
6.25	1.6483333648800729
6.35	1.8135839371237312
6.45	1.9566559115779945
6.55	2.0651918351510226
6.6499999999999995	2.123828636812255
6.75	2.1386014130927413
6.85	2.10206046767963
6.95	2.0287900002142005
7.05	1.9323459745126914
7.1499999999999995	1.8159134153582124
7.25	1.704481975450447
7.35	1.584410212720788
7.45	1.4743702775399103
7.55	1.3685266115334453
7.6499999999999995	1.2800189012409893
7.75	1.1966685764756213
7.85	1.1230621258945928
7.95	1.0533149110403561
8.05	0.9965433670231907
8.15	0.9448463904815416
8.25	0.9022630294710724
8.350000000000001	0.8631836902263126
8.450000000000001	0.830907135883523
8.55	0.7991262371834896
8.65	0.7755137282083631
8.75	0.7549507227942838
8.850000000000001	0.7375368255370777
8.950000000000001	0.7227445248665251
9.05	0.7122108835410507
9.15	0.7026437658864294
9.25	0.6956056883346463
9.350000000000001	0.6893604783009801
9.450000000000001	0.6865640207095822
9.55	0.6856106813950008
9.65	0.6876803668801534
9.750000000000002	0.6911478433866904
9.85	0.6956214328809687
9.95	0.7025751923038935
10.049999999999999	0.7120173654308993
10.149999999999999	0.7211382225032849
10.25	0.7337819074641359
10.35	0.7472622253368139
10.45	0.7624864718550534
10.549999999999999	0.7793541169679454
10.649999999999999	0.7958539848753501
10.75	0.8188525912703352
10.85	0.8405024794008614
10.95	0.8633204778353908
11.049999999999999	0.8846228578651723
11.149999999999999	0.9106579159909048
11.25	0.9381414060070882
11.35	0.9647050066183014
11.45	0.9895912503981338
11.549999999999999	1.0167186844763647
11.649999999999999	1.0464419306219095
11.75	1.0707108455055567
11.85	1.098842242602984
11.95	1.1249636213498682
12.049999999999999	1.1464990801812445
12.149999999999999	1.1693722485179172
12.25	1.1873833178862985
12.35	1.2025932822192398
12.45	1.216466528370629
12.549999999999999	1.2267180473841548
12.649999999999999	1.2369367441439474
12.75	1.2405063430274652
12.85	1.239584657427223
12.95	1.2402073620337186
13.049999999999999	1.233339042233233
13.149999999999999	1.2270495012839007
13.25	1.2129277005571846
13.35	1.201216657657933
13.45	1.1871485425765305
13.549999999999999	1.168883768887522
13.649999999999999	1.1496316321475253
13.75	1.1300243567202568
13.85	1.1097897362843285
13.95	1.0857536018120546
14.049999999999999	1.0661671684136784
14.149999999999999	1.0452401380617713
14.25	1.0248291049935359
14.35	1.0059259771931446
14.45	0.9876289140600414
14.549999999999999	0.9698227974596753
14.649999999999999	0.9526887037006976
14.75	0.9383880790899297
14.85	0.9235167233533491
14.95	0.9119066883277255
15.049999999999999	0.899565918750506
15.149999999999999	0.888660226763999
15.25	0.8816568743500697
15.35	0.874978201520571
15.45	0.868474950388679
15.549999999999999	0.8641607589583026
15.649999999999999	0.8611495931637903
15.75	0.8598571519956704
15.85	0.8571894028500905
15.95	0.8594211243730646
16.05	0.8594790670434439
16.15	0.865008295197961
16.25	0.8669956045700072
16.349999999999998	0.8732304837922095
16.45	0.8782952479593347
16.55	0.8848322459223609
16.65	0.8945609901930225
16.75	0.9021482058108535
16.849999999999998	0.9133919562246472
16.95	0.9227484206348602
17.05	0.9340810229415172
17.15	0.9443668579857
17.25	0.9561344380306833
17.349999999999998	0.9710784007743235
17.45	0.9835028685934794
17.55	0.9966951984416585
17.65	1.0082200983283724
17.75	1.0198539264147604
17.849999999999998	1.031770713899057
17.95	1.043506321065388
18.05	1.0572981273132511
18.15	1.0663796917271278
18.25	1.0763119489177524
18.349999999999998	1.0835659180214978
18.45	1.0908641713796332
18.55	1.0971494878537176
18.65	1.1020719848303098
18.75	1.1058000421987362
18.849999999999998	1.110155632549294
18.95	1.1088449422991307
19.05	1.110602017307595
19.15	1.1079577972929036
19.25	1.1065135891033666
19.35	1.103895333345658
19.45	1.099513410164614
19.55	1.091302743122752
19.65	1.0857296795813958
19.75	1.0776076545142947
19.85	1.0711562701443293
19.95	1.0612659572742509
20.05	1.0525938153072256
20.15	1.0441479732522903
20.25	1.0354305801932657
20.35	1.0239304710027715
20.45	1.0135524727572485
20.55	1.0074150462165816
20.65	0.9970199093242716
20.75	0.9888730169427422
20.85	0.9798720545316101
20.95	0.9735153781000162
21.05	0.9652230857292243
21.15	0.9578291012221163
21.25	0.9512207604473811
21.35	0.9438612228292396
21.45	0.939714597824272
21.55	0.9346008809260087
21.65	0.9298735735537873
21.75	0.9265544641132389
21.85	0.9247759442185982
21.95	0.923092425512214
22.05	0.9245255936855158
22.15	0.9212883970785118
22.25	0.9240179985479119
22.35	0.9249978387691893
22.45	0.9268492695354459
22.55	0.9290127196017737
22.65	0.933513496486224
22.75	0.9352116177305604
22.85	0.9393399089718467
22.95	0.9443249794722531
23.05	0.9503099454997621
23.15	0.9565742770045421
23.25	0.9609058725925015
23.35	0.9674830249857458
23.45	0.975334613059116
23.55	0.9833211795941968
23.65	0.990388852953057
23.75	0.9980225947263508
23.85	1.0042860374491125
23.95	1.0092411959739187
24.05	1.0157178789094847
24.15	1.024294319169561
24.25	1.0307341239836756
24.35	1.0374642581975475
24.45	1.0428162470787175
24.55	1.0473782097055877
24.65	1.0509610770370594
24.75	1.0564470171027096
24.85	1.0597672634699797
24.95	1.0623122359850043
25.05	1.059911641497496
25.15	1.0619319197867976
25.25	1.0638875847975002
25.35	1.063184784780373
25.45	1.0606344389389302
25.55	1.0604092105407974
25.65	1.055928320621639
25.75	1.0555344901410448
25.85	1.0515342445267832
25.95	1.048070677449502
26.05	1.0448317635238362
26.15	1.0379245664922465
26.25	1.033352394440913
26.35	1.0264289733701355
26.45	1.0234131375167896
26.55	1.016991200254974
26.65	1.014047565822276
26.75	1.005152323830625
26.85	0.9996005743300982
26.95	0.9958216039368335
27.05	0.9894455060369368
27.15	0.984739777395448
27.25	0.9801064275974586
27.35	0.9750658140002352
27.45	0.9720958587282329
27.55	0.9666518980311034
27.65	0.9638142031593622
27.75	0.9615697877234668
27.85	0.9584827930976489
27.95	0.9570966343276246
28.05	0.9538715468684699
28.15	0.9528839730633374
28.25	0.952454115884352
28.35	0.9520257887941049
28.45	0.9528923335518772
28.55	0.9544692224130121
28.65	0.954343179991214
28.75	0.9549400528956536
28.85	0.9566579405767336
28.95	0.9595325705176979
29.05	0.9615667179963788
29.15	0.9661097496638781
29.25	0.9703068297502997
29.35	0.9728204767370175
29.45	0.9751782584356007
29.55	0.980273174578557
29.65	0.9836058055385761
29.75	0.9877737528999606
29.85	0.9929062459690065
29.95	NaN
30.05	1.0014596245403462
30.15	1.0041183774773674
30.25	1.0077552886441503
30.35	1.0145929813376378
30.45	1.018900962346521
30.55	1.0228832491476674
30.65	1.0256991903693018
30.75	1.0279549557773127
30.85	1.0323292565360462
30.95	1.0335244675499802
31.05	1.0378008087684887
31.15	1.037732502267828
31.25	1.0388950744152285
31.35	1.0412307571776256
31.45	1.041495976619766
31.55	1.042987702877453
31.65	1.0392954384699433
31.75	NaN
31.85	1.0380926125496182
31.95	1.0363306846336482
32.05	1.0347242477376637
32.15	1.0314173047333397
32.25	1.0266574139878524
32.35	1.0248108081186387
32.45	1.0225103911075715
32.55	1.0198843184310362
32.65	1.0149462218511416
32.75	1.0141090814243323
32.85	1.008876717449006
32.95	1.006207772859363
33.05	1.0024152663397574
33.15	0.999621979382802
33.25	0.9942834113731883
33.35	0.9892442741941565
33.45	0.9880835607585527
33.55	0.9841107509893802
33.65	0.98000446855507
33.75	0.9804279551470182
33.85	0.9775235205020862
33.95	0.9736854943214589
34.05	0.9731030696603429
34.15	0.9721256825611934
34.25	0.9691908277073185
34.35	0.9685539786886369
34.45	0.965422102101113
34.55	0.9672161677513514
34.65	0.967055598788109
34.75	0.9678156719108266
34.85	0.9678849223842807
34.95	0.9687178050753648
35.05	0.9730025496330854
35.15	0.9726569156328135
35.25	0.975014718094937
35.35	0.9743017188558443
35.45	0.9766328297654391
35.55	0.9798467922389572
35.65	0.9831891484224995
35.75	0.9855018926815021
35.85	0.9877223212295531
35.95	0.9890949778857673
36.05	0.9931850996469717
36.15	0.995009741490206
36.25	1.000697488908759
36.35	1.0032484640054158
36.45	1.0039452461957585
36.55	1.0077268681709928
36.65	NaN
36.75	1.0159884257632
36.85	1.0157094644569287
36.95	1.0179382204057676
37.05	1.01999523590539
37.15	1.0214851813783685
37.25	1.0236627139093921
37.35	1.0251209828526433
37.45	1.0266478655314504
37.55	1.029620070036751
37.65	1.0280147059531524
37.75	1.0296991693642696
37.85	1.026929528819801
37.95	1.0278514516314645
38.05	NaN
38.15	NaN
38.25	1.0234735462660343
38.35	1.02236550174042
38.45	1.020998489737165
38.550000000000004	1.0201977069212589
38.65	1.0164291967191599
38.75	1.0150667288680688
38.85	1.0144686537688183
38.95	1.01107939280372
39.050000000000004	1.0096771134406362
39.15	1.0063097185826515
39.25	1.0010871539928927
39.35	0.9987615682700188
39.45	0.9976607303562116
39.550000000000004	0.994810264715829
39.65	NaN
39.75	0.9919106417942488
39.85	0.9880962240384898
39.95	0.9876692702650386
40.050000000000004	0.9829918563634786
40.15	0.9829410176599952
40.25	0.9825787361323941
40.35	NaN
40.45	0.9791067073137013
40.550000000000004	0.9779311284755886
40.65	0.9761608806135986
40.75	0.9792015694844289
40.85	0.974693187386839
40.95	0.9762365387431969
41.050000000000004	0.9753349651812849
41.15	0.9766919129512756
41.25	0.9774239487060111
41.35	0.9774803280775372
41.45	0.9796433921319678
41.550000000000004	0.9783454741948477
41.65	0.9814478690546892
41.75	0.9824855096166797
41.85	0.9859757512421593
41.95	0.9874057258300122
42.050000000000004	0.9889263561259672
42.15	0.9916469938681864
42.25	0.9954941354584099
42.35	0.9964324256990226
42.45	0.9990219538932811
42.550000000000004	1.0001309108278282
42.65	1.0025634759116
42.75	1.0023980198700733
42.85	1.0071365008178632
42.95	1.0094264605679877
43.050000000000004	1.0119151801931916
43.15	NaN
43.25	1.012566771198943
43.35	1.014301300295374
43.45	1.0177692963114393
43.550000000000004	1.0197245155548567
43.65	NaN
43.75	NaN
43.85	1.0172360565828744
43.95	1.020441511525096
44.050000000000004	1.0210503057082383
44.15	1.021272250011681
44.25	1.0187810861317845
44.35	1.0204573683953562
44.45	NaN
44.550000000000004	1.0174312644333408
44.65	1.016291780006827
44.75	1.0156040870393532
44.85	1.0151744060079904
44.95	1.013556382566744
45.050000000000004	1.0122688424333275
45.15	1.0090878015508882
45.25	1.0086583427122593
45.35	1.006673532046789
45.45	1.0062964810415893
45.550000000000004	1.002013175537308
45.65	0.9993437732547867
45.75	NaN
45.85	0.9954371523927759
45.95	NaN
46.050000000000004	0.9925493936248668
46.15	0.9920381885586702
46.25	0.9896037912072957
46.35	NaN
46.45	0.9862716911314009
46.550000000000004	0.9845429827530169
46.65	NaN
46.75	0.982943428834974
46.85	0.9837940360952946
46.95	0.9810997192198089
47.050000000000004	0.9832089557287248
47.15	0.9825751213484255
47.25	0.9822310032398164
47.35	0.9829949268636783
47.45	NaN
47.550000000000004	0.9827421788506454
47.65	0.9839297703111533
47.75	0.9853929019237262
47.85	0.9843765574778308
47.95	0.9867524248229497
48.050000000000004	0.9872494935443868
48.15	0.9899668091592526
48.25	0.9897140527384662
48.35	0.9936236927484601
48.45	0.9945889308523024
48.550000000000004	0.9936912854040648
48.65	0.9967883531075865
48.75	0.9984449514913251
48.85	1.0004728619960723
48.95	1.00261499781435
49.050000000000004	1.0049673915551043
49.15	1.0067532094161704
49.25	1.008552716337593
49.35	1.008539993717557
49.45	1.0090173116827106
49.550000000000004	1.0118942857265123
49.65	1.0122654759137315
49.75	NaN
49.85	1.0156612394128621
49.95	1.013942140521674
50.050000000000004	1.0149318038332238
50.15	1.016053833814607
50.25	1.0158982823046478
50.35	1.0127986039812453
50.45	1.0168184397484652
50.550000000000004	1.0161329567979953
50.65	1.0147010195656354
50.75	1.014145761670258
50.85	1.011842831553896
50.95	1.0144804337982112
51.050000000000004	1.0129186446490295
51.15	1.0100119300725798
51.25	1.008410610553087
51.35	1.0083932498144577
51.45	1.0067524520416913
51.550000000000004	1.0051495446937675
51.65	1.0026911351769794
51.75	1.0016567405172956
51.85	1.0014770595444875
51.95	1.0001078777734158
52.050000000000004	0.9971718370588952
52.15	NaN
52.25	0.9944091773336968
52.35	0.9941484609261003
52.45	0.9927325882900436
52.550000000000004	0.9928144752056077
52.65	0.9922615899776022
52.75	0.9893355860741042
52.85	0.98883487764514
52.95	0.9859602414941161
53.050000000000004	0.9885424570071843
53.15	0.9867044865068685
53.25	0.9848572745731763
53.35	0.9875910575651178
53.45	0.9865130749934828
53.550000000000004	0.9877175541033989
53.65	0.9865263807217971
53.75	0.9870511859405319
53.85	0.9863955632052159
53.95	0.9876603442662598
54.050000000000004	0.9875394230584372
54.15	0.9894725652586513
54.25	0.9914094610199865
54.35	0.9915137655636235
54.45	0.9925147348010263
54.550000000000004	NaN
54.65	0.9933745275354474
54.75	0.9962148136759477
54.85	0.9970823858420245
54.95	0.9963520978180516
55.050000000000004	1.0006887382199074
55.15	1.0013426798144598
55.25	1.0019586821352073
55.35	1.0023962996850935
55.45	1.0058867263530098
55.550000000000004	1.0056228402074567
55.65	NaN
55.75	1.0077365601240726
55.85	1.0083767750895747
55.95	1.0107915149702023
56.050000000000004	1.0110886664279553
56.15	1.0106186062624811
56.25	1.0097002960387873
56.35	1.0312201126608544
56.45	1.016791886562292
56.550000000000004	1.0112706615108011
56.65	1.012692186389965
56.75	1.012149968122153
56.85	1.0131910173030705
56.95	1.012009468060165
57.050000000000004	1.0108915359530042
57.15	1.0113674510322361
57.25	1.0123011987838941
57.35	1.009552965954677
57.45	1.0100753396800133
57.550000000000004	NaN
57.65	1.0067757934535693
57.75	1.0072591769379113
57.85	1.0051957576503778
57.95	1.0036941322187347
58.050000000000004	NaN
58.15	1.0014503876180205
58.25	1.0014280003866278
58.35	0.9976385210064597
58.45	0.9966175826913599
58.550000000000004	0.9962665735158296
58.65	0.9953368759058111
58.75	NaN
58.85	0.9935247018438547
58.95	0.9898249054437781
59.050000000000004	0.9921049187804206
59.15	0.9909099735129933
59.25	0.9897439556755963
59.35	0.9908884645963404
59.45	0.9895007156845304
59.550000000000004	0.9885572132763378
59.65	NaN
59.75	0.9884600511386481
59.85	0.9888219514009995
59.95	0.988191172490672
60.050000000000004	0.9887409365233493
60.15	0.9889197871747726
60.25	0.9888433426238733
60.35	NaN
60.45	0.9912727782892721
60.550000000000004	0.9934673263380107
60.65	0.9944213285609714
60.75	0.9936580080372481
60.85	NaN
60.95	0.9953483612952143
61.050000000000004	0.9960102400120238
61.15	0.9983910831539643
61.25	0.9989816717676472
61.35	0.9988948909919952
61.45	1.001636329041096
61.550000000000004	1.0015642964307192
61.65	1.0039085133175332
61.75	1.0038206931948526
61.85	1.005214577886595
61.95	NaN
62.050000000000004	1.007387040203985
62.15	1.0073691485214553
62.25	1.0080878258092876
62.35	1.0094663237664192
62.45	NaN
62.550000000000004	1.0108982787649257
62.65	NaN
62.75	NaN
62.85	1.010247378033828
62.95	1.011109392438174
63.050000000000004	1.0094756006328058
63.15	1.0131653488857255
63.25	1.0095032788804037
63.35	1.0094261304934362
63.45	1.006978560213036
63.550000000000004	1.007593033743451
63.65	NaN
63.75	1.0052573262602325
63.85	NaN
63.95	1.004649164751268
64.05	1.0027890335722984
64.14999999999999	1.004469998233363
64.25	1.0011332369885384
64.35	NaN
64.44999999999999	1.0004788541708454
64.55	0.998037294261107
64.64999999999999	0.9972254727160317
64.75	0.9947675102080689
64.85	0.9965794246126918
64.94999999999999	0.9944610552557376
65.05	0.9961920053689848
65.14999999999999	NaN
65.25	0.9926964035677153
65.35	0.992590025807973
65.44999999999999	0.9932233439989646
65.55	0.9905659726141273
65.64999999999999	NaN
65.75	0.9901655825558884
65.85	0.9900737439537917
65.94999999999999	NaN
66.05	NaN
66.14999999999999	0.9903022429682976
66.25	0.9917891837967189
66.35	0.9902761777284586
66.44999999999999	0.991370949396206
66.55	NaN
66.64999999999999	0.992867948761989
66.75	0.9925174745491444
66.85	NaN
66.94999999999999	NaN
67.05	NaN
67.14999999999999	NaN
67.25	0.9969137056999524
67.35	NaN
67.44999999999999	NaN
67.55	1.000407429918995
67.64999999999999	1.0008872106938862
67.75	1.00152703547204
67.85	1.0030514189513131
67.94999999999999	NaN
68.05	1.0031485965639286
68.14999999999999	1.0041634728286921
68.25	1.0064126523719175
68.35	1.0061148922830176
68.44999999999999	1.0062751542711401
68.55	1.0068715896373825
68.64999999999999	NaN
68.75	1.0074649624453462
68.85	1.0076069999498756
68.94999999999999	1.0081552632126536
69.05	NaN
69.14999999999999	1.0101098011845904
69.25	NaN
69.35	1.0080932589278084
69.44999999999999	1.007260161153566
69.55	1.0081533028581184
69.64999999999999	1.0069676784597674
69.75	1.007068092642551
69.85	1.006508990507329
69.94999999999999	1.0067583817382544
70.05	NaN
70.14999999999999	1.0055152549922517
70.25	1.004061928437982
70.35	1.0034315626580015
70.44999999999999	1.0025966072911288
70.55	1.0020142738839128
70.64999999999999	1.0012500991746835
70.75	1.0014083847708133
70.85	0.9993383746859309
70.94999999999999	0.9972665512333351
71.05	0.9973930440747817
71.14999999999999	NaN
71.25	0.9958373586114394
71.35	NaN
71.44999999999999	0.9947846659141553
71.55	0.9937964552803467
71.64999999999999	0.9939862999212113
71.75	0.9910687792232826
71.85	NaN
71.94999999999999	NaN
72.05	0.9917059685001418
72.14999999999999	NaN
72.25	0.9935004165563186
72.35	0.9925740324033296
72.44999999999999	NaN
72.55	NaN
72.64999999999999	0.9940666367430577
72.75	0.9926907383730121
72.85	0.9937014784533773
72.94999999999999	NaN
73.05	0.9946516179906961
73.14999999999999	0.9942977533238019
73.25	0.9956344145378365
73.35	0.9959134037978384
73.44999999999999	0.9965094115824493
73.55	0.9964265666657215
73.64999999999999	1.0003054500478779
73.75	0.999395377463829
73.85	1.000315463689115
73.94999999999999	NaN
74.05	NaN
74.14999999999999	1.0009423671246154
74.25	1.0031298139120273
74.35	1.0043689064736283
74.44999999999999	1.0023973051801554
74.55	1.0041463444473584
74.64999999999999	NaN
74.75	NaN
74.85	1.0051132318575318
74.94999999999999	1.0067373805386726
75.05	1.006317731692497
75.14999999999999	1.0074212516058296
75.25	1.0073493341180442
75.35	1.0070280803875786
75.44999999999999	1.0071884589988018
75.55	1.0056880085461215
75.64999999999999	1.0070250164941836
75.75	NaN
75.85	1.0048711248504276
75.94999999999999	NaN
76.05	1.0056837218241979
76.14999999999999	1.005206572044628
76.25	1.0045636775064255
76.35	1.0042065461883833
76.44999999999999	NaN
76.55	1.0021212026534712
76.64999999999999	1.004132912061535
76.75	NaN
76.85	1.0013293430029124
76.95	0.9990737198811876
77.05	0.9988820923065015
77.14999999999999	0.9967747484646843
77.25	NaN
77.35	NaN
77.45	NaN
77.55	0.9966439484498468
77.64999999999999	NaN
77.75	0.9976006884090614
77.85	0.9962478067015996
77.95	NaN
78.05	0.9935838451822737
78.14999999999999	NaN
78.25	0.9936444357188959
78.35	0.993066476956603
78.45	NaN
78.55	NaN
78.64999999999999	NaN
78.75	0.9937435216295039
78.85	0.9928998655041973
78.95	0.9935247827299086
79.05	NaN
79.14999999999999	NaN
79.25	0.9947546147682012
79.35	0.9954220563259105
79.45	NaN
79.55	0.996100118432235
79.64999999999999	NaN
79.75	0.9974006352704747
79.85	0.9982502738011151
