0.15	0.018923167085970912
0.25	0.018662080817829503
0.35	0.018519673539349364
0.45	0.019181377218174464
0.55	0.019335593339543468
0.65	0.01936053837311952
0.7500000000000001	0.019742614382275807
0.85	0.019891858968286026
0.95	0.02024109186405523
1.05	0.020479321507427328
1.15	0.020730341309928662
1.25	0.02116534107321706
1.35	0.02158112863465853
1.45	0.022012206713823576
1.55	0.022591075054516598
1.65	0.023081486022642
1.75	0.023559178084939413
1.85	0.024299225542479607
1.95	0.02513192487571417
2.05	0.025813499128277885
2.15	0.026537099187213944
2.25	0.027603483450413274
2.35	0.028599007897842317
2.45	0.029559376135297237
2.5500000000000003	0.030720569482736493
2.65	0.03205811577022522
2.75	0.03331927699963911
2.85	0.034891483682403544
2.95	0.036707335708448786
3.0500000000000003	0.03828334047645703
3.15	0.040204996971360304
3.25	0.04248278008948154
3.35	0.04512635343369458
3.45	0.047464117672518416
3.5500000000000003	0.050606799892157564
3.65	0.053817871195142954
3.75	0.05750965341461535
3.85	0.06095525693019944
3.95	0.06589831265939841
4.05	0.07064051066263635
4.1499999999999995	0.07644949895182192
4.25	0.08249791742403467
4.35	0.08981879189039484
4.449999999999999	0.0977756030912873
4.55	0.10635677605810083
4.6499999999999995	0.11657434906390088
4.75	0.1289137632265354
4.85	0.14320768096096734
4.95	0.15936655705996014
5.05	0.17701299258432393
5.1499999999999995	0.20003641096196859
5.25	0.2242535173411569
5.35	0.2547539510331549
5.45	0.2924136794453434
5.55	0.33556315617505816
5.6499999999999995	0.38722455844767073
5.75	0.45356613089134706
5.85	0.5296404787934232
5.95	0.6248308981615994
6.05	0.7473420266252497
6.1499999999999995	0.8985491129756784
6.25	1.083276981747948
6.35	1.3040357085284637
6.45	1.578962293744688
6.55	1.8880551274803552
6.6499999999999995	2.2237400951546764
6.75	2.542789490308798
6.85	2.783424553715851
6.95	2.924322474662092
7.05	2.9142785184426803
7.1499999999999995	2.7683471976589837
7.25	2.5555785170931924
7.35	2.294314275130962
7.45	2.0402791860037603
7.55	1.8169503141206833
7.6499999999999995	1.6048333617766384
7.75	1.4336913401133162
7.85	1.280579680012628
7.95	1.1602067851568214
8.05	1.0607017013258815
8.15	0.9749643612181109
8.25	0.9003248423142124
8.350000000000001	0.838379880105855
8.450000000000001	0.7874022750105774
8.55	0.7437775929568908
8.65	0.7076543353609108
8.75	0.6768146502961153
8.850000000000001	0.6507102826342238
8.950000000000001	0.6292728684939084
9.05	0.6120501318550816
9.15	0.5981505264263954
9.25	0.5867829331935972
9.350000000000001	0.5781265042375029
9.450000000000001	0.5730681294728439
9.55	0.5692590267632707
9.65	0.5681242662480556
9.750000000000002	0.5689399024231164
9.85	0.5721715798301252
9.95	0.5787770971416938
10.049999999999999	0.5846466139067584
10.149999999999999	0.5939711585751892
10.25	0.605267455977971
10.35	0.6184304966004529
10.45	0.6344717644218522
10.549999999999999	0.6523608360697991
10.649999999999999	0.6728378785358032
10.75	0.6950689359776743
10.85	0.7195073155395
10.95	0.7475035644066425
11.049999999999999	0.7767625867296272
11.149999999999999	0.8096073997335853
11.25	0.8434378495739298
11.35	0.8816139442188572
11.45	0.9212527708284414
11.549999999999999	0.9605719014678825
11.649999999999999	1.001478586234225
11.75	1.045400511488201
11.85	1.0857602222625986
11.95	1.1274210896551968
12.049999999999999	1.1638161397149156
12.149999999999999	1.1999660540814705
12.25	1.2342200912342276
12.35	1.2620483505034592
12.45	1.2857204425683337
12.549999999999999	1.305236933363136
12.649999999999999	1.3191010959556233
12.75	1.3328917226528076
12.85	1.3322147021940416
12.95	1.3382308477594587
13.049999999999999	1.3397267903576704
13.149999999999999	1.3351815510141922
13.25	1.327690782152243
13.35	1.317870275121002
13.45	1.3044126654109411
13.549999999999999	1.2858081575836684
13.649999999999999	1.2646472662042139
13.75	1.2420161727660004
13.85	1.2166641916110876
13.95	1.1892189382704286
14.049999999999999	1.1593366163822152
14.149999999999999	1.1283098330552952
14.25	1.0990814284893655
14.35	1.064722104354585
14.45	1.033902601047194
14.549999999999999	1.0009174139207366
14.649999999999999	0.9739104339444772
14.75	0.9465989273703219
14.85	0.9226724801367948
14.95	0.8981574494675393
15.049999999999999	0.875490617300199
15.149999999999999	0.8573926406911062
15.25	0.8394801437752228
15.35	0.8266625122891782
15.45	0.8148153115701892
15.549999999999999	0.8040342974625823
15.649999999999999	0.7961794532998846
15.75	0.7894401480946331
15.85	0.7851383075635379
15.95	0.7833949495023271
16.05	0.782050569217888
16.15	0.7832231386572556
16.25	0.7862572915716473
16.349999999999998	0.792445095339525
16.45	0.7981831053043063
16.55	0.8055129939454472
16.65	0.8147983926674915
16.75	0.8256757691658416
16.849999999999998	0.8384445991941503
16.95	0.8552314884642869
17.05	0.8698485545364568
17.15	0.8854391038821757
17.25	0.9048990849233651
17.349999999999998	0.9215650519608842
17.45	0.9431990455823583
17.55	0.963214399554415
17.65	0.9824535747653685
17.75	1.0049989242377435
17.849999999999998	1.0263527802867107
17.95	1.0459685818827935
18.05	1.0677063303897938
18.15	1.0858401350570739
18.25	1.1054220548290363
18.349999999999998	1.1215672449388436
18.45	1.1337624565941589
18.55	1.149664007670425
18.65	1.155329991360612
18.75	1.1649817587438134
18.849999999999998	1.1697045655581524
18.95	1.1736540711325911
19.05	1.1768347271567865
19.15	1.175111923957435
19.25	1.1716124520374644
19.35	1.1644981527609544
19.45	1.1611809221917957
19.55	1.1535879482493645
19.65	1.1436916922964164
19.75	1.1319322577838757
19.85	1.120234823767568
19.95	1.1059232140236335
20.05	1.0972804556760218
20.15	1.080219203229298
20.25	1.06430516034974
20.35	1.0518821013560158
20.45	1.0393521689082612
20.55	1.024729920087361
20.65	1.0113956708144816
20.75	0.9953102837332966
20.85	0.9843496978764408
20.95	0.9707044335202368
21.05	0.9588375217924461
21.15	0.9497420140726629
21.25	0.9364868001643449
21.35	0.9263365190711034
21.45	0.918758076946538
21.55	0.9089973010292415
21.65	0.9028578891034996
21.75	0.8992013735537431
21.85	0.8888736608728637
21.95	0.8862899039366413
22.05	0.8841230986875253
22.15	0.8802711815116693
22.25	0.8802070455948444
22.35	0.8811403051491151
22.45	0.8816374945915424
22.55	0.8831375397060377
22.65	0.8880639581901145
22.75	0.8929144462374916
22.85	0.8964639789812917
22.95	NaN
23.05	0.9102809028271271
23.15	0.9180279277146555
23.25	0.9262202400399313
23.35	0.9378627309269641
23.45	0.9466981750960055
23.55	0.9550573801840859
23.65	0.9652157971569826
23.75	0.9778032630462508
23.85	0.9893897286699841
23.95	1.0017272016489591
24.05	1.0134678758781859
24.15	1.0260925900460822
24.25	1.0366087848469758
24.35	1.0504035397179559
24.45	1.057674461828835
24.55	1.066660169888764
24.65	1.0756312571051057
24.75	1.084232432281326
24.85	1.0903602179322784
24.95	1.0986658665116293
25.05	1.099893468143981
25.15	1.102943890115108
25.25	1.1037080797067707
25.35	1.1050545001467729
25.45	1.1049140199292822
25.55	1.1019539978573434
25.65	1.0969980784644904
25.75	1.0940974646938584
25.85	1.0890180269919438
25.95	1.0804356070768457
26.05	1.0774811948904688
26.15	1.0690284881264354
26.25	1.0609521810754539
26.35	1.049070321990376
26.45	1.0420844286595057
26.55	1.0318229722578596
26.65	1.025506322459062
26.75	1.0136356450238417
26.85	1.0056378170005846
26.95	0.9975721521073878
27.05	0.9886810079924806
27.15	0.9811135130626045
27.25	0.9735113182387667
27.35	0.9673009070628067
27.45	0.9596310326650147
27.55	0.9553395114145777
27.65	0.9463338657897221
27.75	0.943332548704706
27.85	0.9398569733787414
27.95	0.9347274759923793
28.05	0.9297938138676418
28.15	0.9260055686812252
28.25	0.9278259502254033
28.35	0.9262164045470981
28.45	0.9239145642753747
28.55	0.9237824744913017
28.65	0.9217612082003731
28.75	0.928690235533643
28.85	0.9280995422801743
28.95	0.9322702766911385
29.05	0.9349676312324956
29.15	0.9381396592017011
29.25	0.9430409957806699
29.35	0.9487650846456767
29.45	0.9526944706668943
29.55	0.9574949215349843
29.65	0.9641471179255519
29.75	0.9702071834937077
29.85	0.9799193405881116
29.95	0.9860756022763938
30.05	0.9932518445976143
30.15	0.9975615635158057
30.25	1.0068351662527306
30.35	1.0148855439271902
30.45	1.0229784765049024
30.55	1.028093026733627
30.65	1.0360243865462506
30.75	1.0410333858784864
30.85	1.0445207370377918
30.95	1.0520131892535765
31.05	1.0555179377582162
31.15	1.0607985185617694
31.25	1.0621426223777763
31.35	1.066816318873295
31.45	1.0663391488265885
31.55	1.0677310983205648
31.65	1.0672086669751768
31.75	1.0661126708458024
31.85	1.0641326499511417
31.95	1.0625910614108711
32.05	1.0600691686066526
32.15	1.0570450414478036
32.25	1.0512405590937342
32.35	1.0463156293017597
32.45	1.0441889954112478
32.55	1.0392593266240626
32.65	1.032345595280359
32.75	1.0230785880134823
32.85	1.0224695466877871
32.95	1.016872155109684
33.05	1.0076642405574303
33.15	1.004666070550702
33.25	0.9935439194550719
33.35	0.9910883812558501
33.45	0.9847649098541106
33.55	0.9805733294258803
33.65	0.9750512749748874
33.75	0.9710028856917029
33.85	0.9655020540577693
33.95	0.9527360404594392
34.05	0.9573491243274005
34.15	0.9553903680639002
34.25	0.9526762071116697
34.35	0.9495576967919815
34.45	0.9502393468764077
34.55	0.9483688323586055
34.65	0.9484655399554675
34.75	0.944465370742506
34.85	0.947720452853841
34.95	0.9484721935216415
35.05	0.9509953218787547
35.15	0.9509993248258944
35.25	0.9526336703492055
35.35	0.9538768486133125
35.45	0.9585123031885715
35.55	0.9621033901314308
35.65	0.965305713150859
35.75	0.9717364005780587
35.85	0.9752251918079107
35.95	0.9804513285017176
36.05	0.983674543981146
36.15	0.9884493282176072
36.25	0.9933475741166428
36.35	0.9992079368082725
36.45	1.0038610399710555
36.55	NaN
36.65	1.0141109993693478
36.75	1.019834350274246
36.85	1.025417192429209
36.95	1.0265317050501608
37.05	1.030408020519296
37.15	1.0333831964012616
37.25	1.038586970078265
37.35	1.0400974914840444
37.45	1.0440163117239303
37.55	1.04420718524525
37.65	NaN
37.75	1.0481937258448137
37.85	1.047899878098154
37.95	1.0481797781479423
38.05	1.0458545624298228
38.15	1.0458484230146934
38.25	1.0406302536888896
38.35	1.0402832885875573
38.45	1.0411206022548343
38.550000000000004	1.0362917999541446
38.65	1.0352090775956444
38.75	1.0284668227234388
38.85	1.0258370688934602
38.95	1.0225493600443165
39.050000000000004	1.016117331994663
39.15	NaN
39.25	NaN
39.35	NaN
39.45	NaN
39.550000000000004	0.995694441198303
39.65	0.9920124775808907
39.75	0.9890517851929587
39.85	0.9837412318833273
39.95	0.9826366807739834
40.050000000000004	0.9770487631408374
40.15	NaN
40.25	0.9702070526450537
40.35	0.9680085927924599
40.45	0.9667577317750435
40.550000000000004	0.9650374490185523
40.65	0.9635671177527575
40.75	0.9626941918048939
40.85	0.961975601047389
40.95	0.9626456654572809
41.050000000000004	0.9617650421792541
41.15	0.9602978741107079
41.25	0.9611369442944239
41.35	0.9624526599721146
41.45	0.9655916878876285
41.550000000000004	NaN
41.65	0.9681956740158935
41.75	0.9710802223367113
41.85	0.9735925452368237
41.95	0.9766931224129369
42.050000000000004	0.9801354489652087
42.15	NaN
42.25	0.9866952619271792
42.35	0.9907803892596057
42.45	0.9940637152906667
42.550000000000004	0.9980512603029216
42.65	1.0026963028784321
42.75	1.0047349861553245
42.85	1.008729984994991
42.95	1.010861521917971
43.050000000000004	1.0160609513641985
43.15	1.017930501490425
43.25	1.0225273883452115
43.35	1.025185187849871
43.45	1.0279210950185245
43.550000000000004	1.0301495965212597
43.65	NaN
43.75	1.0331891716055448
43.85	1.0321282594488377
43.95	1.032814226864015
44.050000000000004	1.034417224808799
44.15	1.034709677919342
44.25	NaN
44.35	1.0341432886252986
44.45	1.0330766593239544
44.550000000000004	1.031012057466098
44.65	1.0297159305184271
44.75	1.0280709428877854
44.85	1.0264202123399877
44.95	1.0242505153851509
45.050000000000004	1.0195909826431382
45.15	1.0181776582068256
45.25	1.0142420163701251
45.35	NaN
45.45	1.0083034030248783
45.550000000000004	1.0060291110096018
45.65	NaN
45.75	1.0008826934859223
45.85	0.9959477602329527
45.95	0.9923132268906067
46.050000000000004	0.988274016737723
46.15	0.9872867001074529
46.25	0.9841846760947954
46.35	0.9825872173567594
46.45	0.9791596171301051
46.550000000000004	0.978369679492267
46.65	NaN
46.75	0.974330360885291
46.85	0.9747660100356292
46.95	0.9726972796958405
47.050000000000004	0.9719722833951273
47.15	0.9689201844678621
47.25	0.9709219350076264
47.35	0.969999073765974
47.45	0.9707282923896897
47.550000000000004	0.9702099916946985
47.65	0.9730137861128038
47.75	0.9728027140355384
47.85	0.9750758170189586
47.95	0.9774040880813079
48.050000000000004	0.9780922439762052
48.15	0.9800297842366059
48.25	0.983717805657545
48.35	0.9836898567443251
48.45	0.9879518715325302
48.550000000000004	0.9912322994761527
48.65	0.9931091563665422
48.75	0.9962212157145397
48.85	1.0002856172618126
48.95	1.0019321151754725
49.050000000000004	1.0053733987489561
49.15	NaN
49.25	1.0099963543713406
49.35	1.0127014164966894
49.45	1.0155059768202632
49.550000000000004	1.01692995232928
49.65	1.0189087402119885
49.75	1.0199446382912658
49.85	1.0238348037295257
49.95	1.0248094215288117
50.050000000000004	1.0248225800533863
50.15	1.0263244947365704
50.25	1.0256939295647742
50.35	1.0276283256531593
50.45	1.0294939276993043
50.550000000000004	1.02784625266638
50.65	1.0254134423762051
50.75	1.0257494196699943
50.85	1.0231079864520818
50.95	NaN
51.050000000000004	1.0211599705928776
51.15	1.01926034591079
51.25	1.0166831304639399
51.35	1.015952077708723
51.45	1.0121930693207122
51.550000000000004	NaN
51.65	1.0083386986707044
51.75	1.0068177243133316
51.85	1.0057738874787125
51.95	0.9995685688108576
52.050000000000004	NaN
52.15	0.9949322995880548
52.25	0.9931684154975233
52.35	0.9919855045982072
52.45	0.9875778995986537
52.550000000000004	0.9881005414215751
52.65	0.9862696593735486
52.75	0.9847351567088861
52.85	0.9816298144463331
52.95	NaN
53.050000000000004	0.9780402971436273
53.15	NaN
53.25	0.9761994267414541
53.35	0.9764346284400334
53.45	0.9773064732418899
53.550000000000004	NaN
53.65	0.9781146059488233
53.75	NaN
53.85	0.9797596180857996
53.95	0.9773586852349291
54.050000000000004	NaN
54.15	0.980621513314956
54.25	NaN
54.35	0.9840747023631764
54.45	0.9848871257882177
54.550000000000004	NaN
54.65	0.9885438882463893
54.75	0.9938277650631245
54.85	0.9922654371111223
54.95	0.9965174355854888
55.050000000000004	0.9990588526588882
55.15	1.0003377904023694
55.25	1.0021623676206834
55.35	1.0042482792511087
55.45	1.006363003172351
55.550000000000004	1.008082587350314
55.65	1.011999712502856
55.75	1.0120998060378923
55.85	1.0146212396791852
55.95	1.0169500798944155
56.050000000000004	1.0179379855847277
56.15	1.0179118852645725
56.25	1.0268491610988377
56.35	1.0206992136818043
56.45	1.0217499337646663
56.550000000000004	1.0212938510805287
56.65	1.0204628948531107
56.75	NaN
56.85	1.019925953440421
56.95	1.0194152874102405
57.050000000000004	1.019684455528004
57.15	1.0190739125613628
57.25	1.0156783609497002
57.35	NaN
57.45	1.014854728983017
57.550000000000004	1.0124527615067178
57.65	1.0119452817697037
57.75	1.0081950951779826
57.85	1.0099094275173128
57.95	1.004617634047914
58.050000000000004	1.0021948238825575
58.15	1.0007439731778607
58.25	0.9973621063719731
58.35	0.9975106089535272
58.45	NaN
58.550000000000004	0.9931414546970061
58.65	0.9913627370243672
58.75	NaN
58.85	0.9882347387837936
58.95	NaN
59.050000000000004	0.9859481053095924
59.15	0.98515268665901
59.25	0.9855558623837337
59.35	0.9823724765463191
59.45	0.9813043858762676
59.550000000000004	0.9818252120852334
59.65	0.981367450223771
59.75	0.9814005051747259
59.85	NaN
59.95	0.9808751340330846
60.050000000000004	NaN
60.15	0.9829345275473085
60.25	0.9830355144480016
60.35	NaN
60.45	0.9853123405290714
60.550000000000004	0.9878216221304187
60.65	0.9869355558113739
60.75	0.9878485463938946
60.85	0.9928682231431379
60.95	0.9927508108580522
61.050000000000004	0.993632029658099
61.15	0.9952916067324774
61.25	0.9964424300815
61.35	0.997671924411543
61.45	1.0017423431869796
61.550000000000004	NaN
61.65	1.0043424761735882
61.75	NaN
61.85	NaN
61.95	1.010059625492762
62.050000000000004	1.0105993737617465
62.15	1.0136883440320705
62.25	1.0121716924093322
62.35	1.0127955571202563
62.45	1.0137218033804378
62.550000000000004	1.0170763426352931
62.65	1.0199898959610627
62.75	1.0156935785344228
62.85	1.0164667485415417
62.95	1.0179871194265226
63.050000000000004	1.0170390372519154
63.15	1.0180191687952052
63.25	NaN
63.35	1.0165553993084602
63.45	1.0168616292958201
63.550000000000004	1.014922408882716
63.65	1.014197007941648
63.75	1.011215663366233
63.85	1.0118569470859973
63.95	1.0085960192882613
64.05	1.006523096197787
64.14999999999999	1.004856814174624
64.25	1.002019041569144
64.35	1.008750557696572
64.44999999999999	1.0007211174991684
64.55	0.9986076689395376
64.64999999999999	0.9984103167719798
64.75	0.9991770422778754
64.85	0.9948996349867385
64.94999999999999	0.9946197671838117
65.05	0.9911267317486635
65.14999999999999	0.9909324705051373
65.25	NaN
65.35	0.9891250997660274
65.44999999999999	NaN
65.55	0.9874417415134297
65.64999999999999	0.984160825206439
65.75	0.9856033089307624
65.85	0.9852574867487558
65.94999999999999	0.9845100489414667
66.05	NaN
66.14999999999999	0.9841802369161495
66.25	0.9859342697848882
66.35	0.9855314678349816
66.44999999999999	0.9856039773947399
66.55	0.987346129509113
66.64999999999999	NaN
66.75	0.988093872081798
66.85	NaN
66.94999999999999	NaN
67.05	0.9913111504485286
67.14999999999999	0.9912631163652875
67.25	0.9938963227148588
67.35	0.9950562712040147
67.44999999999999	0.997538178117472
67.55	0.9989768483575775
67.64999999999999	NaN
67.75	NaN
67.85	1.0027373449824846
67.94999999999999	1.0035006557103898
68.05	1.0054940618193082
68.14999999999999	1.0066954667009103
68.25	NaN
68.35	1.0101760982447647
68.44999999999999	1.0113111228714817
68.55	1.0107564384802343
68.64999999999999	NaN
68.75	1.0123340209617044
68.85	1.0134414216979022
68.94999999999999	1.014820159856408
69.05	1.0151855544034827
69.14999999999999	1.0141604229715193
69.25	1.0118615099237567
69.35	1.0133333363775212
69.44999999999999	NaN
69.55	1.0120459736420897
69.64999999999999	1.013052738470329
69.75	NaN
69.85	1.01016174422519
69.94999999999999	NaN
70.05	1.0087354483963953
70.14999999999999	1.008406926237369
70.25	NaN
70.35	1.0060831817300384
70.44999999999999	NaN
70.55	1.0046579110748526
70.64999999999999	1.0029003088094435
70.75	0.9993101498997705
70.85	0.9981915300285658
70.94999999999999	0.9980564581779384
71.05	0.9981367183747875
71.14999999999999	0.9945113370873688
71.25	NaN
71.35	0.9935847186695507
71.44999999999999	0.9925602266880733
71.55	0.9912395724332097
71.64999999999999	0.9905897602663156
71.75	0.9887431542357129
71.85	0.9886718159420478
71.94999999999999	0.986726841236506
72.05	NaN
72.14999999999999	NaN
72.25	NaN
72.35	NaN
72.44999999999999	0.9868820672617709
72.55	0.9881789386995036
72.64999999999999	0.9888182655742517
72.75	NaN
72.85	0.9879121875933069
72.94999999999999	0.9890399840692856
73.05	0.9903115281676251
73.14999999999999	0.9921358174235564
73.25	0.9924079074946442
73.35	0.9920597256916847
73.44999999999999	NaN
73.55	0.9940431274813842
73.64999999999999	NaN
73.75	NaN
73.85	0.9996557539514839
73.94999999999999	0.9997158863843759
74.05	1.002247250449033
74.14999999999999	1.0050426239443568
74.25	1.0053616923131174
74.35	1.0054004491158164
74.44999999999999	1.0051007642883731
74.55	1.0065257784819734
74.64999999999999	1.0067293723390407
74.75	1.0100350721848863
74.85	1.009407191685545
74.94999999999999	1.0134491614365646
75.05	1.0106100346075724
75.14999999999999	1.0106713989936589
75.25	NaN
75.35	NaN
75.44999999999999	NaN
75.55	1.011746787640514
75.64999999999999	NaN
75.75	NaN
75.85	1.011701568941331
75.94999999999999	1.0115575283748084
76.05	1.0093970369719638
76.14999999999999	1.0099262932504545
76.25	NaN
76.35	1.0074531801360538
76.44999999999999	NaN
76.55	1.004965032523886
76.64999999999999	1.0040354018839661
76.75	NaN
76.85	NaN
76.95	NaN
77.05	NaN
77.14999999999999	0.9984870071930398
77.25	0.9976564708025123
77.35	0.9970149090114078
77.45	0.9959604572422823
77.55	0.9962547593150873
77.64999999999999	0.9938904863968434
77.75	0.991847949822424
77.85	0.9908900672545875
77.95	0.9921874756740056
78.05	0.9915429758136641
78.14999999999999	0.9913718845518552
78.25	0.9903363496856974
78.35	0.9904382995431833
78.45	NaN
78.55	NaN
78.64999999999999	0.9879314900549804
78.75	0.9887345934634115
78.85	NaN
78.95	0.9887762628412554
79.05	NaN
79.14999999999999	NaN
79.25	0.9903757099980037
79.35	NaN
79.45	0.9932685970989676
79.55	0.9933588829102938
79.64999999999999	NaN
79.75	0.993288569762732
79.85	0.995581048596103
