0.15	0.036512403844446095
0.25	0.03586214827553563
0.35	0.037080569342331206
0.45	0.03665831391138023
0.55	0.03736436633180501
0.65	0.03770971392436145
0.7500000000000001	0.038024058060318174
0.85	0.03856190527477413
0.95	0.03885549706827808
1.05	0.03973824561194438
1.15	0.04042168900506158
1.25	0.040862135361314895
1.35	0.041957237773539914
1.45	0.04272507348341344
1.55	0.043875398378320475
1.65	0.04485306110856636
1.75	0.046038365528826966
1.85	0.04744500333498008
1.95	0.04876507317473434
2.05	0.05031691910729868
2.15	0.05203501533674145
2.25	0.0540691927289042
2.35	0.056066056488958536
2.45	0.057981793596430325
2.5500000000000003	0.060265365961080224
2.65	0.06311402565813637
2.75	0.06615548455856897
2.85	0.06902993893273897
2.95	0.07257919021205625
3.0500000000000003	0.07623912677913268
3.15	0.08025845977666587
3.25	0.08495666632467982
3.35	0.08981946995006299
3.45	0.09554292180392912
3.5500000000000003	0.1015672535976709
3.65	0.10806467024526646
3.75	0.11589811795628376
3.85	0.12404804484917732
3.95	0.13399447373738135
4.05	0.1436472319811233
4.1499999999999995	0.15493671047861665
4.25	0.1684216534621122
4.35	0.1835396032415698
4.449999999999999	0.20082000944633943
4.55	0.2204821954271367
4.6499999999999995	0.24204150262882923
4.75	0.2676243298509387
4.85	0.295018256657196
4.95	0.3294463400150687
5.05	0.36939877171409663
5.1499999999999995	0.4129150416629479
5.25	0.46417649285591267
5.35	0.5239825249191932
5.45	0.5957523948314246
5.55	0.6759461041063214
5.6499999999999995	0.7732809091001326
5.75	0.8864928995399296
5.85	1.0139447163296207
5.95	1.1491932733756431
6.05	1.3105708420494395
6.1499999999999995	1.4776318514038056
6.25	1.6494453197003103
6.35	1.811729442510486
6.45	1.9572911288816954
6.55	2.0639895397494716
6.6499999999999995	2.120648173399998
6.75	2.133233409750177
6.85	2.101847334257717
6.95	2.033598044004282
7.05	1.9288977686273987
7.1499999999999995	1.821120131640553
7.25	1.7004210588076656
7.35	1.5866936883148626
7.45	1.475338789529994
7.55	1.374208269816822
7.6499999999999995	1.280841316337181
7.75	1.1959854535609509
7.85	1.1217577877638434
7.95	1.0553956666863016
8.05	0.9975729423875738
8.15	0.9463178699847002
8.25	0.9032556736749624
8.350000000000001	0.86364640021069
8.450000000000001	0.8296516385800051
8.55	0.8005784044407612
8.65	0.774323255549531
8.75	0.7557616280274043
8.850000000000001	0.7364972281578607
8.950000000000001	0.7234793293391729
9.05	0.7102106271921761
9.15	0.7005179460566066
9.25	0.6940605994039069
9.350000000000001	0.6902303496565325
9.450000000000001	0.6875134943574711
9.55	0.6867173120526165
9.65	0.6881013584876292
9.750000000000002	0.6897951962423603
9.85	0.6963363317099373
9.95	0.7038365227145128
10.049999999999999	0.7126924363084043
10.149999999999999	0.7207006685494856
10.25	0.7334443666601529
10.35	0.7470748174794132
10.45	0.7611375116519741
10.549999999999999	0.7796914557608404
10.649999999999999	0.798114552564149
10.75	0.8171236901317129
10.85	0.8392214435487829
10.95	0.8625959573297387
11.049999999999999	0.8863180436714625
11.149999999999999	0.9117202730514514
11.25	0.9375644302571409
11.35	0.9628861247906829
11.45	0.9907801100493764
11.549999999999999	1.0203329560730825
11.649999999999999	1.0450388424225832
11.75	1.072273444555009
11.85	1.0985496498786431
11.95	1.1265149784509723
12.049999999999999	1.1462735506882635
12.149999999999999	1.1660857598658738
12.25	1.1853044515408473
12.35	1.2021165727848937
12.45	1.2174619731385654
12.549999999999999	1.2285980211273886
12.649999999999999	1.2361349015575083
12.75	1.2403335284835366
12.85	1.2417163131727709
12.95	1.2389129797094274
13.049999999999999	1.2358430434033258
13.149999999999999	1.2263823035088013
13.25	1.2157345568297975
13.35	1.2020909081364832
13.45	1.1858972383827717
13.549999999999999	1.1690095120042558
13.649999999999999	1.1504310668456663
13.75	1.1298179577635057
13.85	1.1092011109411106
13.95	1.0874505139624024
14.049999999999999	1.0670862053101287
14.149999999999999	1.0452501884550165
14.25	1.0271773126535
14.35	1.0055727764365892
14.45	0.9869171691468004
14.549999999999999	0.9700507098285007
14.649999999999999	0.9540351123441031
14.75	0.9378970993954466
14.85	0.9236842807723387
14.95	0.910605788411329
15.049999999999999	0.8991212292286891
15.149999999999999	0.8911646653471392
15.25	0.8796846501819084
15.35	0.8754844435664422
15.45	0.8671665236882475
15.549999999999999	0.8650133959100516
15.649999999999999	0.8621566193214903
15.75	0.8581926342191235
15.85	0.8601187166366736
15.95	0.8584115692931679
16.05	0.859262604796522
16.15	0.8632592238815785
16.25	0.8675001682378973
16.349999999999998	0.8704859727894947
16.45	0.8783457624351431
16.55	0.8823993297762687
16.65	0.893814894343928
16.75	0.9025883777598533
16.849999999999998	0.9136668862217134
16.95	0.9226599993705746
17.05	0.9348384389691134
17.15	0.9438883869999756
17.25	0.9576035945117156
17.349999999999998	0.9680960225795721
17.45	0.9840182517821213
17.55	0.9960065370498556
17.65	1.0097054438503226
17.75	1.0200582181679536
17.849999999999998	1.033762221874919
17.95	1.045702915031486
18.05	1.0552851335626974
18.15	1.0657516096263622
18.25	1.0760332091255698
18.349999999999998	1.083062450091641
18.45	1.0914979318079876
18.55	1.0973625234941125
18.65	1.0973259666665571
18.75	1.1088560670381946
18.849999999999998	1.1106882658986068
18.95	1.111129140718342
19.05	1.1121989924527746
19.15	1.1105111296966068
19.25	1.1048647683858068
19.35	1.1030078674049768
19.45	1.0990956910290892
19.55	1.0908223968739996
19.65	1.0862678763416758
19.75	1.0779039604955096
19.85	1.0708204561100971
19.95	1.0628617004892438
20.05	1.0509319079070127
20.15	1.0434623475783762
20.25	1.0338155663140978
20.35	1.0215603965690228
20.45	1.0140593038565024
20.55	1.0067033017130549
20.65	0.9960706524933337
20.75	0.9875482253510796
20.85	0.9777551956856907
20.95	0.9692110321528413
21.05	0.9602778764564844
21.15	0.9584473733582626
21.25	0.949193591243256
21.35	0.944412646430539
21.45	0.937614056094538
21.55	0.9347399635155526
21.65	0.9305826685170545
21.75	0.9276945072440348
21.85	0.92524625172606
21.95	0.9247159674010526
22.05	0.9225320269157967
22.15	0.9225056896006163
22.25	0.9242082992971523
22.35	0.926103494691489
22.45	0.9265488007729069
22.55	0.9283074555051782
22.65	0.9321610732156548
22.75	0.937507749756673
22.85	0.9404510264342016
22.95	0.9471051206363245
23.05	0.9504022138158175
23.15	0.9567683016612175
23.25	0.961184394128756
23.35	0.9679920013953642
23.45	0.9750298020905938
23.55	0.9828792714286612
23.65	0.9901028664311676
23.75	0.9952331543172468
23.85	1.0030126185591948
23.95	1.0100835202831122
24.05	1.0185313834980583
24.15	1.0230101343480045
24.25	1.0313882991943624
24.35	1.0362801945180842
24.45	1.0421632369335858
24.55	1.047159670621862
24.65	1.0517850644599174
24.75	1.0540308183391986
24.85	1.0586235098187857
24.95	1.060291977327072
25.05	1.0545689174414623
25.15	1.0650234327065244
25.25	1.0622605339633007
25.35	1.061336417385351
25.45	1.0607648519399644
25.55	1.0597173975481868
25.65	1.0557108208392776
25.75	1.0559337114871556
25.85	1.053056963435824
25.95	1.0473919880344535
26.05	1.0455111696970503
26.15	1.03805149013688
26.25	1.032457873038717
26.35	1.0268419733457141
26.45	1.0209821925461267
26.55	1.0165744413108713
26.65	1.0125558442697293
26.75	1.0054672578958097
26.85	1.000502355184767
26.95	0.9967499944137924
27.05	0.9892730035883796
27.15	0.9840887382058141
27.25	0.9789925310078711
27.35	0.9759288835614671
27.45	0.9709630659323156
27.55	0.9658419477833234
27.65	0.9626836347674915
27.75	0.9593875829512929
27.85	0.9560368062130638
27.95	0.9565289295925781
28.05	0.9543563521828791
28.15	0.9537616624456795
28.25	0.9520023411502213
28.35	0.9514630534631004
28.45	0.9527004403533018
28.55	0.9529790854225967
28.65	0.954084362534008
28.75	0.9547675888431425
28.85	0.9572987249854412
28.95	0.9584217196792306
29.05	0.9605892781011545
29.15	0.9639694342620704
29.25	0.96758370320256
29.35	0.9707613198278889
29.45	0.9762827105709073
29.55	0.9771311633389317
29.65	0.9835193773725962
29.75	0.9874178215762005
29.85	0.9917390614084923
29.95	NaN
30.05	1.0025869219261296
30.15	1.006125445047467
30.25	1.0106827224216737
30.35	1.0137646836016276
30.45	1.0171301120048992
30.55	1.0226745642353605
30.65	1.0252664428104155
30.75	1.0290970365737422
30.85	1.0309627445828147
30.95	1.0351167308119513
31.05	1.0366503992356588
31.15	1.0371924267568713
31.25	1.0393945519616925
31.35	1.0405273585676649
31.45	1.0401832936052806
31.55	1.0402404847796822
31.65	1.040570765033396
31.75	NaN
31.85	1.039063139355436
31.95	1.0365348081754888
32.05	1.034819928064654
32.15	1.0325648746255511
32.25	1.0292575137867628
32.35	1.0272328567288485
32.45	1.027279440960089
32.55	1.019456993238744
32.65	1.0167243779436237
32.75	1.0135095032323593
32.85	1.009866932045564
32.95	1.00715906721154
33.05	1.0013790991086597
33.15	0.9964007608808169
33.25	0.9959425821108928
33.35	0.9949991145109526
33.45	0.9882017497029347
33.55	0.9844584919090411
33.65	0.9808880546481737
33.75	0.9799734855680805
33.85	0.9761612287566052
33.95	0.975737829721059
34.05	0.9736983428771699
34.15	0.9707654400549983
34.25	0.9693828729110929
34.35	0.9692320103577704
34.45	0.9697716917559248
34.55	0.9665097700424256
34.65	0.967551423885956
34.75	0.9671194486006934
34.85	0.9681997738515056
34.95	0.9690977605854478
35.05	0.9654362541091729
35.15	0.9695529658661091
35.25	0.9726132255537817
35.35	0.9733234617538562
35.45	0.975833911656971
35.55	0.9787257889919369
35.65	0.9823034652676087
35.75	0.9832546708275927
35.85	0.9876154226613945
35.95	0.9885184665568395
36.05	0.9924088566157985
36.15	0.9980074764407281
36.25	1.0005926036324877
36.35	1.0034983313047523
36.45	1.0046977656926275
36.55	1.0090982725652544
36.65	NaN
36.75	1.0110366127672659
36.85	1.0162495570294052
36.95	1.0196391913395708
37.05	1.0184248041738433
37.15	1.0224097461012662
37.25	1.0237527291332431
37.35	1.0267736339480495
37.45	1.0265403402000666
37.55	1.0285607317098884
37.65	1.0266862636532648
37.75	1.0270919962595546
37.85	1.028453863525338
37.95	1.0278284653052743
38.05	NaN
38.15	NaN
38.25	1.026257905830899
38.35	1.0224050550163064
38.45	1.0212480310455068
38.550000000000004	1.0196861645453938
38.65	1.0168436634640372
38.75	1.0159672950247265
38.85	1.0124723593862757
38.95	1.0109396414277296
39.050000000000004	1.0088284757677644
39.15	1.004446308356126
39.25	1.0034173658643832
39.35	1.0022966868933851
39.45	0.9984492620127591
39.550000000000004	0.997213450623842
39.65	NaN
39.75	0.9910802267544532
39.85	0.9891437362863571
39.95	0.9869702239212751
40.050000000000004	0.9859937525601079
40.15	0.9825393970643969
40.25	0.9827646359499363
40.35	NaN
40.45	0.9782616373421397
40.550000000000004	0.977067534166421
40.65	0.9768247842589126
40.75	0.9776787616746948
40.85	0.9763034751628301
40.95	0.9776522936530925
41.050000000000004	0.9761638331331942
41.15	0.975740821583021
41.25	0.9778275376234249
41.35	0.9809377525784287
41.45	0.9790982208816912
41.550000000000004	0.9791253161271802
41.65	0.9818392105751282
41.75	0.9841787865861008
41.85	0.9857215887997626
41.95	0.9882345013066702
42.050000000000004	0.9887602239216549
42.15	0.9919003000119835
42.25	0.9928697276232815
42.35	0.9967529170051015
42.45	0.9976381225428519
42.550000000000004	0.9983830583138298
42.65	1.0023517372530046
42.75	1.0035970239362153
42.85	1.0063322767918028
42.95	1.0094579234280894
43.050000000000004	1.0107865432444407
43.15	NaN
43.25	1.01527107972404
43.35	1.0163453307340755
43.45	1.0176023443652613
43.550000000000004	1.0161648063717008
43.65	NaN
43.75	NaN
43.85	1.0225097507639862
43.95	1.0189989398575412
44.050000000000004	1.020120170668002
44.15	1.0204148594093776
44.25	1.0177575700631383
44.35	1.0189629085328487
44.45	NaN
44.550000000000004	1.0188380580173284
44.65	1.0184445472807302
44.75	1.0145751144942243
44.85	1.0129081069813044
44.95	1.0122258456684479
45.050000000000004	1.0119565006042384
45.15	1.009292249688977
45.25	1.0065311082660469
45.35	1.0053412180485002
45.45	1.0053306594427898
45.550000000000004	1.0012869435475815
45.65	1.0002917243428828
45.75	NaN
45.85	0.9958049048312394
45.95	NaN
46.050000000000004	0.9932964200026889
46.15	0.9914223051163126
46.25	0.9902013253905849
46.35	NaN
46.45	0.9873548744469304
46.550000000000004	0.9854734772645103
46.65	NaN
46.75	0.9835391914203329
46.85	0.9831565916731967
46.95	0.982814669401553
47.050000000000004	0.9836964346482129
47.15	0.9811340054788371
47.25	0.9816771586135886
47.35	0.9821243384439561
47.45	NaN
47.550000000000004	0.9827072405005022
47.65	0.986333302789194
47.75	0.9849984598668691
47.85	0.9847733543233004
47.95	0.9871635073243384
48.050000000000004	0.9893088070016635
48.15	0.9888996533844729
48.25	0.9896481212274035
48.35	0.992462949233777
48.45	0.9948077936768925
48.550000000000004	0.9978012988673404
48.65	1.0004316956078774
48.75	1.0000064386918803
48.85	1.00016359978158
48.95	1.0032401594829643
49.050000000000004	1.0046130251674994
49.15	1.0056918989312897
49.25	1.007693991255208
49.35	1.0084448321968318
49.45	1.0111672011356752
49.550000000000004	1.0086641941616046
49.65	1.0109488626369532
49.75	NaN
49.85	1.0163534574122735
49.95	1.016088782544017
50.050000000000004	1.0159621558577592
50.15	1.0141331666051785
50.25	1.0173441140446673
50.35	1.0175061058308528
50.45	1.0146077379632281
50.550000000000004	1.0176088932387741
50.65	1.0126111711852062
50.75	1.014469290627205
50.85	1.016066793897004
50.95	1.0123488061494148
51.050000000000004	1.0115470512051261
51.15	1.010034699288036
51.25	1.0086959229148196
51.35	1.0088766000279856
51.45	1.0070853995697175
51.550000000000004	1.006175828464182
51.65	1.0032622445896742
51.75	1.0035451839115108
51.85	1.0016174498536383
51.95	0.998813070418968
52.050000000000004	0.9996916517831657
52.15	NaN
52.25	0.99352245282531
52.35	0.9942077718140999
52.45	0.990985644378108
52.550000000000004	0.990533102888477
52.65	0.9898646359075369
52.75	0.988714546922101
52.85	0.9885523092195131
52.95	0.9882713445837504
53.050000000000004	0.9884848311921062
53.15	0.9885676098362828
53.25	0.9862421256948674
53.35	0.9862477794151626
53.45	0.9851064787662895
53.550000000000004	0.9858080793509806
53.65	0.9857251058869452
53.75	0.9877372880656624
53.85	0.9867730180570843
53.95	0.9907250927751131
54.050000000000004	0.9887087462452665
54.15	0.9901410193896016
54.25	0.9922741711894251
54.35	0.9910698831419651
54.45	0.9922492959165506
54.550000000000004	NaN
54.65	0.9927408199256919
54.75	0.9952493497457283
54.85	0.9959686840647861
54.95	0.9980046351717325
55.050000000000004	0.9975964086889543
55.15	0.9997581382368596
55.25	1.0020990773764866
55.35	1.0035345008251808
55.45	1.0058247425424258
55.550000000000004	1.0055127127942753
55.65	NaN
55.75	1.0078307947414928
55.85	1.0103760659244347
55.95	1.011740061805197
56.050000000000004	1.010502204490577
56.15	1.0112825905635254
56.25	1.0071744950460166
56.35	1.0093147402442957
56.45	1.014528363573344
56.550000000000004	1.0121490469803351
56.65	1.0114502238312555
56.75	1.0123702572429136
56.85	1.0124942940467758
56.95	1.0106947710085645
57.050000000000004	1.0114291036949752
57.15	1.0091657065826423
57.25	1.010088546944228
57.35	1.0093218401336466
57.45	1.011439296096345
57.550000000000004	NaN
57.65	1.0057387189406366
57.75	1.003756681686973
57.85	1.004381951787094
57.95	0.9997463043912572
58.050000000000004	NaN
58.15	0.9999277701409475
58.25	0.9996975268482587
58.35	0.9973319172823291
58.45	0.9975494909122755
58.550000000000004	0.9952085524619089
58.65	0.9945882854048218
58.75	NaN
58.85	0.9922822536702743
58.95	0.9931537931874275
59.050000000000004	0.991668214216212
59.15	0.9921049424094336
59.25	0.990074430269873
59.35	0.9902721141081862
59.45	0.9897902924779822
59.550000000000004	0.9892440600511464
59.65	NaN
59.75	0.9897410095825604
59.85	0.9881679558049113
59.95	0.9904578728887793
60.050000000000004	0.988841488116874
60.15	0.9884048158084207
60.25	0.9907043112081623
60.35	NaN
60.45	0.9908857137669544
60.550000000000004	0.992604323255267
60.65	0.993518429847005
60.75	0.9948156107478957
60.85	NaN
60.95	0.996515402593193
61.050000000000004	0.9975283297062237
61.15	0.9971551457075206
61.25	0.9977376064607681
61.35	0.9996669151087553
61.45	1.0008077089928424
61.550000000000004	1.0017492047965768
61.65	1.0031400330243267
61.75	1.0039500133490002
61.85	1.0049720070423607
61.95	NaN
62.050000000000004	1.0069446089323122
62.15	1.006354334865302
62.25	1.0085269572769915
62.35	1.0095933689825185
62.45	NaN
62.550000000000004	1.0091011358300548
62.65	NaN
62.75	NaN
62.85	1.0112230813351313
62.95	1.0118712791366675
63.050000000000004	1.0098755484733803
63.15	1.0101639195911871
63.25	1.0096906742976888
63.35	1.0089470584363247
63.45	1.006935979480197
63.550000000000004	1.0092047503794188
63.65	NaN
63.75	1.0053531440647614
63.85	NaN
63.95	1.0037522793392675
64.05	1.0030609419003536
64.14999999999999	1.0024715352232536
64.25	1.0023124820989746
64.35	NaN
64.44999999999999	1.0022818910159028
64.55	1.000612882052417
64.64999999999999	0.9976287484209273
64.75	0.998157587286783
64.85	0.9963719103592449
64.94999999999999	0.9970658492554071
65.05	0.9948921644730693
65.14999999999999	NaN
65.25	0.9937851483448592
65.35	0.9932672605302296
65.44999999999999	0.991228486730581
65.55	0.9905904115610306
65.64999999999999	NaN
65.75	0.9914351072565117
65.85	0.9907362684418363
65.94999999999999	NaN
66.05	NaN
66.14999999999999	0.9911270441393544
66.25	0.9908801133908046
66.35	0.9924516726683426
66.44999999999999	0.9900307977119293
66.55	NaN
66.64999999999999	0.9935991243187717
66.75	0.9945004760220663
66.85	NaN
66.94999999999999	NaN
67.05	NaN
67.14999999999999	NaN
67.25	0.9976086146133989
67.35	NaN
67.44999999999999	NaN
67.55	0.9982794420168313
67.64999999999999	0.9989781490075847
67.75	1.0009264494827537
67.85	1.0026271388739934
67.94999999999999	NaN
68.05	1.0050333049435085
68.14999999999999	1.0026311669901873
68.25	1.0041564601502755
68.35	1.0050977591380454
68.44999999999999	1.0069573869927617
68.55	1.006029826364166
68.64999999999999	NaN
68.75	1.007721741024635
68.85	1.0079411677630592
68.94999999999999	1.0082134499554884
69.05	NaN
69.14999999999999	1.0102125092785799
69.25	NaN
69.35	1.0096975504668169
69.44999999999999	1.00640699446384
69.55	1.006160774399661
69.64999999999999	1.008180488394178
69.75	1.00624876005407
69.85	1.0068104896082957
69.94999999999999	1.007955772249179
70.05	NaN
70.14999999999999	1.005598461090451
70.25	1.0033402843587143
70.35	1.0031210600684957
70.44999999999999	1.0021045509996567
70.55	1.0025191349412625
70.64999999999999	1.0021569455955128
70.75	0.9996281167670341
70.85	0.9992085773956388
70.94999999999999	0.9971913946838549
71.05	0.9966657234426625
71.14999999999999	NaN
71.25	0.9970177150427895
71.35	NaN
71.44999999999999	0.994907091393164
71.55	0.9946063487421872
71.64999999999999	0.9944217913995834
71.75	0.9954091154770155
71.85	NaN
71.94999999999999	NaN
72.05	0.9924904876239459
72.14999999999999	NaN
72.25	0.9916929980047104
72.35	0.9924479197936651
72.44999999999999	NaN
72.55	NaN
72.64999999999999	0.9929467551416358
72.75	0.9933760460466415
72.85	0.9953480210015463
72.94999999999999	NaN
73.05	0.993983531281109
73.14999999999999	0.9948458013175687
73.25	0.9938555981159047
73.35	0.9953589975094416
73.44999999999999	0.9973265381247168
73.55	0.9985809684874074
73.64999999999999	0.998466684961032
73.75	0.9989487810030185
73.85	1.0001387583634473
73.94999999999999	NaN
74.05	NaN
74.14999999999999	1.0016471447135065
74.25	1.0020534066603972
74.35	1.0037508175972953
74.44999999999999	1.0036935464461976
74.55	1.0033098556038975
74.64999999999999	NaN
74.75	NaN
74.85	1.0048966787103388
74.94999999999999	1.006678260270138
75.05	1.0069362142200484
75.14999999999999	1.004063437487422
75.25	1.0060890778309948
75.35	1.0057866104864657
75.44999999999999	1.0070326494844266
75.55	1.0072534672546607
75.64999999999999	1.0065658654526477
75.75	NaN
75.85	1.0061907734291629
75.94999999999999	NaN
76.05	1.0056317597916202
76.14999999999999	1.0050377032989397
76.25	1.0057303930526191
76.35	1.0043373356306995
76.44999999999999	NaN
76.55	1.000873995064127
76.64999999999999	1.0028528369403529
76.75	NaN
76.85	0.9999946721713292
76.95	1.000267317105185
77.05	0.9988540564717305
77.14999999999999	0.9994573753994367
77.25	NaN
77.35	NaN
77.45	NaN
77.55	0.9974735213445189
77.64999999999999	NaN
77.75	0.9950641601357471
77.85	0.9951016625859319
77.95	NaN
78.05	0.9949906606914495
78.14999999999999	NaN
78.25	0.9944394370171633
78.35	0.9935188054812223
78.45	NaN
78.55	NaN
78.64999999999999	NaN
78.75	0.9938169633738654
78.85	0.992095769083184
78.95	0.9926090564223916
79.05	NaN
79.14999999999999	NaN
79.25	0.993715953359104
79.35	0.9948439476886076
79.45	NaN
79.55	0.995644783809615
79.64999999999999	NaN
79.75	0.9969590822381816
79.85	0.9959678041079247
