0.15	0.03575031718275019
0.25	0.03671232837977032
0.35	0.037128810019719696
0.45	0.03713636973732124
0.55	0.037541523426816624
0.65	0.03780129566542395
0.7500000000000001	0.03822366050922746
0.85	0.03844561211870556
0.95	0.03907543501234793
1.05	0.0396741734156412
1.15	0.04044066226705944
1.25	0.04101319399889748
1.35	0.0418556077968566
1.45	0.04288854280918855
1.55	0.0437198146647446
1.65	0.04507145642389827
1.75	0.04615290301658846
1.85	0.047533317439126706
1.95	0.04889029849410317
2.05	0.05017272245608771
2.15	0.05209187953015175
2.25	0.054108910067791754
2.35	0.05587352386593386
2.45	0.05800657290451552
2.5500000000000003	0.06023625789487571
2.65	0.06303086491953648
2.75	0.06608779379528812
2.85	0.06911803203807071
2.95	0.07246763081568268
3.0500000000000003	0.07617000906526333
3.15	0.08026654019920616
3.25	0.08494186949305034
3.35	0.09005438538427793
3.45	0.09559817826057176
3.5500000000000003	0.10152819258522777
3.65	0.10781887239263357
3.75	0.11555211100796578
3.85	0.12380912465572076
3.95	0.13355702358512314
4.05	0.14346655385245816
4.1499999999999995	0.1552355885872602
4.25	0.16835735043608477
4.35	0.1835676227852142
4.449999999999999	0.2003568172092369
4.55	0.22011765634756839
4.6499999999999995	0.24182900288656756
4.75	0.2672249055606854
4.85	0.2946932038158321
4.95	0.33045305696212846
5.05	0.3687365810741213
5.1499999999999995	0.41365118090400643
5.25	0.46386982541982297
5.35	0.5234431492580678
5.45	0.5984108972007482
5.55	0.6780660804145925
5.6499999999999995	0.7730474306746655
5.75	0.8862248203169147
5.85	1.0146092198029877
5.95	1.148727385970938
6.05	1.3079197350871297
6.1499999999999995	1.4801874004135112
6.25	1.6490278047843707
6.35	1.8124702725191715
6.45	1.9631714981759336
6.55	2.062021112534616
6.6499999999999995	2.126958668542462
6.75	2.129847843394354
6.85	2.100730636637211
6.95	2.030829066771587
7.05	1.9309750114730047
7.1499999999999995	1.8217130555646597
7.25	1.7043935236914716
7.35	1.5893519808078695
7.45	1.4730604951022528
7.55	1.3728826192996464
7.6499999999999995	1.2794795158208818
7.75	1.1958442824436153
7.85	1.1224404568841362
7.95	1.0546928906280206
8.05	0.998960026391221
8.15	0.9481822072755811
8.25	0.9011529428339667
8.350000000000001	0.8630737784519905
8.450000000000001	0.8301809482998018
8.55	0.8024658026532375
8.65	0.776187874204434
8.75	0.7569704442739984
8.850000000000001	0.7384603818840938
8.950000000000001	0.7246745743684733
9.05	0.7111901026817665
9.15	0.7007646592382311
9.25	0.693809227932058
9.350000000000001	0.6894861632015623
9.450000000000001	0.6862964605516831
9.55	0.6879081523954079
9.65	0.6883586100862288
9.750000000000002	0.6896620984149847
9.85	0.6957298193287281
9.95	0.7027737480855826
10.049999999999999	0.7117207407998541
10.149999999999999	0.7214747169207477
10.25	0.7331950831997781
10.35	0.7465540892157417
10.45	0.7627487161925478
10.549999999999999	0.7800092300868527
10.649999999999999	0.7974986919725173
10.75	0.8167860577232026
10.85	0.8374767601653833
10.95	0.8610734562561914
11.049999999999999	0.886208304520359
11.149999999999999	0.9101707527800339
11.25	0.9372503022788764
11.35	0.963369020342369
11.45	0.9925164762014619
11.549999999999999	1.0184393757208023
11.649999999999999	1.0452263691108739
11.75	1.0724059990702348
11.85	1.0964548943713899
11.95	1.1216519142397312
12.049999999999999	1.1439647384142118
12.149999999999999	1.1704495173607974
12.25	1.1857222938715344
12.35	1.2023360255565805
12.45	1.2176785551366758
12.549999999999999	1.2296250269502307
12.649999999999999	1.2365735497512458
12.75	1.2404886840903686
12.85	1.2430481117211967
12.95	1.2390077741992878
13.049999999999999	1.2367028055392848
13.149999999999999	1.2281997621389258
13.25	1.2157678782174497
13.35	1.1999589850291619
13.45	1.1834387000040505
13.549999999999999	1.1679943911732276
13.649999999999999	1.1519251363683771
13.75	1.1306143603075605
13.85	1.1097254483506322
13.95	1.0889856115723386
14.049999999999999	1.068342377279485
14.149999999999999	1.046939451407048
14.25	1.0268779320708676
14.35	1.0072681345436172
14.45	0.9887482988124859
14.549999999999999	0.9699516558216155
14.649999999999999	0.9541037316076588
14.75	0.937281368363905
14.85	0.924046962216746
14.95	0.91151370497126
15.049999999999999	0.90003802687744
15.149999999999999	0.8903292050642281
15.25	0.8808286969791415
15.35	0.8735591680648824
15.45	0.8674544450180441
15.549999999999999	0.8647387040746343
15.649999999999999	0.8611282650753848
15.75	0.8586356252972462
15.85	0.8589095848734246
15.95	0.8579961060008447
16.05	0.8599496267418326
16.15	0.8645043072710906
16.25	0.8695858776213145
16.349999999999998	0.8723504832567712
16.45	0.8793027115856878
16.55	0.8858554737857722
16.65	0.8927853011493261
16.75	0.9025150741508349
16.849999999999998	0.9114396670494136
16.95	0.9240621619938755
17.05	0.9340018756726292
17.15	0.94683579774676
17.25	0.9583631343317894
17.349999999999998	0.9702887633923877
17.45	0.9822066535501438
17.55	0.9965666633464241
17.65	1.009677234357668
17.75	1.0209437044626255
17.849999999999998	1.0330245511768061
17.95	1.046694135601541
18.05	1.055602889167489
18.15	1.0653529806663011
18.25	1.0767156752840783
18.349999999999998	1.0845056210268655
18.45	1.0906288452644457
18.55	1.0985933176799387
18.65	1.1050457988965652
18.75	1.10806938679018
18.849999999999998	1.1098109611956681
18.95	1.1100973477525073
19.05	1.1084208602535988
19.15	1.1090540308997723
19.25	1.1065397975256455
19.35	1.1036650141714126
19.45	1.0977431882387836
19.55	1.0927498929244477
19.65	1.08745217303349
19.75	1.0788529509141973
19.85	1.0704645785206
19.95	1.062178558400022
20.05	1.0508862680030082
20.15	1.0450597094108058
20.25	1.0333237949445893
20.35	1.0253720073626789
20.45	1.0124041795154015
20.55	1.0049309691141655
20.65	0.996476888493947
20.75	0.986923801296549
20.85	0.9784098638512138
20.95	0.968816259087145
21.05	0.964299351963823
21.15	0.953142755830034
21.25	0.9510716653497315
21.35	0.9453703050579808
21.45	0.9406879761146894
21.55	0.935016983606053
21.65	0.931297442928051
21.75	0.9287921782425088
21.85	0.925834503775675
21.95	0.9231750824602886
22.05	0.9225977463110306
22.15	0.9221419644244082
22.25	0.9246627167207568
22.35	0.9272731566128544
22.45	0.9262906561647498
22.55	0.9287180616689847
22.65	0.931321433555255
22.75	0.9354719267963701
22.85	0.9399096676852308
22.95	0.9446920775597181
23.05	0.9502619155204954
23.15	0.957272947057505
23.25	0.9630585700765264
23.35	0.9684192521100586
23.45	0.9773473093431766
23.55	0.9824561894212656
23.65	0.9897067817819508
23.75	0.9992318759457064
23.85	1.0045738597080707
23.95	1.010970865056827
24.05	1.017539396203518
24.15	1.0237364577135846
24.25	1.0309015742064516
24.35	1.0368393793777266
24.45	1.0428408228812636
24.55	1.0469385692234385
24.65	1.0516730009706459
24.75	1.0543796360794757
24.85	1.0591221247943947
24.95	1.0602990560793433
25.05	1.06143050028438
25.15	1.0635822551446972
25.25	1.0642580565006816
25.35	1.0623579279616013
25.45	1.059435108052279
25.55	1.060920573098007
25.65	1.0568249932041422
25.75	1.0546118545659757
25.85	1.0538291710083072
25.95	1.0459255042938043
26.05	1.0439909665935432
26.15	1.0383357242836986
26.25	1.0341612814437726
26.35	1.0293215978836572
26.45	1.02248940469719
26.55	1.0169070060872605
26.65	1.011416017109303
26.75	1.0058293237621176
26.85	1.0002125937292203
26.95	0.9939534676506316
27.05	0.9908921251999522
27.15	0.9862198653781421
27.25	0.9795435206004005
27.35	0.9755603609695385
27.45	0.9689997048161461
27.55	0.9695956786352556
27.65	0.9660019442266911
27.75	0.9614954313109134
27.85	0.9572888191364418
27.95	0.9549138977727561
28.05	0.953652030750751
28.15	0.9544715778624775
28.25	0.9517739070508435
28.35	0.9520029100464311
28.45	0.9523586568960403
28.55	0.9544986775552587
28.65	0.9536751142076948
28.75	0.9549433731691838
28.85	0.9570239891719441
28.95	0.9591658859053428
29.05	0.9604909868508528
29.15	0.9656166964842245
29.25	0.9652233082986493
29.35	0.9689702865647307
29.45	0.9766914660567181
29.55	0.9790362098577401
29.65	0.9836030825300157
29.75	0.9855848523216143
29.85	0.9931661711521373
29.95	NaN
30.05	1.0018236290085172
30.15	1.0056286347855656
30.25	1.0089704093526182
30.35	1.013000872622593
30.45	1.016912089096993
30.55	1.023373927648438
30.65	1.0232609357797737
30.75	1.028179617252309
30.85	1.0316348705098053
30.95	1.0334307522556907
31.05	1.0372514204288825
31.15	1.0402550791142837
31.25	1.0391736883207443
31.35	1.040930488048852
31.45	1.0404331684327233
31.55	1.0393146972057863
31.65	1.0399115014056557
31.75	NaN
31.85	1.0384160350946867
31.95	1.0361844427620632
32.05	1.0337432897795467
32.15	1.0329830721835969
32.25	1.029300140547198
32.35	1.0266062631698485
32.45	1.0235178318893001
32.55	1.0189529964297854
32.65	1.015667408329656
32.75	1.0141203082185017
32.85	1.0086967590629923
32.95	1.0056944669672867
33.05	1.0028299535799463
33.15	0.9965867163545565
33.25	0.9958516615556331
33.35	0.991174042205824
33.45	0.9869678570544275
33.55	0.9868932446913782
33.65	0.9825512915355231
33.75	0.9803755576718718
33.85	0.978611648433911
33.95	0.9747564082660569
34.05	0.9731545729827827
34.15	0.9698143053710195
34.25	0.9694204414536121
34.35	0.9686940683972731
34.45	0.9691211965329642
34.55	0.9687752563890016
34.65	0.9660909081356454
34.75	0.9674673585024388
34.85	0.9680874309531822
34.95	0.9687770455081861
35.05	0.973333750030548
35.15	0.9699383745250335
35.25	0.9711378174069816
35.35	0.9734502347197904
35.45	0.9752352352724908
35.55	0.9793433867040594
35.65	0.9813425673856168
35.75	0.9844513153157568
35.85	0.9886749547229906
35.95	0.9902191169994001
36.05	0.993013292312495
36.15	0.9961707224266065
36.25	0.9973933484477316
36.35	1.0023656963710492
36.45	1.0039154960767376
36.55	1.0067185314103158
36.65	NaN
36.75	1.0146230899055282
36.85	1.0156773648773145
36.95	1.0175913278320534
37.05	1.0224388547457721
37.15	1.021267928617499
37.25	1.024423110107008
37.35	1.0261351505325211
37.45	1.0268139642946363
37.55	1.0286990677779915
37.65	1.0280764154195519
37.75	1.0296816600818957
37.85	1.0271871283353224
37.95	1.0299882719404148
38.05	NaN
38.15	NaN
38.25	1.0217958788639026
38.35	1.0244887450765736
38.45	1.0227525148762837
38.550000000000004	1.0203889813252598
38.65	1.0161498330811625
38.75	1.0144186576992607
38.85	1.01390179503407
38.95	1.011172587252076
39.050000000000004	1.0090768337429084
39.15	1.007480931016509
39.25	1.0019728845839229
39.35	1.0018486661139954
39.45	0.9994616655436058
39.550000000000004	0.9959859074642734
39.65	NaN
39.75	0.9912853625166934
39.85	0.9877921179296881
39.95	0.9857624923660415
40.050000000000004	0.9821402707111916
40.15	0.9834186751849299
40.25	0.9801947985283646
40.35	NaN
40.45	0.9775858085265031
40.550000000000004	0.9766937260081715
40.65	0.9769107356042479
40.75	0.9766057771885499
40.85	0.9751787652852258
40.95	0.9767591945879687
41.050000000000004	0.9737843484008829
41.15	0.9774203321915147
41.25	0.9772868863508214
41.35	0.9767507647310575
41.45	0.9796973270196283
41.550000000000004	0.9807973211585341
41.65	0.982161900668889
41.75	0.9832577132928335
41.85	0.9865094765588095
41.95	0.9878379935968443
42.050000000000004	0.9886653608606324
42.15	0.9910266390245873
42.25	0.9941626733458361
42.35	0.9953374805118053
42.45	0.9989764497310585
42.550000000000004	1.0007204042152806
42.65	1.0010211944906937
42.75	1.0059762011051439
42.85	1.0049804887973526
42.95	1.0084718533702446
43.050000000000004	1.0125769375047373
43.15	NaN
43.25	1.013648787382606
43.35	1.0157736940628337
43.45	1.0174180007167632
43.550000000000004	1.021316173529851
43.65	NaN
43.75	NaN
43.85	1.0208182606875973
43.95	1.020396491274934
44.050000000000004	1.0200275256920441
44.15	1.0213979991504054
44.25	1.0200422685419601
44.35	1.0176649439868313
44.45	NaN
44.550000000000004	1.0174060411512467
44.65	1.018625853293588
44.75	1.0149677847520402
44.85	1.0151904486398302
44.95	1.013517295655683
45.050000000000004	1.0112029509190967
45.15	1.0102685367588493
45.25	1.010626865572461
45.35	1.006278476783689
45.45	1.003763706259054
45.550000000000004	1.0009195118757084
45.65	0.9990885050388908
45.75	NaN
45.85	0.9964159407364003
45.95	NaN
46.050000000000004	0.9929760904413718
46.15	0.9911713438869953
46.25	0.9884853150375142
46.35	NaN
46.45	0.9870407084347678
46.550000000000004	0.9857134701670113
46.65	NaN
46.75	0.982993778341346
46.85	0.9828898124581085
46.95	0.982468112516854
47.050000000000004	0.9823007464131439
47.15	0.9818498935321626
47.25	0.9821798690290179
47.35	0.9817402985653424
47.45	NaN
47.550000000000004	0.9834557791905331
47.65	0.9835748835048315
47.75	0.9852003554012331
47.85	0.9877096526931257
47.95	0.9857636011440013
48.050000000000004	0.9880975123885711
48.15	0.9914199721797007
48.25	0.9916259320144828
48.35	0.9940346027051367
48.45	0.9952965088804238
48.550000000000004	0.997242933681251
48.65	0.9975246108989279
48.75	0.998211930571242
48.85	1.0002917556558804
48.95	1.0030072350209047
49.050000000000004	1.0059796220461117
49.15	1.0075398465566758
49.25	1.0082680297424902
49.35	1.0086305974532634
49.45	1.0086893696528423
49.550000000000004	1.0088013402062108
49.65	1.0125614088777257
49.75	NaN
49.85	1.0154378492590674
49.95	1.0132778044107336
50.050000000000004	1.0152971684701222
50.15	1.014423617412929
50.25	1.0150031828892212
50.35	1.0159836358759333
50.45	1.0138695613620823
50.550000000000004	1.0158192011449243
50.65	1.0135267911719714
50.75	1.0159659549179305
50.85	1.0146678001361056
50.95	1.0132015141152895
51.050000000000004	1.0119969223307332
51.15	1.0131869636932511
51.25	1.0096245926334941
51.35	1.0075109651215404
51.45	1.0073587527236334
51.550000000000004	1.0053327412355328
51.65	1.0037395762815116
51.75	1.0039641336652396
51.85	1.0003466099841118
51.95	0.9997247188727456
52.050000000000004	0.9982995767951911
52.15	NaN
52.25	0.9965716991032725
52.35	0.993092303256513
52.45	0.9913483813446876
52.550000000000004	0.9912318031847511
52.65	0.9894250344572515
52.75	0.988937269017467
52.85	0.9881693484834376
52.95	0.9855416355328288
53.050000000000004	0.9854218952135801
53.15	0.9849209081219371
53.25	0.9868341678138061
53.35	0.985728986002672
53.45	0.9845748597061769
53.550000000000004	0.9849629860335974
53.65	0.9849216885636115
53.75	0.9864611284934756
53.85	0.9855163380747349
53.95	0.9876497459248068
54.050000000000004	0.9877966059169988
54.15	0.9883571044029864
54.25	0.9903694421364281
54.35	0.9919588812574501
54.45	0.9925409951072977
54.550000000000004	NaN
54.65	0.9946652832039478
54.75	0.9952256898967914
54.85	0.9964089515602038
54.95	0.9990085448614289
55.050000000000004	0.9980815390615205
55.15	0.9998273051546198
55.25	1.0024878227563228
55.35	1.0030093610725344
55.45	1.0053206901649656
55.550000000000004	1.0048570333069344
55.65	NaN
55.75	1.007111107121411
55.85	1.0082919606752625
55.95	1.0100685155889904
56.050000000000004	1.0122336952690667
56.15	1.0113824254541037
56.25	1.0126288750837105
56.35	1.011281359880371
56.45	1.0121915187699386
56.550000000000004	1.0146824248683657
56.65	1.0127439256888404
56.75	1.014082734532099
56.85	1.012983612704224
56.95	1.010304380341411
57.050000000000004	1.0109304950378295
57.15	1.010647101717274
57.25	1.0112681899135658
57.35	1.0102030618489781
57.45	1.009863850041123
57.550000000000004	NaN
57.65	1.0085950805447172
57.75	1.0051935697713565
57.85	1.0049445788083606
57.95	1.0037481676151645
58.050000000000004	NaN
58.15	0.9995210238155535
58.25	0.9986914230199477
58.35	0.9990239472861313
58.45	0.9973251280889932
58.550000000000004	0.9963593760096395
58.65	0.9943820821002598
58.75	NaN
58.85	0.9923806815525834
58.95	0.9912922386159417
59.050000000000004	0.9925189763074748
59.15	0.9895799182878352
59.25	0.9906270713967319
59.35	0.9880858959463165
59.45	0.9894069808013649
59.550000000000004	0.9900432347888442
59.65	NaN
59.75	0.9895031643510391
59.85	0.9881823277557099
59.95	0.9900520523906394
60.050000000000004	0.9904941853706264
60.15	0.9880632200281783
60.25	0.9899743407961941
60.35	NaN
60.45	0.9896943238863899
60.550000000000004	0.9919048543467844
60.65	0.992565834544993
60.75	0.9945292705714383
60.85	NaN
60.95	0.9960252389284058
61.050000000000004	0.9977333963460119
61.15	0.9980052826075737
61.25	0.9974852021177942
61.35	1.0008090162665915
61.45	1.0035339270625054
61.550000000000004	1.0017435097222156
61.65	1.0036312698911418
61.75	1.0044326912313566
61.85	1.0045218809854772
61.95	NaN
62.050000000000004	1.0036271158147878
62.15	1.0063575597289685
62.25	1.0085457048793738
62.35	1.010193540833714
62.45	NaN
62.550000000000004	1.0101686041428244
62.65	NaN
62.75	NaN
62.85	1.0102070034267625
62.95	1.0095605805915742
63.050000000000004	1.0108394814383492
63.15	1.0082546040867955
63.25	1.0089830837817584
63.35	1.0094426771616118
63.45	1.0088846848666033
63.550000000000004	1.0079090772596042
63.65	NaN
63.75	1.0051338247925274
63.85	NaN
63.95	1.0047196414587456
64.05	1.0037574062934345
64.14999999999999	1.0051204199723967
64.25	1.0012523555777573
64.35	NaN
64.44999999999999	1.0027627505043963
64.55	0.9996695512646201
64.64999999999999	0.9969828681553649
64.75	0.997820230551263
64.85	0.9967476662691556
64.94999999999999	0.9953397490257639
65.05	0.9961921440267373
65.14999999999999	NaN
65.25	0.9927155514271218
65.35	0.9929685570998947
65.44999999999999	0.991827294025126
65.55	0.9915071374764649
65.64999999999999	NaN
65.75	0.9936277880944722
65.85	0.9914392463797878
65.94999999999999	NaN
66.05	NaN
66.14999999999999	0.9915356258578775
66.25	0.9903827235818556
66.35	0.9918711193144518
66.44999999999999	0.9923434875101521
66.55	NaN
66.64999999999999	0.9930661718811549
66.75	0.9918959981936483
66.85	NaN
66.94999999999999	NaN
67.05	NaN
67.14999999999999	NaN
67.25	0.9958609872690024
67.35	NaN
67.44999999999999	NaN
67.55	0.9998687913978919
67.64999999999999	1.0023169762136748
67.75	1.0011088414672178
67.85	1.0031552091028428
67.94999999999999	NaN
68.05	1.004006998008063
68.14999999999999	1.0043147527068204
68.25	1.0080477355648707
68.35	1.0063267788901804
68.44999999999999	1.0068981510001656
68.55	1.0070891628188439
68.64999999999999	NaN
68.75	1.0074324798149936
68.85	1.0076385722701964
68.94999999999999	1.0082270399497797
69.05	NaN
69.14999999999999	1.0099812685147567
69.25	NaN
69.35	1.0096107628659274
69.44999999999999	1.0062832543052813
69.55	1.007513542512034
69.64999999999999	1.0072063476843838
69.75	1.0065254684017455
69.85	1.0065092527982915
69.94999999999999	1.0070606320112576
70.05	NaN
70.14999999999999	1.0045662028765225
70.25	1.0037718292262225
70.35	1.0029342559336645
70.44999999999999	1.0026994986567734
70.55	1.0022508796531493
70.64999999999999	1.0026953478382425
70.75	0.9990706083023168
70.85	0.9996097553209704
70.94999999999999	0.9981299463015941
71.05	0.9975358769439964
71.14999999999999	NaN
71.25	0.993805321687363
71.35	NaN
71.44999999999999	0.9964118419595268
71.55	0.9933392273325922
71.64999999999999	0.9932696897701825
71.75	0.9923697343946175
71.85	NaN
71.94999999999999	NaN
72.05	0.9921018813274588
72.14999999999999	NaN
72.25	0.9923587548533221
72.35	0.9916028302344446
72.44999999999999	NaN
72.55	NaN
72.64999999999999	0.9910481575250187
72.75	0.9924867734323337
72.85	0.9940643836788312
72.94999999999999	NaN
73.05	0.993102336855907
73.14999999999999	0.9959408459118048
73.25	0.9959132710477199
73.35	0.996252149949643
73.44999999999999	0.9966093403784302
73.55	0.9983684207037165
73.64999999999999	0.9958974236020327
73.75	0.9982656178738153
73.85	1.0005108423957272
73.94999999999999	NaN
74.05	NaN
74.14999999999999	1.0015965035477536
74.25	1.00336428593582
74.35	1.00240776793311
74.44999999999999	1.003741901601688
74.55	1.003920233239618
74.64999999999999	NaN
74.75	NaN
74.85	1.0062585387914986
74.94999999999999	1.0071176276076508
75.05	1.004348771672679
75.14999999999999	1.0065821859573838
75.25	1.0071840622820818
75.35	1.0067620762199183
75.44999999999999	1.007329889892075
75.55	1.006819587890094
75.64999999999999	1.0077218638329948
75.75	NaN
75.85	1.0060146857620131
75.94999999999999	NaN
76.05	1.006769815183872
76.14999999999999	1.0063497165746118
76.25	1.0044688727766058
76.35	1.0049626840806403
76.44999999999999	NaN
76.55	1.0035470907657045
76.64999999999999	1.000427751755844
76.75	NaN
76.85	1.002333505989455
76.95	1.0021482751894784
77.05	0.9980547413856988
77.14999999999999	0.9979658292186976
77.25	NaN
77.35	NaN
77.45	NaN
77.55	0.9967456272863362
77.64999999999999	NaN
77.75	0.9946825866942385
77.85	0.9944790308723422
77.95	NaN
78.05	0.9941625695040842
78.14999999999999	NaN
78.25	0.9938013639427066
78.35	0.994371493869722
78.45	NaN
78.55	NaN
78.64999999999999	NaN
78.75	0.992581880202083
78.85	0.9926542143187232
78.95	0.9943188938411139
79.05	NaN
79.14999999999999	NaN
79.25	0.9944849361289615
79.35	0.9957966859491207
79.45	NaN
79.55	0.995901363948729
79.64999999999999	NaN
79.75	0.995940330180909
79.85	0.9971186538242214
