0.15	0.037499231849921294
0.25	0.03683096645039764
0.35	0.036939057286355874
0.45	0.03698311250465412
0.55	0.03770648033353335
0.65	0.03744559249202998
0.7500000000000001	0.03824332986144544
0.85	0.0385414293745114
0.95	0.03900349479060263
1.05	0.039584831204249195
1.15	0.040455753361527166
1.25	0.0409298521115758
1.35	0.041838625309750195
1.45	0.04284009960295388
1.55	0.04384858584680421
1.65	0.04479778119061904
1.75	0.04621774569137532
1.85	0.047692162915791814
1.95	0.04887168309995997
2.05	0.050254502117342524
2.15	0.052029217686637604
2.25	0.053984192137985096
2.35	0.05591875775397241
2.45	0.057991931369954904
2.5500000000000003	0.06026149476246323
2.65	0.0630546623792417
2.75	0.06590872192240364
2.85	0.06916265454065153
2.95	0.07243599126358866
3.0500000000000003	0.07611356133394627
3.15	0.08024353634078524
3.25	0.08488423738746684
3.35	0.08994645144958209
3.45	0.09547754634324104
3.5500000000000003	0.1017013696125992
3.65	0.1078160384186877
3.75	0.1156716458189331
3.85	0.12374186392931166
3.95	0.1335495407664517
4.05	0.14371603087193907
4.1499999999999995	0.15492048610430745
4.25	0.16855648179894622
4.35	0.18348297209848893
4.449999999999999	0.2004515044803669
4.55	0.2202475889845656
4.6499999999999995	0.24233774713638548
4.75	0.2676618803793347
4.85	0.2955369560422924
4.95	0.3300633247912869
5.05	0.3689391876820207
5.1499999999999995	0.41250764225227887
5.25	0.4642532374196604
5.35	0.5224287181441775
5.45	0.599035800795924
5.55	0.6758519490117699
5.6499999999999995	0.7737605254324154
5.75	0.8850989534328577
5.85	1.014162483693945
5.95	1.1516169097018336
6.05	1.3076267849306777
6.1499999999999995	1.4805330754621933
6.25	1.6497846327325016
6.35	1.8145818072860036
6.45	1.9576496387094995
6.55	2.06485436632742
6.6499999999999995	2.1237341635483205
6.75	2.135419298792555
6.85	2.1022106941394467
6.95	2.0313641946506302
7.05	1.9340423991089462
7.1499999999999995	1.8201040592609437
7.25	1.699118372877698
7.35	1.5850439573349777
7.45	1.4760354191736746
7.55	1.3720129327853205
7.6499999999999995	1.2809179122063785
7.75	1.1963463744542244
7.85	1.123145462952506
7.95	1.0551403835227797
8.05	0.9985210026016622
8.15	0.946325234567264
8.25	0.9022895641546361
8.350000000000001	0.864630147133588
8.450000000000001	0.8298204648024698
8.55	0.8010966557611767
8.65	0.7775804595037589
8.75	0.7557561129849117
8.850000000000001	0.7368937644008403
8.950000000000001	0.722359002216969
9.05	0.7111524619832225
9.15	0.7022664325229186
9.25	0.694215567820494
9.350000000000001	0.6888797928770465
9.450000000000001	0.6870879386118051
9.55	0.6866858844148257
9.65	0.6892348512226905
9.750000000000002	0.690961668431522
9.85	0.6969785429381679
9.95	0.7048678340493681
10.049999999999999	0.7102905110206095
10.149999999999999	0.7221310804350984
10.25	0.7328164129623247
10.35	0.7465769190341389
10.45	0.7617937702934325
10.549999999999999	0.7781247380432132
10.649999999999999	0.7979233259866457
10.75	0.8184383720784699
10.85	0.8393198492152247
10.95	0.8616272905110919
11.049999999999999	0.886209179920718
11.149999999999999	0.911840499154276
11.25	0.9364707478624124
11.35	0.9637489374969431
11.45	0.991686725267104
11.549999999999999	1.0194764016596174
11.649999999999999	1.045332779779216
11.75	1.0699239227513886
11.85	1.0991973024447588
11.95	1.1235318842115003
12.049999999999999	1.144504235279147
12.149999999999999	1.1660655044552337
12.25	1.1871113381442184
12.35	1.2026589345152638
12.45	1.2172244883791583
12.549999999999999	1.2271936158115209
12.649999999999999	1.234315350032303
12.75	1.2387726688241483
12.85	1.2425071184135308
12.95	1.2416648476580592
13.049999999999999	1.2338872263737073
13.149999999999999	1.227541594312297
13.25	1.2156513340601118
13.35	1.2006128000902823
13.45	1.1868623857867016
13.549999999999999	1.1658508494083497
13.649999999999999	1.1493149445679063
13.75	1.1307526252484612
13.85	1.108875680850446
13.95	1.0890177217770662
14.049999999999999	1.0666108456865966
14.149999999999999	1.0455493032573795
14.25	1.0252990118959968
14.35	1.0044518009719399
14.45	0.9879334313816556
14.549999999999999	0.9709825794522037
14.649999999999999	0.9538536979383455
14.75	0.9373687175425625
14.85	0.9234917078097599
14.95	0.9124890433725285
15.049999999999999	0.8999913265832503
15.149999999999999	0.8901989808682098
15.25	0.8818118831081755
15.35	0.8722198534008199
15.45	0.8679117060727977
15.549999999999999	0.861820574638568
15.649999999999999	0.8598860835047342
15.75	0.8589419357506695
15.85	0.8586079484017928
15.95	0.8593130879079581
16.05	0.859836720836977
16.15	0.864767867341804
16.25	0.8683566974309107
16.349999999999998	0.8729915806661233
16.45	0.8796876197076628
16.55	0.8847660319030054
16.65	0.8949005789088664
16.75	0.9022318343746738
16.849999999999998	0.9124244213029267
16.95	0.9234486271371648
17.05	0.934721277130985
17.15	0.9453248573273874
17.25	0.9584343255664568
17.349999999999998	0.972380073976204
17.45	0.9836206013615962
17.55	0.99592771462668
17.65	1.0078926549276872
17.75	1.0225906241959655
17.849999999999998	1.0341410124283943
17.95	1.0430695909713326
18.05	1.0557447675826397
18.15	1.0665438236317508
18.25	1.0753854643097158
18.349999999999998	1.084213258073108
18.45	1.09055521254113
18.55	1.0976879094676242
18.65	1.1057008775452675
18.75	1.1075242382424726
18.849999999999998	1.1106460382873031
18.95	1.1099222758775804
19.05	1.1097704735100478
19.15	1.1104690403207769
19.25	1.1075515317261042
19.35	1.1019981879563767
19.45	1.0989196213693961
19.55	1.090742050868919
19.65	1.0854489063365411
19.75	1.0782564954045761
19.85	1.0702298028817705
19.95	1.0616353691912033
20.05	1.0535057540491362
20.15	1.044638001223159
20.25	1.0328679512403713
20.35	1.0227143525799256
20.45	1.013597193377049
20.55	1.0054496979855858
20.65	0.9960438073531396
20.75	0.9853131667140484
20.85	0.9779075519314167
20.95	0.9738991098215057
21.05	0.9647987689147278
21.15	0.9537450116218807
21.25	0.9513085948567952
21.35	0.9473882167178506
21.45	0.940676716427582
21.55	0.9334895806695507
21.65	0.9320199883528218
21.75	0.9274273778187686
21.85	0.925651084271698
21.95	0.9232694587371234
22.05	0.9229495175682287
22.15	0.9229658838213792
22.25	0.9227807202289491
22.35	0.9230237190132541
22.45	0.927804512276458
22.55	0.9302275080410903
22.65	0.9358509821498315
22.75	0.9351094092668545
22.85	0.9420799000085264
22.95	0.9457372775867643
23.05	0.9494718406419682
23.15	0.9575174888920203
23.25	0.9609275961014289
23.35	0.9680955283071319
23.45	0.9763032821086195
23.55	0.983392348280167
23.65	0.9901750727956337
23.75	0.9970817770091054
23.85	1.002467271568272
23.95	1.0114665888990764
24.05	1.0173265536456944
24.15	1.0256764788273847
24.25	1.030725216944011
24.35	1.0372611106379974
24.45	1.0412775974876853
24.55	1.049004902476753
24.65	1.0518124183773685
24.75	1.056924687030927
24.85	1.0590051820660025
24.95	1.0600541738638116
25.05	1.0553020781938411
25.15	1.0632012715582286
25.25	1.0652578973028681
25.35	1.0634104713579051
25.45	1.0623673353249212
25.55	1.0620785661181085
25.65	1.057118179290037
25.75	1.054628351929825
25.85	1.0514180976339
25.95	1.0470435978073545
26.05	1.0426595047756209
26.15	1.0384697846705149
26.25	1.0322079600691598
26.35	1.027784413603943
26.45	1.022264905201852
26.55	1.0159918121476064
26.65	1.0081244317156162
26.75	1.0056162711176297
26.85	1.000087368866091
26.95	0.9936898830797839
27.05	0.9893849042621139
27.15	0.9844478525934972
27.25	0.9797493351445229
27.35	0.9743556989258741
27.45	0.9697507681798917
27.55	0.9679879403323121
27.65	0.9629519441389957
27.75	0.9615797705949256
27.85	0.9605534162994652
27.95	0.9556133594973814
28.05	0.9526031784994167
28.15	0.9509961992021838
28.25	0.9524661874716238
28.35	0.9515247659402426
28.45	0.9531559624071859
28.55	0.9543356935130793
28.65	0.9533725915807567
28.75	0.95615092851732
28.85	0.9571102068540411
28.95	0.9595052977474338
29.05	0.9610033703454314
29.15	0.9651025612785167
29.25	0.9669163556993176
29.35	0.9701768784025402
29.45	0.9743873385665293
29.55	0.9793939017881594
29.65	0.9814476356273504
29.75	0.9867121828965725
29.85	0.9906055035217171
29.95	NaN
30.05	1.0022705694588034
30.15	1.0050460939792796
30.25	1.0087639707310685
30.35	1.011119537043971
30.45	1.016897588121994
30.55	1.0211018423020206
30.65	1.02520648691825
30.75	1.0287569060259616
30.85	1.031525266589871
30.95	1.0355819942206115
31.05	1.0365234802476273
31.15	1.0380844320848144
31.25	1.0398685529224792
31.35	1.0390124914970462
31.45	1.0414500659519959
31.55	1.0416491663102851
31.65	1.0407508547312856
31.75	NaN
31.85	1.0384873205014136
31.95	1.0374212957290556
32.05	1.0341993450221894
32.15	1.0327135822476279
32.25	1.0328338766631586
32.35	1.0272067902624755
32.45	1.0260550550582204
32.55	1.0194068084859542
32.65	1.016158853285113
32.75	1.0120445798025155
32.85	1.0097188010443578
32.95	1.0042886641888609
33.05	1.0040218999247852
33.15	0.9996399738535456
33.25	0.9959420567584096
33.35	0.9955684269047888
33.45	0.9875854028383106
33.55	0.9863858874883916
33.65	0.9791043269597884
33.75	0.9781523174575871
33.85	0.9792294141322566
33.95	0.973543614906509
34.05	0.9727038838630763
34.15	0.9709831065545785
34.25	0.970174128363425
34.35	0.9688074815100897
34.45	0.9681866226181974
34.55	0.9673072380133856
34.65	0.9669666156607595
34.75	0.9690742698305834
34.85	0.9674667013498628
34.95	0.9689053304184488
35.05	0.9664030752843271
35.15	0.9719530180080308
35.25	0.9733410766578642
35.35	0.975756999341719
35.45	0.9764455058662609
35.55	0.9782478597936718
35.65	0.9845722884852258
35.75	0.9838481861899705
35.85	0.9860695274289987
35.95	0.9898220455851594
36.05	0.9929085116708615
36.15	0.9963041262475218
36.25	1.0000456103795203
36.35	1.003010748163041
36.45	1.0056099612651908
36.55	1.0075841961602174
36.65	NaN
36.75	1.0118604605115067
36.85	1.0150680209492804
36.95	1.0187998601118535
37.05	1.0198548931831164
37.15	1.0229962925710696
37.25	1.025698982763066
37.35	1.0265902121330979
37.45	1.0271699441390458
37.55	1.0275216470611277
37.65	1.0278487481801275
37.75	1.028597115249531
37.85	1.0258908381085796
37.95	1.0289319574863558
38.05	NaN
38.15	NaN
38.25	1.0235779455631742
38.35	1.0228274882532458
38.45	1.0219281828124278
38.550000000000004	1.0198823860287214
38.65	1.0175924785032764
38.75	1.0166017729955694
38.85	1.012161943387241
38.95	1.0122331108557283
39.050000000000004	1.0076063063708753
39.15	1.005089897989747
39.25	1.0011604651041288
39.35	1.002131565133106
39.45	0.9972033148311136
39.550000000000004	0.9968256124054956
39.65	NaN
39.75	0.9905079992964733
39.85	0.9897146035641449
39.95	0.9878785355038587
40.050000000000004	0.9848083020064441
40.15	0.9844536715996133
40.25	0.9795300505492557
40.35	NaN
40.45	0.9797332994680432
40.550000000000004	0.978431698796452
40.65	0.9785666099871987
40.75	0.9737101868931982
40.85	0.9793495764632429
40.95	0.9754791564534031
41.050000000000004	0.9766432874402274
41.15	0.9759475914486013
41.25	0.9780136925503943
41.35	0.9772039084673665
41.45	0.9797363345222548
41.550000000000004	0.9809125764827997
41.65	0.9827454068616029
41.75	0.9835694304010386
41.85	0.986500390926365
41.95	0.9877771292174318
42.050000000000004	0.9890701655105979
42.15	0.9922491752163608
42.25	0.9944564162261015
42.35	0.9956554949615877
42.45	0.995983103527704
42.550000000000004	1.000881572309094
42.65	1.0014504924800316
42.75	1.0041632581809312
42.85	1.0095715880595582
42.95	1.0055162587944406
43.050000000000004	1.0096553867081444
43.15	NaN
43.25	1.0143168599202723
43.35	1.0149784270127995
43.45	1.0167879023885915
43.550000000000004	1.0159018879173878
43.65	NaN
43.75	NaN
43.85	1.021417280018629
43.95	1.021724606740624
44.050000000000004	1.0213650399911773
44.15	1.019196471670753
44.25	1.02086707211379
44.35	1.0194227831643774
44.45	NaN
44.550000000000004	1.0172346485758195
44.65	1.0154473973213343
44.75	1.0145198314548192
44.85	1.013204196533464
44.95	1.0126320880068727
45.050000000000004	1.0120201555526713
45.15	1.0098045345156847
45.25	1.0072188314168347
45.35	1.0055245822311583
45.45	1.0050980620712155
45.550000000000004	1.0002053188844104
45.65	0.9990384294272192
45.75	NaN
45.85	0.9947191442104074
45.95	NaN
46.050000000000004	0.9924101194333885
46.15	0.9914756898073555
46.25	0.9894065939628104
46.35	NaN
46.45	0.9872024360518001
46.550000000000004	0.9861264658018595
46.65	NaN
46.75	0.9840994288902891
46.85	0.9840997779641872
46.95	0.9836865355461589
47.050000000000004	0.9831205953931708
47.15	0.981584097984349
47.25	0.9821344627345446
47.35	0.9817473706865907
47.45	NaN
47.550000000000004	0.9839426132597862
47.65	0.982273908746014
47.75	0.9854252096139513
47.85	0.9854377474642022
47.95	0.9887557442773607
48.050000000000004	0.9887033613958759
48.15	0.9886732949504636
48.25	0.9911197271055887
48.35	0.9929120776602344
48.45	0.995836142376218
48.550000000000004	0.9957948404814
48.65	0.9988693457697219
48.75	0.9989191307123906
48.85	1.0007485844249917
48.95	1.0016134357267414
49.050000000000004	1.003927283136132
49.15	1.008311858966841
49.25	1.0076009352733661
49.35	1.0072776601476388
49.45	1.009549173759092
49.550000000000004	1.0128366400334043
49.65	1.010415549359447
49.75	NaN
49.85	1.016005146367883
49.95	1.0149622754054541
50.050000000000004	1.0154933291205908
50.15	1.016928573997595
50.25	1.0149406801115286
50.35	1.0147570253711489
50.45	1.0176192065485588
50.550000000000004	1.0135118891515997
50.65	1.0143013690887515
50.75	1.0155379984005757
50.85	1.0126759944891255
50.95	1.0131620629581344
51.050000000000004	1.0116429149409825
51.15	1.0091670105710917
51.25	1.008535821482132
51.35	1.0095755026351514
51.45	1.0062767817894445
51.550000000000004	1.0057201323559706
51.65	1.0045243310606633
51.75	1.0025151971953066
51.85	1.0020627285990078
51.95	0.9995748819076098
52.050000000000004	0.9978380267366588
52.15	NaN
52.25	0.9958060743798591
52.35	0.9967153681992094
52.45	0.9914759427950977
52.550000000000004	0.9919505182336827
52.65	0.9902136452092087
52.75	0.9882782113012355
52.85	0.9876619961476826
52.95	0.9868834767936379
53.050000000000004	0.987897010153907
53.15	0.9868558650633277
53.25	0.9835375374741501
53.35	0.986785951971038
53.45	0.9850640616089953
53.550000000000004	0.987300878105367
53.65	0.9854147497937717
53.75	0.9856813717808546
53.85	0.98762233685126
53.95	0.990834611499145
54.050000000000004	0.9895896687881512
54.15	0.9889782272230279
54.25	0.9907989606655049
54.35	0.9917345381617804
54.45	0.9931236266928141
54.550000000000004	NaN
54.65	0.9933487353731537
54.75	0.9965449227848787
54.85	0.9977438759323135
54.95	0.9984722397588147
55.050000000000004	0.9989239332830453
55.15	1.0008966032885123
55.25	0.999119376436818
55.35	1.00305474605989
55.45	1.0031407902145744
55.550000000000004	1.0053607586254374
55.65	NaN
55.75	1.0059280426128563
55.85	1.0098894792839554
55.95	1.0096354739287914
56.050000000000004	1.0121097163658002
56.15	1.0123712641344742
56.25	1.00874824304537
56.35	1.0209526381063891
56.45	1.0121160263733657
56.550000000000004	1.0116919404736773
56.65	1.011596042202164
56.75	1.0156910905558147
56.85	1.0119322394528178
56.95	1.012795495012267
57.050000000000004	1.011697446445966
57.15	1.0096663912728014
57.25	1.0106112450976907
57.35	1.0089901981416647
57.45	1.0082664125742737
57.550000000000004	NaN
57.65	1.006080080494568
57.75	1.006587907940578
57.85	1.0039519446869893
57.95	1.0045411333285792
58.050000000000004	NaN
58.15	1.0011442998128015
58.25	0.9991862213658187
58.35	0.9981663118259458
58.45	0.9973266687445778
58.550000000000004	0.9959585804999869
58.65	0.9954780974599488
58.75	NaN
58.85	0.9922790960590829
58.95	0.9912167263857853
59.050000000000004	0.9926661453350825
59.15	0.9904150609576158
59.25	0.9908518255619875
59.35	0.9905850578733357
59.45	0.9885846751921471
59.550000000000004	0.9887682052659202
59.65	NaN
59.75	0.9878401634507751
59.85	0.9889950096578617
59.95	0.9893598953877975
60.050000000000004	0.9907599798363688
60.15	0.9902580954611077
60.25	0.9882149956893107
60.35	NaN
60.45	0.990972646052603
60.550000000000004	0.9895730976076705
60.65	0.9917993263195438
60.75	0.9935822315564149
60.85	NaN
60.95	0.9963843013456817
61.050000000000004	0.9957868523777327
61.15	0.998847809074665
61.25	0.9972348134077013
61.35	0.9981562524589501
61.45	1.0019339700312617
61.550000000000004	1.0020567656801551
61.65	1.0037159062174805
61.75	1.0025095234759647
61.85	1.0054711268031806
61.95	NaN
62.050000000000004	1.0055898843221673
62.15	1.0088690421526487
62.25	1.0081987972455415
62.35	1.0088981696361323
62.45	NaN
62.550000000000004	1.0097838787103304
62.65	NaN
62.75	NaN
62.85	1.0101202837766268
62.95	1.0109573479751675
63.050000000000004	1.0101191165653656
63.15	1.0079024653950073
63.25	1.0088972131433958
63.35	1.009323463169384
63.45	1.0083498417253631
63.550000000000004	1.0087946476792955
63.65	NaN
63.75	1.0069697470700196
63.85	NaN
63.95	1.0056344438469142
64.05	1.0031596535545484
64.14999999999999	1.0029569794449955
64.25	1.0031219736216694
64.35	NaN
64.44999999999999	0.9964794184219757
64.55	0.9989001018604876
64.64999999999999	0.998292346964587
64.75	0.9958811943465049
64.85	0.9962137364655329
64.94999999999999	0.9964032657606368
65.05	0.9926267609972665
65.14999999999999	NaN
65.25	0.9941395537834323
65.35	0.9922565378288013
65.44999999999999	0.9921353113338236
65.55	0.9924284298511036
65.64999999999999	NaN
65.75	0.9912129127919513
65.85	0.9911914454892161
65.94999999999999	NaN
66.05	NaN
66.14999999999999	0.9921003900311921
66.25	0.9897821111801136
66.35	0.9899391455796839
66.44999999999999	0.990171562167841
66.55	NaN
66.64999999999999	0.9913606957937929
66.75	0.9905690291813534
66.85	NaN
66.94999999999999	NaN
67.05	NaN
67.14999999999999	NaN
67.25	0.9962820063789065
67.35	NaN
67.44999999999999	NaN
67.55	0.9987707120891263
67.64999999999999	0.999366422231951
67.75	1.0016883506470493
67.85	1.0004893273455722
67.94999999999999	NaN
68.05	1.0036456710580555
68.14999999999999	1.0046655618642208
68.25	1.006228590573797
68.35	1.006048590978112
68.44999999999999	1.0070905229280018
68.55	1.005593909286069
68.64999999999999	NaN
68.75	1.0068254507545655
68.85	1.0078245500427676
68.94999999999999	1.0054888069445174
69.05	NaN
69.14999999999999	1.0066684627601608
69.25	NaN
69.35	1.0068787251676825
69.44999999999999	1.0055118537399281
69.55	1.0071861532669333
69.64999999999999	1.0082150999644905
69.75	1.0073101832486293
69.85	1.0068512157738327
69.94999999999999	1.005780000431619
70.05	NaN
70.14999999999999	1.004965090591398
70.25	1.004428381013425
70.35	1.0034562016596649
70.44999999999999	1.001665054967005
70.55	1.001710306099961
70.64999999999999	1.0008447076540563
70.75	1.0000132998228948
70.85	0.9992556322018789
70.94999999999999	0.9983265538905497
71.05	0.9973913325703789
71.14999999999999	NaN
71.25	0.9950680194424327
71.35	NaN
71.44999999999999	0.9943309765000928
71.55	0.9966318432323822
71.64999999999999	0.993512922964761
71.75	0.9935064020747171
71.85	NaN
71.94999999999999	NaN
72.05	0.9921311677476343
72.14999999999999	NaN
72.25	0.9929121271613095
72.35	0.9923114505485857
72.44999999999999	NaN
72.55	NaN
72.64999999999999	0.9910850440746997
72.75	0.9936012882164867
72.85	0.9928294263467674
72.94999999999999	NaN
73.05	0.9935554884754902
73.14999999999999	0.9950074162580269
73.25	0.9933392955046435
73.35	0.9952814763410365
73.44999999999999	0.9975046316663148
73.55	0.9973472639420747
73.64999999999999	0.9978333654004135
73.75	0.9995794682672493
73.85	0.9989168164607798
73.94999999999999	NaN
74.05	NaN
74.14999999999999	1.0024334526042653
74.25	1.0027852172247584
74.35	1.001969012604709
74.44999999999999	1.0031369385751587
74.55	1.0043614324598118
74.64999999999999	NaN
74.75	NaN
74.85	1.0058971361027176
74.94999999999999	1.0059796746274294
75.05	1.009301708274742
75.14999999999999	1.004499390553097
75.25	1.0068964156188231
75.35	1.0070844297671582
75.44999999999999	1.0045434790941454
75.55	1.0068865805763179
75.64999999999999	1.0076048142746479
75.75	NaN
75.85	1.0071404402596853
75.94999999999999	NaN
76.05	1.0057042461245593
76.14999999999999	1.0059253874886687
76.25	1.0047868833840983
76.35	1.0045511849119442
76.44999999999999	NaN
76.55	1.0045060272314892
76.64999999999999	1.0026065092853667
76.75	NaN
76.85	1.001926617824094
76.95	0.999174904531035
77.05	0.9991426476124204
77.14999999999999	0.9992219994287979
77.25	NaN
77.35	NaN
77.45	NaN
77.55	0.9963734392215865
77.64999999999999	NaN
77.75	0.9977404453166451
77.85	0.9942699649512727
77.95	NaN
78.05	0.9949641829064731
78.14999999999999	NaN
78.25	0.9952928702689942
78.35	0.993071276624077
78.45	NaN
78.55	NaN
78.64999999999999	NaN
78.75	0.9922473486412328
78.85	0.9953145698426665
78.95	0.9947199378371047
79.05	NaN
79.14999999999999	NaN
79.25	0.9957659706005356
79.35	0.9949311590683725
79.45	NaN
79.55	0.9956056060582491
79.64999999999999	NaN
79.75	0.9975897849858307
79.85	0.9961822170690642
