0.15	0.019156068320699864
0.25	0.019096992316109666
0.35	0.018814473277839583
0.45	0.019186635144906247
0.55	0.01928908448790828
0.65	0.01953920485945979
0.7500000000000001	0.019560595367171186
0.85	0.019766193303590206
0.95	0.02030660758393093
1.05	0.020390234204899736
1.15	0.020952020327502388
1.25	0.021153223854593797
1.35	0.021566010979954232
1.45	0.022039666114263654
1.55	0.022616881241891984
1.65	0.02300899832214866
1.75	0.023663698478197683
1.85	0.024329814735308146
1.95	0.025147431998459674
2.05	0.025831716470176208
2.15	0.026551978517952796
2.25	0.02747733739116781
2.35	0.02862634577163416
2.45	0.029528889158524384
2.5500000000000003	0.03076267596928604
2.65	0.03204958035964448
2.75	0.0333898704158072
2.85	0.03487202240563868
2.95	0.0366500381707183
3.0500000000000003	0.03832410706539444
3.15	0.04021334352634259
3.25	0.04255143722363981
3.35	0.04505187941526179
3.45	0.04758665432079098
3.5500000000000003	0.05057845504520078
3.65	0.05374767588410533
3.75	0.05750254854507321
3.85	0.06088670747843959
3.95	0.06569669095012817
4.05	0.07066590261862706
4.1499999999999995	0.07645389156462024
4.25	0.08239244133156674
4.35	0.09008716066657978
4.449999999999999	0.0976931076222231
4.55	0.10650298179820435
4.6499999999999995	0.11643750095573245
4.75	0.1293961422516957
4.85	0.14332166467952379
4.95	0.15983224762401213
5.05	0.1772165612242228
5.1499999999999995	0.1996441397885646
5.25	0.2245693898415938
5.35	0.2551312755498502
5.45	0.2922248053123276
5.55	0.3362250636525875
5.6499999999999995	0.38723046687130613
5.75	0.45418752318239475
5.85	0.5301690066584815
5.95	0.6250009724222336
6.05	0.7469023704946143
6.1499999999999995	0.8975818858640855
6.25	1.080801617049202
6.35	1.3019263281616422
6.45	1.5775914191222058
6.55	1.8862876043749905
6.6499999999999995	2.224505219994527
6.75	2.5420642145092986
6.85	2.7941293733139703
6.95	2.9271279653523665
7.05	2.908924166368263
7.1499999999999995	2.773208691205744
7.25	2.552874813676833
7.35	2.2929490464674034
7.45	2.040651951327401
7.55	1.8169655502298676
7.6499999999999995	1.6081107168840914
7.75	1.4295356665976684
7.85	1.2836367338890424
7.95	1.1596482098040057
8.05	1.0595687077343567
8.15	0.9738219747073708
8.25	0.9004505493673761
8.350000000000001	0.8374552852994203
8.450000000000001	0.7880068951678963
8.55	0.7439050999384348
8.65	0.7048428709944213
8.75	0.6767200179288345
8.850000000000001	0.6516672366873086
8.950000000000001	0.6286562141627893
9.05	0.6131950166087331
9.15	0.5988761055147913
9.25	0.5878359235104723
9.350000000000001	0.5782367969335167
9.450000000000001	0.5731465664074608
9.55	0.5699327300339955
9.65	0.5685511023936572
9.750000000000002	0.568952806457644
9.85	0.5726455455088566
9.95	0.5773244585421523
10.049999999999999	0.5842889574134456
10.149999999999999	0.5941063485846354
10.25	0.6053563381995751
10.35	0.6184958885099724
10.45	0.6338288525815752
10.549999999999999	0.6517401349734662
10.649999999999999	0.67327722091138
10.75	0.6955546982317681
10.85	0.7202042455939042
10.95	0.7463394841072671
11.049999999999999	0.7772807924834327
11.149999999999999	0.8104303176393652
11.25	0.8436800102340972
11.35	0.8821132519126792
11.45	0.9207261311293637
11.549999999999999	0.9608737680242536
11.649999999999999	1.00276960917701
11.75	1.0435931685283448
11.85	1.0864470609146246
11.95	1.1258651265880926
12.049999999999999	1.1646466322113367
12.149999999999999	1.1986798955320976
12.25	1.2329289119970677
12.35	1.2625120186909105
12.45	1.2824220299892108
12.549999999999999	1.3047799250850538
12.649999999999999	1.3190809159802364
12.75	1.3300022040188222
12.85	1.3370044206584293
12.95	1.3391862578608618
13.049999999999999	1.3397946286704474
13.149999999999999	1.3337438547301175
13.25	1.327518662220025
13.35	1.316364500067484
13.45	1.3047129498031589
13.549999999999999	1.2862343390027313
13.649999999999999	1.2661979649819046
13.75	1.2424417961119711
13.85	1.217301478381254
13.95	1.1894390455381985
14.049999999999999	1.1577434283449448
14.149999999999999	1.1305502094662112
14.25	1.098331119001549
14.35	1.0649373823184054
14.45	1.0333116067692925
14.549999999999999	1.0022941509981955
14.649999999999999	0.973419887334963
14.75	0.9458732811625761
14.85	0.9201553790483114
14.95	0.8976679247814849
15.049999999999999	0.8761806656176393
15.149999999999999	0.8586449514495933
15.25	0.8421031772304935
15.35	0.8268203152836254
15.45	0.8145485176423799
15.549999999999999	0.8041177985005871
15.649999999999999	0.7954267334207534
15.75	0.7900602146377469
15.85	0.784468056809485
15.95	0.7820734962140419
16.05	0.7821611208842363
16.15	0.7831174349164344
16.25	0.7864655430466777
16.349999999999998	0.790724836679033
16.45	0.7980831904904366
16.55	0.805978942013172
16.65	0.8173640627937067
16.75	0.8267746972807167
16.849999999999998	0.8410499311088871
16.95	0.8544558585944015
17.05	0.8683701204186799
17.15	0.8876256602659881
17.25	0.9051454592147036
17.349999999999998	0.920796079417151
17.45	0.9415201321635586
17.55	0.9627329874299858
17.65	0.982893336290238
17.75	1.0051376418839553
17.849999999999998	1.0259603693600594
17.95	1.0449909622693618
18.05	1.0687581486016111
18.15	1.0849056396906824
18.25	1.1032662145374552
18.349999999999998	1.120338992006402
18.45	1.1332464269168279
18.55	1.1471296195446432
18.65	1.1572166499501166
18.75	1.1694023125002646
18.849999999999998	1.1721553773256892
18.95	1.1772327145306716
19.05	1.1756918825707379
19.15	1.1757504179464997
19.25	1.1746162454272104
19.35	1.1688725185818454
19.45	1.1604673201528801
19.55	1.151680968160422
19.65	1.141321005625992
19.75	1.1305808874768482
19.85	1.1197343324060105
19.95	1.106906939094823
20.05	1.0947121505852118
20.15	1.0808732202851647
20.25	1.0667998897075983
20.35	1.0526177144734632
20.45	1.0370410653928082
20.55	1.0237059862974465
20.65	1.0096752170532326
20.75	0.9977283606500501
20.85	0.9842214767823785
20.95	0.969766965673438
21.05	0.9590976802585225
21.15	0.9460465986247357
21.25	0.9373556275924901
21.35	0.9263521392510756
21.45	0.9173149503338547
21.55	0.9103554187916566
21.65	0.9010329903916352
21.75	0.8969381975123458
21.85	0.8898011969258353
21.95	0.8889511375693158
22.05	0.8825224183343527
22.15	0.8806604907370629
22.25	0.8801985135013606
22.35	0.881413144579765
22.45	0.8824467430488576
22.55	0.8856038982854237
22.65	0.8873382075042825
22.75	0.8911671518442789
22.85	0.8972366248633522
22.95	NaN
23.05	0.9095112278214645
23.15	0.9176314881433596
23.25	0.9254570401225092
23.35	0.9333708130861967
23.45	0.9455292405726446
23.55	0.9576346480441982
23.65	0.967880259060588
23.75	0.9799995221591877
23.85	0.9906555259641588
23.95	1.001201430992886
24.05	1.0150351911631526
24.15	1.023995224660587
24.25	1.036474056117936
24.35	1.0494379350171705
24.45	1.0565962281176713
24.55	1.0665732085356279
24.65	1.074890646356576
24.75	1.0837082577904062
24.85	1.0911338481762922
24.95	1.097103580642222
25.05	1.1004289486320005
25.15	1.1038216140810466
25.25	1.1051551861917972
25.35	1.1046707003784002
25.45	1.0989204911351838
25.55	1.1045341987545694
25.65	1.098026672316078
25.75	1.0932857951085024
25.85	1.0871288755245765
25.95	1.082794240102403
26.05	1.0749498577432561
26.15	1.0681595588173096
26.25	1.0598681286434233
26.35	1.052582063157384
26.45	1.0435355790041982
26.55	1.0342658037878492
26.65	1.0249832026243673
26.75	1.0154192571586154
26.85	1.0082891787299455
26.95	0.9992160923318134
27.05	0.9912525548532911
27.15	0.9832090900959256
27.25	0.9751371271151029
27.35	0.9670238337988188
27.45	0.9601922769086457
27.55	0.9519652784491669
27.65	0.9466253945405302
27.75	0.9437592910015777
27.85	0.9386033150700532
27.95	0.9369010175445055
28.05	0.931333909926787
28.15	0.9268968533075159
28.25	0.9268192222804599
28.35	0.9246026549823495
28.45	0.9227356760210382
28.55	0.9245854523131656
28.65	0.9286775000974206
28.75	0.9257149446130464
28.85	0.9294685594005492
28.95	0.9308988206008859
29.05	0.934839866945959
29.15	0.937367348428439
29.25	0.9419633740778361
29.35	0.9469192502064779
29.45	0.9526267746228702
29.55	0.959540462841156
29.65	0.9644648886310739
29.75	0.9721904165249692
29.85	0.9782432295571059
29.95	0.9872179094143573
30.05	0.9928784820465479
30.15	1.0081671082962225
30.25	1.006858006540571
30.35	1.0150649105494984
30.45	1.0218318214634003
30.55	1.030057701443526
30.65	1.0348248067771786
30.75	1.041298566199207
30.85	1.05566520092207
30.95	1.0526427067781228
31.05	1.0612045587802623
31.15	1.0611521332670997
31.25	1.062772975916005
31.35	1.0674844612747885
31.45	1.0680895505575925
31.55	1.0669646566752
31.65	1.0670491114680392
31.75	1.0655763217130512
31.85	1.0658796179121393
31.95	1.0609621757953756
32.05	1.0598951740347322
32.15	1.0573234598558474
32.25	1.0524947256197419
32.35	1.04788512887309
32.45	1.0440127966951525
32.55	1.0374114950078548
32.65	1.0312496051401143
32.75	1.0256863289058453
32.85	1.0201918244243575
32.95	1.0118946353978804
33.05	1.008537398660358
33.15	1.000958976982134
33.25	0.9980641960899346
33.35	0.9902969149086737
33.45	0.9835691122796616
33.55	0.9786708071823326
33.65	0.9742817782344122
33.75	0.9703873030664233
33.85	0.9663852915650457
33.95	0.9603213874068928
34.05	0.9575869879538499
34.15	0.9552465997028126
34.25	0.952963915878462
34.35	0.9482813428585462
34.45	0.9496109141367217
34.55	0.9468856659500131
34.65	0.9476035241816428
34.75	0.9454597510996274
34.85	0.9472171742197706
34.95	0.9472471081207201
35.05	0.9486199612417552
35.15	0.9514995591034351
35.25	0.9518400436295349
35.35	0.9535629985887925
35.45	0.9596121796084578
35.55	0.9630126596837636
35.65	0.9674361130417084
35.75	0.9720319308908819
35.85	0.9758493348895594
35.95	0.9784364914701598
36.05	0.9847099035953435
36.15	0.9891370475146948
36.25	0.9936324467248033
36.35	0.9983830063562333
36.45	1.005347387360692
36.55	NaN
36.65	1.0147652065307529
36.75	1.0192540931415908
36.85	1.0259219796396568
36.95	1.026482609183109
37.05	1.0311828083847907
37.15	1.0335238835012295
37.25	1.0384635515820917
37.35	1.0422938998957745
37.45	1.042728225032662
37.55	1.0447220981162868
37.65	NaN
37.75	1.0433176261692314
37.85	1.0518580372777129
37.95	1.0449410106762174
38.05	1.0463929294036567
38.15	1.0462800358377502
38.25	1.0429237118644938
38.35	1.0401902457279892
38.45	1.0377148278101083
38.550000000000004	1.0337166696101587
38.65	1.0327800283582438
38.75	1.0280252268865242
38.85	1.02524393775096
38.95	1.0195669334304427
39.050000000000004	1.017027676638046
39.15	NaN
39.25	NaN
39.35	NaN
39.45	NaN
39.550000000000004	0.9957529308105424
39.65	0.991261802624715
39.75	0.9882635012834741
39.85	0.9827846844484809
39.95	0.9794206935684087
40.050000000000004	0.9795641287105329
40.15	NaN
40.25	0.9724267320960179
40.35	0.9691135290129443
40.45	0.9678838787168935
40.550000000000004	0.9649694787385846
40.65	0.963533492173727
40.75	0.9628060038288891
40.85	0.9610570510674069
40.95	0.9626957335451829
41.050000000000004	0.9618492567715594
41.15	0.9651660005404031
41.25	0.9639405035978854
41.35	0.964168319276493
41.45	0.9641647776426204
41.550000000000004	NaN
41.65	0.9685091030795233
41.75	0.9701424995770731
41.85	0.9745853593674717
41.95	0.9779629044129726
42.050000000000004	0.9795874987616986
42.15	NaN
42.25	0.9863410590678817
42.35	0.991059351523305
42.45	0.9926505281817395
42.550000000000004	0.9968620784489299
42.65	1.0040204607820087
42.75	1.0055794445980963
42.85	1.0096988268697045
42.95	1.0117335914682024
43.050000000000004	1.0156554898293875
43.15	1.0187171528003904
43.25	1.0229125587426788
43.35	1.025345933342219
43.45	1.028524152560523
43.550000000000004	1.0291070165100544
43.65	NaN
43.75	1.0335093828621271
43.85	1.0331888452961406
43.95	1.0345996873088494
44.050000000000004	1.0365237506235756
44.15	1.0344252793203565
44.25	NaN
44.35	1.0334740171860988
44.45	1.0330951492784355
44.550000000000004	1.0301100489286155
44.65	1.0284719860743754
44.75	1.0267174200635976
44.85	1.0247929123800348
44.95	1.0235408400616617
45.050000000000004	1.018399008167113
45.15	1.0183141071693178
45.25	1.0148018240570715
45.35	NaN
45.45	1.0082885450904053
45.550000000000004	1.0056859741967032
45.65	NaN
45.75	0.9933171995613218
45.85	0.9963214538020232
45.95	0.9929701672012267
46.050000000000004	0.9895732323804088
46.15	0.9874456372348477
46.25	0.9837695182610535
46.35	0.9819972065752728
46.45	0.9786344619918194
46.550000000000004	0.9765454746396823
46.65	NaN
46.75	0.9738527740355845
46.85	0.9723692861324235
46.95	0.9727680147272093
47.050000000000004	0.9713920860151639
47.15	0.9698607588429167
47.25	0.9704158760043847
47.35	0.971682392390866
47.45	0.9707878199113195
47.550000000000004	0.971630264491988
47.65	0.9733620575019644
47.75	0.974884552231157
47.85	0.975819420401165
47.95	0.9773206234694949
48.050000000000004	0.9798818505393817
48.15	0.9802579235997194
48.25	0.9848742122018695
48.35	0.9846187399115865
48.45	0.9873006366560143
48.550000000000004	0.993688982610067
48.65	0.9941145317145014
48.75	0.9978060086565068
48.85	1.000428016028546
48.95	1.0041811281953956
49.050000000000004	1.0066111887105422
49.15	NaN
49.25	1.0115264834008562
49.35	1.0128497787964397
49.45	1.0155783548955246
49.550000000000004	1.0179170009249703
49.65	1.0190154931189055
49.75	1.021639400951231
49.85	1.0227084740070853
49.95	1.022757911149519
50.050000000000004	1.0241428426506798
50.15	1.0253565555342155
50.25	1.0266667938497298
50.35	1.0252793394201412
50.45	1.027268688225885
50.550000000000004	1.0243394473666216
50.65	1.026680166367605
50.75	1.0250442765103633
50.85	1.025936456782663
50.95	NaN
51.050000000000004	1.0202284068321616
51.15	1.0183190391128973
51.25	1.0168010170179795
51.35	1.0150994010173042
51.45	1.012745047805802
51.550000000000004	NaN
51.65	1.009881759989371
51.75	1.0052463625236008
51.85	1.0029931374382328
51.95	1.0003360185386365
52.050000000000004	NaN
52.15	0.9955728881381681
52.25	0.9933615681467965
52.35	0.9905283468543327
52.45	0.987287110944399
52.550000000000004	0.9874536926934778
52.65	0.9838287537980829
52.75	0.9843020364447306
52.85	0.9819577741354023
52.95	NaN
53.050000000000004	0.9786754745879731
53.15	NaN
53.25	0.9772161078380431
53.35	0.9758473123297388
53.45	0.9763510828628239
53.550000000000004	NaN
53.65	0.9785495701439398
53.75	NaN
53.85	0.9792850337704265
53.95	0.9798700256372322
54.050000000000004	NaN
54.15	0.9834503627848972
54.25	NaN
54.35	0.9848697433031758
54.45	0.9858021966276482
54.550000000000004	NaN
54.65	0.9883952664357892
54.75	0.9916777361607587
54.85	0.9919954092523181
54.95	0.9959463536813897
55.050000000000004	0.9970191146111396
55.15	1.000906422847957
55.25	1.0015018922601757
55.35	1.0094081888110726
55.45	1.0065061691307073
55.550000000000004	1.0103974694982512
55.65	1.012237275399412
55.75	1.0109423671800348
55.85	1.0149563006685045
55.95	1.0165950309973912
56.050000000000004	1.0171743187153213
56.15	1.0181987872415064
56.25	1.0165241022030211
56.35	1.0207519945625325
56.45	1.0207491315769106
56.550000000000004	1.0207605475683907
56.65	1.0208442607686479
56.75	NaN
56.85	1.0193545061344977
56.95	1.0227019865864595
57.050000000000004	1.0189970542048996
57.15	1.0191901736802915
57.25	1.019022187252738
57.35	NaN
57.45	1.0152057518010758
57.550000000000004	1.013316531221911
57.65	1.0110623352229535
57.75	1.0117050379742927
57.85	1.0067804819293098
57.95	1.0046285387911469
58.050000000000004	1.005915708775274
58.15	1.0015898494428395
58.25	1.002262715552404
58.35	0.9972474052637865
58.45	NaN
58.550000000000004	0.9940123593323846
58.65	0.9926355944038171
58.75	NaN
58.85	0.9902411016177481
58.95	NaN
59.050000000000004	0.9874517202118185
59.15	0.9858989653389288
59.25	0.9851114799012264
59.35	0.9840597226754995
59.45	0.983346142995238
59.550000000000004	0.9818558648225443
59.65	0.9806457276137759
59.75	0.9811199403073302
59.85	NaN
59.95	0.9812416517522032
60.050000000000004	NaN
60.15	0.9822708259164243
60.25	0.9826874796167414
60.35	NaN
60.45	0.9868737855825629
60.550000000000004	0.9878257969999877
60.65	0.989897372547953
60.75	0.987956561375716
60.85	0.9874703965986839
60.95	0.9920551889704069
61.050000000000004	0.9945842194297317
61.15	0.9954577763989595
61.25	0.9980367072512561
61.35	0.9985524576300505
61.45	1.0019905304712697
61.550000000000004	NaN
61.65	1.0041269012262273
61.75	NaN
61.85	NaN
61.95	1.0123442548121973
62.050000000000004	1.0102808050136327
62.15	1.0113967453304646
62.25	1.0143678071994575
62.35	1.0148716379322513
62.45	1.0143979094064621
62.550000000000004	1.0146451015505078
62.65	1.0176175438000916
62.75	1.0177877244616866
62.85	1.01570711771198
62.95	1.0192768168000332
63.050000000000004	1.015762493737159
63.15	1.0176921616731678
63.25	NaN
63.35	1.0152090184341611
63.45	1.0154600200117925
63.550000000000004	1.0132304177710525
63.65	1.0127337506192224
63.75	1.0122979325318748
63.85	1.0112942757576324
63.95	1.006955478100521
64.05	1.007392248157689
64.14999999999999	1.0060141440501402
64.25	1.0041465533610923
64.35	1.0001643362867865
64.44999999999999	1.0007708809562352
64.55	0.9997678709623657
64.64999999999999	0.9968667390078922
64.75	0.9935778656473916
64.85	0.9956445916155349
64.94999999999999	0.9925719733985169
65.05	0.9933986554246564
65.14999999999999	0.9906999389110277
65.25	NaN
65.35	0.9894541708540793
65.44999999999999	NaN
65.55	0.9861479642664676
65.64999999999999	0.9857491278783648
65.75	0.9856264079167402
65.85	0.9844375445333724
65.94999999999999	0.9843817951937769
66.05	NaN
66.14999999999999	0.9844048592027799
66.25	0.9848094376669448
66.35	0.9835690018285936
66.44999999999999	0.9854871737134201
66.55	0.9855692944562
66.64999999999999	NaN
66.75	0.9894166830502218
66.85	NaN
66.94999999999999	NaN
67.05	0.9915352406335337
67.14999999999999	0.9926002765188965
67.25	0.9935690370691602
67.35	0.9955926341901763
67.44999999999999	0.9963349537297784
67.55	0.9958456757091794
67.64999999999999	NaN
67.75	NaN
67.85	1.0038241223142597
67.94999999999999	1.0028923517171258
68.05	1.0052880065162642
68.14999999999999	1.0079170065276717
68.25	NaN
68.35	1.0085531456344508
68.44999999999999	1.0107516383080868
68.55	1.0126649992508072
68.64999999999999	NaN
68.75	1.0135063320216908
68.85	1.0121836242106816
68.94999999999999	1.0154627325922572
69.05	1.0139414390412704
69.14999999999999	1.0135441662294722
69.25	1.0143344872617626
69.35	1.01350150105441
69.44999999999999	NaN
69.55	1.013487223546161
69.64999999999999	1.0142168717311986
69.75	NaN
69.85	1.0086649727678643
69.94999999999999	NaN
70.05	1.0089608724040533
70.14999999999999	1.0083093745599923
70.25	NaN
70.35	1.0058769510784773
70.44999999999999	NaN
70.55	1.0034629817662735
70.64999999999999	1.0018300611797926
70.75	1.0034513789237907
70.85	1.0017732715354821
70.94999999999999	0.9981739204358173
71.05	0.9943101933303806
71.14999999999999	0.9965024182032609
71.25	NaN
71.35	0.9929817870767953
71.44999999999999	0.9927146524474404
71.55	0.9901225110397142
71.64999999999999	0.9901772331097722
71.75	0.9893120223921819
71.85	0.9892034552043918
71.94999999999999	0.986589130535028
72.05	NaN
72.14999999999999	NaN
72.25	NaN
72.35	NaN
72.44999999999999	0.988417063361989
72.55	0.9879556412088566
72.64999999999999	0.9871595550257858
72.75	NaN
72.85	0.9878941298127784
72.94999999999999	0.9895052737100758
73.05	0.9897744190230705
73.14999999999999	0.9897367484473899
73.25	0.989703719080469
73.35	0.994492465252866
73.44999999999999	NaN
73.55	0.9955304747541003
73.64999999999999	NaN
73.75	NaN
73.85	0.99722297640593
73.94999999999999	0.99922311837172
74.05	1.0005245376403449
74.14999999999999	1.005312861384802
74.25	1.0048234030876069
74.35	1.0052771125997315
74.44999999999999	1.0053817637496667
74.55	1.0070480384632814
74.64999999999999	1.008633743953013
74.75	1.008825261251813
74.85	1.0094888552438377
74.94999999999999	1.0142353782785503
75.05	1.0097460183691562
75.14999999999999	1.0128109181745546
75.25	NaN
75.35	NaN
75.44999999999999	NaN
75.55	1.0122193345238737
75.64999999999999	NaN
75.75	NaN
75.85	1.010892896087501
75.94999999999999	1.0112076344891812
76.05	1.0107114207406096
76.14999999999999	1.0080227582119534
76.25	NaN
76.35	1.0087435646153453
76.44999999999999	NaN
76.55	1.006782968076036
76.64999999999999	1.0048520398595444
76.75	NaN
76.85	NaN
76.95	NaN
77.05	NaN
77.14999999999999	0.9977845132576909
77.25	0.9988819486844299
77.35	0.9983793009099248
77.45	0.9961002428837746
77.55	0.9944833813085655
77.64999999999999	0.9933274231195247
77.75	0.9927714257879994
77.85	0.9920517205998248
77.95	0.9931350137707959
78.05	0.9888528263149192
78.14999999999999	0.989837237533539
78.25	0.9903172421763015
78.35	0.9899950836889592
78.45	NaN
78.55	NaN
78.64999999999999	0.9872880063725357
78.75	0.9895966124599963
78.85	NaN
78.95	0.9889624401873621
79.05	NaN
79.14999999999999	NaN
79.25	0.991002010148292
79.35	NaN
79.45	0.9933576104143753
79.55	0.992809083310044
79.64999999999999	NaN
79.75	0.9938189390127256
79.85	0.9956233110008239
