0.15	0.01903405335348142
0.25	0.019412275237763326
0.35	0.019265788324928868
0.45	0.01921019185423924
0.55	0.019312944349863137
0.65	0.019273330036448495
0.7500000000000001	0.019505170801177113
0.85	0.019900947881511834
0.95	0.020338380665162505
1.05	0.020494949109677908
1.15	0.020805327110385245
1.25	0.021185170477789003
1.35	0.02150002240709291
1.45	0.022079481007734072
1.55	0.02261533598030213
1.65	0.02304156623941683
1.75	0.02366367670128371
1.85	0.024342495918483892
1.95	0.025092205295653414
2.05	0.025766326210028563
2.15	0.02663936826419941
2.25	0.02756964788950761
2.35	0.028557905976687066
2.45	0.029545997441499144
2.5500000000000003	0.03075930519396365
2.65	0.03202774395802187
2.75	0.03339134372052285
2.85	0.034826300005686144
2.95	0.0366797171030788
3.0500000000000003	0.038274097866747556
3.15	0.04028208244822301
3.25	0.04243642842917522
3.35	0.04512735752304226
3.45	0.04748291386639344
3.5500000000000003	0.05062018074169414
3.65	0.05367916028227222
3.75	0.05745780552543111
3.85	0.0609947510304926
3.95	0.06583313214357564
4.05	0.07075100665712517
4.1499999999999995	0.07646900661463707
4.25	0.08240770355974636
4.35	0.08992018653381194
4.449999999999999	0.09769054487813217
4.55	0.1065995269610014
4.6499999999999995	0.11661630607093681
4.75	0.12924230677016324
4.85	0.14295475938460928
4.95	0.15929989328928665
5.05	0.17719969850724623
5.1499999999999995	0.19954413681307248
5.25	0.2245452344795021
5.35	0.25460412966617374
5.45	0.2917518043749681
5.55	0.33570780923485055
5.6499999999999995	0.3872913571787036
5.75	0.4536145163859812
5.85	0.5296354049415978
5.95	0.6250024766245785
6.05	0.7451933434686979
6.1499999999999995	0.8992197745241538
6.25	1.0812703730369295
6.35	1.3030992677524509
6.45	1.578708023080329
6.55	1.8892475152453545
6.6499999999999995	2.22197244732932
6.75	2.5366416462316614
6.85	2.790123433108807
6.95	2.9292072096479274
7.05	2.9158752308479485
7.1499999999999995	2.7715537139652073
7.25	2.5505855222801417
7.35	2.2935463409275445
7.45	2.0396145207384504
7.55	1.8131115105110343
7.6499999999999995	1.6086870556063697
7.75	1.4315533687353892
7.85	1.281955569463216
7.95	1.160072679624563
8.05	1.060698965836048
8.15	0.9742173553751023
8.25	0.8996792710459448
8.350000000000001	0.8383234397380203
8.450000000000001	0.7859589562497995
8.55	0.7429263878713585
8.65	0.7064776489534058
8.75	0.6772708506091696
8.850000000000001	0.6510640911027548
8.950000000000001	0.6293491826753713
9.05	0.6123027985486824
9.15	0.5965085369019977
9.25	0.5870826128155483
9.350000000000001	0.5788362928984473
9.450000000000001	0.5731773465983125
9.55	0.5693932107532607
9.65	0.5694123617209508
9.750000000000002	0.5695487983943387
9.85	0.572660946746626
9.95	0.5775768390055913
10.049999999999999	0.5851235680437352
10.149999999999999	0.594649852794049
10.25	0.6054398945210008
10.35	0.6192489230105912
10.45	0.6351235165094216
10.549999999999999	0.6516711584742224
10.649999999999999	0.6724457328998554
10.75	0.6959564416530296
10.85	0.720097938003454
10.95	0.747839922754711
11.049999999999999	0.7786754816848606
11.149999999999999	0.8111189854166091
11.25	0.8439230090777059
11.35	0.8819891109414074
11.45	0.9212675919631214
11.549999999999999	0.9599887702372745
11.649999999999999	1.0030881546420465
11.75	1.045314831563848
11.85	1.084915791889182
11.95	1.1246331306035497
12.049999999999999	1.164178059259735
12.149999999999999	1.19946755408855
12.25	1.2329748903421203
12.35	1.2604851452764005
12.45	1.2862350801094795
12.549999999999999	1.3036360878383322
12.649999999999999	1.317896925549369
12.75	1.3300500167364577
12.85	1.3376166674170868
12.95	1.339889498190444
13.049999999999999	1.3385079032440879
13.149999999999999	1.3329263531898317
13.25	1.3286816326820272
13.35	1.315920003217826
13.45	1.302525628357459
13.549999999999999	1.286123893810185
13.649999999999999	1.2663427618920173
13.75	1.2423668106702972
13.85	1.2190991062542365
13.95	1.192091559115206
14.049999999999999	1.1586985129827265
14.149999999999999	1.1273502048541217
14.25	1.096390236740327
14.35	1.0643233062201998
14.45	1.0336116861647235
14.549999999999999	1.00207476684771
14.649999999999999	0.9738765658488934
14.75	0.9446334423104858
14.85	0.921948767184016
14.95	0.896743866140097
15.049999999999999	0.8765221025063207
15.149999999999999	0.8569365473817391
15.25	0.8391181234215388
15.35	0.8266768082105248
15.45	0.8128139919257222
15.549999999999999	0.8048524635364612
15.649999999999999	0.7951483677214624
15.75	0.7892595085301146
15.85	0.7860888170472635
15.95	0.7827314976257378
16.05	0.7821064173532951
16.15	0.781777768482806
16.25	0.7869271746542639
16.349999999999998	0.7912849088865408
16.45	0.7979681654701197
16.55	0.8059908498651199
16.65	0.8159342345231648
16.75	0.8290317752412506
16.849999999999998	0.8386269040696142
16.95	0.8526511410807924
17.05	0.8696099732176645
17.15	0.8863321450595619
17.25	0.9047421661260014
17.349999999999998	0.9233650065803207
17.45	0.9425237742976839
17.55	0.9615339615550337
17.65	0.9827014091190506
17.75	1.005217582672607
17.849999999999998	1.02733772798888
17.95	1.047650795296137
18.05	1.0669277939483892
18.15	1.08555220462169
18.25	1.102953155013572
18.349999999999998	1.1175648858246094
18.45	1.133307595884529
18.55	1.1469367362434506
18.65	1.156836678301648
18.75	1.1631835592848643
18.849999999999998	1.170648155241212
18.95	1.1771085057759283
19.05	1.1770754419098062
19.15	1.1750180938437236
19.25	1.1725589195479278
19.35	1.1681128172829083
19.45	1.1623819198040217
19.55	1.1522047990722188
19.65	1.141699697319414
19.75	1.1320989235139347
19.85	1.1194384442146605
19.95	1.10810041425246
20.05	1.0928371705812057
20.15	1.0806395066159864
20.25	1.0659110388766089
20.35	1.0525745560242683
20.45	1.037673552505359
20.55	1.0231541845124654
20.65	1.0093005184526935
20.75	0.9980952698785057
20.85	0.984449707533757
20.95	0.9699584900552302
21.05	0.9599518609819697
21.15	0.9467293237829146
21.25	0.936543316347843
21.35	0.9277050594693048
21.45	0.9187073265624204
21.55	0.908754457525705
21.65	0.9017235828189932
21.75	0.8980762935816283
21.85	0.8915954878133276
21.95	0.8886710491159153
22.05	0.8852013617778778
22.15	0.8809463798622345
22.25	0.8807810704275191
22.35	0.8799433442994827
22.45	0.8797905655568707
22.55	0.8818444714228714
22.65	0.8865325870685625
22.75	0.8899382660185183
22.85	0.8969984883823294
22.95	NaN
23.05	0.9092581110646006
23.15	0.9182728389046004
23.25	0.9266936343833672
23.35	0.9359423056513596
23.45	0.9467247594043514
23.55	0.9550168225359041
23.65	0.9682579780785924
23.75	0.9797499924701025
23.85	0.9906895425399538
23.95	1.0035341324610854
24.05	1.0140270027695086
24.15	1.025156245006114
24.25	1.0387966300725617
24.35	1.0473401861661857
24.45	1.0582333660331444
24.55	1.0691843699191026
24.65	1.0769594636502382
24.75	1.0830885136159891
24.85	1.0891068601224696
24.95	1.095861198919731
25.05	1.1001387756111325
25.15	1.1042003820558113
25.25	1.106069518858873
25.35	1.1040229791690408
25.45	1.1072146539713816
25.55	1.1014789637661833
25.65	1.099856295120253
25.75	1.0940127297700832
25.85	1.088722649413149
25.95	1.0797009333094865
26.05	1.0757861741002768
26.15	1.0680668607303827
26.25	1.0584358929531692
26.35	1.0501185234506227
26.45	1.0425539651515565
26.55	1.0351529513363458
26.65	1.0248327737608955
26.75	1.0158822777170915
26.85	1.0066421243485082
26.95	0.9983837536345771
27.05	0.990542346447375
27.15	0.9819140414911068
27.25	0.9731955197457496
27.35	0.9671640073288817
27.45	0.9569649660679748
27.55	0.9536996880246613
27.65	0.9483015831602348
27.75	0.9424856512772878
27.85	0.9410011384538282
27.95	0.9345589548808461
28.05	0.9333269009240931
28.15	0.9275489376453491
28.25	0.9268487543127345
28.35	0.9236028826701285
28.45	0.9239178067980591
28.55	0.9250446775323633
28.65	0.9253146968990672
28.75	0.9255959152276249
28.85	0.9271243184409302
28.95	0.9346386160864469
29.05	0.9329029784007042
29.15	0.9384815070209572
29.25	0.9421998585226319
29.35	0.9462048125452829
29.45	0.9527064715662282
29.55	0.9588170988451185
29.65	0.9650161980472646
29.75	0.9709763327598128
29.85	0.97889005165531
29.95	0.9856053617508395
30.05	0.9937744317348788
30.15	1.0023193421701835
30.25	1.0078539727150382
30.35	1.0152009299676734
30.45	1.0212528720983378
30.55	1.0296353855860765
30.65	1.034438503353122
30.75	1.0411994380835354
30.85	1.0483707657555925
30.95	1.052886584271218
31.05	1.0521608400554803
31.15	1.0613095901711431
31.25	1.0640565177971446
31.35	1.0650047741482118
31.45	1.0673913016530892
31.55	1.0674668796509725
31.65	1.0671502059736748
31.75	1.0666353128813668
31.85	1.0647952340747684
31.95	1.0625419892364623
32.05	1.0616095105135017
32.15	1.0570745675593831
32.25	1.0525168745255098
32.35	1.047750114676151
32.45	1.0425781764937212
32.55	1.038616132026372
32.65	1.0319378591701005
32.75	1.0269417261629805
32.85	1.0212644350049584
32.95	1.0144910920657353
33.05	1.0065896690356997
33.15	1.0014591575955722
33.25	0.9948808511634016
33.35	0.9895716313404395
33.45	0.9846282651195527
33.55	0.9799720686188746
33.65	0.9749319136149794
33.75	0.9699843740223846
33.85	0.9665098800929919
33.95	0.9619423882194211
34.05	0.9577924189855512
34.15	0.9530174635912946
34.25	0.9532342073530796
34.35	0.9487285803887779
34.45	0.9500424986715302
34.55	0.9460341856918992
34.65	0.9485118896805437
34.75	0.9445094956086593
34.85	0.9473316753659676
34.95	0.9486020541213249
35.05	0.9482429827073324
35.15	0.9520088716729465
35.25	0.9531117822148377
35.35	0.9558004453520395
35.45	0.9569406985075658
35.55	0.9631517424922378
35.65	0.9667194772029433
35.75	0.9716875716099651
35.85	0.9730708520801863
35.95	0.9792214587457863
36.05	0.9837940666927582
36.15	0.9893984562130844
36.25	0.9938451049058117
36.35	0.9998316161321616
36.45	1.0029176120772263
36.55	NaN
36.65	1.0149363471961799
36.75	1.0191374849867942
36.85	1.029581082227006
36.95	1.0290944387361407
37.05	1.0294473991958417
37.15	1.0343622839046216
37.25	1.0364211088014221
37.35	1.0405473764001913
37.45	1.0437946264148508
37.55	1.0443513339341965
37.65	NaN
37.75	1.0448126835229699
37.85	1.0471604517709145
37.95	1.0452660920218662
38.05	1.0442629196034563
38.15	1.0468177118091981
38.25	1.0440542172564484
38.35	1.0427742405001523
38.45	1.03887629295714
38.550000000000004	1.0372235017964395
38.65	1.0307235907577383
38.75	1.0291997926378242
38.85	1.0249397978564847
38.95	1.019856354692709
39.050000000000004	1.0152831815295273
39.15	NaN
39.25	NaN
39.35	NaN
39.45	NaN
39.550000000000004	0.9943405957146131
39.65	0.991963765905909
39.75	0.9871026396921655
39.85	0.9833597243966224
39.95	0.9817421244729655
40.050000000000004	0.9786158520039573
40.15	NaN
40.25	0.9707856555479901
40.35	0.9668682809359098
40.45	0.9690296020971314
40.550000000000004	0.9643315990130851
40.65	0.9635119944075141
40.75	0.9621088539222014
40.85	0.9628423916805213
40.95	0.9613176153954469
41.050000000000004	0.961477257481676
41.15	0.9629025505837125
41.25	0.9637418807300089
41.35	0.9632457759683498
41.45	0.9654118128987617
41.550000000000004	NaN
41.65	0.9688643055676823
41.75	0.969883112185081
41.85	0.9744751246819334
41.95	0.9771579611510947
42.050000000000004	0.9800435201355256
42.15	NaN
42.25	0.9862837731016485
42.35	0.991094316973904
42.45	0.9920589863133465
42.550000000000004	0.9982866669614193
42.65	1.0010831786261853
42.75	1.0058680072704738
42.85	1.0077086921540381
42.95	1.0112366606029537
43.050000000000004	1.0172311175650086
43.15	1.0184009671389573
43.25	1.0227004125828725
43.35	1.0234594811286266
43.45	1.0255858603124708
43.550000000000004	1.0278759722187116
43.65	NaN
43.75	1.0325325158663177
43.85	1.0331968042487678
43.95	1.0350597103454406
44.050000000000004	1.034571331919445
44.15	1.0333895892985696
44.25	NaN
44.35	1.0334765138207653
44.45	1.0326514135898226
44.550000000000004	1.0314495018599081
44.65	1.028920440028393
44.75	1.0274327737947067
44.85	1.023608111936466
44.95	1.0222010958607968
45.050000000000004	1.020612595606625
45.15	1.0195988343742508
45.25	1.014030331821274
45.35	NaN
45.45	1.0087170352964423
45.550000000000004	1.0074462230479633
45.65	NaN
45.75	0.9983325455380175
45.85	0.9962227287004625
45.95	0.992959683901324
46.050000000000004	0.9904070441763958
46.15	0.9858870565118302
46.25	0.9847034826334803
46.35	0.9803586439998833
46.45	0.979313244673204
46.550000000000004	0.97729370399234
46.65	NaN
46.75	0.974246486151996
46.85	0.9730082313712893
46.95	0.9721923866802822
47.050000000000004	0.9700776044548961
47.15	0.9698918937995048
47.25	0.9706414747688195
47.35	0.9729577282851699
47.45	0.9714483796280767
47.550000000000004	0.97347402130288
47.65	0.9727531350752687
47.75	0.974112905482824
47.85	0.9761892690141919
47.95	0.9782203796255154
48.050000000000004	0.9792151097872136
48.15	0.9809629571364279
48.25	0.9842660182606621
48.35	0.9860582917052868
48.45	0.9874550837333205
48.550000000000004	0.9910479961418446
48.65	0.9929708983059349
48.75	0.9959843729426744
48.85	0.9995876656235042
48.95	1.001875132812607
49.050000000000004	1.0049436155307543
49.15	NaN
49.25	1.011078000028304
49.35	1.0138262310345687
49.45	1.016127288080183
49.550000000000004	1.0169366756358293
49.65	1.0201266075977669
49.75	1.0215353507233984
49.85	1.0216980933729314
49.95	1.023719190912824
50.050000000000004	1.0241121176116958
50.15	1.0253697797545065
50.25	1.0266820987446792
50.35	1.0267514472249564
50.45	1.0269351650569476
50.550000000000004	1.0267312788662684
50.65	1.0265676886336634
50.75	1.0238672779632825
50.85	1.022127296368344
50.95	NaN
51.050000000000004	1.0197554592613125
51.15	1.0175767055779992
51.25	1.0165935083593596
51.35	1.0147643292531263
51.45	1.0130568644267792
51.550000000000004	NaN
51.65	1.0079595270867263
51.75	1.0061469484513423
51.85	1.0041788525857236
51.95	0.9999963618920836
52.050000000000004	NaN
52.15	0.9950136612888721
52.25	0.9942290958886244
52.35	0.99083480437947
52.45	0.9888586558605317
52.550000000000004	0.9868964449182909
52.65	0.9870780534711512
52.75	0.9828948224983143
52.85	0.98176025781302
52.95	NaN
53.050000000000004	0.9796647718924965
53.15	NaN
53.25	0.9754714367023148
53.35	0.9771067061054375
53.45	0.9794989768273231
53.550000000000004	NaN
53.65	0.9787677505932834
53.75	NaN
53.85	0.9774749683719303
53.95	0.9754028923067741
54.050000000000004	NaN
54.15	0.9826252333446033
54.25	NaN
54.35	0.9841840259061441
54.45	0.9858706753770105
54.550000000000004	NaN
54.65	0.9896083025991729
54.75	0.9933049355315844
54.85	0.9943928548613603
54.95	0.9957724504280752
55.050000000000004	0.9992515734357558
55.15	1.0016345966588278
55.25	1.003822046767484
55.35	1.0042364011012306
55.45	1.0067312492053817
55.550000000000004	1.0095960281360195
55.65	1.0086732325008234
55.75	1.0128678808228433
55.85	1.0150843389357567
55.95	1.0155024922508824
56.050000000000004	1.01675609407538
56.15	1.0187831239350522
56.25	1.0172003314976819
56.35	1.0193587364564507
56.45	1.022036104115638
56.550000000000004	1.0216172809114874
56.65	1.023371286974033
56.75	NaN
56.85	1.0218339383698072
56.95	1.0190338870934854
57.050000000000004	1.0193965738133888
57.15	1.0194019334668558
57.25	1.0203050532356357
57.35	NaN
57.45	1.0149486260357867
57.550000000000004	1.0128245898769237
57.65	1.0115311761254664
57.75	1.0100529279828758
57.85	1.0054125697787626
57.95	1.0069293908997665
58.050000000000004	1.0047266447195549
58.15	1.0014757423723992
58.25	0.9993912577755578
58.35	0.9978513996197882
58.45	NaN
58.550000000000004	0.9933653446073472
58.65	0.9925888849124344
58.75	NaN
58.85	0.9893426339821277
58.95	NaN
59.050000000000004	0.9864077020804218
59.15	0.9856556697134844
59.25	0.9833679524307585
59.35	0.9830387824558678
59.45	0.982577881653786
59.550000000000004	0.9843199488694899
59.65	0.9812903974086515
59.75	0.9813105377248003
59.85	NaN
59.95	0.982047383709027
60.050000000000004	NaN
60.15	0.9812039970723713
60.25	0.9833237792304156
60.35	NaN
60.45	0.9851080922252227
60.550000000000004	0.9906089369647556
60.65	0.9892472230735938
60.75	0.9894530696787573
60.85	0.9899888426255781
60.95	0.9941312384225051
61.050000000000004	0.9935433503911661
61.15	0.994757906438071
61.25	0.9967946464075372
61.35	1.000712492989028
61.45	0.9998202208794633
61.550000000000004	NaN
61.65	1.002844244053805
61.75	NaN
61.85	NaN
61.95	1.008342290365951
62.050000000000004	1.0112910616775552
62.15	1.0134682113986162
62.25	1.0112955826283578
62.35	1.0137079790584669
62.45	1.0158061948423407
62.550000000000004	1.0163620008411036
62.65	1.018586801206702
62.75	1.0164174824642982
62.85	1.0177536528244098
62.95	1.01786445031705
63.050000000000004	1.018395479024697
63.15	1.0158422980138035
63.25	NaN
63.35	1.0156778349405708
63.45	1.0128771413565663
63.550000000000004	1.0092393808837352
63.65	1.0139847816144518
63.75	1.0111264811313991
63.85	1.0088155651006379
63.95	1.0080473392268918
64.05	1.0072219743865352
64.14999999999999	1.0056089249875937
64.25	1.0053708588374406
64.35	1.0003611055914041
64.44999999999999	1.0021046498442239
64.55	0.998245178974434
64.64999999999999	0.9981762644055032
64.75	0.9956254003753027
64.85	0.994724937510804
64.94999999999999	0.9935797230375801
65.05	0.9939005219957643
65.14999999999999	0.9896989815110965
65.25	NaN
65.35	0.989098003223667
65.44999999999999	NaN
65.55	0.9863776397673621
65.64999999999999	0.9844946801012155
65.75	0.9856053716203135
65.85	0.9847759131565919
65.94999999999999	0.9849976926131697
66.05	NaN
66.14999999999999	0.9861736292362112
66.25	0.984950173542616
66.35	0.9842467317032633
66.44999999999999	0.9855123033102945
66.55	0.9859625653864009
66.64999999999999	NaN
66.75	0.9878178391818466
66.85	NaN
66.94999999999999	NaN
67.05	0.9905956515577684
67.14999999999999	0.993362267188677
67.25	0.9946314287303292
67.35	0.9945695011339111
67.44999999999999	0.9971000104088065
67.55	0.9940574074096709
67.64999999999999	NaN
67.75	NaN
67.85	1.0021447626648687
67.94999999999999	1.0039831061013387
68.05	1.005037203454189
68.14999999999999	1.0063838314663154
68.25	NaN
68.35	1.0077850367996972
68.44999999999999	1.0084419413996557
68.55	1.0117596196998517
68.64999999999999	NaN
68.75	1.0125484179924316
68.85	1.012917980808668
68.94999999999999	1.0128436957985256
69.05	1.014633382644182
69.14999999999999	1.0137500096330956
69.25	1.0132294085854465
69.35	1.0137032997835131
69.44999999999999	NaN
69.55	1.0137911062830747
69.64999999999999	1.0138262773489395
69.75	NaN
69.85	1.0114980250849612
69.94999999999999	NaN
70.05	1.0090665643593677
70.14999999999999	1.0088725336718418
70.25	NaN
70.35	1.00468743336984
70.44999999999999	NaN
70.55	1.0002204336213283
70.64999999999999	0.9992205413704377
70.75	1.0015737068386459
70.85	1.0002405391638889
70.94999999999999	0.9974218562566343
71.05	0.9950400840936834
71.14999999999999	0.99488376923958
71.25	NaN
71.35	0.9934395798158167
71.44999999999999	0.9924535241746759
71.55	0.9913844460003995
71.64999999999999	0.9907816144694432
71.75	0.9907470583739357
71.85	0.988596487105603
71.94999999999999	0.9887842424447266
72.05	NaN
72.14999999999999	NaN
72.25	NaN
72.35	NaN
72.44999999999999	0.9886126042573535
72.55	0.9886208453985346
72.64999999999999	0.9868617252756339
72.75	NaN
72.85	0.9910232363601287
72.94999999999999	0.9896250457908213
73.05	0.9902814284332553
73.14999999999999	0.9911368028969895
73.25	0.9913738277949071
73.35	0.9925435317707635
73.44999999999999	NaN
73.55	0.99516082219423
73.64999999999999	NaN
73.75	NaN
73.85	0.9992124726532781
73.94999999999999	1.0003020734034511
74.05	1.0014197284293616
74.14999999999999	1.002384159006735
74.25	1.00280395471276
74.35	1.0049788771943966
74.44999999999999	1.006812570425178
74.55	1.0069948593620828
74.64999999999999	1.0081216160626607
74.75	1.0085759713435531
74.85	1.0102173391271472
74.94999999999999	1.0064838000134535
75.05	1.010299651040006
75.14999999999999	1.0122222579951292
75.25	NaN
75.35	NaN
75.44999999999999	NaN
75.55	1.0111695054931629
75.64999999999999	NaN
75.75	NaN
75.85	1.0104356713069087
75.94999999999999	1.010343440460889
76.05	1.0100256793935383
76.14999999999999	1.0095491115058801
76.25	NaN
76.35	1.0072931392949949
76.44999999999999	NaN
76.55	1.006146597136743
76.64999999999999	1.0028255964476778
76.75	NaN
76.85	NaN
76.95	NaN
77.05	NaN
77.14999999999999	0.9991343112140132
77.25	0.9975081332871772
77.35	0.9975507034447016
77.45	0.9957444921116938
77.55	0.9951418396692433
77.64999999999999	0.9919045330815756
77.75	0.9921964096308159
77.85	0.9919316026179963
77.95	0.9910136375027403
78.05	0.9919445855639201
78.14999999999999	0.9905484860736853
78.25	0.9905276920360037
78.35	0.9903045629070091
78.45	NaN
78.55	NaN
78.64999999999999	0.990518568296326
78.75	0.9886170061413321
78.85	NaN
78.95	0.9896055444230031
79.05	NaN
79.14999999999999	NaN
79.25	0.9920080342167164
79.35	NaN
79.45	0.9902709665760109
79.55	0.9928508512960913
79.64999999999999	NaN
79.75	0.9956620432071264
79.85	0.9957201814714213
