0.15	0.034991170852309884
0.25	0.03704353091509942
0.35	0.037078568249718745
0.45	0.037178414205875775
0.55	0.037943205817889014
0.65	0.03820594176199465
0.7500000000000001	0.03813465444344561
0.85	0.03828512957664232
0.95	0.03899651245255289
1.05	0.039881212948023805
1.15	0.04014018105889087
1.25	0.041079240568360306
1.35	0.04195584060021683
1.45	0.04295254415823352
1.55	0.043595005038571874
1.65	0.044806824893842426
1.75	0.046004538962438044
1.85	0.04750336808054742
1.95	0.04890222187808244
2.05	0.050300178878939006
2.15	0.05209990166506243
2.25	0.05393888234851644
2.35	0.05597595655528125
2.45	0.058006601771052164
2.5500000000000003	0.060388904165650084
2.65	0.06301594607640512
2.75	0.06587811397871406
2.85	0.06910270374084254
2.95	0.07243881528116898
3.0500000000000003	0.07602142163924232
3.15	0.0804511536109004
3.25	0.08475098623560388
3.35	0.08988377498855356
3.45	0.09554787385476322
3.5500000000000003	0.10159598679563822
3.65	0.10793487477442743
3.75	0.11606331991785897
3.85	0.12386178521120722
3.95	0.1335983021759522
4.05	0.14362783919377106
4.1499999999999995	0.1549653048464632
4.25	0.16797245579244532
4.35	0.18302052561256268
4.449999999999999	0.20037212565290807
4.55	0.2199701333180311
4.6499999999999995	0.24173024201458987
4.75	0.2680310813485772
4.85	0.29488315326657566
4.95	0.33010335717397005
5.05	0.36916869464601604
5.1499999999999995	0.41340317496156975
5.25	0.4633950449532618
5.35	0.5236088917921397
5.45	0.5985188873442715
5.55	0.6764099817229201
5.6499999999999995	0.7744977941134178
5.75	0.8850009188229636
5.85	1.012747404657842
5.95	1.15007935810329
6.05	1.3075168818972351
6.1499999999999995	1.4815149406088501
6.25	1.6488628505121798
6.35	1.8125133928908417
6.45	1.9564098132811758
6.55	2.0653989965696575
6.6499999999999995	2.1219200428241254
6.75	2.1344718308034523
6.85	2.1053340273746377
6.95	2.0308462627586654
7.05	1.9314905922446715
7.1499999999999995	1.8186831338070457
7.25	1.7015083775561173
7.35	1.5860926843968206
7.45	1.4749599627529688
7.55	1.3718516405308467
7.6499999999999995	1.2788085407693746
7.75	1.194574257493372
7.85	1.123332724281385
7.95	1.0560484795744811
8.05	0.999215567371651
8.15	0.9452616347699054
8.25	0.9022452978195935
8.350000000000001	0.8612000620952072
8.450000000000001	0.8298527280111295
8.55	0.8002014358987571
8.65	0.7765252788639723
8.75	0.755813847045248
8.850000000000001	0.7387950120829817
8.950000000000001	0.7224361223899751
9.05	0.7099621129000709
9.15	0.7006524230399656
9.25	0.6950596323977088
9.350000000000001	0.6892778120457002
9.450000000000001	0.6866254198494307
9.55	0.686504359679128
9.65	0.687230297441456
9.750000000000002	0.6905247043569227
9.85	0.6958856234315879
9.95	0.7025082032659774
10.049999999999999	0.710340421101456
10.149999999999999	0.7210686277389844
10.25	0.7345397624765065
10.35	0.7477387065100132
10.45	0.7620735426798103
10.549999999999999	0.7789187135201951
10.649999999999999	0.7984469882421709
10.75	0.8176476122835806
10.85	0.8403940446233222
10.95	0.8626056167735063
11.049999999999999	0.8863435051409861
11.149999999999999	0.9096131651095313
11.25	0.9351715197768299
11.35	0.9622526758087591
11.45	0.9908589913143019
11.549999999999999	1.0188131651369579
11.649999999999999	1.0450069560099904
11.75	1.071516736002272
11.85	1.0977466425086235
11.95	1.1243697459805684
12.049999999999999	1.1454472901575932
12.149999999999999	1.1664259315796774
12.25	1.1865603436961898
12.35	1.2032241364542289
12.45	1.2178838645196843
12.549999999999999	1.2281871280232959
12.649999999999999	1.233770316085761
12.75	1.2388532053568024
12.85	1.2405818435033744
12.95	1.2379389333355302
13.049999999999999	1.2344316405983549
13.149999999999999	1.2257952989865513
13.25	1.2159424901515556
13.35	1.1985901215008403
13.45	1.1859304726241198
13.549999999999999	1.1703351555928814
13.649999999999999	1.148997976353735
13.75	1.1296117072652638
13.85	1.1102466318558168
13.95	1.0887482623082283
14.049999999999999	1.0678804848554682
14.149999999999999	1.0471114099616634
14.25	1.0244567495689494
14.35	1.0072326006230155
14.45	0.9865794779003655
14.549999999999999	0.9685348718108793
14.649999999999999	0.9528247623256257
14.75	0.9375199515131123
14.85	0.9249636878614452
14.95	0.9119708002401421
15.049999999999999	0.8996870480879767
15.149999999999999	0.888663138672333
15.25	0.8826491082589208
15.35	0.8750140910306871
15.45	0.8685819947195617
15.549999999999999	0.8636033156820284
15.649999999999999	0.8613952400451498
15.75	0.8579081180145753
15.85	0.8571778299790226
15.95	0.8589885135217645
16.05	0.8596745843132635
16.15	0.8625558623507831
16.25	0.8686432089110753
16.349999999999998	0.8729467887103973
16.45	0.8766190561233482
16.55	0.8859830179240953
16.65	0.8932423504209928
16.75	0.9046545835268326
16.849999999999998	0.9127789098652088
16.95	0.9227658147679872
17.05	0.9336666345054313
17.15	0.9465839295417711
17.25	0.9582568622562436
17.349999999999998	0.9686968662835468
17.45	0.9836999231448449
17.55	0.9964023994442184
17.65	1.0086418619567636
17.75	1.0203683127572625
17.849999999999998	1.0331241037499415
17.95	1.0436237684292247
18.05	1.0561669362732895
18.15	1.0659988014067299
18.25	1.0775300786389332
18.349999999999998	1.0825581278462448
18.45	1.0904428426999186
18.55	1.0983905485426468
18.65	1.1023673857039384
18.75	1.1089442867488397
18.849999999999998	1.108210114080292
18.95	1.1136109974291284
19.05	1.1114240154611978
19.15	1.1089140478514659
19.25	1.1077073635072978
19.35	1.104057090398015
19.45	1.1002451857218845
19.55	1.0921833793611062
19.65	1.0864542812129614
19.75	1.0801594357959554
19.85	1.068180388831272
19.95	1.0601838650037123
20.05	1.0526286555392514
20.15	1.0426935087437783
20.25	1.0350402862650563
20.35	1.0240676861453597
20.45	1.017866423129148
20.55	1.0056458831137396
20.65	0.9969886410028015
20.75	0.9867411843756553
20.85	0.9790603157757718
20.95	0.9695736826308826
21.05	0.9631646705538315
21.15	0.9575104856197908
21.25	0.9502943479020923
21.35	0.944528248802639
21.45	0.93843977388378
21.55	0.9341310554514254
21.65	0.9305426215156615
21.75	0.9301244081285387
21.85	0.9248958642285938
21.95	0.9243842431337187
22.05	0.9230190501524426
22.15	0.9224797433521333
22.25	0.9233191410776707
22.35	0.9251728294425356
22.45	0.9282553195236007
22.55	0.9317455785217241
22.65	0.9304856259767409
22.75	0.9342412506178577
22.85	0.9415608379222885
22.95	0.9445314655570062
23.05	0.9492122535146114
23.15	0.9565655272696455
23.25	0.9634270690208158
23.35	0.9685006507624043
23.45	0.9756693045059752
23.55	0.9811625441482729
23.65	0.9909723415607964
23.75	0.9981652308165183
23.85	1.0028556483075455
23.95	1.010122671558347
24.05	1.0161027753121785
24.15	1.024620322902574
24.25	1.0323082427623547
24.35	1.0348664180150622
24.45	1.0414360338863724
24.55	1.0454514872857643
24.65	1.0529204710340176
24.75	1.0554244565405988
24.85	1.05816590857743
24.95	1.0608003347330535
25.05	1.064838641871609
25.15	1.0608433997057547
25.25	1.0633909870050224
25.35	1.0634889396230398
25.45	1.0616745657911584
25.55	1.0597808420524952
25.65	1.0595601138900035
25.75	1.0536457848594016
25.85	1.0512605543048394
25.95	1.0487613465032297
26.05	1.0428046433341576
26.15	1.0389708518996792
26.25	1.0343649481024815
26.35	1.0256295434521263
26.45	1.021697738486681
26.55	1.0163000769465138
26.65	1.0078934603599143
26.75	1.006605974116157
26.85	1.0010907196743895
26.95	0.9936057238615896
27.05	0.9900904640314587
27.15	0.985684467920311
27.25	0.9792515566901471
27.35	0.9765501961812099
27.45	0.9718617058496085
27.55	0.9687161874220431
27.65	0.9645369772712988
27.75	0.9606733133968645
27.85	0.956891208286772
27.95	0.9565615312111447
28.05	0.9538759174100963
28.15	0.9531391521340997
28.25	0.9525995202503009
28.35	0.9521406857779237
28.45	0.9516034045907288
28.55	0.9548138664733197
28.65	0.952615058914237
28.75	0.955783466111426
28.85	0.9562820526001596
28.95	0.9594301144352838
29.05	0.9619026927139661
29.15	0.9650760618168959
29.25	0.9645742285190667
29.35	0.9699592141931664
29.45	0.9745762231707056
29.55	0.9797553134162779
29.65	0.9813776273396405
29.75	0.9887837613415256
29.85	0.9929320656415038
29.95	NaN
30.05	1.000877451816708
30.15	1.0087929315880884
30.25	1.0086936130850905
30.35	1.015282648533792
30.45	1.0171813573531088
30.55	1.019921003715041
30.65	1.0258144076584517
30.75	1.027386811449263
30.85	1.0307841311483406
30.95	1.0341565141187072
31.05	1.0367029918950392
31.15	1.037434550953575
31.25	1.0385671661168359
31.35	1.0400764151245079
31.45	1.0389301938384914
31.55	1.0402715456764047
31.65	1.0385274523202679
31.75	NaN
31.85	1.0383882027408524
31.95	1.0361410998774536
32.05	1.0350140530581873
32.15	1.0329256462135106
32.25	1.0306292537066253
32.35	1.027455976720733
32.45	1.023910452097293
32.55	1.0201879763747004
32.65	1.0147168205137413
32.75	1.0131435770537718
32.85	1.0101323364393457
32.95	1.0063891405004475
33.05	0.9999083371369074
33.15	0.9981110604540686
33.25	0.9945799914774879
33.35	0.9919892401383702
33.45	0.9886565522148264
33.55	0.9862553850591645
33.65	0.9828154529156322
33.75	0.9799646421102072
33.85	0.9754574604785807
33.95	0.9755814829920849
34.05	0.9713891539522694
34.15	0.9689513908730122
34.25	0.9697568100083772
34.35	0.96944522493547
34.45	0.970697999814545
34.55	0.9659642750731662
34.65	0.9666763599379347
34.75	0.9668844788169898
34.85	0.9680649979817861
34.95	0.9691314120599422
35.05	0.9630514762350918
35.15	0.9683679188293342
35.25	0.9714674497082724
35.35	0.9759726969024071
35.45	0.9754362002906534
35.55	0.9788712336202047
35.65	0.980291282018497
35.75	0.9852392203855782
35.85	0.9859430927328494
35.95	0.9906129747475626
36.05	0.9933719672134083
36.15	0.9933995394185586
36.25	0.9981993007528854
36.35	1.0011665164705876
36.45	1.0050971807399833
36.55	1.0070002087790901
36.65	NaN
36.75	1.0144460999607814
36.85	1.015777489611866
36.95	1.0189503809530427
37.05	1.0194259318801533
37.15	1.0234459699935694
37.25	1.0253843851706943
37.35	1.02410430193808
37.45	1.0280174763994894
37.55	1.0284461563339293
37.65	1.0295211208573738
37.75	1.0284410741598344
37.85	1.0269935838477033
37.95	1.0294624359598197
38.05	NaN
38.15	NaN
38.25	1.0214711164316128
38.35	1.0236770753593716
38.45	1.0227644040606128
38.550000000000004	1.0209574258922354
38.65	1.0187789073157338
38.75	1.0151749699903658
38.85	1.0144931634079277
38.95	1.0113828625378343
39.050000000000004	1.0101538041495888
39.15	1.0077431915134676
39.25	1.0046351380796439
39.35	1.000296779848539
39.45	0.9990389366241563
39.550000000000004	0.995736934969878
39.65	NaN
39.75	0.9913465503821446
39.85	0.9883632559815121
39.95	0.9858779050432206
40.050000000000004	0.9884407481992442
40.15	0.9840543131278603
40.25	0.983395055363909
40.35	NaN
40.45	0.9779383002406266
40.550000000000004	0.9778482745652135
40.65	0.9773848021210788
40.75	0.9759579497077856
40.85	0.9765091189832581
40.95	0.9760855327019845
41.050000000000004	0.974583923221174
41.15	0.9757918045947159
41.25	0.9788791617394832
41.35	0.9787640259126955
41.45	0.9788362179632393
41.550000000000004	0.9816318039815652
41.65	0.9825265856633697
41.75	0.9841738148209037
41.85	0.9877009516008763
41.95	0.9880971665764642
42.050000000000004	0.9892079760425444
42.15	0.9915687571706223
42.25	0.9931027560334056
42.35	0.994808702359624
42.45	0.9973804023582021
42.550000000000004	1.0018862995224878
42.65	1.0050488328370148
42.75	1.004643906311191
42.85	1.007802912692032
42.95	1.0078026660070292
43.050000000000004	1.0113884336595722
43.15	NaN
43.25	1.014017605075594
43.35	1.0170631116318503
43.45	1.0162755747684293
43.550000000000004	1.0178552481717895
43.65	NaN
43.75	NaN
43.85	1.0234054603079294
43.95	1.0203755651785367
44.050000000000004	1.020200818621351
44.15	1.020392092207943
44.25	1.0221932210597513
44.35	1.0187500939665302
44.45	NaN
44.550000000000004	1.0187002245851415
44.65	1.0153489877228459
44.75	1.0184223150175091
44.85	1.0146972846474627
44.95	1.012221956050233
45.050000000000004	1.0137833838734498
45.15	1.0097985436022874
45.25	1.0077141306423703
45.35	1.0056874423241606
45.45	1.0039718579081058
45.550000000000004	1.001661673796613
45.65	1.0008096949435588
45.75	NaN
45.85	0.9970530834596564
45.95	NaN
46.050000000000004	0.9953725156089523
46.15	0.9915148679219422
46.25	0.9907992934962278
46.35	NaN
46.45	0.9869198986115109
46.550000000000004	0.98425119423378
46.65	NaN
46.75	0.9844237527814689
46.85	0.9826936354632623
46.95	0.9826192269012604
47.050000000000004	0.9816944250353993
47.15	0.9822886597802218
47.25	0.9818196092482534
47.35	0.9821562692543622
47.45	NaN
47.550000000000004	0.9836873470723504
47.65	0.9858785313249794
47.75	0.985544128167014
47.85	0.984867047145852
47.95	0.9864435740803937
48.050000000000004	0.9851962867175608
48.15	0.9904536987785687
48.25	0.9904294346190706
48.35	0.9933132118555357
48.45	0.9934153954351194
48.550000000000004	0.9945883267981764
48.65	0.9961906997269878
48.75	1.0003222651785324
48.85	1.0000269582331256
48.95	1.0034924038722872
49.050000000000004	1.0032392319343997
49.15	1.0030480376144595
49.25	1.0045049131274442
49.35	1.0075683358048133
49.45	1.0098639113338173
49.550000000000004	1.013780695645883
49.65	1.0119129140221823
49.75	NaN
49.85	1.0147076199172527
49.95	1.0144112329191057
50.050000000000004	1.0144101538083885
50.15	1.0173320634731458
50.25	1.015417877721149
50.35	1.0169774230257966
50.45	1.014631042265976
50.550000000000004	1.0151641028838154
50.65	1.015437184603025
50.75	1.014076762054952
50.85	1.0143383236263313
50.95	1.0138376329951504
51.050000000000004	1.0121168793369757
51.15	1.0106412052647153
51.25	1.0091962721652774
51.35	1.00994474312925
51.45	1.0062843133366794
51.550000000000004	1.0047715045128496
51.65	1.0061713127066096
51.75	1.0064992123343939
51.85	1.0001873495125917
51.95	1.0000025890885456
52.050000000000004	0.9988285933327026
52.15	NaN
52.25	0.9956320361779183
52.35	0.9943631924524091
52.45	0.9929937666922849
52.550000000000004	0.9900971302170211
52.65	0.9919460810166285
52.75	0.9889186357000315
52.85	0.9887278166297356
52.95	0.9862713662221164
53.050000000000004	0.9867562579448582
53.15	0.9864761225441555
53.25	0.986578974919625
53.35	0.9862701092748539
53.45	0.9854832916078718
53.550000000000004	0.9847575999344389
53.65	0.9860971746434816
53.75	0.9894549524349552
53.85	0.988193905598068
53.95	0.9889246120524363
54.050000000000004	0.9879423816931575
54.15	0.9879186378013347
54.25	0.988915715199946
54.35	0.9913933237301243
54.45	0.9908949254299394
54.550000000000004	NaN
54.65	0.9938574274150539
54.75	0.9977591227133119
54.85	0.9982122138458183
54.95	0.9983644153534014
55.050000000000004	0.9999248396827247
55.15	1.0014409207229167
55.25	0.9993134133681535
55.35	1.0047080960082726
55.45	1.0048779814236612
55.550000000000004	1.006575658738577
55.65	NaN
55.75	1.0125038930781172
55.85	1.0094996774053933
55.95	1.010722009655678
56.050000000000004	1.0098949960782992
56.15	1.0117154411322926
56.25	1.0134426648934238
56.35	1.0190686361791352
56.45	1.0159453869043584
56.550000000000004	1.0133758960395582
56.65	1.0120519141088065
56.75	1.0136915379627396
56.85	1.0132023180752234
56.95	1.011978449951229
57.050000000000004	1.0110133306958267
57.15	1.0099830545526256
57.25	1.0102047254135182
57.35	1.0103056820958072
57.45	1.0065298549568606
57.550000000000004	NaN
57.65	1.00496781556451
57.75	1.0045436111682597
57.85	1.0046892687567486
57.95	1.0029808255484896
58.050000000000004	NaN
58.15	1.0003471132723392
58.25	0.9987375903519468
58.35	0.9973710818668204
58.45	0.9974793947391289
58.550000000000004	0.9965175850434588
58.65	0.9960841203570991
58.75	NaN
58.85	0.9935278904102559
58.95	0.9944579804194751
59.050000000000004	0.9923398139546514
59.15	0.9904878526730937
59.25	0.991194035929222
59.35	0.9899077653897025
59.45	0.988010120422607
59.550000000000004	0.9888552808533434
59.65	NaN
59.75	0.9879327240271729
59.85	0.9886154890950962
59.95	0.9898400821225388
60.050000000000004	0.9904104880963616
60.15	0.9890782702860831
60.25	0.9884384749540195
60.35	NaN
60.45	0.993103484646739
60.550000000000004	0.9923233924686883
60.65	0.9931805787725392
60.75	0.9941217664200381
60.85	NaN
60.95	0.9951366366411792
61.050000000000004	0.9977984446339856
61.15	0.9983540738217562
61.25	0.9994297173330504
61.35	0.9994191009404251
61.45	1.0004290256454713
61.550000000000004	1.003001080010464
61.65	1.0019276598051137
61.75	1.004022370634707
61.85	1.0052028270560376
61.95	NaN
62.050000000000004	1.0098843273164917
62.15	1.0078001287365264
62.25	1.0065586654334815
62.35	1.0076166149139187
62.45	NaN
62.550000000000004	1.0087647442812726
62.65	NaN
62.75	NaN
62.85	1.010462793912385
62.95	1.0083715545847187
63.050000000000004	1.0115996751923084
63.15	1.0103366631412487
63.25	1.0098339209188671
63.35	1.008827297336365
63.45	1.0079569977092135
63.550000000000004	1.0071240440554525
63.65	NaN
63.75	1.0044459017955252
63.85	NaN
63.95	1.005228350076112
64.05	1.0031068434648556
64.14999999999999	1.0055106656714907
64.25	1.0025767422255643
64.35	NaN
64.44999999999999	1.0036801903377086
64.55	1.0003781248388226
64.64999999999999	0.9977604394543145
64.75	0.9959688233424207
64.85	0.9972420686585343
64.94999999999999	0.993696901978235
65.05	0.9938148575599366
65.14999999999999	NaN
65.25	0.9931580407599994
65.35	0.9920391353132748
65.44999999999999	0.9907708300867436
65.55	0.9908255171308534
65.64999999999999	NaN
65.75	0.9956110438655442
65.85	0.9904798887047981
65.94999999999999	NaN
66.05	NaN
66.14999999999999	0.9901498277710317
66.25	0.99116824362
66.35	0.9937420764372256
66.44999999999999	0.9897779679282313
66.55	NaN
66.64999999999999	0.9919435699613778
66.75	0.9907719034997293
66.85	NaN
66.94999999999999	NaN
67.05	NaN
67.14999999999999	NaN
67.25	0.9963737880689296
67.35	NaN
67.44999999999999	NaN
67.55	0.9984904744364905
67.64999999999999	0.9998802244160542
67.75	1.0013964928527461
67.85	1.0019963691879308
67.94999999999999	NaN
68.05	1.0052661881868012
68.14999999999999	1.0057127394918213
68.25	1.0049450003421145
68.35	1.005665409289181
68.44999999999999	1.0073482155519846
68.55	1.0065048005423685
68.64999999999999	NaN
68.75	1.0088167657678317
68.85	1.0084325599673023
68.94999999999999	1.008297851936204
69.05	NaN
69.14999999999999	1.009093865696811
69.25	NaN
69.35	1.0084020537125664
69.44999999999999	1.0081661281751744
69.55	1.0073949812578884
69.64999999999999	1.0074852864096797
69.75	1.005503061730103
69.85	1.0062382814281805
69.94999999999999	1.0050662793758134
70.05	NaN
70.14999999999999	1.005381326911639
70.25	1.0039064774818216
70.35	1.00283929237729
70.44999999999999	1.002120374138944
70.55	1.0035617686666396
70.64999999999999	1.0000959395616056
70.75	1.0003795619017324
70.85	0.9994161015410575
70.94999999999999	0.9983113476555737
71.05	0.9987265545382128
71.14999999999999	NaN
71.25	0.9980408404896994
71.35	NaN
71.44999999999999	0.9956917695397154
71.55	0.9943053649842584
71.64999999999999	0.9941656163515721
71.75	0.9938914236256882
71.85	NaN
71.94999999999999	NaN
72.05	0.9915377411429289
72.14999999999999	NaN
72.25	0.9923507202828626
72.35	0.9923006320264912
72.44999999999999	NaN
72.55	NaN
72.64999999999999	0.9913669978440041
72.75	0.9934167979069524
72.85	0.9950142535818297
72.94999999999999	NaN
73.05	0.9950433432034222
73.14999999999999	0.993724541171556
73.25	0.9954538823988189
73.35	0.9957788096052504
73.44999999999999	0.996866239902433
73.55	0.9973573343794089
73.64999999999999	0.9979560973868987
73.75	0.9980996060059935
73.85	0.9993524651986477
73.94999999999999	NaN
74.05	NaN
74.14999999999999	1.0034044259618047
74.25	1.002486029653518
74.35	1.0029892042887376
74.44999999999999	1.0038191466503423
74.55	1.004221837645071
74.64999999999999	NaN
74.75	NaN
74.85	1.0056254191144913
74.94999999999999	1.0068678573958045
75.05	1.004915003051951
75.14999999999999	1.0087603605394482
75.25	1.0066792380532863
75.35	1.0092740150230013
75.44999999999999	1.0072268613723252
75.55	1.0064553000090455
75.64999999999999	1.0071847061534065
75.75	NaN
75.85	1.0057679451687114
75.94999999999999	NaN
76.05	1.0079332753753458
76.14999999999999	1.0062846037811537
76.25	1.0049516366026274
76.35	1.0049838312953947
76.44999999999999	NaN
76.55	1.003292577925068
76.64999999999999	1.0043804119367785
76.75	NaN
76.85	1.001834814754437
76.95	1.0019964661467649
77.05	0.9982487827098019
77.14999999999999	0.9988870561363264
77.25	NaN
77.35	NaN
77.45	NaN
77.55	0.996236840477447
77.64999999999999	NaN
77.75	0.9972678872139391
77.85	0.9938942736202178
77.95	NaN
78.05	0.9946650953486021
78.14999999999999	NaN
78.25	0.9943518200897921
78.35	0.9929911601817224
78.45	NaN
78.55	NaN
78.64999999999999	NaN
78.75	0.9920068078955564
78.85	0.9958760003138494
78.95	0.9932408262169161
79.05	NaN
79.14999999999999	NaN
79.25	0.9940535942918945
79.35	0.9958968715402671
79.45	NaN
79.55	0.9951921469585272
79.64999999999999	NaN
79.75	0.9965503129366216
79.85	0.999906601917611
