0.15	0.0191043770137399
0.25	0.01890980753509835
0.35	0.01906055063823239
0.45	0.019224290516803584
0.55	0.019094818592791208
0.65	0.019353321803775768
0.7500000000000001	0.019540643550171738
0.85	0.02014119671806787
0.95	0.02002089360096807
1.05	0.02044360521801794
1.15	0.020902555055249294
1.25	0.021139063894896722
1.35	0.02159840857939106
1.45	0.021956173887144718
1.55	0.022551838068949927
1.65	0.023029704254019383
1.75	0.023604882116254357
1.85	0.024351037381987094
1.95	0.02509059372949804
2.05	0.02570529325821702
2.15	0.02660152279175961
2.25	0.027540757581646202
2.35	0.028546477172076038
2.45	0.029457242915741262
2.5500000000000003	0.03076698736252181
2.65	0.03201749254894286
2.75	0.03343637048664848
2.85	0.03492365633131558
2.95	0.03666883100659531
3.0500000000000003	0.03839043411536226
3.15	0.04025270405861847
3.25	0.042453060081148485
3.35	0.0450892913635397
3.45	0.047550305402787894
3.5500000000000003	0.05058760517987318
3.65	0.053676075811718064
3.75	0.057462772488998726
3.85	0.06093042264186428
3.95	0.065729200852555
4.05	0.07067924369686493
4.1499999999999995	0.076425599028729
4.25	0.08235720280073164
4.35	0.08993433286385015
4.449999999999999	0.09756680150369818
4.55	0.10654846171545973
4.6499999999999995	0.11672154170771107
4.75	0.12916699965444345
4.85	0.1430346487000153
4.95	0.1594982254717808
5.05	0.1774808947182364
5.1499999999999995	0.1997467335370735
5.25	0.22461918591076457
5.35	0.2549050490658311
5.45	0.2917530112273845
5.55	0.33554717309781457
5.6499999999999995	0.3874447614442843
5.75	0.45402006103872644
5.85	0.5291234966163566
5.95	0.6270556402210301
6.05	0.7463889946825454
6.1499999999999995	0.8992796130279914
6.25	1.0837608156572698
6.35	1.303068246058651
6.45	1.5802036679663112
6.55	1.8857520107721573
6.6499999999999995	2.2210657267551754
6.75	2.540000887570024
6.85	2.789411588215389
6.95	2.9333116691425882
7.05	2.912757930011511
7.1499999999999995	2.773819979633575
7.25	2.55205312559213
7.35	2.2991908671106973
7.45	2.0419244313341904
7.55	1.817149703220768
7.6499999999999995	1.6054216945625173
7.75	1.4326537774338748
7.85	1.282212595455941
7.95	1.160479087794979
8.05	1.0618653484104075
8.15	0.9753308402430122
8.25	0.8989660566362522
8.350000000000001	0.8374168175795909
8.450000000000001	0.7881789886927755
8.55	0.7434919334679513
8.65	0.7051989308244503
8.75	0.6770597904278151
8.850000000000001	0.6513358591195058
8.950000000000001	0.6295941260271164
9.05	0.611987338012521
9.15	0.598110347844858
9.25	0.5875875285054727
9.350000000000001	0.5790388636433423
9.450000000000001	0.5731186075702224
9.55	0.5689245361337633
9.65	0.5680153246359118
9.750000000000002	0.5687606152657086
9.85	0.5731218162139475
9.95	0.5769397329747531
10.049999999999999	0.5835364785165985
10.149999999999999	0.5938377315572443
10.25	0.6052002463056804
10.35	0.6183206409970189
10.45	0.6344657787393457
10.549999999999999	0.6527314818398736
10.649999999999999	0.6710090715070189
10.75	0.6954747552836009
10.85	0.7213370576220471
10.95	0.7475159504960737
11.049999999999999	0.7779362692458015
11.149999999999999	0.809328915576387
11.25	0.8439874867289425
11.35	0.8805182833477125
11.45	0.9205499697208332
11.549999999999999	0.9618426988202171
11.649999999999999	1.0033878040805129
11.75	1.0431523427181943
11.85	1.0848649848518495
11.95	1.1260558424523404
12.049999999999999	1.1640024601944028
12.149999999999999	1.1993852994669476
12.25	1.2309561904013522
12.35	1.260523297521285
12.45	1.2852821916881765
12.549999999999999	1.304762552960432
12.649999999999999	1.3155482425296279
12.75	1.329045474119013
12.85	1.3353909934866446
12.95	1.3430006490414024
13.049999999999999	1.3400621786731253
13.149999999999999	1.3337980233822697
13.25	1.3295891347673505
13.35	1.3157955875389908
13.45	1.3017164071749414
13.549999999999999	1.285712623613473
13.649999999999999	1.264222100534328
13.75	1.2462454316591387
13.85	1.2176468451385172
13.95	1.1903564381197642
14.049999999999999	1.1595188539272816
14.149999999999999	1.1297701805230471
14.25	1.0965326565554836
14.35	1.0657917409802162
14.45	1.0331042032025104
14.549999999999999	1.0040756612253419
14.649999999999999	0.9736872922435332
14.75	0.9438785499232021
14.85	0.9216609602576901
14.95	0.8964454536129028
15.049999999999999	0.8766719878584355
15.149999999999999	0.8578035218038711
15.25	0.8398233052392865
15.35	0.8266025688185712
15.45	0.81320181764393
15.549999999999999	0.8039221422318056
15.649999999999999	0.7951682866295835
15.75	0.789964192862524
15.85	0.7844003999490905
15.95	0.782223207621246
16.05	0.7826320903251571
16.15	0.7839859173432883
16.25	0.7862803195863278
16.349999999999998	0.7915784955130524
16.45	0.7991529672763212
16.55	0.8059844093885202
16.65	0.8146860796270063
16.75	0.8251597139420407
16.849999999999998	0.8389995057474102
16.95	0.8545762742750077
17.05	0.8688409835161066
17.15	0.8850047286676901
17.25	0.9046605434013854
17.349999999999998	0.9231464432889417
17.45	0.9421924620582902
17.55	0.9631895575954655
17.65	0.983672482021535
17.75	1.0061068372602238
17.849999999999998	1.025232637581438
17.95	1.0468650745470627
18.05	1.0656905183145486
18.15	1.0847756407245157
18.25	1.1043225985286518
18.349999999999998	1.1193250684459841
18.45	1.1321429838134214
18.55	1.1475722102355923
18.65	1.1591180752618002
18.75	1.1656374624354222
18.849999999999998	1.1710699715299049
18.95	1.1706120523947978
19.05	1.176493665014697
19.15	1.1762092081919224
19.25	1.1716935052314155
19.35	1.1668612911094058
19.45	1.1607177633726697
19.55	1.1531759222805946
19.65	1.1457827634497775
19.75	1.131000023463627
19.85	1.1212957674143564
19.95	1.1068440347528081
20.05	1.0946220400726605
20.15	1.0803767878285784
20.25	1.0656993193155022
20.35	1.0529326555787517
20.45	1.0370955240570359
20.55	1.0269555370897123
20.65	1.0108070455437335
20.75	0.9960390325665716
20.85	0.9826626144374033
20.95	0.9712448955747109
21.05	0.9596683630972919
21.15	0.9454479007984138
21.25	0.9360281984550725
21.35	0.9283224970259537
21.45	0.9172040302559286
21.55	0.9100851841474978
21.65	0.9023011837242939
21.75	0.8968368278128044
21.85	0.890301271990555
21.95	0.8886528147060866
22.05	0.8850339148216775
22.15	0.8796425345189349
22.25	0.8806656292464267
22.35	0.8808911339884563
22.45	0.8822802618792275
22.55	0.8846553533963624
22.65	0.8870981345066498
22.75	0.8902363341303473
22.85	0.8962099577677902
22.95	NaN
23.05	0.9096280406130147
23.15	0.9172911869670042
23.25	0.9266783656462552
23.35	0.9352286426811112
23.45	0.9447939192599654
23.55	0.9538660332328585
23.65	0.9721538534331321
23.75	0.9772557019507527
23.85	0.9917823411191796
23.95	1.0030304182089587
24.05	1.013772470733891
24.15	1.025608847176243
24.25	1.0400164345681113
24.35	1.0471653877919622
24.45	1.0574753178334595
24.55	1.0709521835681235
24.65	1.0772731346087077
24.75	1.084204088896202
24.85	1.0923298779641497
24.95	1.095218714655914
25.05	1.102862660424565
25.15	1.1019883365739866
25.25	1.1064854074667554
25.35	1.1049571854794893
25.45	1.1046383367526083
25.55	1.101357288863967
25.65	1.0982999345697488
25.75	1.0949025453800114
25.85	1.0881524434381236
25.95	1.0813386090811354
26.05	1.0745483460618601
26.15	1.0689969922254419
26.25	1.0602872935082885
26.35	1.0535228740601814
26.45	1.0443038355950425
26.55	1.0331658523608955
26.65	1.0248949268843077
26.75	1.0159195032189954
26.85	1.0064487830655362
26.95	0.9992251797143396
27.05	0.9890731554053562
27.15	0.9828860310451085
27.25	0.9741353667786223
27.35	0.9665781531052492
27.45	0.9601388938686175
27.55	0.9536916165804071
27.65	0.9469234481672965
27.75	0.9436114832618545
27.85	0.9446548118861633
27.95	0.9338026972080635
28.05	0.9311415800437655
28.15	0.9286471705752107
28.25	0.9264038740121492
28.35	0.926528038015654
28.45	0.9234086134556437
28.55	0.9250519302362185
28.65	0.9233179639593172
28.75	0.927091470506276
28.85	0.9291348085670175
28.95	0.930122544398019
29.05	0.9334543290922933
29.15	0.9381574715176874
29.25	0.9421503667175233
29.35	0.9460121562685243
29.45	0.9526461256094683
29.55	0.9600898200564401
29.65	0.9657276712736512
29.75	0.9752185121052803
29.85	0.979487979138665
29.95	0.9864058574833349
30.05	0.9943029603047113
30.15	0.9992514993789844
30.25	1.0092545745721089
30.35	1.0151947283110643
30.45	1.0215716798886707
30.55	1.0300865307526854
30.65	1.035056093825672
30.75	1.0420668944209035
30.85	1.0497290831799069
30.95	1.0505892561736132
31.05	1.0535911423944024
31.15	1.0609188187361434
31.25	1.0634890923069202
31.35	1.0653162075287994
31.45	1.06732948582726
31.55	1.0693728921724215
31.65	1.0669792746674498
31.75	1.0675928740524812
31.85	1.0663221891205783
31.95	1.0616996073905476
32.05	1.0615262522604192
32.15	1.0547822432116518
32.25	1.0547288636966015
32.35	1.0470071435396575
32.45	1.0447883451320972
32.55	1.0379168440951236
32.65	1.0342972079680446
32.75	1.022796050714988
32.85	1.0208468392366807
32.95	1.0160952965053225
33.05	1.0082647353375642
33.15	1.000604849574003
33.25	0.9960373073110799
33.35	0.9907895403274875
33.45	0.9859815975961582
33.55	0.9809590678077609
33.65	0.9761240933631471
33.75	0.9693087221810739
33.85	0.9663880501633336
33.95	0.9641252036346017
34.05	0.9598029964729979
34.15	0.9564132996639989
34.25	0.9521946551237079
34.35	0.9528079443484574
34.45	0.9493529256430346
34.55	0.9474906057433303
34.65	0.9481202785725663
34.75	0.9465518789908285
34.85	0.9471918195925232
34.95	0.9487328129960285
35.05	0.9507282456844935
35.15	0.9516594758008919
35.25	0.953239037365845
35.35	0.9571080527071991
35.45	0.959713364444923
35.55	0.9643707964065338
35.65	0.9680958982132815
35.75	0.9734198291556375
35.85	0.9762748635422468
35.95	0.9784587371913036
36.05	0.9810554629427233
36.15	0.9886193197632859
36.25	0.9939651378131835
36.35	1.0008870845751305
36.45	1.003644757198274
36.55	NaN
36.65	1.0160448847027395
36.75	1.018161998962424
36.85	1.0153320633358573
36.95	1.0282456054603162
37.05	1.0302885096616314
37.15	1.0334383710571207
37.25	1.0395521809180817
37.35	1.0403307668931678
37.45	1.04300027877326
37.55	1.0441824074512696
37.65	NaN
37.75	1.0505589294063105
37.85	1.044463087282735
37.95	1.0444850200571898
38.05	1.044051364253888
38.15	1.0432264233584134
38.25	1.0431631330417392
38.35	1.0409285349708914
38.45	1.037539220444092
38.550000000000004	1.0353869690622355
38.65	1.033679473679074
38.75	1.0287654878673507
38.85	1.0261452467782732
38.95	1.0229844242869528
39.050000000000004	1.0173108462649985
39.15	NaN
39.25	NaN
39.35	NaN
39.45	NaN
39.550000000000004	0.9947890756667258
39.65	0.991016277990621
39.75	0.9865302634882228
39.85	0.9841757594074246
39.95	0.9797846643681035
40.050000000000004	0.9791227349269843
40.15	NaN
40.25	0.9702547929661133
40.35	0.9681609899667055
40.45	0.9676618895961366
40.550000000000004	0.9636690056265705
40.65	0.9636644516565439
40.75	0.9612639806232818
40.85	0.9631574420935403
40.95	0.9601447788369337
41.050000000000004	0.9622282384145172
41.15	0.9649507822692192
41.25	0.9619537881662502
41.35	0.9641337594456633
41.45	0.9647502618260816
41.550000000000004	NaN
41.65	0.9677584698024725
41.75	0.9707086625625545
41.85	0.9727992127805034
41.95	0.9763542402291443
42.050000000000004	0.979576640377937
42.15	NaN
42.25	0.9865462054253766
42.35	0.9893802844960056
42.45	0.9937697573654614
42.550000000000004	0.9974728179209652
42.65	1.001908144569064
42.75	1.004150406791669
42.85	1.0088461294601698
42.95	1.011270938071385
43.050000000000004	1.0153970117706557
43.15	1.0170354202308076
43.25	1.0239473285426146
43.35	1.0238231425378994
43.45	1.0258776019777747
43.550000000000004	1.0292900192480299
43.65	NaN
43.75	1.032933930635768
43.85	1.0325247861689866
43.95	1.0330911194440286
44.050000000000004	1.0334061272558175
44.15	1.034907572828131
44.25	NaN
44.35	1.0334540665994942
44.45	1.0312665794439928
44.550000000000004	1.0303442582408873
44.65	1.0284731808983787
44.75	1.0261912020751904
44.85	1.0246563818220162
44.95	1.0239680017064705
45.050000000000004	1.0198340709919804
45.15	1.0162412017231182
45.25	1.0150422601551117
45.35	NaN
45.45	1.0095068488249601
45.550000000000004	1.0060046973896626
45.65	NaN
45.75	0.9975997226465747
45.85	0.995666820717308
45.95	0.9914329691495672
46.050000000000004	0.9886162121898815
46.15	0.9869173551855901
46.25	0.9823285861329635
46.35	0.9853589911718785
46.45	0.9788094635437845
46.550000000000004	0.9774385217678884
46.65	NaN
46.75	0.9745584702660683
46.85	0.9740289568831184
46.95	0.9720126866428171
47.050000000000004	0.9713090204155357
47.15	0.9719390718193366
47.25	0.9709829873233167
47.35	0.9698345889899609
47.45	0.9714195454175117
47.550000000000004	0.9729762373590891
47.65	0.9737677191889601
47.75	0.9753137263363596
47.85	0.9766879782452798
47.95	0.977524997326089
48.050000000000004	0.9787282035266416
48.15	0.9844150770959862
48.25	0.982865164740654
48.35	0.9869465464920217
48.45	0.9877093248505038
48.550000000000004	0.9907709829775944
48.65	0.9931946560195819
48.75	0.9963558293854227
48.85	1.0003256718126372
48.95	1.0035478891198113
49.050000000000004	1.00605262870192
49.15	NaN
49.25	1.0096453975901187
49.35	1.0119263988081337
49.45	1.0150896181383582
49.550000000000004	1.0172396585955004
49.65	1.0205142116751753
49.75	1.0213515460390599
49.85	1.0229388432608244
49.95	1.0249726185030934
50.050000000000004	1.025079713442827
50.15	1.0255193144299937
50.25	1.0278058495646138
50.35	1.0277398709016694
50.45	1.0250753673673616
50.550000000000004	1.026842963507227
50.65	1.024355459274976
50.75	1.0249782307635982
50.85	1.022817976791225
50.95	NaN
51.050000000000004	1.021197532106165
51.15	1.0195248457036827
51.25	1.0167612549250813
51.35	1.0154876057202709
51.45	1.0142831191455415
51.550000000000004	NaN
51.65	1.0075383766347659
51.75	1.0062329220160489
51.85	1.004098484320694
51.95	1.0004324882236615
52.050000000000004	NaN
52.15	0.9964122676528655
52.25	0.9932785856262917
52.35	0.9910185134259374
52.45	0.9891991610420818
52.550000000000004	0.9869817914851623
52.65	0.9831223527322804
52.75	0.9837602436510059
52.85	0.9823161399730297
52.95	NaN
53.050000000000004	0.9801138273152635
53.15	NaN
53.25	0.9806624641157261
53.35	0.9769485256712719
53.45	0.9770763861299073
53.550000000000004	NaN
53.65	0.9755972737727048
53.75	NaN
53.85	0.9777171340496768
53.95	0.9788363100965827
54.050000000000004	NaN
54.15	0.9807050823039875
54.25	NaN
54.35	0.984643213383288
54.45	0.9851664164959383
54.550000000000004	NaN
54.65	0.9918078951113207
54.75	0.9918207545041576
54.85	0.9953754216496006
54.95	0.9955202932301843
55.050000000000004	0.9981372698838572
55.15	0.9994281994451952
55.25	1.0009213192789508
55.35	1.0093145785384126
55.45	1.006519853559319
55.550000000000004	1.0095468411765056
55.65	1.0119520466596483
55.75	1.010621999516486
55.85	1.015798743221209
55.95	1.0158908017349266
56.050000000000004	1.0163184591427736
56.15	1.0198143790742338
56.25	1.017078349439506
56.35	1.0209551972403088
56.45	1.017218827134353
56.550000000000004	1.0189163582685197
56.65	1.0218827803371575
56.75	NaN
56.85	1.0198711774500397
56.95	1.0206671253568873
57.050000000000004	1.0191694701737959
57.15	1.0189981365357124
57.25	1.0170472108815511
57.35	NaN
57.45	1.0153676794097626
57.550000000000004	1.012847852353426
57.65	1.0093527583554516
57.75	1.00914477604695
57.85	1.006896850360198
57.95	1.005410895635314
58.050000000000004	1.0025792434195515
58.15	1.0038693641761174
58.25	1.0001133928353139
58.35	0.9995256521729701
58.45	NaN
58.550000000000004	0.9937993952325618
58.65	0.9912131102656262
58.75	NaN
58.85	0.9887104042388856
58.95	NaN
59.050000000000004	0.9893152470066414
59.15	0.9852559193138999
59.25	0.9827876704704448
59.35	0.9823053021028801
59.45	0.9835255661776258
59.550000000000004	0.9816481046059939
59.65	0.9820685800728389
59.75	0.9805310536350127
59.85	NaN
59.95	0.9816456833323097
60.050000000000004	NaN
60.15	0.9825337247803763
60.25	0.9833276172350641
60.35	NaN
60.45	0.9850661618814442
60.550000000000004	0.9892982205941654
60.65	0.9857730137452551
60.75	0.9891276824018661
60.85	0.9927908415597059
60.95	0.9910384631733705
61.050000000000004	0.9939818911413767
61.15	0.9960651250407381
61.25	0.9977964564841517
61.35	0.9992794418247091
61.45	1.0002955645663947
61.550000000000004	NaN
61.65	1.004023879451389
61.75	NaN
61.85	NaN
61.95	1.0097980154990482
62.050000000000004	1.010555978511117
62.15	1.0115653471475246
62.25	1.011960705305377
62.35	1.0137567251107504
62.45	1.0151931680230006
62.550000000000004	1.0158144635992297
62.65	1.014850710262783
62.75	1.0180791221478744
62.85	1.0157442826625112
62.95	1.0156378423154981
63.050000000000004	1.0166533427585167
63.15	1.0150305687350831
63.25	NaN
63.35	1.0151222534010071
63.45	1.016142818268296
63.550000000000004	1.013189601718532
63.65	1.0130595671444393
63.75	1.0104834509314429
63.85	1.0096166945344802
63.95	1.0082413357061757
64.05	1.0092111424274848
64.14999999999999	1.0048521656750362
64.25	1.0052911584334894
64.35	0.998025373459913
64.44999999999999	1.0005227827751835
64.55	0.998786951442909
64.64999999999999	0.9980330685774829
64.75	0.9951340128396806
64.85	0.9936143706581065
64.94999999999999	0.9937259003932174
65.05	0.9904347506783688
65.14999999999999	0.9903336048949372
65.25	NaN
65.35	0.9890990509692438
65.44999999999999	NaN
65.55	0.9869025193120587
65.64999999999999	0.9859832816321581
65.75	0.9851329248425443
65.85	0.9856312393074038
65.94999999999999	0.9840804696305996
66.05	NaN
66.14999999999999	0.9855491899649328
66.25	0.9850838165442816
66.35	0.9847668373050421
66.44999999999999	0.9862587116479682
66.55	0.9871872154011202
66.64999999999999	NaN
66.75	0.9888067183830015
66.85	NaN
66.94999999999999	NaN
67.05	0.9922015254774139
67.14999999999999	0.9923254951172656
67.25	0.9930796701347198
67.35	0.9969013262606616
67.44999999999999	0.9968704255415862
67.55	0.9976184577776358
67.64999999999999	NaN
67.75	NaN
67.85	1.0059280657874494
67.94999999999999	1.0034952455830934
68.05	1.003906767610692
68.14999999999999	1.0064545943553296
68.25	NaN
68.35	1.0085897566299746
68.44999999999999	1.007730250471973
68.55	1.0110045239385455
68.64999999999999	NaN
68.75	1.0119636353904078
68.85	1.0142292734090277
68.94999999999999	1.0148866175797913
69.05	1.0136707579187716
69.14999999999999	1.012393723467324
69.25	1.0157303881103037
69.35	1.012734229564791
69.44999999999999	NaN
69.55	1.0141208110928615
69.64999999999999	1.0115740030805749
69.75	NaN
69.85	1.0110915986564963
69.94999999999999	NaN
70.05	1.0099393583127376
70.14999999999999	1.0095204392580304
70.25	NaN
70.35	1.0057834048318135
70.44999999999999	NaN
70.55	1.0045040074991505
70.64999999999999	1.0005758491763297
70.75	1.0018781347761763
70.85	1.0003178476246979
70.94999999999999	0.9988048528088838
71.05	0.9990834928071362
71.14999999999999	0.993329879407533
71.25	NaN
71.35	0.9930383160769837
71.44999999999999	0.9925929414062691
71.55	0.9910559626745977
71.64999999999999	0.9891801547657763
71.75	0.9892073916974068
71.85	0.9886868390317508
71.94999999999999	0.9896416311603208
72.05	NaN
72.14999999999999	NaN
72.25	NaN
72.35	NaN
72.44999999999999	0.9883454674253731
72.55	0.9875866126034696
72.64999999999999	0.9876656450523962
72.75	NaN
72.85	0.9896925743771711
72.94999999999999	0.989597155352954
73.05	0.9903296518105311
73.14999999999999	0.9916782860360162
73.25	0.9890938523564773
73.35	0.9933486834762045
73.44999999999999	NaN
73.55	0.9954575795972284
73.64999999999999	NaN
73.75	NaN
73.85	0.99949457199107
73.94999999999999	1.0004747226808774
74.05	1.0014410514257173
74.14999999999999	0.9961452885295597
74.25	1.0031341241357146
74.35	1.0046080388520007
74.44999999999999	1.0042587597903296
74.55	1.0074615917571992
74.64999999999999	1.0058468004066505
74.75	1.0090358486603501
74.85	1.0109402499313167
74.94999999999999	1.0062775018933179
75.05	1.012400692435789
75.14999999999999	1.0105824093712565
75.25	NaN
75.35	NaN
75.44999999999999	NaN
75.55	1.0116819558199075
75.64999999999999	NaN
75.75	NaN
75.85	1.0112711023033556
75.94999999999999	1.0113134760020683
76.05	1.008860333442615
76.14999999999999	1.009693946087073
76.25	NaN
76.35	1.0078882771751143
76.44999999999999	NaN
76.55	1.0068213837148243
76.64999999999999	1.003858602600717
76.75	NaN
76.85	NaN
76.95	NaN
77.05	NaN
77.14999999999999	1.0008036918061078
77.25	0.997600281628449
77.35	0.9974265408918854
77.45	0.9960094780940992
77.55	0.9948809195931829
77.64999999999999	0.9943529690354047
77.75	0.992874389201215
77.85	0.9926853962094385
77.95	0.9918041682991356
78.05	0.9900767710009647
78.14999999999999	0.9905754842811814
78.25	0.990558494491333
78.35	0.9888644753145456
78.45	NaN
78.55	NaN
78.64999999999999	0.9897289404058737
78.75	0.98913622265846
78.85	NaN
78.95	0.9893794267723535
79.05	NaN
79.14999999999999	NaN
79.25	0.9906069480067494
79.35	NaN
79.45	0.9931168439412744
79.55	0.9941991700302758
79.64999999999999	NaN
79.75	0.9940159011952945
79.85	0.9960391242957313
