0.15	0.034919945995987085
0.25	0.03661016341698252
0.35	0.036690885755265086
0.45	0.03711301635711114
0.55	0.037156531088364184
0.65	0.03743361102059903
0.7500000000000001	0.03811236818756071
0.85	0.038581650885629856
0.95	0.03918053545460822
1.05	0.03960747583987678
1.15	0.04041927915425506
1.25	0.04089891190215587
1.35	0.042073939959841294
1.45	0.04284198260273646
1.55	0.04371446449838115
1.65	0.04489327657936668
1.75	0.046255776982454797
1.85	0.047694112396349624
1.95	0.04873729756165414
2.05	0.05036957362564104
2.15	0.051951625993133105
2.25	0.05395891008374786
2.35	0.0559007342211401
2.45	0.058034017555606394
2.5500000000000003	0.060146098458882746
2.65	0.06307218553671891
2.75	0.06593024509889402
2.85	0.06908423596959132
2.95	0.07251154621841539
3.0500000000000003	0.07616003559664193
3.15	0.08015788158969513
3.25	0.08471008940919132
3.35	0.08998410079707346
3.45	0.09561103959074632
3.5500000000000003	0.10142918095861075
3.65	0.10786827837037086
3.75	0.11558887273660025
3.85	0.12360920974463449
3.95	0.13368379947262385
4.05	0.14361491971934345
4.1499999999999995	0.15506735841662928
4.25	0.16833713727237581
4.35	0.18318901382599362
4.449999999999999	0.2004834503694721
4.55	0.21996832788693854
4.6499999999999995	0.24164043813224362
4.75	0.2676124818289548
4.85	0.29544401422621047
4.95	0.33059189883321705
5.05	0.3693998430304946
5.1499999999999995	0.4127620467507921
5.25	0.4642925927661698
5.35	0.5229656015934553
5.45	0.598408642503767
5.55	0.6764986982768806
5.6499999999999995	0.7744057853647863
5.75	0.8865634672347791
5.85	1.0130286185488067
5.95	1.1503918210749553
6.05	1.3058299186232947
6.1499999999999995	1.4790738411240667
6.25	1.6506766031540439
6.35	1.814204697797971
6.45	1.9564117619759416
6.55	2.0622732007449525
6.6499999999999995	2.124182587751965
6.75	2.133762399274339
6.85	2.1043344330637908
6.95	2.0336448455090195
7.05	1.9307108676186444
7.1499999999999995	1.8166058014695357
7.25	1.7040988301091025
7.35	1.588823957621689
7.45	1.4736239363984365
7.55	1.3722797472770358
7.6499999999999995	1.2782760576502554
7.75	1.1956449638021445
7.85	1.1232780368058717
7.95	1.0553108403113358
8.05	0.9969455717528939
8.15	0.947363002405124
8.25	0.9022099576868788
8.350000000000001	0.863051273555774
8.450000000000001	0.8304785604086471
8.55	0.8006590409247105
8.65	0.7773149776016566
8.75	0.7563282242843232
8.850000000000001	0.7368504771515025
8.950000000000001	0.7242072920382931
9.05	0.7114071883206802
9.15	0.7011537873320943
9.25	0.6951047253632491
9.350000000000001	0.690058138152321
9.450000000000001	0.6871784677904341
9.55	0.6862870355808209
9.65	0.6879779875403806
9.750000000000002	0.6907133968341447
9.85	0.6965618949599491
9.95	0.7031976542208499
10.049999999999999	0.7120006616865528
10.149999999999999	0.7228102005248177
10.25	0.7345366617576484
10.35	0.7475938220505708
10.45	0.7625597766178912
10.549999999999999	0.7789857004874141
10.649999999999999	0.7964568593016649
10.75	0.8180838117227714
10.85	0.8390873446385887
10.95	0.861203131190702
11.049999999999999	0.8840338494857681
11.149999999999999	0.9102208259104321
11.25	0.9345623970036159
11.35	0.9635769815380875
11.45	0.9920067977073261
11.549999999999999	1.0197644007282676
11.649999999999999	1.0448753235401627
11.75	1.0698988572650685
11.85	1.0978678515797564
11.95	1.1216968952804147
12.049999999999999	1.1448832356430394
12.149999999999999	1.1674628484756382
12.25	1.185330128268651
12.35	1.202338080405991
12.45	1.217311087312427
12.549999999999999	1.2269842213785411
12.649999999999999	1.2333420654034486
12.75	1.240436647916971
12.85	1.2402412435761647
12.95	1.240220407523475
13.049999999999999	1.2349747269090559
13.149999999999999	1.2288368689810305
13.25	1.2135099638348388
13.35	1.2019026323531536
13.45	1.1861066639039266
13.549999999999999	1.169917074653534
13.649999999999999	1.1504451082306983
13.75	1.1300057233110317
13.85	1.108027263165081
13.95	1.0875122745941899
14.049999999999999	1.0665501666103214
14.149999999999999	1.0453137526253309
14.25	1.0255773095540308
14.35	1.0065145393102284
14.45	0.9865908551215886
14.549999999999999	0.9692286900835008
14.649999999999999	0.9518666287432328
14.75	0.9393064924450926
14.85	0.9243340553347819
14.95	0.9102854378508883
15.049999999999999	0.8992405396611847
15.149999999999999	0.8909172006020915
15.25	0.8801754033116231
15.35	0.874730033285994
15.45	0.8680587080923234
15.549999999999999	0.8634447164797057
15.649999999999999	0.8628200595869095
15.75	0.8588880660865057
15.85	0.8587699810117925
15.95	0.8576808517357957
16.05	0.8607026936507777
16.15	0.8638587044053634
16.25	0.8680106750269426
16.349999999999998	0.872801631863265
16.45	0.8778131942313879
16.55	0.8857600222917517
16.65	0.8937683899488834
16.75	0.9040825018521542
16.849999999999998	0.9115869725518073
16.95	0.9238948825383213
17.05	0.9326248706206212
17.15	0.9446293935044716
17.25	0.9588566921347779
17.349999999999998	0.9703774191515724
17.45	0.9823273972873229
17.55	0.9967570926937614
17.65	1.0082625017848397
17.75	1.019804337467677
17.849999999999998	1.0324054356837802
17.95	1.045702993724756
18.05	1.0558921875775165
18.15	1.0656923126470008
18.25	1.0756407771773822
18.349999999999998	1.0846191603681061
18.45	1.0910614906899774
18.55	1.0982251927357793
18.65	1.1027151173785494
18.75	1.1096549498512325
18.849999999999998	1.1100798161358878
18.95	1.1128915117192721
19.05	1.1104321883848876
19.15	1.109479616572407
19.25	1.1086175909624814
19.35	1.1027702113838214
19.45	1.098823359293389
19.55	1.0925646442365737
19.65	1.0848525330610863
19.75	1.0788748452319978
19.85	1.0702351350330854
19.95	1.0612376891568063
20.05	1.0531213297511715
20.15	1.042911845536488
20.25	1.0353581915509287
20.35	1.023861402376047
20.45	1.016080567401375
20.55	1.0064423058168814
20.65	0.99728280906498
20.75	0.9875557064394196
20.85	0.9807533665138265
20.95	0.9688050434855362
21.05	0.9645583015076037
21.15	0.9575771452270749
21.25	0.9490674755990909
21.35	0.9437997913361846
21.45	0.938028108257159
21.55	0.9341337132623734
21.65	0.9301478885526162
21.75	0.928147925479025
21.85	0.9244958313738331
21.95	0.9248987730192791
22.05	0.922970807953911
22.15	0.9229489848858641
22.25	0.9248308035986096
22.35	0.9243918123491607
22.45	0.9268796794533098
22.55	0.9295919956405235
22.65	0.9338289895373644
22.75	0.9354309493909535
22.85	0.940137444511893
22.95	0.9454237164536529
23.05	0.9493559062903119
23.15	0.9558378269679421
23.25	0.9623500892676056
23.35	0.9691530373765384
23.45	0.9763478027350986
23.55	0.9840899986339625
23.65	0.9896864850704306
23.75	0.9984714846434941
23.85	1.0053619846347062
23.95	1.0102820240016634
24.05	1.016848796744627
24.15	1.026010305384901
24.25	1.0315484541257038
24.35	1.0373903477441955
24.45	1.0415691594357224
24.55	1.0458484259146545
24.65	1.0497437914546697
24.75	1.0552444976627635
24.85	1.057357666173534
24.95	1.060577691350393
25.05	1.0567530609609697
25.15	1.0648200382633182
25.25	1.0617490936569525
25.35	1.0638617745744745
25.45	1.062489135836925
25.55	1.0596895422176276
25.65	1.0563417900472571
25.75	1.0542355628195819
25.85	1.0517837570585749
25.95	1.0488783944086713
26.05	1.0438928852110771
26.15	1.0387979451636085
26.25	1.0311899893576792
26.35	1.027294770355298
26.45	1.0227521791065064
26.55	1.0174625110503337
26.65	1.011353587330242
26.75	1.0058612583237123
26.85	1.000152111168364
26.95	0.9965381624305506
27.05	0.989783995569357
27.15	0.984197002102106
27.25	0.9804150778881346
27.35	0.9758014259923325
27.45	0.9707001543928672
27.55	0.9677981161906798
27.65	0.9642501503279777
27.75	0.9610495365879214
27.85	0.9571220279380716
27.95	0.9554286623454287
28.05	0.9545769549767552
28.15	0.9542598799202314
28.25	0.9526497600105697
28.35	0.9519030012336536
28.45	0.9529530172246614
28.55	0.9539221891720988
28.65	0.9540102198344595
28.75	0.9556645332421991
28.85	0.9564793615907785
28.95	0.9589389926138573
29.05	0.9619298352103457
29.15	0.9657269890941321
29.25	0.9672851949443401
29.35	0.9714647582818504
29.45	0.9746422229493378
29.55	0.9787922990916567
29.65	0.9854592748141867
29.75	0.9869974749986619
29.85	0.992128102589894
29.95	NaN
30.05	1.001756809971321
30.15	1.0054584555986834
30.25	1.0123268409175379
30.35	1.0135790659994364
30.45	1.0180365997207081
30.55	1.0223903034285748
30.65	1.0234701838359397
30.75	1.0290099158721544
30.85	1.0304764379820601
30.95	1.0329284945003174
31.05	1.0382519008185118
31.15	1.0390821560446946
31.25	1.0381901100044486
31.35	1.041454284343282
31.45	1.0408456203355438
31.55	1.0412898599728677
31.65	1.0399876775170587
31.75	NaN
31.85	1.0370982922696976
31.95	1.0365995891001774
32.05	1.033839643467969
32.15	1.0323847288907078
32.25	1.0280077526322269
32.35	1.0267765437559027
32.45	1.0246655605080275
32.55	1.0221779816617618
32.65	1.0166154712799316
32.75	1.0133862943572003
32.85	1.009273898190408
32.95	1.004749730059355
33.05	1.002884273616049
33.15	0.9982309102964758
33.25	0.9957228556094843
33.35	0.9901716579685972
33.45	0.9878947033930339
33.55	0.9848375058388082
33.65	0.9826102336022987
33.75	0.9794950143057175
33.85	0.974816598289947
33.95	0.973793286912095
34.05	0.9726715595075275
34.15	0.9679878823876957
34.25	0.9681332105934514
34.35	0.9691271331530988
34.45	0.9706615312763963
34.55	0.9676102872193666
34.65	0.9659600400152526
34.75	0.9678267879408898
34.85	0.9676003412087338
34.95	0.9699876231757605
35.05	0.9739347450260548
35.15	0.9706813217826845
35.25	0.9727024911877219
35.35	0.9741208180672127
35.45	0.9752451022922575
35.55	0.9800685860007293
35.65	0.9841532680204947
35.75	0.9852962119813217
35.85	0.9865578941932048
35.95	0.9898720357369117
36.05	0.9928082708224626
36.15	0.9972426170301228
36.25	0.9977512111894657
36.35	1.0043673797554264
36.45	1.0052293489938797
36.55	1.0093069370259602
36.65	NaN
36.75	1.0158007708163934
36.85	1.0179568855059131
36.95	1.0169439963518074
37.05	1.0211058265515824
37.15	1.0243262630657317
37.25	1.0241032144237978
37.35	1.0254751607455812
37.45	1.026440864758764
37.55	1.02918799088371
37.65	1.0278572863147046
37.75	1.0275154639861628
37.85	1.0301183519717871
37.95	1.0286513106909985
38.05	NaN
38.15	NaN
38.25	1.0212421451589166
38.35	1.024002542647306
38.45	1.0216782062771574
38.550000000000004	1.0202017211485492
38.65	1.0156060338869441
38.75	1.0140925456039012
38.85	1.0142332577093198
38.95	1.0117273438897343
39.050000000000004	1.008795874949962
39.15	1.003995179688851
39.25	1.0037416489969835
39.35	0.9985868156169313
39.45	0.997103501553583
39.550000000000004	0.9957553480725667
39.65	NaN
39.75	0.9923119859960949
39.85	0.988397442060375
39.95	0.9860700072575572
40.050000000000004	0.9818811657818
40.15	0.9825807466373985
40.25	0.97975220713708
40.35	NaN
40.45	0.9797765856855589
40.550000000000004	0.9800367091744674
40.65	0.9769119691481254
40.75	0.9776007164259903
40.85	0.9758333811322903
40.95	0.9758897024830718
41.050000000000004	0.9755452491185194
41.15	0.9771339065535788
41.25	0.976672349874564
41.35	0.9777177905601607
41.45	0.9808555714646048
41.550000000000004	0.981974560858469
41.65	0.9822434098898201
41.75	0.9847334926943754
41.85	0.9879592461097213
41.95	0.986380326412072
42.050000000000004	0.9905015474339504
42.15	0.9906648989595764
42.25	0.9939839765589026
42.35	0.9953981592700663
42.45	0.9996830036522217
42.550000000000004	0.9985949626669542
42.65	1.0020969915419498
42.75	1.0036594318266343
42.85	1.0066299531847942
42.95	1.0087076837713593
43.050000000000004	1.0100754926519075
43.15	NaN
43.25	1.0133526503410784
43.35	1.0143945088553956
43.45	1.0174857735392882
43.550000000000004	1.0150131327755698
43.65	NaN
43.75	NaN
43.85	1.0202568033812707
43.95	1.0181121460510034
44.050000000000004	1.0208766578380746
44.15	1.020513240701784
44.25	1.0220203429359616
44.35	1.0203821128129553
44.45	NaN
44.550000000000004	1.0186846472726776
44.65	1.0160419656298338
44.75	1.0169843386858437
44.85	1.0163535993155308
44.95	1.0132429383468815
45.050000000000004	1.010507033621766
45.15	1.010176098962341
45.25	1.0101269446250274
45.35	1.0061786194203928
45.45	1.004161207076909
45.550000000000004	1.001621967142838
45.65	0.9984571248126402
45.75	NaN
45.85	0.9969422512288617
45.95	NaN
46.050000000000004	0.9935522779048984
46.15	0.9900959297559822
46.25	0.9889259139667107
46.35	NaN
46.45	0.9876847218548372
46.550000000000004	0.985314991868672
46.65	NaN
46.75	0.9833591565909988
46.85	0.9836823623626878
46.95	0.9831008429145466
47.050000000000004	0.9832164971994275
47.15	0.9819724538325948
47.25	0.9820336673247139
47.35	0.9827243346302214
47.45	NaN
47.550000000000004	0.982620081134563
47.65	0.9843086977600506
47.75	0.985158255749595
47.85	0.9868894541588292
47.95	0.9875024065953304
48.050000000000004	0.9873616442947046
48.15	0.9900104611138718
48.25	0.9898932032278995
48.35	0.9919257490557334
48.45	0.9941349904757056
48.550000000000004	0.9965112159563225
48.65	0.9977721085450891
48.75	0.9981163394631793
48.85	1.001012347759672
48.95	1.0039511506713161
49.050000000000004	1.003336634978774
49.15	1.0061498351505536
49.25	1.009330879923647
49.35	1.0074349188698228
49.45	1.009691528435395
49.550000000000004	1.0120496258678695
49.65	1.0122461653193138
49.75	NaN
49.85	1.0127471043068557
49.95	1.0156735399465309
50.050000000000004	1.015963334188246
50.15	1.0154100955432321
50.25	1.0169649540114982
50.35	1.0156241051719328
50.45	1.0155719267412802
50.550000000000004	1.0148808088876309
50.65	1.0135701553464342
50.75	1.0135021158601711
50.85	1.0117907135601172
50.95	1.0128258281575746
51.050000000000004	1.0103873054394368
51.15	1.0144897581768573
51.25	1.0082723170198997
51.35	1.0069935713307054
51.45	1.007307856887732
51.550000000000004	1.0051839227710437
51.65	1.0037442339672549
51.75	1.0052623907335196
51.85	0.9992123223746217
51.95	1.0001941183172431
52.050000000000004	0.9975632328456511
52.15	NaN
52.25	0.9985041790822888
52.35	0.9947622390899626
52.45	0.9920712396970743
52.550000000000004	0.9913464950802253
52.65	0.9922799457372198
52.75	0.9895678557911918
52.85	0.9890823547321079
52.95	0.9872158841816752
53.050000000000004	0.9866880697808265
53.15	0.9892848195321423
53.25	0.9846217637637923
53.35	0.9867575712437164
53.45	0.9867942937837162
53.550000000000004	0.9875276461204282
53.65	0.9858774815241598
53.75	0.9840550286555956
53.85	0.9871199309272376
53.95	0.9881050754955185
54.050000000000004	0.9888868888450841
54.15	0.989182817197707
54.25	0.9904740702072057
54.35	0.9902067704109422
54.45	0.9926292454035772
54.550000000000004	NaN
54.65	0.9926766370423147
54.75	0.9969609027240479
54.85	0.9977035481376482
54.95	0.9997194472890032
55.050000000000004	0.9980231852214628
55.15	0.9987081281546756
55.25	0.9994911460717781
55.35	1.0046895602232067
55.45	1.0037475126146083
55.550000000000004	1.0070613294793507
55.65	NaN
55.75	1.0104799119141825
55.85	1.0081858296270962
55.95	1.0105080612010253
56.050000000000004	1.0124186433601394
56.15	1.0112920180673808
56.25	1.014624080095827
56.35	1.0262018414936511
56.45	1.013186322577051
56.550000000000004	1.0123584124340677
56.65	1.0118352495767218
56.75	1.0122699691533037
56.85	1.0119877091968807
56.95	1.0114903415715657
57.050000000000004	1.0115185287656143
57.15	1.0136376337697504
57.25	1.0107453950173255
57.35	1.0089796759499976
57.45	1.0075301071579845
57.550000000000004	NaN
57.65	1.006405049113252
57.75	1.0075733641483755
57.85	1.0055980167735836
57.95	1.0023989224750847
58.050000000000004	NaN
58.15	1.0010738782891087
58.25	0.9985686401918995
58.35	0.9976468022086922
58.45	0.997337691985501
58.550000000000004	0.9961265931590089
58.65	0.9953787062406139
58.75	NaN
58.85	0.9942393498458134
58.95	0.9924330591280269
59.050000000000004	0.9916634804198284
59.15	0.9913228080506409
59.25	0.9897570376825274
59.35	0.9900994763289023
59.45	0.9895380325026231
59.550000000000004	0.9888861814516986
59.65	NaN
59.75	0.9877059320920508
59.85	0.9900386019793127
59.95	0.9897042017304074
60.050000000000004	0.9904833569959787
60.15	0.9893120086294522
60.25	0.9908490779654717
60.35	NaN
60.45	0.9922282518860034
60.550000000000004	0.9921612514392708
60.65	0.9938452262792409
60.75	0.994478295660039
60.85	NaN
60.95	0.9956889815118433
61.050000000000004	0.9980278592143208
61.15	0.9977720438836595
61.25	0.9993422909510215
61.35	0.9995933666464341
61.45	1.0021006875935508
61.550000000000004	1.0032988953049697
61.65	1.0059291262896877
61.75	1.0054002325801241
61.85	1.0046473666917852
61.95	NaN
62.050000000000004	1.0071592622304568
62.15	1.0073798372894978
62.25	1.0085316219843006
62.35	1.010226629331388
62.45	NaN
62.550000000000004	1.009983259519364
62.65	NaN
62.75	NaN
62.85	1.008690319726647
62.95	1.0090346008781006
63.050000000000004	1.009345935826279
63.15	1.0081490958267665
63.25	1.0099672971095728
63.35	1.010801128696403
63.45	1.011384206343425
63.550000000000004	1.0081540887633968
63.65	NaN
63.75	1.00781021667006
63.85	NaN
63.95	1.0062535360862794
64.05	1.003104048734132
64.14999999999999	1.0037814967057126
64.25	1.0024748153533087
64.35	NaN
64.44999999999999	1.0003210091765027
64.55	0.9977442026557779
64.64999999999999	0.9985999349995599
64.75	0.9974467955209674
64.85	0.9967630643845482
64.94999999999999	0.9964631520477508
65.05	0.9940575169525971
65.14999999999999	NaN
65.25	0.9933002440353087
65.35	0.9923577046337053
65.44999999999999	0.9922362012218002
65.55	0.992615876173083
65.64999999999999	NaN
65.75	0.9904988875846203
65.85	0.9904760131179439
65.94999999999999	NaN
66.05	NaN
66.14999999999999	0.9916099455734061
66.25	0.9913727974865202
66.35	0.9920755758690564
66.44999999999999	0.9918963931292355
66.55	NaN
66.64999999999999	0.9910016722295556
66.75	0.9927886613374208
66.85	NaN
66.94999999999999	NaN
67.05	NaN
67.14999999999999	NaN
67.25	0.9983986744855783
67.35	NaN
67.44999999999999	NaN
67.55	0.9998424474395124
67.64999999999999	0.9992374122627565
67.75	0.9994591062188735
67.85	1.0016209507558962
67.94999999999999	NaN
68.05	1.0030764685978815
68.14999999999999	1.003202447909521
68.25	1.0048879972007676
68.35	1.004828790746602
68.44999999999999	1.0051107016756398
68.55	1.0068860980974745
68.64999999999999	NaN
68.75	1.0075746807817885
68.85	1.008671843406986
68.94999999999999	1.008629111045875
69.05	NaN
69.14999999999999	1.0072822535232346
69.25	NaN
69.35	1.0074412214933397
69.44999999999999	1.008154145280621
69.55	1.0098674859203034
69.64999999999999	1.0066725827184242
69.75	1.0062322417969871
69.85	1.0068050805512034
69.94999999999999	1.005052042026183
70.05	NaN
70.14999999999999	1.004761623148894
70.25	1.0032705090623002
70.35	1.0027363860573464
70.44999999999999	1.0026065935611321
70.55	1.0014755732293659
70.64999999999999	1.000882984466914
70.75	1.0006025974874813
70.85	0.998069101677993
70.94999999999999	0.998588617985818
71.05	0.9982816251435389
71.14999999999999	NaN
71.25	0.9939837069024369
71.35	NaN
71.44999999999999	0.99646122307766
71.55	0.994333507393516
71.64999999999999	0.9932544437661408
71.75	0.9933073555959667
71.85	NaN
71.94999999999999	NaN
72.05	0.993266561819533
72.14999999999999	NaN
72.25	0.9917899977900667
72.35	0.992156832656141
72.44999999999999	NaN
72.55	NaN
72.64999999999999	0.9924596816460606
72.75	0.9939425719487066
72.85	0.9926855604426645
72.94999999999999	NaN
73.05	0.9944696384136176
73.14999999999999	0.9953213594534507
73.25	0.9960155935372166
73.35	0.9968026280732064
73.44999999999999	0.997139420622834
73.55	0.9970651507307993
73.64999999999999	0.998915417885823
73.75	0.9968049479161238
73.85	1.000016129901318
73.94999999999999	NaN
74.05	NaN
74.14999999999999	1.0023051668921694
74.25	1.0011989403574693
74.35	1.0046731804618796
74.44999999999999	1.0042348374018244
74.55	1.0041683477633745
74.64999999999999	NaN
74.75	NaN
74.85	1.005243110062748
74.94999999999999	1.0060762134226695
75.05	1.0058426041026576
75.14999999999999	1.0071721754653395
75.25	1.006529199232674
75.35	1.008686804552293
75.44999999999999	1.006844133671534
75.55	1.0070920472030487
75.64999999999999	1.007068304345396
75.75	NaN
75.85	1.0060926435059685
75.94999999999999	NaN
76.05	1.007351721215242
76.14999999999999	1.006667568312939
76.25	1.0056452716633986
76.35	1.0048293182219534
76.44999999999999	NaN
76.55	1.0028009350225882
76.64999999999999	1.0017354147506274
76.75	NaN
76.85	1.0019678054420313
76.95	1.001751857255079
77.05	0.9998686345341697
77.14999999999999	0.998576506426808
77.25	NaN
77.35	NaN
77.45	NaN
77.55	0.9953331179173149
77.64999999999999	NaN
77.75	0.9969477081611696
77.85	0.9950031652293133
77.95	NaN
78.05	0.9945590211016049
78.14999999999999	NaN
78.25	0.99392321141419
78.35	0.994727493557724
78.45	NaN
78.55	NaN
78.64999999999999	NaN
78.75	0.9935828235862199
78.85	0.9919077906987406
78.95	0.9930230752012191
79.05	NaN
79.14999999999999	NaN
79.25	0.9945465553154408
79.35	0.9965397339187213
79.45	NaN
79.55	0.9950165881669893
79.64999999999999	NaN
79.75	0.9977524530847132
79.85	0.9958804410273492
