0.15	0.01900684909517309
0.25	0.018787020770266904
0.35	0.019519019026373572
0.45	0.019203416515719232
0.55	0.019327151276881747
0.65	0.019589722556109565
0.7500000000000001	0.019639101400721535
0.85	0.01992509273164508
0.95	0.02019087197753085
1.05	0.020457485534451075
1.15	0.020857354313356138
1.25	0.02116549703834359
1.35	0.021603340804564827
1.45	0.022074867175514365
1.55	0.022576636498739595
1.65	0.022923887336773346
1.75	0.02362028841989036
1.85	0.024372551636453382
1.95	0.025136475231059885
2.05	0.025665644009053072
2.15	0.02654839447328304
2.25	0.027526217263843272
2.35	0.028682024865054695
2.45	0.02945641085270121
2.5500000000000003	0.030775995907657235
2.65	0.03205856636119381
2.75	0.033461713806903146
2.85	0.03489541489686038
2.95	0.03670369478284609
3.0500000000000003	0.038330555759041436
3.15	0.040326706651917746
3.25	0.042457743701822453
3.35	0.04510114000192415
3.45	0.04754597128152377
3.5500000000000003	0.05059904042065515
3.65	0.053768374878889816
3.75	0.05743575734732818
3.85	0.061011958043779034
3.95	0.06583107769098157
4.05	0.07086039305038258
4.1499999999999995	0.07638534911413884
4.25	0.08237449870771957
4.35	0.08969198813551067
4.449999999999999	0.0975609134074726
4.55	0.10662033579414339
4.6499999999999995	0.11641414343953169
4.75	0.12904495055339277
4.85	0.14286544481740102
4.95	0.15947667726627904
5.05	0.1771118902983733
5.1499999999999995	0.19969950330840625
5.25	0.2245389885251906
5.35	0.25489110555710504
5.45	0.2927622753683113
5.55	0.33545450314319897
5.6499999999999995	0.3870467671265239
5.75	0.45416232961639375
5.85	0.529374167981642
5.95	0.6259150144080624
6.05	0.7471802041504947
6.1499999999999995	0.9010127146808516
6.25	1.082642894248182
6.35	1.2995416153507307
6.45	1.5773659195076815
6.55	1.8927214488534083
6.6499999999999995	2.220409132210358
6.75	2.5389368051599837
6.85	2.7913040700791787
6.95	2.9277098544189255
7.05	2.911964855185729
7.1499999999999995	2.7723489052795443
7.25	2.555438287149124
7.35	2.294237419877794
7.45	2.0431070494309345
7.55	1.8194680432930899
7.6499999999999995	1.6067275387522129
7.75	1.435688412984253
7.85	1.283685709306362
7.95	1.161917303652734
8.05	1.0613647812323193
8.15	0.9755278399758709
8.25	0.9006038623027756
8.350000000000001	0.8394374382426736
8.450000000000001	0.7888560961885237
8.55	0.7444135328848939
8.65	0.7060239063072881
8.75	0.6773322597261946
8.850000000000001	0.6497841895647476
8.950000000000001	0.6287785189689257
9.05	0.6119567815373531
9.15	0.5982073080684871
9.25	0.5860730899489256
9.350000000000001	0.5795550363157493
9.450000000000001	0.5722825295989866
9.55	0.5696053351346316
9.65	0.5681858855034753
9.750000000000002	0.5697252876851869
9.85	0.5719329995375864
9.95	0.5768559368840465
10.049999999999999	0.5836842224033508
10.149999999999999	0.5952801037936102
10.25	0.6038472505209364
10.35	0.6190837390432351
10.45	0.6336549583515934
10.549999999999999	0.6521774431646988
10.649999999999999	0.6728590138471583
10.75	0.696819813057679
10.85	0.7191086187804758
10.95	0.7455343688974141
11.049999999999999	0.7782507388026013
11.149999999999999	0.811232959004666
11.25	0.8457648416943804
11.35	0.8813725809806726
11.45	0.9188262805294819
11.549999999999999	0.9597542191378603
11.649999999999999	1.0023994810572574
11.75	1.0445360977614824
11.85	1.0847384422295958
11.95	1.1270763063286713
12.049999999999999	1.1640197169986526
12.149999999999999	1.2005525428785804
12.25	1.2327237958636774
12.35	1.2612101033865302
12.45	1.2865536258122274
12.549999999999999	1.3034699456979426
12.649999999999999	1.3197686155253032
12.75	1.3304110549770511
12.85	1.3360645582947046
12.95	1.3383994466789262
13.049999999999999	1.340039907461156
13.149999999999999	1.336657387790437
13.25	1.3290096043727302
13.35	1.3185863318120306
13.45	1.3031574745665127
13.549999999999999	1.285770572187123
13.649999999999999	1.2670285815838804
13.75	1.2445634910174876
13.85	1.2158842932708869
13.95	1.187757026315358
14.049999999999999	1.160147922638408
14.149999999999999	1.129508114433668
14.25	1.0975982137915363
14.35	1.0641179952403796
14.45	1.0348901032778104
14.549999999999999	1.0033830247698143
14.649999999999999	0.9738990512543801
14.75	0.9469594073778782
14.85	0.9204868051321121
14.95	0.8979316506724667
15.049999999999999	0.8762894963884601
15.149999999999999	0.8579833777674544
15.25	0.841139893032918
15.35	0.825911900706434
15.45	0.8142149408276749
15.549999999999999	0.8034173320852104
15.649999999999999	0.7971705958064825
15.75	0.790015410139046
15.85	0.7852379869442805
15.95	0.782513003134692
16.05	0.7831790781800018
16.15	0.7830442725482797
16.25	0.7869038060707044
16.349999999999998	0.7900391723567455
16.45	0.7983844398838509
16.55	0.8050453288827211
16.65	0.8140197571168177
16.75	0.828375684007343
16.849999999999998	0.8397292400885786
16.95	0.8546911879776053
17.05	0.8694807381064049
17.15	0.8849139675363731
17.25	0.9034805189734336
17.349999999999998	0.9234219043908106
17.45	0.9421504488314456
17.55	0.9625620683939828
17.65	0.9851575589712719
17.75	1.004522076929117
17.849999999999998	1.0254069237993604
17.95	1.0475724611110568
18.05	1.0672650320945418
18.15	1.0868477114491326
18.25	1.1011449045737118
18.349999999999998	1.1202637821491146
18.45	1.1335346721130746
18.55	1.1461148897632398
18.65	1.15711531031131
18.75	1.165338150056032
18.849999999999998	1.1701346596228726
18.95	1.177080989519719
19.05	1.1769499408535946
19.15	1.1762796398597595
19.25	1.1711814153460638
19.35	1.1677886598186988
19.45	1.1596346544326852
19.55	1.1523871285752576
19.65	1.141163474732984
19.75	1.132723826173513
19.85	1.1202850204306
19.95	1.1071803654057017
20.05	1.0953448073613559
20.15	1.0805665563331792
20.25	1.067139197810432
20.35	1.0512529161448925
20.45	1.039551501194052
20.55	1.0239195226841722
20.65	1.0098429409002243
20.75	0.9972988233049156
20.85	0.9832506393694757
20.95	0.9719214923829045
21.05	0.9606875921386187
21.15	0.9458734607111678
21.25	0.9344909628797791
21.35	0.9273340247918785
21.45	0.9190288516779354
21.55	0.909522693996695
21.65	0.9043077709072623
21.75	0.8956465124891327
21.85	0.8901272651614315
21.95	0.8854103555531112
22.05	0.8816793954568852
22.15	0.8806761579634523
22.25	0.8792566200961405
22.35	0.879659212829889
22.45	0.8815478763404925
22.55	0.8814308139866169
22.65	0.8861306571733291
22.75	0.89223397158215
22.85	0.8950782027093485
22.95	NaN
23.05	0.9091354535038288
23.15	0.9166055870028132
23.25	0.9272568609328705
23.35	0.93663100445211
23.45	0.9449856086294169
23.55	0.9591875003529955
23.65	0.9680052482080375
23.75	0.9777170933224294
23.85	0.9909839804086886
23.95	1.0034508268355162
24.05	1.0131984846191904
24.15	1.0269903639778906
24.25	1.038205600256972
24.35	1.048803515146776
24.45	1.0595274576929896
24.55	1.068990408183028
24.65	1.075692166508331
24.75	1.0840719360750863
24.85	1.0921456654419701
24.95	1.0964859408922387
25.05	1.1011769594419525
25.15	1.1046999825595891
25.25	1.10486035609427
25.35	1.1059416264922692
25.45	1.1043279254194582
25.55	1.10189999988575
25.65	1.0973422657131184
25.75	1.0929987789419868
25.85	1.0894622762001118
25.95	1.081423770892227
26.05	1.076480227962471
26.15	1.0663636925167326
26.25	1.0585859298173699
26.35	1.0548105953970037
26.45	1.0427428555483447
26.55	1.0325842153360762
26.65	1.0256129021216807
26.75	1.0166207324068417
26.85	1.0079534162144261
26.95	0.9980081719718499
27.05	0.9903445297073631
27.15	0.982168482111025
27.25	0.9747218530243958
27.35	0.967352904053771
27.45	0.9614995159222876
27.55	0.9532943546672715
27.65	0.9498600954445576
27.75	0.9430054486149193
27.85	0.9450469878530383
27.95	0.9359768506858501
28.05	0.9315808715107499
28.15	0.9276936600031286
28.25	0.9265885318427997
28.35	0.9253409468924827
28.45	0.9238130030389423
28.55	0.9245219125602568
28.65	0.924997096059818
28.75	0.9264382774784777
28.85	0.929690745749336
28.95	0.9301996136365301
29.05	0.9347422515984639
29.15	0.9377151812113615
29.25	0.940176910096833
29.35	0.945876654609124
29.45	0.9529400276126457
29.55	0.9583505649512208
29.65	0.964954238013963
29.75	0.9712669411973996
29.85	0.9786648424428889
29.95	0.9868463386099526
30.05	0.9944289310413041
30.15	1.0049452882907632
30.25	1.006395241575028
30.35	1.0160102553962898
30.45	1.0232597628134503
30.55	1.027568912852844
30.65	1.0362485073542702
30.75	1.0418125933016504
30.85	1.0338843993901592
30.95	1.0533059049704765
31.05	1.0580316368648948
31.15	1.0594146441216707
31.25	1.0639970426406755
31.35	1.0643973543488054
31.45	1.0680747435068398
31.55	1.0698092112162156
31.65	1.0678305118741114
31.75	1.0667711922189163
31.85	1.06528297263891
31.95	1.0638741720767222
32.05	1.0592040800399838
32.15	1.056591077162759
32.25	1.0519631013346769
32.35	1.0482595746165089
32.45	1.0442310994002186
32.55	1.0357956595653626
32.65	1.0319805706222496
32.75	1.0268776093305696
32.85	1.021027611093427
32.95	1.0117712282603963
33.05	1.008933761034723
33.15	1.0017335907351839
33.25	0.9974350411400716
33.35	0.9910174228757251
33.45	0.984104715238574
33.55	0.9834379146593701
33.65	0.9754917560905174
33.75	0.9711704278722131
33.85	0.9649666181675044
33.95	0.9634108385119621
34.05	0.9576208958915716
34.15	0.9538296896340223
34.25	0.9535775130588308
34.35	0.9499809881744826
34.45	0.9488459304185526
34.55	0.9499214896314243
34.65	0.9476726290381796
34.75	0.9482073847314028
34.85	0.9478247480257204
34.95	0.9481816740670131
35.05	0.9486926013337142
35.15	0.9519470197487895
35.25	0.9554695680682614
35.35	0.957328950738805
35.45	0.9579604014569453
35.55	0.9619888603346588
35.65	0.9658474085300369
35.75	0.9697170295372094
35.85	0.9734888257205954
35.95	0.9785505620867329
36.05	0.9830354467408716
36.15	0.986670783507488
36.25	0.9936137780404691
36.35	0.9993383512727062
36.45	1.0046954988588177
36.55	NaN
36.65	1.0137268791488105
36.75	1.0177631581865898
36.85	1.0259823352305883
36.95	1.0273236243341692
37.05	1.0312680882565277
37.15	1.0335226615049362
37.25	1.03730850526394
37.35	1.040024723067232
37.45	1.042284982521312
37.55	1.0453593606113936
37.65	NaN
37.75	1.0462149102210447
37.85	1.0480787959062317
37.95	1.0482359622226218
38.05	1.0457655927987943
38.15	1.044932267549059
38.25	1.0416398094213641
38.35	1.040788492590922
38.45	1.0361403040308599
38.550000000000004	1.0352531049799552
38.65	1.0293246692457299
38.75	1.0284875758803833
38.85	1.0251816679287953
38.95	1.0211609940474315
39.050000000000004	1.0171783668388383
39.15	NaN
39.25	NaN
39.35	NaN
39.45	NaN
39.550000000000004	0.995166247323696
39.65	0.9917959936476113
39.75	0.9868701525881275
39.85	0.9825149781304671
39.95	0.9802471354208981
40.050000000000004	0.9742985860292047
40.15	NaN
40.25	0.9695399386180444
40.35	0.9672252845445563
40.45	0.9672858773080901
40.550000000000004	0.9651290534535445
40.65	0.9638973999630897
40.75	0.9637742824829161
40.85	0.9630593829802332
40.95	0.9612215343125673
41.050000000000004	0.9615881630623969
41.15	0.9632934470935899
41.25	0.9620149974235513
41.35	0.9645433241502791
41.45	0.9662300989722507
41.550000000000004	NaN
41.65	0.9676908371429431
41.75	0.9711350344783377
41.85	0.974313395286443
41.95	0.9760209940786101
42.050000000000004	0.9796493634967052
42.15	NaN
42.25	0.986659600314236
42.35	0.991434239293381
42.45	0.9939232470300627
42.550000000000004	0.9977786050617583
42.65	1.0004572875863074
42.75	1.0043808671371683
42.85	1.0095486240602503
42.95	1.0116607358865284
43.050000000000004	1.014925265232552
43.15	1.0195215077112898
43.25	1.0235599074992585
43.35	1.0248920706833553
43.45	1.0260923303505487
43.550000000000004	1.026944848297881
43.65	NaN
43.75	1.0322325592362267
43.85	1.034261505763143
43.95	1.0332231082457504
44.050000000000004	1.0351587949148184
44.15	1.033669291046692
44.25	NaN
44.35	1.034857269652322
44.45	1.0335595732501843
44.550000000000004	1.030345598996405
44.65	1.0295219431881024
44.75	1.0265675812218005
44.85	1.0259587521101166
44.95	1.0225909728343805
45.050000000000004	1.0195985355153105
45.15	1.0165643772606263
45.25	1.0148508388142605
45.35	NaN
45.45	1.009148706835678
45.550000000000004	1.0029320758210292
45.65	NaN
45.75	1.0011259606567358
45.85	0.9946706725333129
45.95	0.9926865249091503
46.050000000000004	0.989778791203066
46.15	0.9858923830163762
46.25	0.9818444617600782
46.35	0.9796048748244356
46.45	0.9796338180389818
46.550000000000004	0.9772758896429936
46.65	NaN
46.75	0.9739477157810225
46.85	0.9724364724860166
46.95	0.970290113876778
47.050000000000004	0.9705565459833433
47.15	0.9712555180940742
47.25	0.9716182297875189
47.35	0.9716377642991951
47.45	0.9709652174409953
47.550000000000004	0.9693643906644119
47.65	0.9718915516482367
47.75	0.9736068933026109
47.85	0.973861659642701
47.95	0.976230272702303
48.050000000000004	0.9800114648462355
48.15	0.9829143761674329
48.25	0.9823290740548013
48.35	0.9859032201063828
48.45	0.9878526391505352
48.550000000000004	0.9893627908331727
48.65	0.9930302137812959
48.75	0.9962342472360749
48.85	0.9993565900283478
48.95	1.0030624240012622
49.050000000000004	1.0036465988308372
49.15	NaN
49.25	1.0134760446730458
49.35	1.0126585951702278
49.45	1.013450054370142
49.550000000000004	1.016639475698254
49.65	1.0178894491287194
49.75	1.022338980229307
49.85	1.022941372953964
49.95	1.0250266322797856
50.050000000000004	1.0251464630546352
50.15	1.026474687110264
50.25	1.0283307041472718
50.35	1.0251917179895074
50.45	1.0279942346815472
50.550000000000004	1.0272518500524015
50.65	1.0262285741351758
50.75	1.0268573900954474
50.85	1.0226783868678195
50.95	NaN
51.050000000000004	1.0203922461058088
51.15	1.0203564999881216
51.25	1.016719978023264
51.35	1.0155601867128623
51.45	1.0111067541909216
51.550000000000004	NaN
51.65	1.0074017689990309
51.75	1.0053425490743972
51.85	1.0016270425781046
51.95	1.000265861850958
52.050000000000004	NaN
52.15	0.9942786909002796
52.25	0.9929172043683814
52.35	0.9901520115365274
52.45	0.987642932385762
52.550000000000004	0.9888881736896226
52.65	0.9848691892133715
52.75	0.9836329624841216
52.85	0.9820931124756702
52.95	NaN
53.050000000000004	0.9794555069010792
53.15	NaN
53.25	0.9797570871257565
53.35	0.9776379208976289
53.45	0.9764519237406893
53.550000000000004	NaN
53.65	0.9769197536522465
53.75	NaN
53.85	0.9777242977867987
53.95	0.9783002803257508
54.050000000000004	NaN
54.15	0.9821921644493478
54.25	NaN
54.35	0.9851843206574147
54.45	0.9858682212567027
54.550000000000004	NaN
54.65	0.9893200827568932
54.75	0.9909899213131529
54.85	0.9928832276563412
54.95	0.9962253605336989
55.050000000000004	0.9985259086170846
55.15	1.0000151424801833
55.25	1.0018346520830494
55.35	1.008031990584009
55.45	1.0074766527949197
55.550000000000004	1.0074131167266935
55.65	1.0077352141659717
55.75	1.013052358009158
55.85	1.0138234582389776
55.95	1.0159200680711218
56.050000000000004	1.0168000962196018
56.15	1.021082867857138
56.25	1.0218408624671593
56.35	1.0180513322880493
56.45	1.0208554970664407
56.550000000000004	1.0219062195517445
56.65	1.0195454312950245
56.75	NaN
56.85	1.0225873229321711
56.95	1.0192581833018954
57.050000000000004	1.019136743785975
57.15	1.0163092525804693
57.25	1.017166020667018
57.35	NaN
57.45	1.0137727423635599
57.550000000000004	1.0128868587242759
57.65	1.010872261339107
57.75	1.0099181289924999
57.85	1.0075023661029316
57.95	1.0047485790628272
58.050000000000004	1.0042471046006403
58.15	1.000789457900353
58.25	1.0001277158603756
58.35	1.000061694410897
58.45	NaN
58.550000000000004	0.9928154130974718
58.65	0.9932408309197863
58.75	NaN
58.85	0.9888965267335801
58.95	NaN
59.050000000000004	0.98669803914756
59.15	0.9854886969079077
59.25	0.9843951830220232
59.35	0.9853682087385977
59.45	0.9817939054347289
59.550000000000004	0.981272994497913
59.65	0.9813497157538027
59.75	0.9835794625853977
59.85	NaN
59.95	0.9824050905808573
60.050000000000004	NaN
60.15	0.9819924299353833
60.25	0.9814952632081524
60.35	NaN
60.45	0.9851971893743658
60.550000000000004	0.9847643906171887
60.65	0.986855674217228
60.75	0.989464652857244
60.85	0.9886406911518915
60.95	0.9928847714267147
61.050000000000004	0.9938568300731883
61.15	0.9959274085337263
61.25	0.9977484425749152
61.35	0.9984240937508385
61.45	0.9999051826332215
61.550000000000004	NaN
61.65	1.0049880687205575
61.75	NaN
61.85	NaN
61.95	1.0098311206814325
62.050000000000004	1.0103999702335542
62.15	1.0120491908532308
62.25	1.0122547265474167
62.35	1.014409296257334
62.45	1.0158600926569512
62.550000000000004	1.0161151157386563
62.65	1.0164469668709566
62.75	1.0179239562090574
62.85	1.0163007829466821
62.95	1.0162445392210215
63.050000000000004	1.0168284102634213
63.15	1.0171166316502862
63.25	NaN
63.35	1.0155305498821334
63.45	1.0133365870095652
63.550000000000004	1.0179543172631609
63.65	1.0090471887615573
63.75	1.0110770717781659
63.85	1.0103661613545467
63.95	1.0092979725296454
64.05	1.0076574882668357
64.14999999999999	1.005855228919911
64.25	1.0055892650075902
64.35	1.002056023900963
64.44999999999999	1.0035173394710735
64.55	0.9984282498585219
64.64999999999999	0.9970080424199964
64.75	0.9960548855579586
64.85	0.9950416928407078
64.94999999999999	0.9922947299376083
65.05	0.9896878614707822
65.14999999999999	0.9922577265411237
65.25	NaN
65.35	0.9883058261163711
65.44999999999999	NaN
65.55	0.9857807053970136
65.64999999999999	0.9870770220665986
65.75	0.9847021002912137
65.85	0.9842381041883724
65.94999999999999	0.9851214789790866
66.05	NaN
66.14999999999999	0.9850149728557843
66.25	0.9853755422079189
66.35	0.9841765919949828
66.44999999999999	0.9853067190740757
66.55	0.9854203119686042
66.64999999999999	NaN
66.75	0.9879572024126411
66.85	NaN
66.94999999999999	NaN
67.05	0.9921236749064457
67.14999999999999	0.9927251386884236
67.25	0.9939716911635196
67.35	0.9955150911965087
67.44999999999999	0.9972536458394828
67.55	0.999584753644396
67.64999999999999	NaN
67.75	NaN
67.85	1.001799824819357
67.94999999999999	1.0048262611250558
68.05	1.0053435638289023
68.14999999999999	1.006167559268183
68.25	NaN
68.35	1.0104163119512295
68.44999999999999	1.0104363075420306
68.55	1.0103875363114727
68.64999999999999	NaN
68.75	1.0127162252692183
68.85	1.0111537730671305
68.94999999999999	1.0140249684146247
69.05	1.0149097321047036
69.14999999999999	1.0150613408671891
69.25	1.0132956878592199
69.35	1.0129265114546229
69.44999999999999	NaN
69.55	1.0121788211166296
69.64999999999999	1.0123849293189218
69.75	NaN
69.85	1.0135763664790751
69.94999999999999	NaN
70.05	1.0092839582953967
70.14999999999999	1.0075359469137286
70.25	NaN
70.35	1.0061686529400762
70.44999999999999	NaN
70.55	1.002906592214534
70.64999999999999	1.0014228123695368
70.75	1.0017464087050965
70.85	0.9986041786467631
70.94999999999999	0.9977927989286277
71.05	0.9969897047509493
71.14999999999999	0.994686435693466
71.25	NaN
71.35	0.9920600381714402
71.44999999999999	0.9915528760746615
71.55	0.9925232771137369
71.64999999999999	0.9906033957909832
71.75	0.9880775328414592
71.85	0.9882280751658088
71.94999999999999	0.9885735216411462
72.05	NaN
72.14999999999999	NaN
72.25	NaN
72.35	NaN
72.44999999999999	0.9887559616344325
72.55	0.9862238840871485
72.64999999999999	0.9877734095164566
72.75	NaN
72.85	0.9893450054529923
72.94999999999999	0.9896695384253783
73.05	0.9902358617015767
73.14999999999999	0.9909004848173575
73.25	0.9908672291612503
73.35	0.9941564353742302
73.44999999999999	NaN
73.55	0.9955994526843984
73.64999999999999	NaN
73.75	NaN
73.85	0.9992034739626776
73.94999999999999	0.9995627057002207
74.05	1.0007850460157581
74.14999999999999	1.0065494817374325
74.25	1.0036983505184978
74.35	1.0047089422254587
74.44999999999999	1.006196420720997
74.55	1.0071872032300513
74.64999999999999	1.0081246654096079
74.75	1.0096528809098442
74.85	1.0105249428004577
74.94999999999999	1.01156862326059
75.05	1.0111203355048068
75.14999999999999	1.011474393118477
75.25	NaN
75.35	NaN
75.44999999999999	NaN
75.55	1.01116562038987
75.64999999999999	NaN
75.75	NaN
75.85	1.010662924506595
75.94999999999999	1.0106476171078498
76.05	1.0102361345730342
76.14999999999999	1.0093794195312973
76.25	NaN
76.35	1.0082974274574474
76.44999999999999	NaN
76.55	1.0052667937771207
76.64999999999999	1.0044489545432564
76.75	NaN
76.85	NaN
76.95	NaN
77.05	NaN
77.14999999999999	0.9996369636739959
77.25	0.9986241453538718
77.35	0.996270145077562
77.45	0.9968019365679446
77.55	0.9923154709831268
77.64999999999999	0.9938728505315859
77.75	0.9928282452620641
77.85	0.9922647567011745
77.95	0.9922415976362455
78.05	0.9902936897400585
78.14999999999999	0.9902627746891145
78.25	0.9912246285160424
78.35	0.9872737895258291
78.45	NaN
78.55	NaN
78.64999999999999	0.9880022142634451
78.75	0.9873791238333868
78.85	NaN
78.95	0.9895461152543935
79.05	NaN
79.14999999999999	NaN
79.25	0.9908059600836239
79.35	NaN
79.45	0.9930272794295368
79.55	0.99464716247097
79.64999999999999	NaN
79.75	0.9958291084558291
79.85	0.997463322647748
