0.15	0.03727381921950999
0.25	0.03655162291493256
0.35	0.03675144188175204
0.45	0.03736987282274361
0.55	0.03718656594458257
0.65	0.03769882146162732
0.7500000000000001	0.03791212310011108
0.85	0.038495567379564166
0.95	0.03923023325758721
1.05	0.03960687912223055
1.15	0.040333211954637425
1.25	0.04098862178001987
1.35	0.04185800204296213
1.45	0.04269276558710912
1.55	0.04371558732981198
1.65	0.045143144720226146
1.75	0.04616915228703928
1.85	0.04763637247795914
1.95	0.04874864597886635
2.05	0.05041197232187694
2.15	0.05214284929952066
2.25	0.054072218236130516
2.35	0.056063229763133986
2.45	0.05804202499400482
2.5500000000000003	0.06017121718730413
2.65	0.06307331206807287
2.75	0.06595400414797695
2.85	0.06932735467205971
2.95	0.07237507430875757
3.0500000000000003	0.07628615276697157
3.15	0.08020016246095146
3.25	0.08482846928545407
3.35	0.08989815523019663
3.45	0.09553465195582941
3.5500000000000003	0.10172846776062684
3.65	0.10784067806168043
3.75	0.11585132375874695
3.85	0.12392579215078853
3.95	0.13364108956529083
4.05	0.14332541884199018
4.1499999999999995	0.15548666453956128
4.25	0.16836981578123816
4.35	0.18333339555245368
4.449999999999999	0.20057900851558627
4.55	0.22037628821319524
4.6499999999999995	0.24181151230803527
4.75	0.2683049030107633
4.85	0.2953793497230687
4.95	0.3303001119614591
5.05	0.3693784181390142
5.1499999999999995	0.4126755692139834
5.25	0.4641691376329749
5.35	0.5243560948267412
5.45	0.5967564568690836
5.55	0.6758910554570597
5.6499999999999995	0.774178014670741
5.75	0.885377353659721
5.85	1.014651058092998
5.95	1.1517671769485942
6.05	1.3087266963476534
6.1499999999999995	1.47943699084289
6.25	1.6483196372482303
6.35	1.8172266547831795
6.45	1.956493751019751
6.55	2.06382902755639
6.6499999999999995	2.1240055546207746
6.75	2.135647561654959
6.85	2.103937742199136
6.95	2.035305550645407
7.05	1.9311546546043283
7.1499999999999995	1.8179972031124898
7.25	1.7040418083394357
7.35	1.586193576135855
7.45	1.4717804569023223
7.55	1.3699474044864945
7.6499999999999995	1.279404597987903
7.75	1.195056599795549
7.85	1.1227898167264607
7.95	1.0543928074960824
8.05	0.9962082548323347
8.15	0.9461377099707796
8.25	0.9015916238278698
8.350000000000001	0.8628461794816623
8.450000000000001	0.8325329948688557
8.55	0.802060356451352
8.65	0.7767255320034501
8.75	0.7557248583213357
8.850000000000001	0.7376210089924478
8.950000000000001	0.723122686685226
9.05	0.7116520622953053
9.15	0.7014939364016944
9.25	0.6951370441525041
9.350000000000001	0.6893682072101092
9.450000000000001	0.6862994876723145
9.55	0.6857731907389544
9.65	0.6871975663967421
9.750000000000002	0.691492032719489
9.85	0.6971611534323472
9.95	0.7014875383778052
10.049999999999999	0.7117843839516877
10.149999999999999	0.7216639016795793
10.25	0.732598064724171
10.35	0.745623021222123
10.45	0.7615154808365397
10.549999999999999	0.7792674741194043
10.649999999999999	0.7962847808645888
10.75	0.8171977638507593
10.85	0.8386225509468768
10.95	0.8628107189829753
11.049999999999999	0.8847319035407768
11.149999999999999	0.9115086064113532
11.25	0.9353562207849988
11.35	0.9632685464052727
11.45	0.9890792907514335
11.549999999999999	1.0164795185988904
11.649999999999999	1.0443017248579363
11.75	1.0705433338477077
11.85	1.099486645790085
11.95	1.1207867016240056
12.049999999999999	1.1455988162377835
12.149999999999999	1.1654291781093977
12.25	1.1881667299346486
12.35	1.2027766228768915
12.45	1.2177928399717017
12.549999999999999	1.227579637313342
12.649999999999999	1.2370905949910718
12.75	1.2425777174030417
12.85	1.2441962063221372
12.95	1.2402541709938033
13.049999999999999	1.2330458747125552
13.149999999999999	1.2251514480214973
13.25	1.2147766508811653
13.35	1.2035932339021427
13.45	1.186003300130299
13.549999999999999	1.169694200081688
13.649999999999999	1.1517203867950192
13.75	1.1284746822780964
13.85	1.1090507049315592
13.95	1.0880925464879887
14.049999999999999	1.0650308260691972
14.149999999999999	1.0447979309849202
14.25	1.0261970000404117
14.35	1.0062899842669109
14.45	0.9869809537250256
14.549999999999999	0.9693771961802579
14.649999999999999	0.9520299015274521
14.75	0.9381961450963694
14.85	0.9243739419447929
14.95	0.9108470999579797
15.049999999999999	0.8999193708548566
15.149999999999999	0.8891325522083547
15.25	0.8817327367089313
15.35	0.8731714657366032
15.45	0.86812188810349
15.549999999999999	0.862820373873176
15.649999999999999	0.8606498361562926
15.75	0.8574256551937701
15.85	0.857038987768057
15.95	0.8577949631937353
16.05	0.8592659660304062
16.15	0.862599578160744
16.25	0.8684177901629399
16.349999999999998	0.8729558322550545
16.45	0.8792690057097711
16.55	0.8867266628627122
16.65	0.8935537131093799
16.75	0.9036273694516137
16.849999999999998	0.9121771041806516
16.95	0.923039209734964
17.05	0.9351711092360557
17.15	0.9457919383835179
17.25	0.9574435645215984
17.349999999999998	0.9683627859126381
17.45	0.982944753588544
17.55	0.996035565887757
17.65	1.0078541046333336
17.75	1.020591768822897
17.849999999999998	1.0339122027248897
17.95	1.044646973296816
18.05	1.0560362671420733
18.15	1.065899464565146
18.25	1.0746905281093022
18.349999999999998	1.085081944975076
18.45	1.0924741215729812
18.55	1.0987979053237902
18.65	1.1024124849611856
18.75	1.1092462907655376
18.849999999999998	1.1090311856879702
18.95	1.1111439217006638
19.05	1.1119564605429606
19.15	1.1092729009060005
19.25	1.1058793967234026
19.35	1.1040855584755342
19.45	1.097097080445063
19.55	1.0937234990286424
19.65	1.085634696572024
19.75	1.0776294839567635
19.85	1.068281571450385
19.95	1.0618872364147458
20.05	1.0536683425081252
20.15	1.0423051223341775
20.25	1.0321885287794734
20.35	1.0219066313544
20.45	1.011976361831985
20.55	1.0065729619605326
20.65	0.997611311607951
20.75	0.9874419091900948
20.85	0.9798302845163789
20.95	0.9709184087243542
21.05	0.960924395443292
21.15	0.9594734803508607
21.25	0.9498644090798624
21.35	0.9436560356949326
21.45	0.9379301255729052
21.55	0.9344997694682649
21.65	0.9316248551187951
21.75	0.9280379077732854
21.85	0.9254415473386561
21.95	0.9234944762345672
22.05	0.9228516548149084
22.15	0.9225731749612436
22.25	0.9246976598294497
22.35	0.9252188240328779
22.45	0.9263572772322498
22.55	0.9295420602006196
22.65	0.9323793194151532
22.75	0.9362552273593403
22.85	0.9418876062084686
22.95	0.9454192439537404
23.05	0.9484090717694709
23.15	0.9552133816369044
23.25	0.9639527864641471
23.35	0.9681757691016015
23.45	0.97492632607641
23.55	0.9821589108526514
23.65	0.98891256452278
23.75	0.9986095431734772
23.85	1.0046475867735278
23.95	1.0105457444598211
24.05	1.0161655645936944
24.15	1.0231429157832193
24.25	1.030710582925003
24.35	1.0359917283530509
24.45	1.041304601279069
24.55	1.047758689642221
24.65	1.0502561292634003
24.75	1.0547249894903854
24.85	1.0560770177085574
24.95	1.0611128521981552
25.05	1.0609384239328612
25.15	1.0643139446877101
25.25	1.0632822971970521
25.35	1.0641712128010352
25.45	1.0619262475514832
25.55	1.0617350497601579
25.65	1.0584552274365877
25.75	1.0553470325903327
25.85	1.0530234473577424
25.95	1.0463948965937084
26.05	1.0441640996165715
26.15	1.0376886815138104
26.25	1.0341435085783852
26.35	1.026782159556026
26.45	1.0229715097792904
26.55	1.0175011729630334
26.65	1.0150228656147797
26.75	1.0058261859098228
26.85	0.9991095673087924
26.95	0.9958880694795393
27.05	0.9886756045700588
27.15	0.9847491476460366
27.25	0.979719010815439
27.35	0.9746967307653074
27.45	0.9719512205243028
27.55	0.9678519155168128
27.65	0.9620710277598811
27.75	0.9618078459829541
27.85	0.9563131121699746
27.95	0.9566413557154879
28.05	0.9549129649473789
28.15	0.9528620388872703
28.25	0.950838036585062
28.35	0.9532574543690122
28.45	0.9522671305514953
28.55	0.9559938129836996
28.65	0.9543692195330391
28.75	0.9569609968216151
28.85	0.9557743793130692
28.95	0.9598242772930132
29.05	0.9622837346029731
29.15	0.9650158454647784
29.25	0.967337236049598
29.35	0.9708880557835493
29.45	0.9751566824297428
29.55	0.9781471714985407
29.65	0.9833648178440472
29.75	0.9907788244603882
29.85	0.9917449046368951
29.95	NaN
30.05	1.0018938505608799
30.15	1.0040757878262647
30.25	1.0130194015741374
30.35	1.0143626404229804
30.45	1.0178898967663055
30.55	1.0221354415339743
30.65	1.0261248628191637
30.75	1.0273832929979452
30.85	1.0320892580265844
30.95	1.0348742705696266
31.05	1.035315679360314
31.15	1.0386951383230216
31.25	1.039301134704253
31.35	1.0409765673986777
31.45	1.0416137079027927
31.55	1.0395061781884518
31.65	1.0389358363817582
31.75	NaN
31.85	1.0380624218576322
31.95	1.0358014774277047
32.05	1.0340969985043236
32.15	1.033545584943302
32.25	1.0305937830392695
32.35	1.0274173362580385
32.45	1.023337285747588
32.55	1.019879280695965
32.65	1.016913553406201
32.75	1.0129004033187874
32.85	1.011067710490072
32.95	1.0033997980626206
33.05	1.001837498771258
33.15	0.9991841548856948
33.25	0.9937657885799134
33.35	0.9894979653178831
33.45	0.9886744255520024
33.55	0.9845986812538782
33.65	0.9825450162272547
33.75	0.9801943116259217
33.85	0.9767067974396946
33.95	0.9738047917261411
34.05	0.9755224156355047
34.15	0.9720057227358216
34.25	0.969598221303759
34.35	0.9687092021588531
34.45	0.9657066517314894
34.55	0.9672420881215155
34.65	0.9675024256014851
34.75	0.9684696826372933
34.85	0.9671604639956962
34.95	0.9682180014086786
35.05	0.9666923795213456
35.15	0.9730926964539099
35.25	0.9717531036779891
35.35	0.9749565402334245
35.45	0.9768377959944425
35.55	0.9784718130276298
35.65	0.9819919179856654
35.75	0.9838251540520467
35.85	0.9883978242521697
35.95	0.9909587436301667
36.05	0.9936911093862784
36.15	0.9961182523111155
36.25	1.0003054004215555
36.35	1.001791372882115
36.45	1.0068601892112647
36.55	1.0062992153240677
36.65	NaN
36.75	1.013512842712694
36.85	1.0160569033122278
36.95	1.0200616440564205
37.05	1.0228268677775405
37.15	1.0221365806049527
37.25	1.0248493204018616
37.35	1.0278617109322028
37.45	1.0259559395155973
37.55	1.0279751007688585
37.65	1.0287623022045784
37.75	1.0277301586180874
37.85	1.0290185434578107
37.95	1.0280416883775247
38.05	NaN
38.15	NaN
38.25	1.023113646824039
38.35	1.0232121580586437
38.45	1.0223791780452076
38.550000000000004	1.0206396238053412
38.65	1.0185416485975614
38.75	1.0153177603168826
38.85	1.0134060574237467
38.95	1.0118455926721563
39.050000000000004	1.009788231884281
39.15	1.0050643363819058
39.25	1.0034013497174645
39.35	0.9990188936903432
39.45	0.9992628301157659
39.550000000000004	0.9967166635817357
39.65	NaN
39.75	0.9898426645495316
39.85	0.98876145901055
39.95	0.9887716611837402
40.050000000000004	0.9850366917011854
40.15	0.9834575082862892
40.25	0.9807025423113437
40.35	NaN
40.45	0.9775633736225882
40.550000000000004	0.9776618336638766
40.65	0.9784984407681181
40.75	0.9789084055977261
40.85	0.9776651875899177
40.95	0.9756489684108434
41.050000000000004	0.9758142314178528
41.15	0.9769966043989057
41.25	0.9788787913041334
41.35	0.9813850538475405
41.45	0.9784521971306209
41.550000000000004	0.9806184931583382
41.65	0.9823418712993361
41.75	0.9832752658397681
41.85	0.9856793224748946
41.95	0.9869555358709275
42.050000000000004	0.9888514633007389
42.15	0.9911605546242181
42.25	0.9954202667371935
42.35	0.9969903053742629
42.45	0.9979426211226917
42.550000000000004	1.00113121747657
42.65	1.0014625978847191
42.75	1.0041265745026584
42.85	1.0070145288270034
42.95	1.0089851003669534
43.050000000000004	1.0110923101167388
43.15	NaN
43.25	1.014599018068977
43.35	1.01448997652017
43.45	1.0179127562570236
43.550000000000004	1.01561819627838
43.65	NaN
43.75	NaN
43.85	1.0184237954878763
43.95	1.0216067859579285
44.050000000000004	1.0203117051001391
44.15	1.0206187175636035
44.25	1.019186766795004
44.35	1.017834507134927
44.45	NaN
44.550000000000004	1.0176116348992257
44.65	1.0174310940927394
44.75	1.0165014909685612
44.85	1.0138941891022453
44.95	1.0120615328463378
45.050000000000004	1.011511471239958
45.15	1.0091732657395882
45.25	1.0094565481935218
45.35	1.0062718018806596
45.45	1.0011863078440084
45.550000000000004	1.0018918674280455
45.65	0.9989176589586619
45.75	NaN
45.85	0.9964289379937441
45.95	NaN
46.050000000000004	0.9935978373986702
46.15	0.9923690200751967
46.25	0.9889784262196714
46.35	NaN
46.45	0.9881861426097123
46.550000000000004	0.9850279285124968
46.65	NaN
46.75	0.9821232231545629
46.85	0.9833506289237043
46.95	0.9810697993862704
47.050000000000004	0.9830884025106829
47.15	0.9820485064783725
47.25	0.982132004347123
47.35	0.9833110208711513
47.45	NaN
47.550000000000004	0.9833314638570734
47.65	0.9833682740302578
47.75	0.9840357981256249
47.85	0.986838787002978
47.95	0.9856337865979687
48.050000000000004	0.9898950988170925
48.15	0.989246140001047
48.25	0.9892675221883311
48.35	0.9924461261513464
48.45	0.9960090772573694
48.550000000000004	0.9951798924874753
48.65	0.9954570159963678
48.75	0.9975767946391295
48.85	1.001190353895855
48.95	1.0011165342957449
49.050000000000004	1.0040120921707307
49.15	1.0058137245461485
49.25	1.006181352903135
49.35	1.0093047544099656
49.45	1.0112200095011428
49.550000000000004	1.0107513570876339
49.65	1.012453156843843
49.75	NaN
49.85	1.0159019919229357
49.95	1.0171637306478611
50.050000000000004	1.01669822103349
50.15	1.015368892958948
50.25	1.0178757315093239
50.35	1.0138039349599692
50.45	1.0160829138549208
50.550000000000004	1.0157846362624838
50.65	1.0170410936573147
50.75	1.0147611798173657
50.85	1.0142998589161025
50.95	1.013868745757737
51.050000000000004	1.0104854079466608
51.15	1.0106332283415898
51.25	1.010851982785582
51.35	1.0080388557074842
51.45	1.0077752604358883
51.550000000000004	1.004412175577202
51.65	1.002292570387737
51.75	1.001543168820358
51.85	1.0019554664989707
51.95	0.9993888147676451
52.050000000000004	0.9965906364798287
52.15	NaN
52.25	0.9949628860505555
52.35	0.9920106526663077
52.45	0.9938967740845224
52.550000000000004	0.9925145128244097
52.65	0.9907449603918674
52.75	0.98962266756939
52.85	0.9893960639706583
52.95	0.9856728499835224
53.050000000000004	0.9888904544013067
53.15	0.9875606192446661
53.25	0.9874746873283721
53.35	0.9855713802261837
53.45	0.9864689340416853
53.550000000000004	0.9863021082514878
53.65	0.9854480300858579
53.75	0.9905678005539675
53.85	0.9850803044566468
53.95	0.9911368400825683
54.050000000000004	0.9879453394127585
54.15	0.9894642369225808
54.25	0.9918900182290408
54.35	0.9910570050707564
54.45	0.9919464736093735
54.550000000000004	NaN
54.65	0.9928351370275651
54.75	0.996631772794387
54.85	0.9962235146634081
54.95	0.9985651105046505
55.050000000000004	1.0011870768672986
55.15	1.0024290254486972
55.25	1.0028674089276777
55.35	1.0041591892108779
55.45	1.0035250800062618
55.550000000000004	1.005595148638466
55.65	NaN
55.75	1.0086452184819146
55.85	1.0089083363057978
55.95	1.008509446707578
56.050000000000004	1.0117726071051796
56.15	1.0121815434121029
56.25	1.013599472363212
56.35	1.0136429122929997
56.45	1.01446030625861
56.550000000000004	1.0124510509847426
56.65	1.0140380020721202
56.75	1.008349645223252
56.85	1.0122993064728423
56.95	1.0124581100412569
57.050000000000004	1.0102613898811867
57.15	1.0109398829172958
57.25	1.0096384058260641
57.35	1.0089774616128337
57.45	1.0089200385890689
57.550000000000004	NaN
57.65	1.0066475153209453
57.75	1.0073533027531278
57.85	1.0038569925534366
57.95	1.001295155259856
58.050000000000004	NaN
58.15	1.0019660243094581
58.25	0.999770502474243
58.35	0.9971661157965326
58.45	0.9974562126629796
58.550000000000004	0.9952446511516596
58.65	0.9931303064796555
58.75	NaN
58.85	0.9923245776083611
58.95	0.9913954615900952
59.050000000000004	0.9909787921121567
59.15	0.9911651856745002
59.25	0.9905123595285393
59.35	0.9892273175361495
59.45	0.9894719725560941
59.550000000000004	0.9881115906382812
59.65	NaN
59.75	0.9874562831407614
59.85	0.9889717660291948
59.95	0.9887553795665469
60.050000000000004	0.9872470288669591
60.15	0.9908421270897171
60.25	0.9917533169183625
60.35	NaN
60.45	0.9930161606924063
60.550000000000004	0.9927195217405856
60.65	0.9929796655258167
60.75	0.9942499005968692
60.85	NaN
60.95	0.9953172567670412
61.050000000000004	0.9970545724133851
61.15	0.9963254277889569
61.25	0.9998564503931096
61.35	1.0005889679868238
61.45	1.0023365968402063
61.550000000000004	1.002173211332843
61.65	1.003839641043283
61.75	1.0049363028446585
61.85	1.0044633075371994
61.95	NaN
62.050000000000004	1.0050015256785356
62.15	1.006046940389384
62.25	1.0079448400479545
62.35	1.0107366825069808
62.45	NaN
62.550000000000004	1.0093123921872504
62.65	NaN
62.75	NaN
62.85	1.0112427076659485
62.95	1.0114296794355004
63.050000000000004	1.0105047545382038
63.15	1.0105987173656705
63.25	1.0102880177631075
63.35	1.009573833249042
63.45	1.010222277066706
63.550000000000004	1.0076290539738895
63.65	NaN
63.75	1.0075071254846955
63.85	NaN
63.95	1.0034072915294279
64.05	1.003482959967706
64.14999999999999	1.0038932866152084
64.25	1.0026468038742813
64.35	NaN
64.44999999999999	0.9991296709094104
64.55	0.9991059836197206
64.64999999999999	0.9996746934381461
64.75	0.9974850053171386
64.85	0.9972902390841364
64.94999999999999	0.9973914801444274
65.05	0.9949208522092701
65.14999999999999	NaN
65.25	0.9929266389797295
65.35	0.9929622826609549
65.44999999999999	0.993039143901097
65.55	0.990161583504408
65.64999999999999	NaN
65.75	0.9919208323270632
65.85	0.9902367232024969
65.94999999999999	NaN
66.05	NaN
66.14999999999999	0.9920755165909823
66.25	0.9898903412998934
66.35	0.9904741231980434
66.44999999999999	0.9920865897388553
66.55	NaN
66.64999999999999	0.9924763033312484
66.75	0.9909974307714446
66.85	NaN
66.94999999999999	NaN
67.05	NaN
67.14999999999999	NaN
67.25	0.9970737393551287
67.35	NaN
67.44999999999999	NaN
67.55	1.0004354842296028
67.64999999999999	1.0012681846448597
67.75	1.002510225972129
67.85	1.0026702067650088
67.94999999999999	NaN
68.05	1.004102420145814
68.14999999999999	1.0037915194833755
68.25	1.0055865735663336
68.35	1.0048880275687881
68.44999999999999	1.0046566754428277
68.55	1.0064854897407867
68.64999999999999	NaN
68.75	1.0069484312631982
68.85	1.0086603086636354
68.94999999999999	1.0084690065643314
69.05	NaN
69.14999999999999	1.007061183970117
69.25	NaN
69.35	1.007232632902904
69.44999999999999	1.0077876193216422
69.55	1.008385729870006
69.64999999999999	1.0082784234133262
69.75	1.0069285304119258
69.85	1.0070624096239273
69.94999999999999	1.0061335719869864
70.05	NaN
70.14999999999999	1.00331983926687
70.25	1.0033255546008253
70.35	1.0022555337862469
70.44999999999999	1.001466458991056
70.55	1.0016917556642566
70.64999999999999	0.9995345669549394
70.75	0.9994856543317484
70.85	0.9986210036039835
70.94999999999999	0.9969166018300651
71.05	0.997064084898944
71.14999999999999	NaN
71.25	0.9934992541036514
71.35	NaN
71.44999999999999	0.9954715054835561
71.55	0.993869353053612
71.64999999999999	0.9947447414050434
71.75	0.9951853584495749
71.85	NaN
71.94999999999999	NaN
72.05	0.9922166467370018
72.14999999999999	NaN
72.25	0.9919507483456347
72.35	0.9920254275304141
72.44999999999999	NaN
72.55	NaN
72.64999999999999	0.9930567067276528
72.75	0.9923910420392202
72.85	0.99389027500402
72.94999999999999	NaN
73.05	0.9940918146368105
73.14999999999999	0.9943947498383471
73.25	0.9946257721786991
73.35	0.9966821656260514
73.44999999999999	0.9962364243957639
73.55	0.9980486699126934
73.64999999999999	0.9989424099593254
73.75	0.9996587415710073
73.85	1.000154641620978
73.94999999999999	NaN
74.05	NaN
74.14999999999999	1.0025794955162415
74.25	1.001071028253824
74.35	1.0013634160185776
74.44999999999999	1.0036376848370616
74.55	1.0046982842307548
74.64999999999999	NaN
74.75	NaN
74.85	1.0061882081382645
74.94999999999999	1.0080769961654288
75.05	1.0074878125196804
75.14999999999999	1.0066944875982493
75.25	1.0071429902419513
75.35	1.0080392066385195
75.44999999999999	1.0077854731871019
75.55	1.0062683075377488
75.64999999999999	1.0071899055916014
75.75	NaN
75.85	1.0078511719034557
75.94999999999999	NaN
76.05	1.0043649030145558
76.14999999999999	1.0056158067121133
76.25	1.004544363258598
76.35	1.0039891932602425
76.44999999999999	NaN
76.55	1.0027655208760748
76.64999999999999	1.0024307840747138
76.75	NaN
76.85	0.9995462237708554
76.95	1.0003287583477296
77.05	1.0015202455862817
77.14999999999999	0.9986286504865279
77.25	NaN
77.35	NaN
77.45	NaN
77.55	0.9963502628309001
77.64999999999999	NaN
77.75	0.9949443163050612
77.85	0.9948431657433445
77.95	NaN
78.05	0.9950646027570648
78.14999999999999	NaN
78.25	0.9944033476698361
78.35	0.9944655408513053
78.45	NaN
78.55	NaN
78.64999999999999	NaN
78.75	0.9932472232118509
78.85	0.9951339505443638
78.95	0.995185970343537
79.05	NaN
79.14999999999999	NaN
79.25	0.9950228514512095
79.35	0.996424552520706
79.45	NaN
79.55	0.9957137821827668
79.64999999999999	NaN
79.75	0.9967580442915648
79.85	0.9981172988304157
