0.15	0.037775755689219336
0.25	0.035727094067998455
0.35	0.03626248143223831
0.45	0.03727986130936322
0.55	0.037694392491437786
0.65	0.03811673204267704
0.7500000000000001	0.03788015082916607
0.85	0.03826376577529961
0.95	0.03899475881935906
1.05	0.03966416192792655
1.15	0.04021168009503329
1.25	0.04102476788437273
1.35	0.0419431799984827
1.45	0.04282089374708489
1.55	0.043810755509835715
1.65	0.0448717753787481
1.75	0.045967413234659096
1.85	0.047561450417354004
1.95	0.04883887316996205
2.05	0.05031979110548341
2.15	0.05208967735371369
2.25	0.05399619761030991
2.35	0.05594513249124793
2.45	0.05788663891652179
2.5500000000000003	0.06023247695490359
2.65	0.06320789216197982
2.75	0.06595048203494164
2.85	0.06896789638137171
2.95	0.07253135789208018
3.0500000000000003	0.07629967825186316
3.15	0.080194325034273
3.25	0.08479549565348925
3.35	0.08990117829123885
3.45	0.09545549647409303
3.5500000000000003	0.10148143496661137
3.65	0.10775969894260026
3.75	0.11584255740897377
3.85	0.12407586867569237
3.95	0.13376563338360278
4.05	0.14368081397131585
4.1499999999999995	0.15520564350039132
4.25	0.1684374319663361
4.35	0.18356593958596856
4.449999999999999	0.20080833000691262
4.55	0.21982227989649733
4.6499999999999995	0.24232808712812806
4.75	0.26769726537725713
4.85	0.29524830312926137
4.95	0.3307141127376288
5.05	0.3694192499133677
5.1499999999999995	0.41322244595618185
5.25	0.46391550434694767
5.35	0.5237611941595638
5.45	0.5980778649620742
5.55	0.6780887509606299
5.6499999999999995	0.7737733587095367
5.75	0.8859657254897222
5.85	1.0139612133640021
5.95	1.1500474099588975
6.05	1.3088464803144166
6.1499999999999995	1.4800868211068268
6.25	1.6441103851908854
6.35	1.8152881607304843
6.45	1.953355586077596
6.55	2.061370852720829
6.6499999999999995	2.122164969437051
6.75	2.1355286709260204
6.85	2.104802977821177
6.95	2.029516702817679
7.05	1.9308293401696497
7.1499999999999995	1.8201133099548952
7.25	1.7044114770693293
7.35	1.5870012606135953
7.45	1.473380651561598
7.55	1.3705316364776334
7.6499999999999995	1.2827292873810299
7.75	1.1955573526681968
7.85	1.1226253678616813
7.95	1.0538966353995722
8.05	0.9961456081873649
8.15	0.9458810182129268
8.25	0.9031093037457704
8.350000000000001	0.863158125274556
8.450000000000001	0.8320041201633306
8.55	0.7996163993332851
8.65	0.7759495049217092
8.75	0.7548382139817735
8.850000000000001	0.7356905082887782
8.950000000000001	0.7228779029070093
9.05	0.711483328956343
9.15	0.7000296543738195
9.25	0.6945726201121336
9.350000000000001	0.689379397498579
9.450000000000001	0.6868634627726059
9.55	0.6862148948953675
9.65	0.6885271671437649
9.750000000000002	0.6896623685189374
9.85	0.695123645520528
9.95	0.7039099363725975
10.049999999999999	0.7107587975050563
10.149999999999999	0.7218176281849344
10.25	0.7334176192611304
10.35	0.744881269019812
10.45	0.7620309080034127
10.549999999999999	0.7787505968395962
10.649999999999999	0.796787020797918
10.75	0.8179930029311894
10.85	0.8392074170784838
10.95	0.8624005065099891
11.049999999999999	0.8869099307310416
11.149999999999999	0.9117645270045727
11.25	0.9384189999164834
11.35	0.9653220504937471
11.45	0.9907855271676921
11.549999999999999	1.0182047430192256
11.649999999999999	1.0458015229490076
11.75	1.0726547709319005
11.85	1.0985737757653475
11.95	1.1214467973171558
12.049999999999999	1.1444927197761072
12.149999999999999	1.1673801027615986
12.25	1.1861671051493354
12.35	1.2012542765384095
12.45	1.21628298111038
12.549999999999999	1.227925453498279
12.649999999999999	1.2341940972374514
12.75	1.2403495100987303
12.85	1.2423690002646495
12.95	1.2391885025865703
13.049999999999999	1.2339953864664377
13.149999999999999	1.2261243135713518
13.25	1.2137854469385536
13.35	1.2001365383476712
13.45	1.1854442874027025
13.549999999999999	1.1691123723136025
13.649999999999999	1.148571862038166
13.75	1.1290310974345923
13.85	1.109557495964632
13.95	1.0892716964300224
14.049999999999999	1.0653935261149714
14.149999999999999	1.045519455680949
14.25	1.0234083391636786
14.35	1.00735056201494
14.45	0.9867893079014557
14.549999999999999	0.9700116061568218
14.649999999999999	0.9516807343693421
14.75	0.9372644104633331
14.85	0.923109970231652
14.95	0.9107198958989667
15.049999999999999	0.8991175568378624
15.149999999999999	0.8897190271780809
15.25	0.8813978017860736
15.35	0.8755818277637848
15.45	0.8690485130651127
15.549999999999999	0.8637628143488651
15.649999999999999	0.8603766257258368
15.75	0.8586834320745006
15.85	0.8564136690909309
15.95	0.8580532981506258
16.05	0.8615654491971173
16.15	0.8636377064229873
16.25	0.8663639266690807
16.349999999999998	0.871049940947736
16.45	0.8779679091776365
16.55	0.8841635014425776
16.65	0.8933562539320846
16.75	0.9029882698579007
16.849999999999998	0.9124966618773166
16.95	0.9243666522827555
17.05	0.9347107683670709
17.15	0.9440455910005199
17.25	0.9568435984448515
17.349999999999998	0.9706916289510679
17.45	0.9827419923547406
17.55	0.9959040323681989
17.65	1.0084429345486976
17.75	1.0203040787617765
17.849999999999998	1.0337562053555187
17.95	1.0443656961762062
18.05	1.0551059801607152
18.15	1.065549071173984
18.25	1.075950064713403
18.349999999999998	1.0846407918072973
18.45	1.0934077441792986
18.55	1.0987947237824272
18.65	1.1042622109612783
18.75	1.1072690943304848
18.849999999999998	1.1079319540319752
18.95	1.1104367834086584
19.05	1.1107774630086271
19.15	1.108680375401172
19.25	1.105859047759136
19.35	1.104012037722909
19.45	1.0978611969670962
19.55	1.0931988072409762
19.65	1.08782846025415
19.75	1.0794504421293478
19.85	1.069775280807155
19.95	1.0624359511525587
20.05	1.054426608879601
20.15	1.0431028032213652
20.25	1.0328451478565612
20.35	1.0243574987505113
20.45	1.015432638790614
20.55	1.0043829723501192
20.65	0.9968899329185167
20.75	0.9903222708225539
20.85	0.9790946155960288
20.95	0.968862950495836
21.05	0.9622294890118838
21.15	0.9582051721623732
21.25	0.9475046216771523
21.35	0.9468122539257577
21.45	0.9390310399139428
21.55	0.9340903484123467
21.65	0.9312665661921142
21.75	0.9268097013175717
21.85	0.9267758734580424
21.95	0.9247535574051071
22.05	0.9246420415739135
22.15	0.9222764761930962
22.25	0.9226114122288643
22.35	0.9217193433671735
22.45	0.9260982083735713
22.55	0.9275968917010226
22.65	0.9298241741112232
22.75	0.935952743738986
22.85	0.9399122163055902
22.95	0.9451028241955443
23.05	0.9507375922811484
23.15	0.9569755417935272
23.25	0.9633374206075151
23.35	0.9688760892276604
23.45	0.9750116952489487
23.55	0.9815703712507966
23.65	0.9901576835180074
23.75	0.9979923201566865
23.85	1.0024383876317846
23.95	1.0096591349279647
24.05	1.0169680508695351
24.15	1.02309981990813
24.25	1.030113008066028
24.35	1.0365059728509964
24.45	1.0426746994528147
24.55	1.0483612136661657
24.65	1.0530954069425744
24.75	1.053851260102396
24.85	1.0570531901801306
24.95	1.061137293367317
25.05	1.066175518359192
25.15	1.065888333927304
25.25	1.0634143105775833
25.35	1.0622508256158378
25.45	1.0623098849563284
25.55	1.0595215021327606
25.65	1.060330318940274
25.75	1.0535325216076301
25.85	1.0515627725679713
25.95	1.046401750663972
26.05	1.0424190336726642
26.15	1.0396000261400788
26.25	1.0318761207684
26.35	1.0275611399262115
26.45	1.0225534764828452
26.55	1.016581470615317
26.65	1.0134602306117129
26.75	1.006092653434347
26.85	0.9993436769375981
26.95	0.9954074527345912
27.05	0.9901825592876505
27.15	0.9849848570099836
27.25	0.9798762707217776
27.35	0.9752198195098029
27.45	0.9722032231716358
27.55	0.9684875666272441
27.65	0.9604721025251516
27.75	0.9624741117979214
27.85	0.9578978465210022
27.95	0.9566871047983209
28.05	0.9538897037103669
28.15	0.9531181980670188
28.25	0.9519629762342142
28.35	0.9519883005225545
28.45	0.9522027698474415
28.55	0.9515893097193948
28.65	0.952864586990955
28.75	0.9558700680362351
28.85	0.9582357689880517
28.95	0.9581980958688477
29.05	0.9623861969842039
29.15	0.9646987204105957
29.25	0.9676717563195104
29.35	0.9713127881998457
29.45	0.9742184901983512
29.55	0.9790800530084527
29.65	0.9839832812058158
29.75	0.9859119019929917
29.85	0.9913134350158261
29.95	NaN
30.05	1.0003971685742787
30.15	1.004316745788742
30.25	1.0090655191984614
30.35	1.0129088974229932
30.45	1.0155704969185146
30.55	1.022175736716662
30.65	1.0239300508049343
30.75	1.0295072983821725
30.85	1.032057154910782
30.95	1.0332264309721526
31.05	1.0395610594577416
31.15	1.0383758492795339
31.25	1.0395703448935314
31.35	1.0414344491737864
31.45	1.0411843975938908
31.55	1.03911328395944
31.65	1.0423322031251017
31.75	NaN
31.85	1.0393111637425836
31.95	1.035666399620183
32.05	1.0365193554603302
32.15	1.033355152685974
32.25	1.0315878424703244
32.35	1.0275943942683046
32.45	1.0236479719112275
32.55	1.0196703776872604
32.65	1.0151471860349508
32.75	1.0129086317361078
32.85	1.0104771798855177
32.95	1.0050768571340976
33.05	1.0030217568191147
33.15	0.9966774989633832
33.25	0.9959867724372001
33.35	0.995072946706989
33.45	0.9880539918352277
33.55	0.9841734420779628
33.65	0.9835606289139167
33.75	0.98071928944597
33.85	0.9775394497458175
33.95	0.9743094733187527
34.05	0.972846854439941
34.15	0.9725661057849767
34.25	0.9691929832105253
34.35	0.9689114183000004
34.45	0.9667139693247218
34.55	0.9673563568454702
34.65	0.9671711248774894
34.75	0.9673145837821827
34.85	0.9680788324911812
34.95	0.9683008020566678
35.05	0.9680414878935831
35.15	0.9742972714477935
35.25	0.9729381108071417
35.35	0.9766898027429285
35.45	0.9756484650112868
35.55	0.9805584095913269
35.65	0.9822217928716083
35.75	0.9843967910420643
35.85	0.9870200824914402
35.95	0.990310711614714
36.05	0.9930812541658417
36.15	0.9939897200966211
36.25	0.99618137124958
36.35	1.0024926222386272
36.45	1.0046297439782534
36.55	1.0064582834928826
36.65	NaN
36.75	1.015932115317285
36.85	1.0164115258132365
36.95	1.0170328016907915
37.05	1.0217334199194896
37.15	1.022402646078105
37.25	1.0242822214515863
37.35	1.0253427056280533
37.45	1.0277156680818755
37.55	1.0290735608882955
37.65	1.0276536728347847
37.75	1.0278901257816255
37.85	1.0267964639701619
37.95	1.0273684900570954
38.05	NaN
38.15	NaN
38.25	1.025922670535159
38.35	1.0262557642969208
38.45	1.022522752148484
38.550000000000004	1.0206189559389165
38.65	1.018932465434288
38.75	1.0153847386202564
38.85	1.0142043052878482
38.95	1.0109811070460963
39.050000000000004	1.0073732597946743
39.15	1.0055228044634483
39.25	1.0048834281261043
39.35	0.9988206389378702
39.45	0.9974473884838163
39.550000000000004	0.9947873697348337
39.65	NaN
39.75	0.9899933323389699
39.85	0.9890807630845161
39.95	0.9862305763198624
40.050000000000004	0.9844754461641415
40.15	0.9826672487983911
40.25	0.9791309743241492
40.35	NaN
40.45	0.9790503661510657
40.550000000000004	0.9782475571278055
40.65	0.9775531899083875
40.75	0.978589648557366
40.85	0.9763525060623239
40.95	0.9761478643918622
41.050000000000004	0.9761523408670847
41.15	0.9766271575435647
41.25	0.976192960761546
41.35	0.9795958546125554
41.45	0.9785322863808595
41.550000000000004	0.9804843261783117
41.65	0.982247576486656
41.75	0.9848692635025467
41.85	0.9834104921294603
41.95	0.9875244237700794
42.050000000000004	0.9898945604481961
42.15	0.9918866211109608
42.25	0.9950664172775024
42.35	0.9973894044551398
42.45	0.9974582909622192
42.550000000000004	1.001152420533005
42.65	1.0039738283451913
42.75	1.006589061411777
42.85	1.0062689751469067
42.95	1.0094837208587653
43.050000000000004	1.010661146234933
43.15	NaN
43.25	1.0135928189117425
43.35	1.0164500528329354
43.45	1.01686499637188
43.550000000000004	1.0138970097629179
43.65	NaN
43.75	NaN
43.85	1.0177449280295479
43.95	1.0225775964311676
44.050000000000004	1.0208162664237297
44.15	1.0223517895769096
44.25	1.0200457115152266
44.35	1.0171001544563354
44.45	NaN
44.550000000000004	1.017808420311548
44.65	1.0190270980121094
44.75	1.0151658316469407
44.85	1.015090812877518
44.95	1.0131390672805431
45.050000000000004	1.0124980124586078
45.15	1.008665964581131
45.25	1.0083698643792824
45.35	1.0058737922914076
45.45	1.0058680080888907
45.550000000000004	1.0006686402714424
45.65	0.9984334266977423
45.75	NaN
45.85	0.9961506014464843
45.95	NaN
46.050000000000004	0.9903281923113625
46.15	0.9909021549015716
46.25	0.9890066736692157
46.35	NaN
46.45	0.9864116292560732
46.550000000000004	0.9865429711641279
46.65	NaN
46.75	0.983361224702733
46.85	0.9842818197862054
46.95	0.9837481462241061
47.050000000000004	0.9826190549451725
47.15	0.9829423993456615
47.25	0.982079320370712
47.35	0.984061373371823
47.45	NaN
47.550000000000004	0.9834200449497188
47.65	0.9812578342883651
47.75	0.9842485005224559
47.85	0.983897348758106
47.95	0.9872033517831857
48.050000000000004	0.9885425449358188
48.15	0.989531109907587
48.25	0.9922824423649749
48.35	0.991920076049213
48.45	0.9941655079483895
48.550000000000004	0.9933669413243741
48.65	0.9987071006378667
48.75	0.9988258316238132
48.85	0.999821726348224
48.95	1.004153377651863
49.050000000000004	1.0031406345902134
49.15	1.004748241883555
49.25	1.006453550454221
49.35	1.0091509163809376
49.45	1.0075398843162633
49.550000000000004	1.0122635265610709
49.65	1.0133400877337564
49.75	NaN
49.85	1.0153082986578175
49.95	1.015010462361846
50.050000000000004	1.0153361858466463
50.15	1.0158036976067493
50.25	1.0177141530816518
50.35	1.0147217180596333
50.45	1.0163860429881415
50.550000000000004	1.0147074900089716
50.65	1.013477515310604
50.75	1.01462936067282
50.85	1.0140542321425234
50.95	1.013436437383579
51.050000000000004	1.0124748984231708
51.15	1.0106971985761999
51.25	1.010236092338149
51.35	1.0064401817055026
51.45	1.006426601869541
51.550000000000004	1.0051998735322583
51.65	1.0036785150933576
51.75	1.0027192577595756
51.85	1.0010635342484893
51.95	0.9995599116584659
52.050000000000004	0.9967950147248529
52.15	NaN
52.25	0.9950033050707979
52.35	0.9947475250702917
52.45	0.9932933990712566
52.550000000000004	0.9906940433658118
52.65	0.9909630947392197
52.75	0.9889260641662242
52.85	0.9879147223146234
52.95	0.9863342506445159
53.050000000000004	0.9880185424538332
53.15	0.9858375214445204
53.25	0.9869761160643049
53.35	0.9856646622303776
53.45	0.9867640256652966
53.550000000000004	0.9867758389094277
53.65	0.9856328008465327
53.75	0.9893673331054793
53.85	0.9876006324053144
53.95	0.9882957437504113
54.050000000000004	0.9893888158411939
54.15	0.9892192370836824
54.25	0.990768119280215
54.35	0.9893814724683614
54.45	0.9926009919526673
54.550000000000004	NaN
54.65	0.996202833502238
54.75	0.9957846438297374
54.85	0.9964522126776731
54.95	0.997862580052653
55.050000000000004	1.0006709819718318
55.15	1.0009534405155314
55.25	1.0034046578257676
55.35	1.0044214240110694
55.45	1.004132940863511
55.550000000000004	1.0040117736679623
55.65	NaN
55.75	1.0072476841280757
55.85	1.0100465863832582
55.95	1.0116378590221682
56.050000000000004	1.010271434962614
56.15	1.011194490301333
56.25	1.0084088528889796
56.35	1.0211325539169473
56.45	1.0164961945989264
56.550000000000004	1.0135746176085334
56.65	1.0136228748746152
56.75	1.0131065873518479
56.85	1.0107327337215266
56.95	1.0127364396903928
57.050000000000004	1.0111195210315906
57.15	1.012272023454081
57.25	1.0107650856425718
57.35	1.008474474362976
57.45	1.011743503042614
57.550000000000004	NaN
57.65	1.0078090906880786
57.75	1.0038343415941615
57.85	1.0037873469235554
57.95	1.0015702424963917
58.050000000000004	NaN
58.15	1.000336111990504
58.25	1.000164969431074
58.35	0.9991146355127307
58.45	0.9966727903606551
58.550000000000004	0.9955073222875374
58.65	0.995767789035913
58.75	NaN
58.85	0.992579973567959
58.95	0.9914803913612432
59.050000000000004	0.9910618924098061
59.15	0.9908523683882025
59.25	0.9899016591985578
59.35	0.9892021983701219
59.45	0.988493642036184
59.550000000000004	0.9902610191420054
59.65	NaN
59.75	0.9865514825735959
59.85	0.9886128932156925
59.95	0.9899437439645157
60.050000000000004	0.989283713016229
60.15	0.9891803606052021
60.25	0.9896239255656214
60.35	NaN
60.45	0.9909705818487798
60.550000000000004	0.9920246049994809
60.65	0.9925268455863536
60.75	0.9939901582917846
60.85	NaN
60.95	0.9946074169183239
61.050000000000004	0.9967736485571349
61.15	0.9979070050273308
61.25	1.0008291900700075
61.35	0.9978028923225898
61.45	1.0014798181573288
61.550000000000004	1.0027641344647358
61.65	1.0040709795441207
61.75	1.0036949707996285
61.85	1.0048724596407164
61.95	NaN
62.050000000000004	1.0037643951299895
62.15	1.0073473832797528
62.25	1.0090681014943435
62.35	1.008981000618395
62.45	NaN
62.550000000000004	1.0077532529913342
62.65	NaN
62.75	NaN
62.85	1.0098547395835797
62.95	1.0107309971026077
63.050000000000004	1.0103790087563553
63.15	1.0127274640220731
63.25	1.0102406898109404
63.35	1.0086651616446607
63.45	1.0095769900446097
63.550000000000004	1.0069731304642202
63.65	NaN
63.75	1.0072257893631074
63.85	NaN
63.95	1.0046242817818218
64.05	1.003689589300211
64.14999999999999	1.0033298450388184
64.25	1.0019421905364105
64.35	NaN
64.44999999999999	1.0009279768049475
64.55	0.9978671438630072
64.64999999999999	0.9980371707640417
64.75	0.9993015598701899
64.85	0.9961007498877166
64.94999999999999	0.996979183705309
65.05	0.9949210448913954
65.14999999999999	NaN
65.25	0.9944177981735577
65.35	0.9924701829380793
65.44999999999999	0.9918095920889926
65.55	0.9912439740118271
65.64999999999999	NaN
65.75	0.9919477023555946
65.85	0.9905138398982137
65.94999999999999	NaN
66.05	NaN
66.14999999999999	0.9913936401634051
66.25	0.9906511858090106
66.35	0.9906599900601728
66.44999999999999	0.9912067062837937
66.55	NaN
66.64999999999999	0.9931017157269213
66.75	0.9918191098378089
66.85	NaN
66.94999999999999	NaN
67.05	NaN
67.14999999999999	NaN
67.25	0.9963051202291884
67.35	NaN
67.44999999999999	NaN
67.55	0.9997282434497143
67.64999999999999	0.9997417484091358
67.75	1.0015227824539648
67.85	1.0028579304018668
67.94999999999999	NaN
68.05	1.0027590691246664
68.14999999999999	1.002532954723916
68.25	1.00701229280877
68.35	1.0052300770026061
68.44999999999999	1.0071883121451877
68.55	1.0074091530025813
68.64999999999999	NaN
68.75	1.007971439810394
68.85	1.0081253531234857
68.94999999999999	1.0094307260091684
69.05	NaN
69.14999999999999	1.0081783562035795
69.25	NaN
69.35	1.009028509044053
69.44999999999999	1.007743088474474
69.55	1.0078628593933066
69.64999999999999	1.0081137748968099
69.75	1.0074318712640031
69.85	1.0069958878345142
69.94999999999999	1.007113225453865
70.05	NaN
70.14999999999999	1.0049141469498262
70.25	1.004013160389087
70.35	1.003531310425889
70.44999999999999	1.0033051823593975
70.55	1.001013544862355
70.64999999999999	0.9998663845483327
70.75	0.9986679836775668
70.85	0.9988275767150059
70.94999999999999	0.998407632343089
71.05	0.9984360714797772
71.14999999999999	NaN
71.25	0.9956012313032867
71.35	NaN
71.44999999999999	0.9959485565065648
71.55	0.9940560320833627
71.64999999999999	0.995292775889064
71.75	0.9923792094512071
71.85	NaN
71.94999999999999	NaN
72.05	0.9929708961383458
72.14999999999999	NaN
72.25	0.9915750685963813
72.35	0.9928297178891212
72.44999999999999	NaN
72.55	NaN
72.64999999999999	0.9919033477964754
72.75	0.9929864008910784
72.85	0.9946645899526836
72.94999999999999	NaN
73.05	0.9938495456779973
73.14999999999999	0.9944141015944679
73.25	0.9964076748751927
73.35	0.9957993157429909
73.44999999999999	0.9977524606093963
73.55	0.9964899373591657
73.64999999999999	0.9973355102989968
73.75	0.9991664380196611
73.85	0.9994696747561721
73.94999999999999	NaN
74.05	NaN
74.14999999999999	1.0026671903518853
74.25	1.0031367326383052
74.35	1.0032876465524465
74.44999999999999	1.003144948023716
74.55	1.0044207685352218
74.64999999999999	NaN
74.75	NaN
74.85	1.005165893585103
74.94999999999999	1.0063727044184392
75.05	1.0055260307572351
75.14999999999999	1.0075443814087168
75.25	1.007338940036479
75.35	1.007244972594592
75.44999999999999	1.007252634084127
75.55	1.0074150077046407
75.64999999999999	1.0064534989124485
75.75	NaN
75.85	1.0061935740292172
75.94999999999999	NaN
76.05	1.0071364481949974
76.14999999999999	1.005716566348448
76.25	1.0040594951180537
76.35	1.006185063129034
76.44999999999999	NaN
76.55	1.0017341677374414
76.64999999999999	1.0032078144577605
76.75	NaN
76.85	1.0014222542599875
76.95	1.0007818682160263
77.05	1.0000408924483164
77.14999999999999	0.999279095697451
77.25	NaN
77.35	NaN
77.45	NaN
77.55	0.9969346619561738
77.64999999999999	NaN
77.75	0.9952638599022364
77.85	0.9954894953980509
77.95	NaN
78.05	0.9944419550973966
78.14999999999999	NaN
78.25	0.9940627121095662
78.35	0.9946361911321425
78.45	NaN
78.55	NaN
78.64999999999999	NaN
78.75	0.9942866924726845
78.85	0.9926781861154752
78.95	0.9946278256140298
79.05	NaN
79.14999999999999	NaN
79.25	0.9952582677635163
79.35	0.995053735873878
79.45	NaN
79.55	0.9960916066942204
79.64999999999999	NaN
79.75	0.9980821734847221
79.85	0.9985134375322026
