0.15	0.01905902350467669
0.25	0.019426120993414578
0.35	0.019238112636760035
0.45	0.018937715735360412
0.55	0.019292575622656943
0.65	0.019552221315934627
0.7500000000000001	0.019458430854787406
0.85	0.019844080204312914
0.95	0.019998398116377242
1.05	0.020472169176096195
1.15	0.02085169601231475
1.25	0.021203243158014404
1.35	0.02157125901885507
1.45	0.021994029975586193
1.55	0.02258794201348108
1.65	0.023150965766277558
1.75	0.023639636452317037
1.85	0.024313079170975894
1.95	0.025178508640543436
2.05	0.02583103684608512
2.15	0.02661626127124219
2.25	0.02757845920610102
2.35	0.028648922817616926
2.45	0.02950567308454688
2.5500000000000003	0.030670177964641825
2.65	0.03212998552316159
2.75	0.033376019229278395
2.85	0.03485332476834106
2.95	0.036590655205207614
3.0500000000000003	0.0383298337541932
3.15	0.04022729983898125
3.25	0.04249179628148894
3.35	0.04504120976523217
3.45	0.04755449096792809
3.5500000000000003	0.05063114142902358
3.65	0.053728162202026995
3.75	0.05747308535443599
3.85	0.060968048959620144
3.95	0.06579321656255332
4.05	0.07088384079652961
4.1499999999999995	0.0763465623070086
4.25	0.08241457282465443
4.35	0.08997758543578119
4.449999999999999	0.09770212103647272
4.55	0.10653891260098197
4.6499999999999995	0.11648787632582722
4.75	0.12901323111830645
4.85	0.14302606307877797
4.95	0.15961662055910417
5.05	0.17726307904693095
5.1499999999999995	0.19985337307260517
5.25	0.22431394444596717
5.35	0.2553591870802178
5.45	0.2925279198667069
5.55	0.3359145204123782
5.6499999999999995	0.3867582322044481
5.75	0.4538786855925711
5.85	0.5295808086199297
5.95	0.6261121106966561
6.05	0.7451405534129572
6.1499999999999995	0.8984059406450035
6.25	1.084038299628291
6.35	1.3026193900026162
6.45	1.578453001600819
6.55	1.8889843343068922
6.6499999999999995	2.2218032477549645
6.75	2.538231120873244
6.85	2.789906177554719
6.95	2.9253396714012267
7.05	2.91533773602333
7.1499999999999995	2.772358742619026
7.25	2.5553717915639798
7.35	2.295780299720058
7.45	2.0436563270490775
7.55	1.8124390728812263
7.6499999999999995	1.6070076278978813
7.75	1.4314626323093909
7.85	1.2814073645545414
7.95	1.1624063271271212
8.05	1.0591181336950064
8.15	0.9736509831329544
8.25	0.8990164240142543
8.350000000000001	0.8380447982726806
8.450000000000001	0.7872778522442754
8.55	0.7433786521327713
8.65	0.7072747347971816
8.75	0.675809659982217
8.850000000000001	0.6499919539810746
8.950000000000001	0.6286678066264699
9.05	0.6128620557742889
9.15	0.5992302479979122
9.25	0.5864535293693319
9.350000000000001	0.5786877514837326
9.450000000000001	0.5728405682009886
9.55	0.5685518799204091
9.65	0.5689689203048468
9.750000000000002	0.5697117119906321
9.85	0.571890311970952
9.95	0.5780561273318711
10.049999999999999	0.584212045916486
10.149999999999999	0.5931543764795569
10.25	0.6055211339221168
10.35	0.6185664095680001
10.45	0.6347815380266365
10.549999999999999	0.6530225114405787
10.649999999999999	0.6720110928130726
10.75	0.6946293866321885
10.85	0.7208684591348382
10.95	0.7466262222426173
11.049999999999999	0.7769042145965848
11.149999999999999	0.8110804052595582
11.25	0.8442184816923959
11.35	0.8828455739548445
11.45	0.9212835642852457
11.549999999999999	0.9611546927015471
11.649999999999999	1.0015879012630782
11.75	1.0466821245054492
11.85	1.0855142937133782
11.95	1.1255947705673226
12.049999999999999	1.1639936875760775
12.149999999999999	1.200878358007476
12.25	1.2327643181209542
12.35	1.260130116594998
12.45	1.2845985448910884
12.549999999999999	1.303434622956235
12.649999999999999	1.3191581044747085
12.75	1.332545590020909
12.85	1.3363336467793565
12.95	1.3426589866079197
13.049999999999999	1.3384797181087715
13.149999999999999	1.3355487844844967
13.25	1.3284931946010363
13.35	1.318643690967406
13.45	1.3063814606586897
13.549999999999999	1.2860801725504407
13.649999999999999	1.2661217575983892
13.75	1.2420933225263244
13.85	1.2177081135338774
13.95	1.190426482105487
14.049999999999999	1.1593174663281935
14.149999999999999	1.1282953115401262
14.25	1.0953233442038584
14.35	1.0648039175980284
14.45	1.0350255405851323
14.549999999999999	1.004090970242641
14.649999999999999	0.9757226069709827
14.75	0.94616778726551
14.85	0.9213690436438752
14.95	0.8964709420529052
15.049999999999999	0.8760165393687851
15.149999999999999	0.8571076062077444
15.25	0.8396725239076441
15.35	0.8251890291164116
15.45	0.814213764120155
15.549999999999999	0.8041011167182502
15.649999999999999	0.7969917750765756
15.75	0.7888319929754146
15.85	0.7837658037461221
15.95	0.78316499251151
16.05	0.7835624438192125
16.15	0.7839526665070985
16.25	0.786566823181571
16.349999999999998	0.7914519960917907
16.45	0.7969255736055842
16.55	0.805187040335676
16.65	0.8153144853304154
16.75	0.8271177405306157
16.849999999999998	0.8404603944763079
16.95	0.8537368213641927
17.05	0.8695071217249063
17.15	0.8849736519349038
17.25	0.9061855544898747
17.349999999999998	0.9243024195310592
17.45	0.9438877119131996
17.55	0.9626718732436955
17.65	0.9844042665769561
17.75	1.0062959245861531
17.849999999999998	1.0264723083338818
17.95	1.0470745126791878
18.05	1.0647397946300285
18.15	1.086015590222951
18.25	1.1039081765934795
18.349999999999998	1.1180505681539556
18.45	1.133506340678739
18.55	1.1473709904595655
18.65	1.1576146175580924
18.75	1.1641138186557691
18.849999999999998	1.172534655698376
18.95	1.1756637681912459
19.05	1.1787872730681523
19.15	1.17544905349743
19.25	1.172918504567504
19.35	1.1687445133359662
19.45	1.1611009307878963
19.55	1.152106544647825
19.65	1.1422644244806235
19.75	1.1310557716556637
19.85	1.1203327266535419
19.95	1.1072348299294261
20.05	1.095001000906571
20.15	1.0811629558199278
20.25	1.0675320488231368
20.35	1.0534603309154842
20.45	1.038098528892586
20.55	1.0221090268050634
20.65	1.0097243788502777
20.75	0.9949133021300172
20.85	0.9843969032963646
20.95	0.9707596647806046
21.05	0.9585164604308811
21.15	0.9471090771357641
21.25	0.936293431437736
21.35	0.9265228581706814
21.45	0.917888042149736
21.55	0.9102256536705742
21.65	0.9035086764303083
21.75	0.8963623108815937
21.85	0.8912015238605459
21.95	0.8876349545571166
22.05	0.8850181037761575
22.15	0.8809385956230478
22.25	0.8798451143978532
22.35	0.8809051311625483
22.45	0.8819949345139927
22.55	0.8838931054648494
22.65	0.8870331445964635
22.75	0.889617026203849
22.85	0.8949759762318256
22.95	NaN
23.05	0.909721268043655
23.15	0.9165575891193739
23.25	0.9278562897973388
23.35	0.9359464444596234
23.45	0.9471024730971407
23.55	0.9562321261694504
23.65	0.9659346724180569
23.75	0.9794777587615403
23.85	0.9916135531757772
23.95	1.0030371329452177
24.05	1.013744113369549
24.15	1.0261468811910865
24.25	1.0387167217745081
24.35	1.0501529061225006
24.45	1.0593712740182613
24.55	1.0668732483791636
24.65	1.0758616718523295
24.75	1.0829555525095045
24.85	1.0924778171032958
24.95	1.096288913462618
25.05	1.102820144751127
25.15	1.1042601150974467
25.25	1.1032442619358325
25.35	1.105119859961594
25.45	1.1070005718220144
25.55	1.1018647511763004
25.65	1.0980624011464837
25.75	1.0945223475767243
25.85	1.0885175227898385
25.95	1.084628174465215
26.05	1.0756654673284065
26.15	1.068227596214441
26.25	1.060960491679302
26.35	1.0504651996781282
26.45	1.0408952541240133
26.55	1.0333679051360922
26.65	1.0257323645270817
26.75	1.013478684677064
26.85	1.0083043025867668
26.95	0.9984958480887133
27.05	0.9893822817501666
27.15	0.9810771122007771
27.25	0.9746249477707571
27.35	0.9673452220206967
27.45	0.9580062137875188
27.55	0.9514936894460183
27.65	0.9474431205816192
27.75	0.941733147391779
27.85	0.9368767937098145
27.95	0.9360701396168648
28.05	0.9317181068562382
28.15	0.9283350645225918
28.25	0.9291802209723827
28.35	0.9242491945129417
28.45	0.9244633106593869
28.55	0.9247715108716809
28.65	0.927153852387494
28.75	0.9256500504368054
28.85	0.9278023168787134
28.95	0.93155969091585
29.05	0.9328375021276377
29.15	0.936784187155967
29.25	0.9416058277312287
29.35	0.9471265389765311
29.45	0.9539474743432548
29.55	0.9608423561895437
29.65	0.9671225525892486
29.75	0.9721783024761578
29.85	0.977221090750663
29.95	0.9860691813014499
30.05	0.9935417461174556
30.15	0.9989298580031788
30.25	1.0080328682087791
30.35	1.0145668200873101
30.45	1.0229081098069968
30.55	1.0280870289423885
30.65	1.036155001478421
30.75	1.0413090773650215
30.85	1.0390369732739926
30.95	1.0520681657533042
31.05	1.0569957427857841
31.15	1.0598625811159452
31.25	1.0637501653115005
31.35	1.0654558669713896
31.45	1.066396554912214
31.55	1.0653368954071958
31.65	1.0679646304119499
31.75	1.066050632754095
31.85	1.0644963990547998
31.95	1.0617269349810565
32.05	1.0613084430330169
32.15	1.0563547214267026
32.25	1.054876998371972
32.35	1.0420552827845124
32.45	1.0429712263117892
32.55	1.0377917171013655
32.65	1.0306855031594628
32.75	1.0244692332815482
32.85	1.0230899019950577
32.95	1.014061242846793
33.05	1.0088217296741027
33.15	1.005530357611768
33.25	0.9962052755553155
33.35	0.990597228487726
33.45	0.9858084974012983
33.55	0.9763662323495006
33.65	0.974739083794858
33.75	0.970104544481248
33.85	0.9650198792518446
33.95	0.9567704827739902
34.05	0.957703578735495
34.15	0.9559040542065326
34.25	0.9533035664160243
34.35	0.9474831756397716
34.45	0.9495579314833382
34.55	0.9474830950925281
34.65	0.947027183342675
34.75	0.9462362714046685
34.85	0.9472766958424997
34.95	0.9518728165058175
35.05	0.948832667588814
35.15	0.9512606365582692
35.25	0.950800938135284
35.35	0.9577813816673195
35.45	0.9589126140915921
35.55	0.9623525811656525
35.65	0.9660740018153576
35.75	0.9723572277618583
35.85	0.9741949500914171
35.95	0.9811747181494619
36.05	0.9835805696437908
36.15	0.9905393765025162
36.25	0.9932828333693813
36.35	0.9984494610674768
36.45	1.0043470553999676
36.55	NaN
36.65	1.0135410732571297
36.75	1.0202026278504637
36.85	1.0189862848840772
36.95	1.026889663312273
37.05	1.0308378994556935
37.15	1.0352987118221684
37.25	1.037459120209428
37.35	1.0411888091399155
37.45	1.041244541577651
37.55	1.0457393047242753
37.65	NaN
37.75	1.0452233919575193
37.85	1.046701580979535
37.95	1.0472690645668181
38.05	1.0451662727843658
38.15	1.0452473781300808
38.25	1.0427911876277278
38.35	1.0379583888576847
38.45	1.0407749192767677
38.550000000000004	1.0362458524806475
38.65	1.032952896727625
38.75	1.0278125595545233
38.85	1.024691546816785
38.95	1.0225153379794512
39.050000000000004	1.0171521855084598
39.15	NaN
39.25	NaN
39.35	NaN
39.45	NaN
39.550000000000004	0.9945875539687024
39.65	0.9923175235693752
39.75	0.9876148891999877
39.85	0.9830473529052686
39.95	0.9799943042660421
40.050000000000004	0.9735614749239211
40.15	NaN
40.25	0.9702776361875882
40.35	0.967461467936229
40.45	0.965882519580057
40.550000000000004	0.965176215190604
40.65	0.9640532335794504
40.75	0.9634751204564881
40.85	0.9620148490310214
40.95	0.9604689962967693
41.050000000000004	0.9619439436584453
41.15	0.9620511105857678
41.25	0.9599665927146713
41.35	0.9634409291197699
41.45	0.966746511494271
41.550000000000004	NaN
41.65	0.9696069074019102
41.75	0.9704749083804409
41.85	0.973759434001576
41.95	0.9774210933282678
42.050000000000004	0.9809808429063961
42.15	NaN
42.25	0.9869602633277652
42.35	0.9908875823909786
42.45	0.9942884285866973
42.550000000000004	0.9986385500625179
42.65	1.0018948916236994
42.75	1.0057129510790157
42.85	1.0099610692343663
42.95	1.0124041554504954
43.050000000000004	1.016218182125006
43.15	1.0183436201120777
43.25	1.022680883222021
43.35	1.0244986500363342
43.45	1.0268918812094407
43.550000000000004	1.0268520972955557
43.65	NaN
43.75	1.0325190391240993
43.85	1.0338088147890039
43.95	1.0347997322234657
44.050000000000004	1.0334381475794434
44.15	1.0320276116330351
44.25	NaN
44.35	1.0356975513827054
44.45	1.0330240232453793
44.550000000000004	1.032219880385668
44.65	1.028212957483449
44.75	1.0281039251032507
44.85	1.0244337740061444
44.95	1.0234251541644348
45.050000000000004	1.0181753640258286
45.15	1.0173267985498384
45.25	1.0144966142333562
45.35	NaN
45.45	1.008054004431289
45.550000000000004	1.004726107494855
45.65	NaN
45.75	0.9987674066283364
45.85	0.9950904558028973
45.95	0.9909092419258754
46.050000000000004	0.9898471113378016
46.15	0.9877145756374792
46.25	0.9850957514414072
46.35	0.9807841399707933
46.45	0.9783884540926079
46.550000000000004	0.9776920288746945
46.65	NaN
46.75	0.9739109268954037
46.85	0.9724340078775751
46.95	0.9762618709438211
47.050000000000004	0.9709139338279263
47.15	0.9718513823994737
47.25	0.9708815758731218
47.35	0.971630639053997
47.45	0.969652620133725
47.550000000000004	0.971768426943343
47.65	0.9719656105902227
47.75	0.9742258186748961
47.85	0.9748703745856172
47.95	0.9768299757569388
48.050000000000004	0.9773955651030135
48.15	0.9820825705342505
48.25	0.9841264314268853
48.35	0.9854246293449024
48.45	0.9894384074790055
48.550000000000004	0.9912343721241783
48.65	0.9944815347839994
48.75	0.9970585572924018
48.85	0.9996070338494927
48.95	1.0018382065854736
49.050000000000004	1.005299300730611
49.15	NaN
49.25	1.0096067693770816
49.35	1.0139548940648053
49.45	1.0154404214109551
49.550000000000004	1.0174300612828315
49.65	1.019782396798525
49.75	1.0214709464829717
49.85	1.0234369037175146
49.95	1.0231300201147475
50.050000000000004	1.0247556427251119
50.15	1.0283513673165097
50.25	1.0270690628466608
50.35	1.0273632832141275
50.45	1.0280594898076878
50.550000000000004	1.0269388325690407
50.65	1.027205230566015
50.75	1.0234904916275769
50.85	1.0237354797723333
50.95	NaN
51.050000000000004	1.0203510832942095
51.15	1.0196893554157942
51.25	1.0176253046239878
51.35	1.0139311098428854
51.45	1.0134293914059496
51.550000000000004	NaN
51.65	1.0092767830097178
51.75	1.0075056981245727
51.85	1.0030777841515264
51.95	0.9999363779268331
52.050000000000004	NaN
52.15	0.9953475122002126
52.25	0.9931657789784832
52.35	0.9920180645451848
52.45	0.9887589616017831
52.550000000000004	0.9863464682690827
52.65	0.9842522091294715
52.75	0.9834509133132812
52.85	0.9825475062024696
52.95	NaN
53.050000000000004	0.9796971759959835
53.15	NaN
53.25	0.9770122470281118
53.35	0.978515961609443
53.45	0.9813010178393999
53.550000000000004	NaN
53.65	0.9769899571291828
53.75	NaN
53.85	0.977769985916336
53.95	0.9780754274944783
54.050000000000004	NaN
54.15	0.9814136714402666
54.25	NaN
54.35	0.9826607352279202
54.45	0.9860849627678487
54.550000000000004	NaN
54.65	0.9884614688314772
54.75	0.992021971243395
54.85	0.9951530060830432
54.95	0.99678127374598
55.050000000000004	0.9988548211887063
55.15	1.0000896659514609
55.25	1.0020447109790678
55.35	1.007491978184163
55.45	1.0072100474040426
55.550000000000004	1.0086623477434657
55.65	1.0088947204602645
55.75	1.0123632830435112
55.85	1.0133350936874037
55.95	1.016735640778999
56.050000000000004	1.0195451571349448
56.15	1.0185189147102625
56.25	1.0177748999584588
56.35	1.0190024642986903
56.45	1.0203178684603786
56.550000000000004	1.021583154954429
56.65	1.0237378565822473
56.75	NaN
56.85	1.0209812234291198
56.95	1.0204410803889705
57.050000000000004	1.0191054557211012
57.15	1.0172175563119186
57.25	1.015211381337881
57.35	NaN
57.45	1.014229846596261
57.550000000000004	1.0127490376752588
57.65	1.009879785980876
57.75	1.0088424865395338
57.85	1.0103022728603603
57.95	1.00747274064621
58.050000000000004	1.0050900219107965
58.15	0.9996794817120193
58.25	1.0014152778817753
58.35	0.9994200332193239
58.45	NaN
58.550000000000004	0.994654044116214
58.65	0.9933730428018853
58.75	NaN
58.85	0.9884603387077806
58.95	NaN
59.050000000000004	0.9863321656222717
59.15	0.9848403257703096
59.25	0.9840471710704994
59.35	0.9826277610095496
59.45	0.9827716593170839
59.550000000000004	0.9817285730537608
59.65	0.9827514086531876
59.75	0.9797876162169246
59.85	NaN
59.95	0.9827936166591592
60.050000000000004	NaN
60.15	0.9828558194919768
60.25	0.9856104909531986
60.35	NaN
60.45	0.9855077526989926
60.550000000000004	0.9930520552555782
60.65	0.9887507810191513
60.75	0.9890693155012228
60.85	0.9897270059439919
60.95	0.9916582760701416
61.050000000000004	0.9933753697383296
61.15	0.9960107558534527
61.25	0.9985512090644915
61.35	0.9996147892609645
61.45	1.0006794259754037
61.550000000000004	NaN
61.65	1.003618084001399
61.75	NaN
61.85	NaN
61.95	1.0085124660081153
62.050000000000004	1.0103885435468183
62.15	1.0124450189353011
62.25	1.0133344071208548
62.35	1.0130267474133559
62.45	1.014455142205523
62.550000000000004	1.0152024958355306
62.65	1.0165106875298242
62.75	1.0168169448473183
62.85	1.0180649646949211
62.95	1.016647365206676
63.050000000000004	1.0173255533422236
63.15	1.0153775321793348
63.25	NaN
63.35	1.0156711059573182
63.45	1.0145810791023393
63.550000000000004	1.014813807301488
63.65	1.0130072345314165
63.75	1.0124951586344286
63.85	1.0084912607325953
63.95	1.008043410420765
64.05	1.010575204113783
64.14999999999999	1.007336016241335
64.25	1.0024711134894386
64.35	1.0003581978867628
64.44999999999999	1.0022483550360688
64.55	1.0004539800647025
64.64999999999999	0.9983491163323485
64.75	0.9958193751289386
64.85	0.9942680075356416
64.94999999999999	0.9939962642468295
65.05	0.991548295150661
65.14999999999999	0.9900425515835667
65.25	NaN
65.35	0.9892538746623476
65.44999999999999	NaN
65.55	0.9877412898832568
65.64999999999999	0.9840487393383525
65.75	0.986815755023504
65.85	0.9858461795088241
65.94999999999999	0.983580797310629
66.05	NaN
66.14999999999999	0.9857001708308298
66.25	0.9870513303801859
66.35	0.9861414995142106
66.44999999999999	0.9864668146239682
66.55	0.9869443178063455
66.64999999999999	NaN
66.75	0.9879012461444654
66.85	NaN
66.94999999999999	NaN
67.05	0.9922619628136964
67.14999999999999	0.9918341977497309
67.25	0.9947254015051998
67.35	0.9955098015772537
67.44999999999999	0.9973194552273469
67.55	0.9969506911711377
67.64999999999999	NaN
67.75	NaN
67.85	1.0019715794038957
67.94999999999999	1.0050406361556272
68.05	1.005589377513099
68.14999999999999	1.005641247137131
68.25	NaN
68.35	1.0083144925095102
68.44999999999999	1.0105273624241657
68.55	1.0100571126219309
68.64999999999999	NaN
68.75	1.012717288343616
68.85	1.0122555660608448
68.94999999999999	1.0152705196403
69.05	1.0142433749554745
69.14999999999999	1.0138226145596025
69.25	1.0133583388744816
69.35	1.014490867051107
69.44999999999999	NaN
69.55	1.0135524074810633
69.64999999999999	1.0145451808070016
69.75	NaN
69.85	1.0111686509649536
69.94999999999999	NaN
70.05	1.0099060470188377
70.14999999999999	1.0088888838546188
70.25	NaN
70.35	1.0053991952099766
70.44999999999999	NaN
70.55	1.003785398266727
70.64999999999999	1.0017945729152347
70.75	1.0015642342376716
70.85	0.9990756784822196
70.94999999999999	0.9967610667404809
71.05	0.9913027766368618
71.14999999999999	0.9963899147952803
71.25	NaN
71.35	0.9925314549936106
71.44999999999999	0.9915175244412765
71.55	0.9913949091392446
71.64999999999999	0.991508483233321
71.75	0.9892779997240737
71.85	0.9878217965661925
71.94999999999999	0.9878638995985264
72.05	NaN
72.14999999999999	NaN
72.25	NaN
72.35	NaN
72.44999999999999	0.9875111408546048
72.55	0.9885123309733068
72.64999999999999	0.9866193569996312
72.75	NaN
72.85	0.9898812386380657
72.94999999999999	0.9891816000739445
73.05	0.990740926296464
73.14999999999999	0.991403792153494
73.25	0.9925478040347783
73.35	0.9951509229908877
73.44999999999999	NaN
73.55	0.9937515041126469
73.64999999999999	NaN
73.75	NaN
73.85	1.000422730867383
73.94999999999999	0.9997239065811129
74.05	1.0015315177060695
74.14999999999999	1.0025345234352088
74.25	1.004000800051187
74.35	1.0047668493991178
74.44999999999999	1.0044491869830774
74.55	1.0062267804114928
74.64999999999999	1.0092029570483507
74.75	1.0108827055153449
74.85	1.0085746635218371
74.94999999999999	1.010633151415758
75.05	1.0115501377982468
75.14999999999999	1.0113920105508032
75.25	NaN
75.35	NaN
75.44999999999999	NaN
75.55	1.0124657360997322
75.64999999999999	NaN
75.75	NaN
75.85	1.0114406406242298
75.94999999999999	1.0105309135697564
76.05	1.0096078451119428
76.14999999999999	1.0080999658256395
76.25	NaN
76.35	1.0068242442311723
76.44999999999999	NaN
76.55	1.0043187686715904
76.64999999999999	1.003905223252867
76.75	NaN
76.85	NaN
76.95	NaN
77.05	NaN
77.14999999999999	1.000553807525305
77.25	0.997637918389282
77.35	0.9965270422590862
77.45	0.9962674455153144
77.55	0.9935703156074699
77.64999999999999	0.993392528485338
77.75	0.9934776064331521
77.85	0.9934953411433395
77.95	0.9924741511841746
78.05	0.9904821104741115
78.14999999999999	0.9898153709530302
78.25	0.9904301126029591
78.35	0.989311673386193
78.45	NaN
78.55	NaN
78.64999999999999	0.9892420863582206
78.75	0.9890192732939673
78.85	NaN
78.95	0.9898828278236375
79.05	NaN
79.14999999999999	NaN
79.25	0.9902165892954471
79.35	NaN
79.45	0.9925915773837152
79.55	0.9929632344789718
79.64999999999999	NaN
79.75	0.996156953035334
79.85	0.9974649240107939
