0.15	0.037470561714577924
0.25	0.037170017102462746
0.35	0.03667260553887162
0.45	0.03700315586801383
0.55	0.03769262693534257
0.65	0.038022981942968395
0.7500000000000001	0.038138176573882146
0.85	0.038574581334038474
0.95	0.03892955251828175
1.05	0.039674420085209716
1.15	0.04041825113680254
1.25	0.040974845702583376
1.35	0.04190111987297834
1.45	0.042709910632772095
1.55	0.04369347760360446
1.65	0.04481976879369044
1.75	0.046137761526650424
1.85	0.047505847323166414
1.95	0.048632596013172824
2.05	0.05044710287342017
2.15	0.05202736189103696
2.25	0.054104360134116854
2.35	0.05602959486964768
2.45	0.05784957074507578
2.5500000000000003	0.060242453730739026
2.65	0.0629829692169171
2.75	0.06596131430165855
2.85	0.06911264440610547
2.95	0.07248470371700712
3.0500000000000003	0.07613947193378731
3.15	0.08031942080040064
3.25	0.08480041467377662
3.35	0.08981957353873599
3.45	0.09541326980881217
3.5500000000000003	0.1018188102655754
3.65	0.1079577527625431
3.75	0.1157594180710965
3.85	0.12385306146883698
3.95	0.13376120930863647
4.05	0.14372190866431786
4.1499999999999995	0.15531349216883492
4.25	0.16843219759950176
4.35	0.1833622463578478
4.449999999999999	0.20035251648417515
4.55	0.219830310444735
4.6499999999999995	0.2417293554487429
4.75	0.26808176553857116
4.85	0.29521221045685314
4.95	0.33038383391420756
5.05	0.36893983414549225
5.1499999999999995	0.413381343529737
5.25	0.46415397913830614
5.35	0.523481258204386
5.45	0.5985341552459396
5.55	0.6751883653814187
5.6499999999999995	0.7733511302805764
5.75	0.8851711005772358
5.85	1.0131337990916123
5.95	1.1489703396292992
6.05	1.3064684349421043
6.1499999999999995	1.4805910319246032
6.25	1.6493469655421447
6.35	1.8094337936576679
6.45	1.9563306899843964
6.55	2.0645195466169164
6.6499999999999995	2.1251332920060273
6.75	2.136336151301098
6.85	2.105420402446518
6.95	2.034243809036228
7.05	1.9316911991237051
7.1499999999999995	1.81912306341458
7.25	1.7038665041330872
7.35	1.5867004516301146
7.45	1.4737019764271349
7.55	1.3721969228059092
7.6499999999999995	1.2803381317439797
7.75	1.1925659214384117
7.85	1.1213965310779148
7.95	1.0552259231495136
8.05	0.9966567983585574
8.15	0.9473973595599181
8.25	0.9018397771519658
8.350000000000001	0.8644983129774138
8.450000000000001	0.829852282541049
8.55	0.799947415420985
8.65	0.7757267250673565
8.75	0.7560370163724999
8.850000000000001	0.7376450739118116
8.950000000000001	0.7225133612132278
9.05	0.7111276384494079
9.15	0.7014604579873374
9.25	0.6940872178156027
9.350000000000001	0.6894414745871261
9.450000000000001	0.6861522592598286
9.55	0.6857435997168264
9.65	0.6872267392860406
9.750000000000002	0.6909881579187648
9.85	0.6968153326006243
9.95	0.703324845460044
10.049999999999999	0.7112247500913985
10.149999999999999	0.720865192412792
10.25	0.7327302132115047
10.35	0.7481612852221232
10.45	0.7620815047844949
10.549999999999999	0.7787744139979325
10.649999999999999	0.7990098358646397
10.75	0.8187298239982839
10.85	0.8408241682904135
10.95	0.8602192882327719
11.049999999999999	0.884705842863918
11.149999999999999	0.9111820448881476
11.25	0.9366200900230196
11.35	0.9637429339748326
11.45	0.9904849970516798
11.549999999999999	1.0178633626764693
11.649999999999999	1.0447562221401305
11.75	1.0704220059928746
11.85	1.0975778923052042
11.95	1.12330799485456
12.049999999999999	1.147092773011608
12.149999999999999	1.1687064983566597
12.25	1.1860110668120043
12.35	1.2042939629384262
12.45	1.2163806013809617
12.549999999999999	1.2271695333738908
12.649999999999999	1.2362760818484966
12.75	1.2401512092399918
12.85	1.2416646801886875
12.95	1.238907039393501
13.049999999999999	1.2338306241958226
13.149999999999999	1.2277531791583771
13.25	1.2164579961184645
13.35	1.2005414234910698
13.45	1.187189317620544
13.549999999999999	1.1687525377779637
13.649999999999999	1.1499435307036974
13.75	1.1292461245115917
13.85	1.109273082171294
13.95	1.0863015978924426
14.049999999999999	1.0647872443804751
14.149999999999999	1.045086637248794
14.25	1.0263910220928618
14.35	1.0052553265187507
14.45	0.9880246806419277
14.549999999999999	0.969956079644864
14.649999999999999	0.9535978693814242
14.75	0.9393111214225314
14.85	0.9240172727903522
14.95	0.9111981548741271
15.049999999999999	0.8993314038732688
15.149999999999999	0.8901545655154027
15.25	0.8843089518079573
15.35	0.8757877283692533
15.45	0.8678080422386781
15.549999999999999	0.8642808231680825
15.649999999999999	0.861156762442018
15.75	0.8582683110670155
15.85	0.8579435305155336
15.95	0.8585464470758837
16.05	0.8598191189495107
16.15	0.8635314910836797
16.25	0.8675313050416927
16.349999999999998	0.8720244625218349
16.45	0.8791947716636583
16.55	0.8848656115195359
16.65	0.8943508657679077
16.75	0.9015903357957745
16.849999999999998	0.912065373431178
16.95	0.923620345882834
17.05	0.9347864691046953
17.15	0.9459342779456589
17.25	0.9587999350671669
17.349999999999998	0.9708069588001931
17.45	0.9833520589940017
17.55	0.9960240300705387
17.65	1.0092646678407664
17.75	1.0215003779068086
17.849999999999998	1.0327497294842438
17.95	1.0453709935620537
18.05	1.0545845425022562
18.15	1.0670299245997383
18.25	1.0734392391233054
18.349999999999998	1.0862264515461475
18.45	1.0908379968964443
18.55	1.0976640248869525
18.65	1.1035670277641034
18.75	1.108436019213287
18.849999999999998	1.1092890556250088
18.95	1.109859748812898
19.05	1.1115772810851396
19.15	1.1093613626534529
19.25	1.1070684427958382
19.35	1.1036932610273245
19.45	1.0990975972207786
19.55	1.0918036280794454
19.65	1.0856749990657506
19.75	1.0798896744595627
19.85	1.068946620072076
19.95	1.0608783779181337
20.05	1.0523413747356898
20.15	1.045491004730853
20.25	1.0346405730108128
20.35	1.0257868573883626
20.45	1.0149750436720524
20.55	1.0070414224814133
20.65	0.9965890842987195
20.75	0.9890858890149921
20.85	0.9797100000374127
20.95	0.9746388217078064
21.05	0.9646733617644674
21.15	0.9566950721415255
21.25	0.9493979075074771
21.35	0.9440486234364616
21.45	0.9401027898726889
21.55	0.9345418539023692
21.65	0.9306539579907258
21.75	0.9288498996646272
21.85	0.9244574214199529
21.95	0.9252291888020852
22.05	0.9227692353500744
22.15	0.9232893533563513
22.25	0.9228475998241112
22.35	0.9222057842392024
22.45	0.9250645608408861
22.55	0.9290147076216095
22.65	0.9326999009550816
22.75	0.936582876143241
22.85	0.9395497924137535
22.95	0.9455993557904524
23.05	0.9521217589497512
23.15	0.9569687396208715
23.25	0.9623584363159396
23.35	0.96898760111203
23.45	0.9763459595459231
23.55	0.9834115957804863
23.65	0.9894471426293578
23.75	1.00064871095975
23.85	1.0031711933789758
23.95	1.0129913735899623
24.05	1.0158973231132742
24.15	1.0258770450029864
24.25	1.032490087026419
24.35	1.0366695095946274
24.45	1.0397378748632369
24.55	1.0472630344710228
24.65	1.0516293198818916
24.75	1.0552344310598718
24.85	1.0573864500631336
24.95	1.0603293271160177
25.05	1.0648120021580965
25.15	1.0633031704311213
25.25	1.0628682778269207
25.35	1.0636039009722462
25.45	1.062100142544478
25.55	1.0607476922038372
25.65	1.0598133680418578
25.75	1.0564170784878393
25.85	1.0520871467736443
25.95	1.0453404208330672
26.05	1.043207718085168
26.15	1.038682095560357
26.25	1.0333816743347404
26.35	1.026249162661097
26.45	1.0226136032468658
26.55	1.018581681422146
26.65	1.0125868122081862
26.75	1.0046775934359056
26.85	0.9993944020074229
26.95	0.9934722107051867
27.05	0.9888642565049965
27.15	0.9848542839373694
27.25	0.9803570856190039
27.35	0.9756756817950549
27.45	0.9703883854095734
27.55	0.9665922249816745
27.65	0.9628832053245233
27.75	0.9618533849735721
27.85	0.958031982755141
27.95	0.957605076427079
28.05	0.9546629825429477
28.15	0.9526500636517709
28.25	0.9514170083054239
28.35	0.953125531069389
28.45	0.9516598542971897
28.55	0.9526295352576591
28.65	0.954473329323363
28.75	0.9535661631735799
28.85	0.958172988597741
28.95	0.9588197099108454
29.05	0.9621340071327534
29.15	0.965851754215232
29.25	0.9687205215780639
29.35	0.9722450620015238
29.45	0.9748143135048147
29.55	0.9781106725880434
29.65	0.9827682623804342
29.75	0.9883493879006613
29.85	0.9923879244765828
29.95	NaN
30.05	1.0013157483312758
30.15	1.0040731279056423
30.25	1.0106659127197906
30.35	1.0138316254965543
30.45	1.018297759982888
30.55	1.0219441396939046
30.65	1.0268323685002465
30.75	1.0279407298323726
30.85	1.0328003167558901
30.95	1.0344783596208245
31.05	1.035134419827889
31.15	1.037923901416226
31.25	1.03775820009485
31.35	1.0399381576369933
31.45	1.0405633587679997
31.55	1.0392893499202187
31.65	1.042100619760897
31.75	NaN
31.85	1.0375881181857807
31.95	1.0374303562282703
32.05	1.0355581846567776
32.15	1.0346132840334419
32.25	1.0293158611948918
32.35	1.0258943134342906
32.45	1.0234326681654196
32.55	1.0196013378061668
32.65	1.0172295764857484
32.75	1.0117809604556027
32.85	1.0092524981994957
32.95	1.0076168286361828
33.05	1.0008966926448672
33.15	0.9987726022403598
33.25	0.9954296737437777
33.35	0.991648177042161
33.45	0.9880359357932056
33.55	0.9851238871660868
33.65	0.98125979289716
33.75	0.9804756480264867
33.85	0.9755832206021237
33.95	0.9745760261365093
34.05	0.9730272612933002
34.15	0.9685541340557464
34.25	0.9699330847916533
34.35	0.969279850009379
34.45	0.9666223954401887
34.55	0.9680518912966571
34.65	0.9674153433505139
34.75	0.9680598509691531
34.85	0.9685679662076478
34.95	0.9689840055464213
35.05	0.9707562892356228
35.15	0.9709161661855349
35.25	0.9720061095812041
35.35	0.9740275199857732
35.45	0.9784405671373093
35.55	0.9787095139612519
35.65	0.9829336660850402
35.75	0.9841353536572229
35.85	0.9869228951770633
35.95	0.9898038339625655
36.05	0.9937454363191016
36.15	0.9966709253518888
36.25	0.999828224022294
36.35	1.0023876690435687
36.45	1.004578743886279
36.55	1.0071531216837544
36.65	NaN
36.75	1.0123802558014625
36.85	1.016474283564392
36.95	1.0183325890392247
37.05	1.0206386353862835
37.15	1.0224249969117132
37.25	1.024259829281351
37.35	1.0260190644493927
37.45	1.0261257900509568
37.55	1.02888863502321
37.65	1.0293639744448075
37.75	1.0288068339713095
37.85	1.0281191779233876
37.95	1.0280703264061946
38.05	NaN
38.15	NaN
38.25	1.0221823862013548
38.35	1.0231659205748107
38.45	1.020645133100533
38.550000000000004	1.0207042362040357
38.65	1.0177116485461615
38.75	1.015226178842656
38.85	1.0140691458421895
38.95	1.0110248579979888
39.050000000000004	1.0076840839695316
39.15	1.0062702551765732
39.25	1.0032269653685937
39.35	0.9999782026427098
39.45	0.9984541999701568
39.550000000000004	0.9959032884880977
39.65	NaN
39.75	0.9902891309280468
39.85	0.9890003391772996
39.95	0.9856069662215068
40.050000000000004	0.9836731305387499
40.15	0.983958583770944
40.25	0.9799060996260334
40.35	NaN
40.45	0.9783277216674342
40.550000000000004	0.9758718972631679
40.65	0.9763599717843912
40.75	0.9762424719289595
40.85	0.9756088973714016
40.95	0.9782824997220655
41.050000000000004	0.9754464170326722
41.15	0.9773087487405109
41.25	0.9786252942217667
41.35	0.9729840224258712
41.45	0.9794286358517819
41.550000000000004	0.9787962005536454
41.65	0.9825736660938075
41.75	0.9834512402374631
41.85	0.9823168805437429
41.95	0.9884095110868537
42.050000000000004	0.9887051532280859
42.15	0.9908366704126889
42.25	0.9953522483349048
42.35	0.9967326720019667
42.45	0.9962468203577447
42.550000000000004	1.0013137958864047
42.65	1.0016335483651997
42.75	1.0054453607020297
42.85	1.008172432704339
42.95	1.0089178491974973
43.050000000000004	1.0106797097241507
43.15	NaN
43.25	1.014574231895031
43.35	1.0173885586351987
43.45	1.0164578596768856
43.550000000000004	1.0173207187038174
43.65	NaN
43.75	NaN
43.85	1.017923215356416
43.95	1.019237811091048
44.050000000000004	1.021613776801982
44.15	1.01998834131839
44.25	1.020438769738048
44.35	1.019112619783755
44.45	NaN
44.550000000000004	1.0183791992407532
44.65	1.0165337512108064
44.75	1.0184059381280248
44.85	1.0134985297624697
44.95	1.0136710149135537
45.050000000000004	1.009931424039652
45.15	1.0091450553309742
45.25	1.0053968744474235
45.35	1.0064343564844644
45.45	1.0040540905288506
45.550000000000004	1.0006999497912188
45.65	0.9979548377977433
45.75	NaN
45.85	0.9960936020062202
45.95	NaN
46.050000000000004	0.9925140579840657
46.15	0.9906700353947019
46.25	0.9883265766197984
46.35	NaN
46.45	0.9872151712130087
46.550000000000004	0.9850582081312219
46.65	NaN
46.75	0.9827468387226236
46.85	0.983029170472109
46.95	0.9820372335695335
47.050000000000004	0.9828767426291086
47.15	0.9825084267613624
47.25	0.9831858592985717
47.35	0.982599897289687
47.45	NaN
47.550000000000004	0.983394634778926
47.65	0.984513584348251
47.75	0.9843262736199718
47.85	0.9866731232109812
47.95	0.986037722889815
48.050000000000004	0.9877567991067314
48.15	0.9887988705708056
48.25	0.9907906022540202
48.35	0.9930773306965939
48.45	0.9938458810165806
48.550000000000004	0.9903557196084416
48.65	0.9956717940356516
48.75	0.9983028028743195
48.85	1.0016010939045599
48.95	1.0020471083460862
49.050000000000004	1.005057354605002
49.15	1.0052494692953482
49.25	1.0057429485598715
49.35	1.0074476832842907
49.45	1.0087287261916533
49.550000000000004	1.0127858012267588
49.65	1.0117048932238968
49.75	NaN
49.85	1.013753768180494
49.95	1.0148402662741833
50.050000000000004	1.0148063048462639
50.15	1.0164691693980612
50.25	1.0159216738100096
50.35	1.0145094276002837
50.45	1.0159044728402906
50.550000000000004	1.0162388153620823
50.65	1.0128521688366876
50.75	1.0148644599597716
50.85	1.013379575940806
50.95	1.0129451950734232
51.050000000000004	1.0120091533651592
51.15	1.0092645162419036
51.25	1.00908035380476
51.35	1.0089202755516922
51.45	1.007547182265897
51.550000000000004	1.005781041237014
51.65	1.0012023440916367
51.75	1.0052173988520643
51.85	0.999755590318942
51.95	0.9982574784649642
52.050000000000004	0.9975758662636603
52.15	NaN
52.25	0.9956068581011411
52.35	0.993953203416051
52.45	0.9923639869970147
52.550000000000004	0.9889267430088942
52.65	0.9884932584441039
52.75	0.9892779663214941
52.85	0.9872688337814938
52.95	0.9891190850595181
53.050000000000004	0.9877837923371939
53.15	0.9855288389266458
53.25	0.9896763743851232
53.35	0.9861685212726347
53.45	0.9863671625945017
53.550000000000004	0.9873892731086304
53.65	0.9868448668079187
53.75	0.9859340364810101
53.85	0.9886777219149521
53.95	0.9864172327138265
54.050000000000004	0.9892558156945397
54.15	0.987619478828169
54.25	0.9916966750392024
54.35	0.9914148977751482
54.45	0.9907027016774813
54.550000000000004	NaN
54.65	0.9956787869038867
54.75	0.997331912033203
54.85	0.9981748363959126
54.95	0.999219416249574
55.050000000000004	0.9995075435403918
55.15	0.9989936527050103
55.25	1.0010890585208603
55.35	1.003332153210257
55.45	1.0040457054723024
55.550000000000004	1.005056271166918
55.65	NaN
55.75	1.0049890660244487
55.85	1.0092731714985865
55.95	1.01030271568549
56.050000000000004	1.0112403257852458
56.15	1.0114242016720838
56.25	1.0084101174848263
56.35	0.9993492855925347
56.45	1.0121778499283183
56.550000000000004	1.0123994449321494
56.65	1.0131935411193989
56.75	1.0126032768834896
56.85	1.011063616621059
56.95	1.0129299563601364
57.050000000000004	1.0093136162476066
57.15	1.0122986201502349
57.25	1.0108825439193108
57.35	1.0086333182135967
57.45	1.006434800826567
57.550000000000004	NaN
57.65	1.0058981716377062
57.75	1.0071385276786222
57.85	1.0032509264537182
57.95	1.0038175288919902
58.050000000000004	NaN
58.15	1.0002214204081914
58.25	0.9996067986577339
58.35	0.997092660585452
58.45	0.9960166397657843
58.550000000000004	0.994701327163624
58.65	0.9947602219465997
58.75	NaN
58.85	0.9925115929051048
58.95	0.9921067415156372
59.050000000000004	0.9917015036606814
59.15	0.989039130420328
59.25	0.9896884090283052
59.35	0.9892850990619838
59.45	0.9890892898290944
59.550000000000004	0.9884986528269037
59.65	NaN
59.75	0.9893550990298895
59.85	0.9874030653896141
59.95	0.988302593934717
60.050000000000004	0.9881308901120258
60.15	0.9889876521773528
60.25	0.990023124195531
60.35	NaN
60.45	0.9943436635037556
60.550000000000004	0.9931649485343453
60.65	0.9925837806165928
60.75	0.9936635452003968
60.85	NaN
60.95	0.9960423453937812
61.050000000000004	0.9960741478543352
61.15	0.99755128939989
61.25	0.9999161016324251
61.35	1.0011596042994861
61.45	1.00003003337518
61.550000000000004	1.001537870431032
61.65	1.0029579373377437
61.75	1.0042255734458592
61.85	1.0050053731307016
61.95	NaN
62.050000000000004	1.0078606246933997
62.15	1.0106476665418962
62.25	1.0078391346314497
62.35	1.0075605825150917
62.45	NaN
62.550000000000004	1.0088125903021008
62.65	NaN
62.75	NaN
62.85	1.0090555440993705
62.95	1.0112416609131647
63.050000000000004	1.0096057053678422
63.15	1.0096955270228094
63.25	1.009998632119642
63.35	1.0079595185662722
63.45	1.010918611301369
63.550000000000004	1.009704651624377
63.65	NaN
63.75	1.0061787754823928
63.85	NaN
63.95	1.0061247684610908
64.05	1.0063016251080321
64.14999999999999	1.0022821341394157
64.25	1.0020477972930935
64.35	NaN
64.44999999999999	1.0023155582977623
64.55	0.9977777996120069
64.64999999999999	0.9990097684595584
64.75	0.9974574860915788
64.85	0.9955243179590465
64.94999999999999	0.9941930685894541
65.05	0.9946484602321933
65.14999999999999	NaN
65.25	0.9931525292994872
65.35	0.992726039092404
65.44999999999999	0.9914087792721126
65.55	0.9904940502864221
65.64999999999999	NaN
65.75	0.9914240474767272
65.85	0.9900697903591428
65.94999999999999	NaN
66.05	NaN
66.14999999999999	0.9906790695507844
66.25	0.9910180453356349
66.35	0.9918014224019506
66.44999999999999	0.9925897385440309
66.55	NaN
66.64999999999999	0.9933512317630839
66.75	0.9938375681157021
66.85	NaN
66.94999999999999	NaN
67.05	NaN
67.14999999999999	NaN
67.25	0.9973346368818069
67.35	NaN
67.44999999999999	NaN
67.55	0.9981516484324293
67.64999999999999	0.999433172503876
67.75	1.0012213732971964
67.85	1.0025317887916658
67.94999999999999	NaN
68.05	1.0046317298909817
68.14999999999999	1.0043164895017143
68.25	1.0059779717052928
68.35	1.0062494590636826
68.44999999999999	1.0063400103017208
68.55	1.0068363992518392
68.64999999999999	NaN
68.75	1.0083406171283484
68.85	1.0094355660740206
68.94999999999999	1.0085189535786825
69.05	NaN
69.14999999999999	1.009609092379088
69.25	NaN
69.35	1.0091686977183238
69.44999999999999	1.0088791535655548
69.55	1.0084715199808634
69.64999999999999	1.007319144473645
69.75	1.0077812671595674
69.85	1.0071058628467662
69.94999999999999	1.0058311801204047
70.05	NaN
70.14999999999999	1.0049660122234447
70.25	1.004904475060362
70.35	1.00342822043132
70.44999999999999	1.00293311917267
70.55	1.002446781058542
70.64999999999999	1.0016836122703654
70.75	0.9998469204255889
70.85	1.0001562847121592
70.94999999999999	0.9976327310416366
71.05	0.9974375832253954
71.14999999999999	NaN
71.25	0.9946440041462151
71.35	NaN
71.44999999999999	0.9944538197642041
71.55	0.9930017063867675
71.64999999999999	0.9941616476025579
71.75	0.9935592950558548
71.85	NaN
71.94999999999999	NaN
72.05	0.9921266905382523
72.14999999999999	NaN
72.25	0.993006471142803
72.35	0.9928134816571123
72.44999999999999	NaN
72.55	NaN
72.64999999999999	0.9911727096088738
72.75	0.9914944953754501
72.85	0.9928357433093952
72.94999999999999	NaN
73.05	0.995212070954982
73.14999999999999	0.9948904277813972
73.25	0.9950353743167968
73.35	0.9959516698648503
73.44999999999999	0.9971056726889427
73.55	0.996237995446194
73.64999999999999	0.9983116308423875
73.75	0.9996207068024688
73.85	0.9997246976560032
73.94999999999999	NaN
74.05	NaN
74.14999999999999	1.0011883545055675
74.25	1.0013819451827917
74.35	1.0035676572093377
74.44999999999999	1.0050627808937813
74.55	1.0044830850814428
74.64999999999999	NaN
74.75	NaN
74.85	1.0059422102825701
74.94999999999999	1.0058740235381252
75.05	1.0049368100270442
75.14999999999999	1.006376365661227
75.25	1.006943979064218
75.35	1.006594638146116
75.44999999999999	1.005978072964331
75.55	1.0069486490257937
75.64999999999999	1.0070488793465038
75.75	NaN
75.85	1.0074233447518635
75.94999999999999	NaN
76.05	1.0068580615936282
76.14999999999999	1.006632813149809
76.25	1.004439496031121
76.35	1.004464783892937
76.44999999999999	NaN
76.55	1.0030362614366788
76.64999999999999	1.0012052713115278
76.75	NaN
76.85	1.0007111553243235
76.95	0.9983699070171552
77.05	0.9992302762424358
77.14999999999999	1.0000735578474376
77.25	NaN
77.35	NaN
77.45	NaN
77.55	0.9957215839306421
77.64999999999999	NaN
77.75	0.9964480203260856
77.85	0.995608604913148
77.95	NaN
78.05	0.9936673313754986
78.14999999999999	NaN
78.25	0.9932179625872356
78.35	0.9922677481282347
78.45	NaN
78.55	NaN
78.64999999999999	NaN
78.75	0.9933441734491129
78.85	0.9916801500043599
78.95	0.9939319062082382
79.05	NaN
79.14999999999999	NaN
79.25	0.9942972667163983
79.35	0.9949120574536187
79.45	NaN
79.55	0.9964970481344761
79.64999999999999	NaN
79.75	0.9972260393314598
79.85	0.999417429245578
