0.15	0.019169060313384615
0.25	0.018900449301724177
0.35	0.019024246970156422
0.45	0.019246687611314484
0.55	0.019526620625708847
0.65	0.019160557798317324
0.7500000000000001	0.019500450427380092
0.85	0.019929977994083636
0.95	0.02011391667224676
1.05	0.02045842401212784
1.15	0.020879761630565884
1.25	0.021247314145336784
1.35	0.021578941388847434
1.45	0.022064205203712526
1.55	0.02249548236289097
1.65	0.023013800542669948
1.75	0.023659515320087345
1.85	0.024357428860544192
1.95	0.025103513758164088
2.05	0.0257611530760431
2.15	0.026581563963230217
2.25	0.02754037618265893
2.35	0.02854797743300384
2.45	0.029530630387395056
2.5500000000000003	0.03075207590363425
2.65	0.03205683929128713
2.75	0.03342556481849313
2.85	0.034853608758350293
2.95	0.03659982152187554
3.0500000000000003	0.038299288026980995
3.15	0.04021393130422624
3.25	0.04247466735173553
3.35	0.04501130842932993
3.45	0.04746378833249932
3.5500000000000003	0.05058567277072743
3.65	0.053728731989832364
3.75	0.05742426642988191
3.85	0.06102779140877189
3.95	0.06580869089572813
4.05	0.07082028215653136
4.1499999999999995	0.0764835283263006
4.25	0.08233958992140392
4.35	0.08997857265026113
4.449999999999999	0.0975632625556349
4.55	0.10638308772861219
4.6499999999999995	0.11678069389344348
4.75	0.12903545659256369
4.85	0.14295584574032857
4.95	0.15928007370137579
5.05	0.17712890784280597
5.1499999999999995	0.1994996146740986
5.25	0.22445937574668995
5.35	0.2548770650085641
5.45	0.29195929037342905
5.55	0.3358320422724417
5.6499999999999995	0.3869807369197986
5.75	0.4535916397470825
5.85	0.5305699869558017
5.95	0.6256419463352925
6.05	0.7467257316297153
6.1499999999999995	0.900733156248229
6.25	1.0824001286008968
6.35	1.3016262974808186
6.45	1.5791821683791634
6.55	1.8894327714339876
6.6499999999999995	2.224709210503744
6.75	2.5359031855023715
6.85	2.7904353469901815
6.95	2.932136971155636
7.05	2.907035489635409
7.1499999999999995	2.772649949305457
7.25	2.5561671837912194
7.35	2.2885077899550317
7.45	2.0421016161871837
7.55	1.8189732376772707
7.6499999999999995	1.6043915147780918
7.75	1.432762941709361
7.85	1.281524374398379
7.95	1.161574599140539
8.05	1.0601832581145674
8.15	0.9762184547749756
8.25	0.9006526415223511
8.350000000000001	0.8401734153400008
8.450000000000001	0.7866856950553092
8.55	0.7440094776394729
8.65	0.7073506587862939
8.75	0.6768633941842667
8.850000000000001	0.6513175904159704
8.950000000000001	0.6292298160375129
9.05	0.6123576010914566
9.15	0.5987427958590409
9.25	0.5873328407855449
9.350000000000001	0.5788644559877315
9.450000000000001	0.5727607409638606
9.55	0.5691781754941319
9.65	0.5677742573477128
9.750000000000002	0.5701237302314136
9.85	0.5710850596996303
9.95	0.5782630410042232
10.049999999999999	0.5862659896328822
10.149999999999999	0.593479648080602
10.25	0.6062758119306447
10.35	0.6199958389376041
10.45	0.6344173494371402
10.549999999999999	0.6520928837177414
10.649999999999999	0.6716239522527082
10.75	0.6959676676396283
10.85	0.7209777366976311
10.95	0.7467936467396287
11.049999999999999	0.778009821522881
11.149999999999999	0.8106419683125182
11.25	0.8435138913857225
11.35	0.8821131375893
11.45	0.9211846910776917
11.549999999999999	0.9614259798457121
11.649999999999999	1.003223141300363
11.75	1.045564864580462
11.85	1.0830087911634623
11.95	1.1254098651142723
12.049999999999999	1.1651037885809417
12.149999999999999	1.1999199462678387
12.25	1.2335695348363196
12.35	1.2587029993285022
12.45	1.28234082628003
12.549999999999999	1.3032044093873303
12.649999999999999	1.3202362390110238
12.75	1.3280568918972002
12.85	1.3362600745533233
12.95	1.3402889424030457
13.049999999999999	1.3372937446815083
13.149999999999999	1.335141083497294
13.25	1.3267349934500046
13.35	1.3167579463213663
13.45	1.3026830773712015
13.549999999999999	1.2866406932579668
13.649999999999999	1.2645310394898304
13.75	1.2419124510059592
13.85	1.2154051255002136
13.95	1.1911639311235513
14.049999999999999	1.160756302898556
14.149999999999999	1.1300569231598119
14.25	1.0984650822413216
14.35	1.0645325170805504
14.45	1.0322610380785946
14.549999999999999	1.0013934624956047
14.649999999999999	0.9745114540811795
14.75	0.9465101676405204
14.85	0.9203183468775608
14.95	0.8967686482448597
15.049999999999999	0.8775421474768876
15.149999999999999	0.8576756750982395
15.25	0.840206232978436
15.35	0.826643555644248
15.45	0.8131013325242663
15.549999999999999	0.8045432352225045
15.649999999999999	0.7957473146081542
15.75	0.7892776187812149
15.85	0.7853099141968488
15.95	0.7828455784419689
16.05	0.7819859996076777
16.15	0.7844152499898492
16.25	0.7866371097975087
16.349999999999998	0.7920323904612077
16.45	0.8003947239738433
16.55	0.8059820356612676
16.65	0.8160598187134469
16.75	0.8257309751616764
16.849999999999998	0.8394573575491646
16.95	0.8546486425708644
17.05	0.8692320999799699
17.15	0.8851764610283516
17.25	0.9040579015943182
17.349999999999998	0.9209000873402452
17.45	0.9435355629257399
17.55	0.961561582527111
17.65	0.9837074634527073
17.75	1.004423157694849
17.849999999999998	1.0262750525915902
17.95	1.0460511291319878
18.05	1.0651858854793832
18.15	1.0848771074783303
18.25	1.1022760665367202
18.349999999999998	1.1200549531645794
18.45	1.1344762433340416
18.55	1.1469407426183316
18.65	1.158093428255534
18.75	1.1640805611049052
18.849999999999998	1.1715280866336029
18.95	1.1738790419987581
19.05	1.176120951823961
19.15	1.1762073263792097
19.25	1.1734008865095664
19.35	1.1686868969170354
19.45	1.1610749924346986
19.55	1.1522491138216768
19.65	1.1441182059693036
19.75	1.1322381532294803
19.85	1.1205102086912277
19.95	1.1090784710504769
20.05	1.0939492859635418
20.15	1.0792388529208634
20.25	1.0678531388561139
20.35	1.0520876994654718
20.45	1.0386349743784216
20.55	1.024692264318698
20.65	1.0114304685038638
20.75	0.9974811080632093
20.85	0.9825657714505917
20.95	0.9704326548137523
21.05	0.9588808740978213
21.15	0.9477998828288685
21.25	0.936879639348005
21.35	0.9276789980985156
21.45	0.9172113953613561
21.55	0.9113223095093252
21.65	0.9022443208579781
21.75	0.8979009616778043
21.85	0.8899916403611423
21.95	0.8850337326043747
22.05	0.8821393219481394
22.15	0.8821245971555872
22.25	0.8804240158256995
22.35	0.8803056008092349
22.45	0.8793943228084414
22.55	0.8866218298984809
22.65	0.8857029008781427
22.75	0.8914622890496829
22.85	0.8976694440616035
22.95	NaN
23.05	0.9090568552311432
23.15	0.9168291664609223
23.25	0.9244560566758656
23.35	0.9343071076218108
23.45	0.9451211778799933
23.55	0.9561532419370228
23.65	0.9673003936064573
23.75	0.9785710084870579
23.85	0.9925422095251479
23.95	1.002342039911779
24.05	1.0140181203266556
24.15	1.0262228880617965
24.25	1.0380925467017434
24.35	1.0483977142991305
24.45	1.0570414571330085
24.55	1.06766858093968
24.65	1.0770062839492638
24.75	1.0851090809128747
24.85	1.0904141118831436
24.95	1.095276520968645
25.05	1.1027716543591153
25.15	1.1026116964460047
25.25	1.1044872385916396
25.35	1.1045014962453212
25.45	1.1029924709014745
25.55	1.1018314141015562
25.65	1.0998241268316806
25.75	1.0930117610384769
25.85	1.0862976192827876
25.95	1.0828547900617704
26.05	1.075493255703792
26.15	1.0676525226321059
26.25	1.0610407202597396
26.35	1.0522516669769044
26.45	1.0426625601903143
26.55	1.0346117192876256
26.65	1.0263685794891662
26.75	1.0158656133489292
26.85	1.0061267421069475
26.95	0.9988654142071681
27.05	0.9929483423359675
27.15	0.9810885558370491
27.25	0.9744388985847996
27.35	0.9671854773311379
27.45	0.9588345002205401
27.55	0.9534592848048136
27.65	0.9486113353539948
27.75	0.942611632552185
27.85	0.9385802811715868
27.95	0.9357553767349457
28.05	0.9324634494518126
28.15	0.9282502335752346
28.25	0.9254464652080037
28.35	0.9244660597168214
28.45	0.9226425193695398
28.55	0.9243872521016779
28.65	0.9252459105343548
28.75	0.9261865993922967
28.85	0.927540514000584
28.95	0.931899379588386
29.05	0.9311503459163676
29.15	0.9386609765416856
29.25	0.9433464294506874
29.35	0.9474987254745308
29.45	0.952679456578095
29.55	0.9582410607214692
29.65	0.9641611683509945
29.75	0.9709168086887243
29.85	0.97919489414972
29.95	0.9864582750318328
30.05	0.993562888523131
30.15	0.9992694677623307
30.25	1.0074652929355838
30.35	1.0144230478737521
30.45	1.0229709185461464
30.55	1.03113895219067
30.65	1.0346570004571167
30.75	1.040559601130725
30.85	1.0474595480135984
30.95	1.0517874470838044
31.05	1.056761317247573
31.15	1.0591539603373146
31.25	1.063931689267823
31.35	1.0654883710442251
31.45	1.066770666375602
31.55	1.0684120649747413
31.65	1.0675427509479771
31.75	1.0653455899684063
31.85	1.0659721081145008
31.95	1.063753114229879
32.05	1.0590087941899444
32.15	1.0567163451397468
32.25	1.0513115615165347
32.35	1.0461087948341274
32.45	1.0440034738768378
32.55	1.0355192280643504
32.65	1.0318485803802584
32.75	1.0285929979898456
32.85	1.0210907830463454
32.95	1.0134984052724354
33.05	1.0069179242637034
33.15	1.0037559102310218
33.25	0.9983583490825375
33.35	0.9907320596828931
33.45	0.9852538138090183
33.55	0.9820923635747552
33.65	0.975578852790323
33.75	0.9688319231868998
33.85	0.9642510706732292
33.95	0.9649864536730589
34.05	0.9590506638161641
34.15	0.9558469687936193
34.25	0.9518327121807103
34.35	0.9521873177419178
34.45	0.949025358069355
34.55	0.9491234241750608
34.65	0.9490129480820428
34.75	0.9472435141078205
34.85	0.9471482518598415
34.95	0.948593250213842
35.05	0.949771092920025
35.15	0.9516663519766408
35.25	0.9515334458440369
35.35	0.9571785102860426
35.45	0.9575872946799749
35.55	0.9619391034040394
35.65	0.9660542619632965
35.75	0.9712978423725005
35.85	0.9759562396844639
35.95	0.9798230572099023
36.05	0.9844400683005714
36.15	0.989242336442778
36.25	0.9940673145591002
36.35	1.0012376162979324
36.45	1.0031323422988734
36.55	NaN
36.65	1.014932884000487
36.75	1.0188280380628574
36.85	1.0258494603107942
36.95	1.0289699578679656
37.05	1.0297831662357229
37.15	1.0345484664372862
37.25	1.038891453305818
37.35	1.0436380707176385
37.45	1.0429797339249023
37.55	1.045261727479742
37.65	NaN
37.75	1.0482645649204398
37.85	1.0465392159298559
37.95	1.0472379198633217
38.05	1.0467387819096456
38.15	1.0464760675071954
38.25	1.0424370624913177
38.35	1.0406001402119132
38.45	1.0393683632522175
38.550000000000004	1.0357145763603135
38.65	1.0302341120970155
38.75	1.0292829307891267
38.85	1.0241104290726664
38.95	1.0225291594244996
39.050000000000004	1.0163645751652204
39.15	NaN
39.25	NaN
39.35	NaN
39.45	NaN
39.550000000000004	0.9965586319604027
39.65	0.9926241476829145
39.75	0.9870685601150059
39.85	0.9834049799648352
39.95	0.9795337815962871
40.050000000000004	0.9778747788088283
40.15	NaN
40.25	0.971214448474327
40.35	0.9684290432913013
40.45	0.9663771124447681
40.550000000000004	0.9650453473644157
40.65	0.96256944413688
40.75	0.9646625917135628
40.85	0.9622457725543592
40.95	0.9609104748920959
41.050000000000004	0.9604253383405571
41.15	0.964812300347305
41.25	0.9626103859100996
41.35	0.9619282347436824
41.45	0.9650104646733129
41.550000000000004	NaN
41.65	0.9683730629566386
41.75	0.9702416118995728
41.85	0.9732240072978777
41.95	0.9773491300794281
42.050000000000004	0.980157640617906
42.15	NaN
42.25	0.9862511356985235
42.35	0.9908281849907903
42.45	0.9939970590983367
42.550000000000004	0.9989324110247091
42.65	0.9995904176047181
42.75	1.0045780458720348
42.85	1.0082132277997347
42.95	1.0083406981682745
43.050000000000004	1.0157012073762262
43.15	1.020275821012981
43.25	1.0207130022813067
43.35	1.0240883302161894
43.45	1.0268723805845095
43.550000000000004	1.0288202916426088
43.65	NaN
43.75	1.033321146625861
43.85	1.033684401598077
43.95	1.0353876662271857
44.050000000000004	1.0345857900562592
44.15	1.035269989670088
44.25	NaN
44.35	1.0349893722659804
44.45	1.0324828563000514
44.550000000000004	1.0319948331217275
44.65	1.0289185337293485
44.75	1.0287104589145606
44.85	1.0261981121797672
44.95	1.0221513206409467
45.050000000000004	1.0205573684828122
45.15	1.0170590243040918
45.25	1.0152569399383091
45.35	NaN
45.45	1.0083306687862996
45.550000000000004	1.0044916558113615
45.65	NaN
45.75	1.0009639648189417
45.85	0.9965363112929698
45.95	0.990099242651353
46.050000000000004	0.9886306179585206
46.15	0.9884872955387252
46.25	0.983214681899115
46.35	0.9829233095708569
46.45	0.9798191174670192
46.550000000000004	0.9767587186045151
46.65	NaN
46.75	0.9740388467143587
46.85	0.974348251393148
46.95	0.9721173144853305
47.050000000000004	0.9705764670166869
47.15	0.970118853021015
47.25	0.9695507737668757
47.35	0.9719601322170954
47.45	0.9708311652285481
47.550000000000004	0.9727980288945559
47.65	0.9734660960927161
47.75	0.9730783025620767
47.85	0.9756447534562016
47.95	0.9781254077103888
48.050000000000004	0.9792284334038374
48.15	0.9842132713596543
48.25	0.9826791424555968
48.35	0.9879830309606222
48.45	0.9887581139482774
48.550000000000004	0.9905023887117055
48.65	0.9932127284228609
48.75	0.9959303924978439
48.85	1.000316066538017
48.95	1.0035038793666005
49.050000000000004	1.0035311031115344
49.15	NaN
49.25	1.011283876481349
49.35	1.0125589100677854
49.45	1.015840836978841
49.550000000000004	1.0173732454227677
49.65	1.021861119199663
49.75	1.0223657372552455
49.85	1.0230850751188667
49.95	1.0249112469200663
50.050000000000004	1.0255787542519161
50.15	1.0274319176663398
50.25	1.0274459399539777
50.35	1.0254983866272565
50.45	1.0273190383529942
50.550000000000004	1.0261304393824489
50.65	1.0245425894967897
50.75	1.0258102352622473
50.85	1.0253152965750978
50.95	NaN
51.050000000000004	1.0187223679417563
51.15	1.0193427659595293
51.25	1.0171989377088184
51.35	1.0140703706598189
51.45	1.0147135015020872
51.550000000000004	NaN
51.65	1.007985275275287
51.75	1.0050848148508957
51.85	1.002344400780468
51.95	1.001172366929358
52.050000000000004	NaN
52.15	0.9957582229868681
52.25	0.9941871236753188
52.35	0.9909706876656926
52.45	0.9879715742585171
52.550000000000004	0.9864007848390529
52.65	0.9849247158061121
52.75	0.9828256425075185
52.85	0.9812850470265058
52.95	NaN
53.050000000000004	0.9799175945160865
53.15	NaN
53.25	0.9773944718019202
53.35	0.9772884683581894
53.45	0.9778782048470939
53.550000000000004	NaN
53.65	0.9753218789782967
53.75	NaN
53.85	0.9792570608385958
53.95	0.9799267169813037
54.050000000000004	NaN
54.15	0.979954512287694
54.25	NaN
54.35	0.9845673801613962
54.45	0.9857851211565856
54.550000000000004	NaN
54.65	0.9890727849834268
54.75	0.9909531528556831
54.85	0.9941295965240565
54.95	0.9961692409137307
55.050000000000004	0.9981606054065176
55.15	1.001593371606447
55.25	1.002450320588719
55.35	1.0116742963423064
55.45	1.0070541688228731
55.550000000000004	1.009704007374773
55.65	1.0152334075468328
55.75	1.0155724790140337
55.85	1.012540008199923
55.95	1.0173672359722739
56.050000000000004	1.0167239895477365
56.15	1.0186870549876221
56.25	1.0229320295748476
56.35	1.0202331952854746
56.45	1.0207773660671853
56.550000000000004	1.0227703454828636
56.65	1.0229981499000358
56.75	NaN
56.85	1.0213688282313473
56.95	1.017897615334256
57.050000000000004	1.0198574757630074
57.15	1.0188052147614859
57.25	1.0202169926504725
57.35	NaN
57.45	1.0142077114623593
57.550000000000004	1.012893888432386
57.65	1.0137022022748952
57.75	1.0082887462185632
57.85	1.0073974801250514
57.95	1.0056981102604938
58.050000000000004	1.0031647313219092
58.15	1.0014700427546197
58.25	1.0018651672451393
58.35	0.9947334987794546
58.45	NaN
58.550000000000004	0.994909127934105
58.65	0.9931915716912827
58.75	NaN
58.85	0.989471809997597
58.95	NaN
59.050000000000004	0.9854812844691011
59.15	0.9856264062992866
59.25	0.9853206078846556
59.35	0.9841138348332299
59.45	0.9821661906333764
59.550000000000004	0.9790220881263063
59.65	0.9806892415326135
59.75	0.9818567920635513
59.85	NaN
59.95	0.9819625431317927
60.050000000000004	NaN
60.15	0.9830068462033603
60.25	0.9826675118520696
60.35	NaN
60.45	0.9854752170042459
60.550000000000004	0.9872668820638746
60.65	0.986595228649807
60.75	0.9882260995843976
60.85	0.9934685197008101
60.95	0.9944958699839627
61.050000000000004	0.9929683322788916
61.15	0.9952943517919777
61.25	0.999117272703586
61.35	0.9987151687780754
61.45	0.9994590396852834
61.550000000000004	NaN
61.65	1.0050565822311248
61.75	NaN
61.85	NaN
61.95	1.009833707122298
62.050000000000004	1.0105941780226886
62.15	1.009421024479196
62.25	1.016390475937295
62.35	1.0136701646451718
62.45	1.0154910634115073
62.550000000000004	1.016995120479594
62.65	1.0173643143121485
62.75	1.0163512674538828
62.85	1.01826940764449
62.95	1.0168707910698507
63.050000000000004	1.0165197735395053
63.15	1.0177661746921602
63.25	NaN
63.35	1.0158171582934332
63.45	1.0151731227092933
63.550000000000004	1.016511525811627
63.65	1.0124466777637682
63.75	1.0117084859918222
63.85	1.0095858857184514
63.95	1.0075620827912053
64.05	1.0081417485132622
64.14999999999999	1.0062776450985904
64.25	1.0061627025113578
64.35	1.002392208173525
64.44999999999999	1.0016986350389558
64.55	0.9971452574278465
64.64999999999999	0.9984272738757815
64.75	0.9948646601037963
64.85	0.9958410028650898
64.94999999999999	0.9920400532943445
65.05	0.9924530589433022
65.14999999999999	0.9902478749151574
65.25	NaN
65.35	0.9875083769437779
65.44999999999999	NaN
65.55	0.9865364814042424
65.64999999999999	0.9864222761790408
65.75	0.9851754505814104
65.85	0.9843931837066823
65.94999999999999	0.9836330625050224
66.05	NaN
66.14999999999999	0.9857682157759717
66.25	0.9841508887898991
66.35	0.9846950843735247
66.44999999999999	0.9862306849182959
66.55	0.9852786200624003
66.64999999999999	NaN
66.75	0.9882513806964902
66.85	NaN
66.94999999999999	NaN
67.05	0.9910366645225546
67.14999999999999	0.9918968745615834
67.25	0.9940973966310703
67.35	0.9957732257219369
67.44999999999999	0.9953696846954233
67.55	0.9991865212401245
67.64999999999999	NaN
67.75	NaN
67.85	1.0015067876561818
67.94999999999999	1.0045258796957153
68.05	1.00492197124714
68.14999999999999	1.006298581416154
68.25	NaN
68.35	1.0094053806778984
68.44999999999999	1.0095983313571872
68.55	1.010882123252531
68.64999999999999	NaN
68.75	1.0123077529772877
68.85	1.0122537133533611
68.94999999999999	1.0133561476353434
69.05	1.0136058017855136
69.14999999999999	1.0149877673558645
69.25	1.014354009013409
69.35	1.0151222024109336
69.44999999999999	NaN
69.55	1.0131885624523882
69.64999999999999	1.0128603239137617
69.75	NaN
69.85	1.010605248339439
69.94999999999999	NaN
70.05	1.0084413724847403
70.14999999999999	1.007415624514047
70.25	NaN
70.35	1.0067405846239248
70.44999999999999	NaN
70.55	1.004295783041406
70.64999999999999	1.001995871566916
70.75	1.000745308853983
70.85	1.0015268178202847
70.94999999999999	0.9979689832732902
71.05	0.9974430862611369
71.14999999999999	0.9959731464513589
71.25	NaN
71.35	0.9925964170366331
71.44999999999999	0.990961069639547
71.55	0.9911576297807392
71.64999999999999	0.9896018660058182
71.75	0.9906028405723554
71.85	0.9889014099036721
71.94999999999999	0.9882089326419233
72.05	NaN
72.14999999999999	NaN
72.25	NaN
72.35	NaN
72.44999999999999	0.987995236965073
72.55	0.9873227779064917
72.64999999999999	0.9877658124078736
72.75	NaN
72.85	0.98812708633574
72.94999999999999	0.9885531398694204
73.05	0.9902905744902899
73.14999999999999	0.9914926025826373
73.25	0.9922453439031736
73.35	0.9922649703371725
73.44999999999999	NaN
73.55	0.9953957987586656
73.64999999999999	NaN
73.75	NaN
73.85	1.0004274321998505
73.94999999999999	1.001142543813946
74.05	1.0005272826505922
74.14999999999999	1.0036322052315627
74.25	1.0039126567434362
74.35	1.0054359213165842
74.44999999999999	1.0053035357230569
74.55	1.0067129677318196
74.64999999999999	1.0069503679862672
74.75	1.0062259190879517
74.85	1.0089471066559839
74.94999999999999	1.0116710364571069
75.05	1.0111173083326266
75.14999999999999	1.010115096090433
75.25	NaN
75.35	NaN
75.44999999999999	NaN
75.55	1.012408067948193
75.64999999999999	NaN
75.75	NaN
75.85	1.0121856865463144
75.94999999999999	1.0109514537297326
76.05	1.0097438967835066
76.14999999999999	1.0090112044215869
76.25	NaN
76.35	1.0075712426379908
76.44999999999999	NaN
76.55	1.0054869342191017
76.64999999999999	1.0056804537749393
76.75	NaN
76.85	NaN
76.95	NaN
77.05	NaN
77.14999999999999	0.998198023518657
77.25	0.9976483500824981
77.35	0.9959054820802636
77.45	0.9954992384706887
77.55	0.9963827489910354
77.64999999999999	0.9928859685719454
77.75	0.9930399956820415
77.85	0.9920253754955756
77.95	0.9907462203694681
78.05	0.9880406723453105
78.14999999999999	0.9907020173748088
78.25	0.9893573434140548
78.35	0.9891334201733463
78.45	NaN
78.55	NaN
78.64999999999999	0.9883118801757744
78.75	0.9901956569711763
78.85	NaN
78.95	0.9900459763470577
79.05	NaN
79.14999999999999	NaN
79.25	0.9908001922445459
79.35	NaN
79.45	0.9924169172672856
79.55	0.9928530828772262
79.64999999999999	NaN
79.75	0.9955265282300154
79.85	0.9965254199298214
