0.15	0.03513744239858195
0.25	0.03712043879884894
0.35	0.03659898582375221
0.45	0.037224436744544794
0.55	0.037617665785984224
0.65	0.037788616107401134
0.7500000000000001	0.03824276351220006
0.85	0.038609469600901246
0.95	0.039061813295574954
1.05	0.039557259756582634
1.15	0.040241568424133
1.25	0.04084511581138327
1.35	0.04183860413823127
1.45	0.042835594811921784
1.55	0.043700683795462075
1.65	0.044897748039127994
1.75	0.04611498215954796
1.85	0.047661819889748304
1.95	0.0487902326342707
2.05	0.05037580979593392
2.15	0.05205022872316853
2.25	0.054057195918711186
2.35	0.05588874570951903
2.45	0.057934446088249894
2.5500000000000003	0.06032390930920721
2.65	0.06317738850513238
2.75	0.06606724464645577
2.85	0.06902533281985335
2.95	0.07228511024023503
3.0500000000000003	0.0762290355504162
3.15	0.08036471521624956
3.25	0.08492542381889673
3.35	0.08995578726761738
3.45	0.09549772411734642
3.5500000000000003	0.10154974545692426
3.65	0.10785888160500225
3.75	0.115730692343099
3.85	0.12379031484501929
3.95	0.13370033732546374
4.05	0.1434885946251725
4.1499999999999995	0.15540690889785846
4.25	0.16820482394415573
4.35	0.18320506167356002
4.449999999999999	0.20066038478390813
4.55	0.21974473089546043
4.6499999999999995	0.24236430041384385
4.75	0.2676000236787939
4.85	0.29470476461042083
4.95	0.3305161805252723
5.05	0.36873945597942775
5.1499999999999995	0.41284038579005833
5.25	0.46347667465666653
5.35	0.5238356819028712
5.45	0.5979280477691585
5.55	0.677963366970737
5.6499999999999995	0.7739998185448856
5.75	0.8850416023748839
5.85	1.013215001064154
5.95	1.1521921780868123
6.05	1.3076214973492533
6.1499999999999995	1.4803010970129542
6.25	1.6495103660270287
6.35	1.8173415825696975
6.45	1.9513684267587696
6.55	2.0632269127978917
6.6499999999999995	2.1249771241854853
6.75	2.133945950902079
6.85	2.104140283210451
6.95	2.0273603871981902
7.05	1.929860761255076
7.1499999999999995	1.8210879685414063
7.25	1.702672324104034
7.35	1.58502823460426
7.45	1.4734059104514534
7.55	1.3711526704290478
7.6499999999999995	1.2828968711580495
7.75	1.1977817799782535
7.85	1.1258527692325402
7.95	1.0557611370636335
8.05	0.9983409072726472
8.15	0.9468272368378468
8.25	0.9021666958400526
8.350000000000001	0.8632704919932448
8.450000000000001	0.8303690955123353
8.55	0.8005597484809426
8.65	0.7766642577466133
8.75	0.7562160307733018
8.850000000000001	0.7366783586668563
8.950000000000001	0.7230581689672259
9.05	0.7107495653127747
9.15	0.7011560087841836
9.25	0.6947864580028383
9.350000000000001	0.69071452525124
9.450000000000001	0.6857890307102036
9.55	0.6862516769454634
9.65	0.6881494351186686
9.750000000000002	0.6905199429871817
9.85	0.6956412473579725
9.95	0.7026795313916615
10.049999999999999	0.7110157081919396
10.149999999999999	0.7211259662082702
10.25	0.7341083903382067
10.35	0.748089748718466
10.45	0.7643314839383141
10.549999999999999	0.7793842730109416
10.649999999999999	0.7977222597517479
10.75	0.8171209543188486
10.85	0.8404478827438493
10.95	0.8624507565287771
11.049999999999999	0.885615403409847
11.149999999999999	0.9103288955656913
11.25	0.9369310925450821
11.35	0.9632962937021815
11.45	0.9891780993324347
11.549999999999999	1.016889689399041
11.649999999999999	1.0455129783386137
11.75	1.0701198804424543
11.85	1.0977871223217186
11.95	1.1213925372243716
12.049999999999999	1.1469541592767085
12.149999999999999	1.1681001547441265
12.25	1.1870706930537818
12.35	1.2048748856138962
12.45	1.2170531649168619
12.549999999999999	1.2266775307609485
12.649999999999999	1.2343318745186762
12.75	1.2403566572857316
12.85	1.2413186969089065
12.95	1.2372584883589877
13.049999999999999	1.2338813871183791
13.149999999999999	1.2279937628875908
13.25	1.2159751068986993
13.35	1.2030100796537535
13.45	1.185463751100906
13.549999999999999	1.1673629370963545
13.649999999999999	1.1513539321423385
13.75	1.128750023604678
13.85	1.1101014505446234
13.95	1.0851803383531933
14.049999999999999	1.0677990701846518
14.149999999999999	1.044342993706652
14.25	1.02435682219646
14.35	1.0056683254050438
14.45	0.9872963742397143
14.549999999999999	0.968607071544361
14.649999999999999	0.9533429692739139
14.75	0.9379986369994121
14.85	0.9262857534993376
14.95	0.9116798308911632
15.049999999999999	0.9015054710760033
15.149999999999999	0.8885982005368518
15.25	0.8822887777870989
15.35	0.874094627317318
15.45	0.8674484328762567
15.549999999999999	0.863230989808347
15.649999999999999	0.8590728972889021
15.75	0.8585150187202631
15.85	0.8591871378792825
15.95	0.8595159486224541
16.05	0.8615107657256472
16.15	0.8631179075970863
16.25	0.8672722393395095
16.349999999999998	0.8712696153383417
16.45	0.880660694289702
16.55	0.88485773455679
16.65	0.8945204437481509
16.75	0.9011787008404649
16.849999999999998	0.9115846213491384
16.95	0.9228030891515394
17.05	0.9348620617742572
17.15	0.9464307560076858
17.25	0.9597983001467346
17.349999999999998	0.972158841861381
17.45	0.9820236305466019
17.55	0.9951781929794148
17.65	1.0073583809838764
17.75	1.0198366995747568
17.849999999999998	1.0341012576540727
17.95	1.046130889062897
18.05	1.055000118417707
18.15	1.0659085284036567
18.25	1.0733031170537954
18.349999999999998	1.0846529868888908
18.45	1.0913191637654596
18.55	1.0972183823146648
18.65	1.101412480941023
18.75	1.1080930935199969
18.849999999999998	1.1113385992226759
18.95	1.1129580896363276
19.05	1.110038754344544
19.15	1.1084237149334102
19.25	1.108023444034099
19.35	1.103229386373152
19.45	1.1000261828084879
19.55	1.0935405875494921
19.65	1.0850337355621757
19.75	1.0765184111042214
19.85	1.0696259286578766
19.95	1.0622318845171237
20.05	1.0539877383368896
20.15	1.0446422875250247
20.25	1.0321936371892286
20.35	1.022229267213249
20.45	1.017048525185324
20.55	1.0072557783864668
20.65	0.9958083876974985
20.75	0.989393681277298
20.85	0.9801768479575961
20.95	0.9714182957396512
21.05	0.9641020741202795
21.15	0.9596033627489957
21.25	0.9506372366243959
21.35	0.9465192391751629
21.45	0.9413837729432288
21.55	0.9364319544873322
21.65	0.9292449648229361
21.75	0.9284635953179141
21.85	0.9254145859060052
21.95	0.9238898836953405
22.05	0.9222475037353275
22.15	0.9239619292183219
22.25	0.9245224529110287
22.35	0.9260721934609384
22.45	0.9283735317113494
22.55	0.9267195246990593
22.65	0.9329239375430739
22.75	0.9353624176426192
22.85	0.9395459575779839
22.95	0.9453020406736184
23.05	0.9507338122044843
23.15	0.9550847669653273
23.25	0.964191474591213
23.35	0.9697868525487342
23.45	0.9760254159997633
23.55	0.9834495922133446
23.65	0.9900617471220935
23.75	0.9986139573677006
23.85	1.003241190544527
23.95	1.0096301415811573
24.05	1.0163494329957428
24.15	1.0240392695380052
24.25	1.0340106428478397
24.35	1.0360878648247536
24.45	1.0420897909036304
24.55	1.044768689268954
24.65	1.0473822504753256
24.75	1.0559618756927223
24.85	1.0583284196317535
24.95	1.0611473853142153
25.05	1.061667071680415
25.15	1.06232024162531
25.25	1.062347657729599
25.35	1.06495949321291
25.45	1.0636736979465535
25.55	1.0605596892250095
25.65	1.0556570143568385
25.75	1.0546030830752777
25.85	1.0498619191733272
25.95	1.0465773773925569
26.05	1.0438532573856425
26.15	1.0382647593812
26.25	1.0325046532978124
26.35	1.0265880857045107
26.45	1.0217527518792502
26.55	1.01640754434763
26.65	1.0128878763281404
26.75	1.0065071057753543
26.85	0.9990301853320538
26.95	0.9943771294217774
27.05	0.9901117987904215
27.15	0.984337956598469
27.25	0.9804373147043496
27.35	0.9755219317656995
27.45	0.9721939496695685
27.55	0.9651289562112784
27.65	0.9633706820631264
27.75	0.9612601279721483
27.85	0.958416845552306
27.95	0.9566517937689537
28.05	0.9544186919281376
28.15	0.9527093778574217
28.25	0.9510775410569665
28.35	0.9550986540954145
28.45	0.9514489906137432
28.55	0.9494340353290087
28.65	0.9539453427017265
28.75	0.9549826702005
28.85	0.956791489835119
28.95	0.9592157018609156
29.05	0.9614449515470727
29.15	0.9631473922668182
29.25	0.9653700808740538
29.35	0.9724257660678707
29.45	0.975903676373046
29.55	0.980420753672599
29.65	0.984603395303411
29.75	0.9881293277866985
29.85	0.9925683666449644
29.95	NaN
30.05	0.9996016991559096
30.15	1.0065741100911327
30.25	1.0086111760053722
30.35	1.0137412737708917
30.45	1.017004087355905
30.55	1.0216744505488988
30.65	1.024769927207726
30.75	1.0289104187880567
30.85	1.0310020730804896
30.95	1.0354736562742042
31.05	1.0381285129890792
31.15	1.036474030348665
31.25	1.0400979477486159
31.35	1.0402818309510677
31.45	1.0406861075745824
31.55	1.042238169390121
31.65	1.041667399444776
31.75	NaN
31.85	1.0384771793441594
31.95	1.0376768982557423
32.05	1.0339534317834154
32.15	1.0322914689918192
32.25	1.0304318768851308
32.35	1.0279761697321492
32.45	1.0249046509428807
32.55	1.0216395764005182
32.65	1.0171931962871068
32.75	1.0118213079525924
32.85	1.0090052274172974
32.95	1.0045100705471635
33.05	1.002940667198299
33.15	0.9985258881881075
33.25	0.9945661845646228
33.35	0.9908765188288231
33.45	0.9875297446619675
33.55	0.9840597799436703
33.65	0.9833821440978155
33.75	0.9799676800075506
33.85	0.9751896283839823
33.95	0.9732840778300881
34.05	0.9704330449849047
34.15	0.9704478904453822
34.25	0.9689755419692263
34.35	0.9692203421513779
34.45	0.9688009051857089
34.55	0.9691838703517255
34.65	0.9654858524818953
34.75	0.9672830571136536
34.85	0.9679364843772433
34.95	0.9692518698837543
35.05	0.9730554387044739
35.15	0.971191453573219
35.25	0.9725329472724045
35.35	0.9747564264176671
35.45	0.9791731822408345
35.55	0.9793945294584848
35.65	0.9818872032038384
35.75	0.984307703806489
35.85	0.9876683397156161
35.95	0.9908047723189969
36.05	0.9927019418855832
36.15	0.9969615247407475
36.25	0.996695619495251
36.35	1.0021544823015163
36.45	1.0059364568942077
36.55	1.008231387839239
36.65	NaN
36.75	1.0144849601195565
36.85	1.0166572044355502
36.95	1.018009447796534
37.05	1.0206511290282572
37.15	1.02204180450368
37.25	1.023987845683573
37.35	1.026069388119486
37.45	1.027421431396634
37.55	1.0276465760760922
37.65	1.0278168298573538
37.75	1.0291872292395579
37.85	1.026394684729875
37.95	1.0264940211868356
38.05	NaN
38.15	NaN
38.25	1.0231747492078416
38.35	1.025294356957953
38.45	1.0219334643693412
38.550000000000004	1.0203835946784252
38.65	1.0178324464745223
38.75	1.015084625172783
38.85	1.0134808120843102
38.95	1.0116792681812403
39.050000000000004	1.0114087497067856
39.15	1.0040005555959768
39.25	1.0055088591306662
39.35	1.0012179295563448
39.45	0.9976470779699513
39.550000000000004	0.9949505848346272
39.65	NaN
39.75	0.9914117545158128
39.85	0.9872027428023226
39.95	0.9865215881715664
40.050000000000004	0.9852391071095253
40.15	0.9830013327583922
40.25	0.9821935598894636
40.35	NaN
40.45	0.9778727688346929
40.550000000000004	0.9783918500784397
40.65	0.9776547358289499
40.75	0.9779810724849269
40.85	0.9752830458645273
40.95	0.9765990231451029
41.050000000000004	0.9781645610667019
41.15	0.9771849221500192
41.25	0.9781039342589639
41.35	0.9793276238534564
41.45	0.9791722932261723
41.550000000000004	0.9786590103160835
41.65	0.9828962664728532
41.75	0.9840235046830479
41.85	0.9858538513879516
41.95	0.986731765399383
42.050000000000004	0.9887930984669471
42.15	0.9911492138727573
42.25	0.9934757808318697
42.35	0.995490747556181
42.45	0.9945436098725143
42.550000000000004	1.0006205610091248
42.65	1.0027128248699957
42.75	1.002620955261063
42.85	1.0070054406329285
42.95	1.0086892893955464
43.050000000000004	1.0108689653228566
43.15	NaN
43.25	1.0154935000848555
43.35	1.0166444572072997
43.45	1.0169640891223368
43.550000000000004	1.0110654932105738
43.65	NaN
43.75	NaN
43.85	1.0201783217160911
43.95	1.0218975638312902
44.050000000000004	1.020464226223107
44.15	1.020674104551135
44.25	1.0194666263187064
44.35	1.0187579921725676
44.45	NaN
44.550000000000004	1.0171452835587165
44.65	1.0178236362343194
44.75	1.0159874157925284
44.85	1.0146968489348758
44.95	1.013580640528786
45.050000000000004	1.0110887863444218
45.15	1.0104343563908043
45.25	1.0062090373614776
45.35	1.0074946367070086
45.45	1.0050781481900304
45.550000000000004	1.0032237191011768
45.65	1.0000385109768237
45.75	NaN
45.85	0.996276058315221
45.95	NaN
46.050000000000004	0.9923029752181177
46.15	0.9914508543885467
46.25	0.9893848608179135
46.35	NaN
46.45	0.9851570277243585
46.550000000000004	0.9844657915299998
46.65	NaN
46.75	0.9847217055852879
46.85	0.9824590177175013
46.95	0.9815691418546866
47.050000000000004	0.9802641410838605
47.15	0.9831271060940134
47.25	0.9829872460397852
47.35	0.9819181153303544
47.45	NaN
47.550000000000004	0.9834180807164656
47.65	0.9859494840584839
47.75	0.983149730609639
47.85	0.9860120220571458
47.95	0.9863110636942175
48.050000000000004	0.986636318454133
48.15	0.9897144483847878
48.25	0.993297117217114
48.35	0.9919786721884004
48.45	0.9945782093203143
48.550000000000004	0.9953183866016411
48.65	0.9959299897192055
48.75	0.998887186836314
48.85	1.0010476146624063
48.95	1.0016200486393294
49.050000000000004	1.0046935451704018
49.15	1.0013958504751184
49.25	1.0057544989967573
49.35	1.0081065433969292
49.45	1.0091293871386933
49.550000000000004	1.0089649229086228
49.65	1.0116320408013737
49.75	NaN
49.85	1.0137300297285547
49.95	1.0143248830874
50.050000000000004	1.0168216507513776
50.15	1.0178114227858224
50.25	1.015498316004084
50.35	1.0158101254017582
50.45	1.0164946652853193
50.550000000000004	1.0155405201936314
50.65	1.015788145689235
50.75	1.0141602908315945
50.85	1.0128140923410371
50.95	1.0155403013481503
51.050000000000004	1.0135583625983868
51.15	1.009535658873839
51.25	1.0094692461477686
51.35	1.0100780812245937
51.45	1.0059359854898562
51.550000000000004	1.0047800231279145
51.65	1.0028676081707257
51.75	1.0011872831911943
51.85	1.0020399331727394
51.95	0.9992260920388052
52.050000000000004	0.9986766798923924
52.15	NaN
52.25	0.9954195933475217
52.35	0.9944055115932116
52.45	0.9935265752180289
52.550000000000004	0.9897498665040388
52.65	0.9894066206887283
52.75	0.9894847904004972
52.85	0.9884223230232349
52.95	0.9883897982399038
53.050000000000004	0.9876200225983371
53.15	0.9871715864661222
53.25	0.9858766506548812
53.35	0.9866657525089895
53.45	0.9848692312279592
53.550000000000004	0.9882827111546414
53.65	0.9859187094365682
53.75	0.984203460598481
53.85	0.986897279857065
53.95	0.9865326517512917
54.050000000000004	0.9876142414156982
54.15	0.9897742422093323
54.25	0.9903534049959553
54.35	0.9920633056443352
54.45	0.990597528150085
54.550000000000004	NaN
54.65	0.9943736034103551
54.75	0.9948198839824208
54.85	0.9975599792613976
54.95	0.9985440992803882
55.050000000000004	0.9990970946354626
55.15	1.0011463400277147
55.25	1.0009949308724726
55.35	1.0027632210157216
55.45	1.0026024275047234
55.550000000000004	1.0068837434555904
55.65	NaN
55.75	1.0060086443231977
55.85	1.011341390667686
55.95	1.0110712870513079
56.050000000000004	1.0113781286115986
56.15	1.011788776106474
56.25	1.0139847740446475
56.35	1.0060881850552978
56.45	1.0140428519963407
56.550000000000004	1.0112257131401492
56.65	1.012907290482762
56.75	1.0139514756880768
56.85	1.0116564085358157
56.95	1.0120935233981168
57.050000000000004	1.0119968336980734
57.15	1.011561965785971
57.25	1.0128577713130211
57.35	1.0098151984339176
57.45	1.0056816516198883
57.550000000000004	NaN
57.65	1.006368873425895
57.75	1.0050503015642966
57.85	1.0042080808388631
57.95	1.001407639217085
58.050000000000004	NaN
58.15	1.000636791578133
58.25	1.0018879632099942
58.35	0.9989456655129965
58.45	0.9973389840501127
58.550000000000004	0.9962926031509991
58.65	0.9951527486547742
58.75	NaN
58.85	0.9926186904716887
58.95	0.9909169236033404
59.050000000000004	0.9911570937931952
59.15	0.9908026949066112
59.25	0.9894556203685404
59.35	0.9893607810339289
59.45	0.9893045751522238
59.550000000000004	0.9888825650615087
59.65	NaN
59.75	0.9884937114161468
59.85	0.9885270125049165
59.95	0.9881936775589504
60.050000000000004	0.9890817378065698
60.15	0.9905090679635626
60.25	0.9900282123589553
60.35	NaN
60.45	0.992884315006427
60.550000000000004	0.992291984215434
60.65	0.9934507855229187
60.75	0.9948117676774513
60.85	NaN
60.95	0.9959361245141054
61.050000000000004	0.9962541443081192
61.15	0.9980207166718424
61.25	0.9976046640111139
61.35	0.999250173791641
61.45	1.0003230490541881
61.550000000000004	1.0021737793849579
61.65	1.0054896581133759
61.75	1.0041098474652284
61.85	1.0044431794932818
61.95	NaN
62.050000000000004	1.005115778744611
62.15	1.0074415551212563
62.25	1.0088170866240034
62.35	1.008460850631178
62.45	NaN
62.550000000000004	1.0104437801246595
62.65	NaN
62.75	NaN
62.85	1.0111960367654727
62.95	1.0103200733030304
63.050000000000004	1.011150252658166
63.15	1.0101062614031555
63.25	1.0093933553312178
63.35	1.0085067291964227
63.45	1.0083886647569946
63.550000000000004	1.0080006570238114
63.65	NaN
63.75	1.0073406579845618
63.85	NaN
63.95	1.004421101194525
64.05	1.0039890205927675
64.14999999999999	1.0054039579191791
64.25	1.0012151530978433
64.35	NaN
64.44999999999999	1.000555867745764
64.55	1.0002507895573767
64.64999999999999	0.9998811315186783
64.75	0.9987345953758942
64.85	0.9958543744645838
64.94999999999999	0.9955129712107218
65.05	0.9963443493124033
65.14999999999999	NaN
65.25	0.9925132499793292
65.35	0.9921861395610259
65.44999999999999	0.9935637523284581
65.55	0.9923493096408582
65.64999999999999	NaN
65.75	0.9892854300411995
65.85	0.9894208148291431
65.94999999999999	NaN
66.05	NaN
66.14999999999999	0.9910987456032889
66.25	0.9902923150688282
66.35	0.9917787904812546
66.44999999999999	0.9906311085615518
66.55	NaN
66.64999999999999	0.9927879548107599
66.75	0.9925275460291062
66.85	NaN
66.94999999999999	NaN
67.05	NaN
67.14999999999999	NaN
67.25	0.9964567805214049
67.35	NaN
67.44999999999999	NaN
67.55	0.9993371141550944
67.64999999999999	0.9992572668508855
67.75	1.0004407331232892
67.85	1.0038146356558528
67.94999999999999	NaN
68.05	1.004110123962746
68.14999999999999	1.0045886511131377
68.25	1.00580413483522
68.35	1.0056964341997228
68.44999999999999	1.0067784847641001
68.55	1.0061388550381234
68.64999999999999	NaN
68.75	1.0096773618756605
68.85	1.0078395890506233
68.94999999999999	1.008736905500121
69.05	NaN
69.14999999999999	1.0087975150512198
69.25	NaN
69.35	1.0074744652295191
69.44999999999999	1.0078709456546353
69.55	1.0078458499111083
69.64999999999999	1.007709202853345
69.75	1.0068516778345662
69.85	1.006816958796762
69.94999999999999	1.0058040745213206
70.05	NaN
70.14999999999999	1.0040956574903388
70.25	1.003509156032977
70.35	1.003372992079214
70.44999999999999	1.0030877731089667
70.55	1.0023104109488181
70.64999999999999	0.9997622313231316
70.75	1.0006551545869249
70.85	1.0000591729234631
70.94999999999999	0.999869596087578
71.05	0.995869121940671
71.14999999999999	NaN
71.25	0.9975400473039417
71.35	NaN
71.44999999999999	0.9962919918916467
71.55	0.9947471360452714
71.64999999999999	0.9928994696062707
71.75	0.990941016479105
71.85	NaN
71.94999999999999	NaN
72.05	0.9925443939172768
72.14999999999999	NaN
72.25	0.9922418925598435
72.35	0.9922983630946114
72.44999999999999	NaN
72.55	NaN
72.64999999999999	0.9926876121627333
72.75	0.99294337526474
72.85	0.9937669961072098
72.94999999999999	NaN
73.05	0.9947702510980889
73.14999999999999	0.994937608536392
73.25	0.9956802394114682
73.35	0.9950475075561368
73.44999999999999	0.9969701376713961
73.55	0.9989387479259203
73.64999999999999	0.9975988601398573
73.75	0.9990377436118415
73.85	1.000464742541963
73.94999999999999	NaN
74.05	NaN
74.14999999999999	1.0014353250105261
74.25	1.002604675657269
74.35	1.0053201123148243
74.44999999999999	1.004935657431773
74.55	1.0047723082234084
74.64999999999999	NaN
74.75	NaN
74.85	1.0071384771174638
74.94999999999999	1.007787462246141
75.05	1.0061592803389936
75.14999999999999	1.0061297381785472
75.25	1.0065969041452012
75.35	1.0057571686072755
75.44999999999999	1.006322568684661
75.55	1.007170789841103
75.64999999999999	1.0065330586099481
75.75	NaN
75.85	1.0072099994618016
75.94999999999999	NaN
76.05	1.005133973251589
76.14999999999999	1.0049247120367475
76.25	1.004429539334995
76.35	1.0048232928227259
76.44999999999999	NaN
76.55	1.0014499306057525
76.64999999999999	1.0044317607561226
76.75	NaN
76.85	1.0000607206690273
76.95	1.0013872448366878
77.05	0.9984132158043701
77.14999999999999	0.9993273606310703
77.25	NaN
77.35	NaN
77.45	NaN
77.55	0.9962635424387476
77.64999999999999	NaN
77.75	0.9935527849749407
77.85	0.9947707838366777
77.95	NaN
78.05	0.9944418509828282
78.14999999999999	NaN
78.25	0.9943911939462663
78.35	0.9932554739797378
78.45	NaN
78.55	NaN
78.64999999999999	NaN
78.75	0.9935199957590692
78.85	0.9935399228810543
78.95	0.9942444236772902
79.05	NaN
79.14999999999999	NaN
79.25	0.9928998227640796
79.35	0.9954980937148022
79.45	NaN
79.55	0.9961649465232592
79.64999999999999	NaN
79.75	0.9966511943816956
79.85	0.9970483389964829
