0.15	0.018603919919887125
0.25	0.01869901135177202
0.35	0.018919574490231104
0.45	0.018987764932984506
0.55	0.019433937773373537
0.65	0.019450582291148967
0.7500000000000001	0.019471493110827853
0.85	0.019925337751555514
0.95	0.02004059203518824
1.05	0.02048046431305896
1.15	0.020969763198722766
1.25	0.021148099995901233
1.35	0.021691598885029213
1.45	0.02202056730155091
1.55	0.0225722653421845
1.65	0.0230600206336921
1.75	0.02363455903969902
1.85	0.02432321607096604
1.95	0.02504601631132634
2.05	0.02581465781186163
2.15	0.026667880787219614
2.25	0.02753230590571165
2.35	0.028538726891084814
2.45	0.02951023916143278
2.5500000000000003	0.03073341253722329
2.65	0.03208034327110492
2.75	0.033384151528707585
2.85	0.03481882893281097
2.95	0.036616743552944496
3.0500000000000003	0.0382709836568912
3.15	0.040236089449097234
3.25	0.042424987137231654
3.35	0.04506487339844947
3.45	0.04759823394124184
3.5500000000000003	0.05052094413741119
3.65	0.053706674075815995
3.75	0.057421921754969685
3.85	0.06085150688666053
3.95	0.06583633990240781
4.05	0.07066457159304491
4.1499999999999995	0.07644580904100656
4.25	0.08238368294765498
4.35	0.09022071482148553
4.449999999999999	0.09764910910389552
4.55	0.10658245053356062
4.6499999999999995	0.11650600379250582
4.75	0.1288488112877687
4.85	0.14289176353112257
4.95	0.15930288944263307
5.05	0.1771429855435646
5.1499999999999995	0.19970807191807904
5.25	0.2243726965559335
5.35	0.25456751909264114
5.45	0.2923377895742541
5.55	0.33645992867328084
5.6499999999999995	0.38778114313791445
5.75	0.45437428132546126
5.85	0.5290648248459483
5.95	0.6267432349475917
6.05	0.7471450400128915
6.1499999999999995	0.9005730894363295
6.25	1.082857779818577
6.35	1.3031664769734126
6.45	1.5806888260820187
6.55	1.890191945097764
6.6499999999999995	2.22154003334
6.75	2.539639013484168
6.85	2.7923927869981373
6.95	2.9329958896289763
7.05	2.9091306301289457
7.1499999999999995	2.7711450688598744
7.25	2.5501328219233406
7.35	2.2945315196292517
7.45	2.042405907960777
7.55	1.8151853751178302
7.6499999999999995	1.6068358087963324
7.75	1.4343437515015474
7.85	1.2821941709902067
7.95	1.1619155305191444
8.05	1.060558995351193
8.15	0.9742661125312977
8.25	0.8991806700163071
8.350000000000001	0.8378719908327328
8.450000000000001	0.788216504443907
8.55	0.743324305404744
8.65	0.7067020033632135
8.75	0.6764367870904894
8.850000000000001	0.6498879353317129
8.950000000000001	0.6300304326443851
9.05	0.6125585591110213
9.15	0.5977437695962907
9.25	0.5866841999998109
9.350000000000001	0.5787134956039458
9.450000000000001	0.5728428533394699
9.55	0.5702252292781895
9.65	0.5687265155081856
9.750000000000002	0.5695028399245701
9.85	0.5719536039597407
9.95	0.5779491651725511
10.049999999999999	0.5846334150711359
10.149999999999999	0.5940494165784402
10.25	0.6046261332381447
10.35	0.6179203891137052
10.45	0.6346407243312545
10.549999999999999	0.6520538871056223
10.649999999999999	0.6716465408394128
10.75	0.6949710256335101
10.85	0.7212296943317794
10.95	0.7481285302816141
11.049999999999999	0.7769534175281794
11.149999999999999	0.8094699886363628
11.25	0.8440042478215205
11.35	0.8806553049070057
11.45	0.9213151786398546
11.549999999999999	0.959831961813297
11.649999999999999	1.0038103625799477
11.75	1.0437639032434955
11.85	1.0860643499516114
11.95	1.1280901984042802
12.049999999999999	1.1613600961563497
12.149999999999999	1.1999045218112052
12.25	1.2329943118850573
12.35	1.2603825163063243
12.45	1.2841098022537398
12.549999999999999	1.301707953142155
12.649999999999999	1.3171255597642213
12.75	1.3303130479101355
12.85	1.333949011923282
12.95	1.339624419184055
13.049999999999999	1.3390561355860167
13.149999999999999	1.3341205599007748
13.25	1.3271143176744118
13.35	1.3162238727406617
13.45	1.3037852315122094
13.549999999999999	1.284744545994488
13.649999999999999	1.266031698302388
13.75	1.2440164182723774
13.85	1.2187142991951807
13.95	1.1895766802427399
14.049999999999999	1.1584774702857608
14.149999999999999	1.1269403939462632
14.25	1.0988231928464434
14.35	1.0647951919202847
14.45	1.0341141788202735
14.549999999999999	1.0030416229478254
14.649999999999999	0.9741927886740105
14.75	0.946977601675239
14.85	0.9210773989963472
14.95	0.8981862780913779
15.049999999999999	0.8752773682253848
15.149999999999999	0.8579866696776668
15.25	0.8417346701587322
15.35	0.8274078102005619
15.45	0.8131616966366825
15.549999999999999	0.8051135397364932
15.649999999999999	0.7963847433580151
15.75	0.7884894250202502
15.85	0.7855592096912636
15.95	0.7820703787938309
16.05	0.7813308865769691
16.15	0.7849643596565401
16.25	0.7868599484652016
16.349999999999998	0.7903730608001234
16.45	0.7996986623050902
16.55	0.8068742430597349
16.65	0.8144824526109827
16.75	0.8273862812778587
16.849999999999998	0.8408268953526856
16.95	0.8550148077191032
17.05	0.8701152195578251
17.15	0.8851441191136464
17.25	0.9042562309611974
17.349999999999998	0.9240898203936541
17.45	0.942691801157685
17.55	0.9630567965444065
17.65	0.9837953061602407
17.75	1.0047912861384274
17.849999999999998	1.0250588933927034
17.95	1.0454480937581
18.05	1.065129746287061
18.15	1.084586414004997
18.25	1.1030460815214205
18.349999999999998	1.1181727748062789
18.45	1.1334367069807394
18.55	1.1477958001265114
18.65	1.156857990109494
18.75	1.1637754523335315
18.849999999999998	1.1702668467928665
18.95	1.1732735898140982
19.05	1.1784887608254981
19.15	1.1780291165937569
19.25	1.172818246275975
19.35	1.1685309106902964
19.45	1.1630625740641403
19.55	1.1528092708523745
19.65	1.14388641165888
19.75	1.1319504261381583
19.85	1.1184016997403088
19.95	1.1085152262804945
20.05	1.0942678963869281
20.15	1.081283296108322
20.25	1.0673242394193987
20.35	1.0522361158386204
20.45	1.038376091891167
20.55	1.0230721139978216
20.65	1.0111937668897182
20.75	0.9956072410625909
20.85	0.9837916104061476
20.95	0.9712531037846878
21.05	0.9588948310850072
21.15	0.9456749316954437
21.25	0.935644803038891
21.35	0.9268426930342823
21.45	0.9172822708229212
21.55	0.9101699464520265
21.65	0.9037508794314073
21.75	0.8977656021949367
21.85	0.8917817583292507
21.95	0.8883322743595161
22.05	0.8833787703233188
22.15	0.8796975325877309
22.25	0.8807851608012753
22.35	0.8807205803091115
22.45	0.8822013630066284
22.55	0.8835159040594036
22.65	0.88469492629995
22.75	0.8896952859732814
22.85	0.8954446501288422
22.95	NaN
23.05	0.9096726148196713
23.15	0.9160343333072793
23.25	0.9265381055901415
23.35	0.9350685575764236
23.45	0.9467539597760053
23.55	0.9563994913463729
23.65	0.9677793740915862
23.75	0.9804571922607531
23.85	0.9905323864087491
23.95	1.0031451358943673
24.05	1.0152547398181115
24.15	1.0254082325645208
24.25	1.0366334818054468
24.35	1.0463090735355807
24.45	1.0586855385730944
24.55	1.0680288626373349
24.65	1.077361790398828
24.75	1.0835373853922123
24.85	1.0901192404219966
24.95	1.0959699657999749
25.05	1.100806934235776
25.15	1.1040973141164525
25.25	1.1064520449714184
25.35	1.1044736139660325
25.45	1.102302929404094
25.55	1.1008777469392705
25.65	1.0967574305097376
25.75	1.0940641796807307
25.85	1.0889360513736788
25.95	1.0829910059036028
26.05	1.0751680606184475
26.15	1.069660478992967
26.25	1.0610782575401336
26.35	1.0539389655008864
26.45	1.0429816919100907
26.55	1.0339820921355771
26.65	1.0247142580531967
26.75	1.0154042619589072
26.85	1.008528712987382
26.95	1.000291410985882
27.05	0.9907584539376666
27.15	0.9818256865067112
27.25	0.9741826099107402
27.35	0.966215791524103
27.45	0.9596850503245538
27.55	0.9539702597448269
27.65	0.9482894252063455
27.75	0.9420705287210964
27.85	0.9351700032370732
27.95	0.9336360144860225
28.05	0.9296436344338761
28.15	0.9268831309768557
28.25	0.9259562729844578
28.35	0.9238754877804813
28.45	0.9236560792540358
28.55	0.923562774392805
28.65	0.9253393511011421
28.75	0.9270403955848666
28.85	0.9298613207046559
28.95	0.9309063470862684
29.05	0.9341139478779474
29.15	0.9380423009406238
29.25	0.942698103233204
29.35	0.9488928560193869
29.45	0.9530445378314669
29.55	0.9559329969143006
29.65	0.9658111854954673
29.75	0.9712745215792653
29.85	0.9804242296748458
29.95	0.9864411736867498
30.05	0.9934909946959863
30.15	1.0045970232372559
30.25	1.008342905463215
30.35	1.0167672810340962
30.45	1.0217577847274615
30.55	1.0290525009591711
30.65	1.0360004782215104
30.75	1.040414442698037
30.85	1.048821465789835
30.95	1.0517342821156852
31.05	1.0542375011307923
31.15	1.0597650608271616
31.25	1.0638952771555077
31.35	1.0654703632211473
31.45	1.0664070777353136
31.55	1.0671146352963292
31.65	1.067185679433674
31.75	1.065429358506345
31.85	1.0630591003390801
31.95	1.0629770735885207
32.05	1.0603391335112895
32.15	1.0564645718356898
32.25	1.0537984267744087
32.35	1.0517156582030605
32.45	1.0428216317458816
32.55	1.0362850331142102
32.65	1.0320737890016793
32.75	1.023961186697552
32.85	1.0204560820341462
32.95	1.0136825710674209
33.05	1.0086227819956415
33.15	1.000520714208757
33.25	0.9980664268789702
33.35	0.9904213793158656
33.45	0.9835349665075199
33.55	0.9762121705928379
33.65	0.9750399954581671
33.75	0.9716420662135202
33.85	0.9667625904230109
33.95	0.9597766277427967
34.05	0.9555378044192647
34.15	0.9549427496482708
34.25	0.9530258093621587
34.35	0.9524367310260312
34.45	0.9485988767514703
34.55	0.9481615388357565
34.65	0.9491600877422747
34.75	0.9481838827123135
34.85	0.9472895508864599
34.95	0.9493698151620313
35.05	0.9491190024664283
35.15	0.9504103595429723
35.25	0.955843914434318
35.35	0.9556952141522645
35.45	0.9610781849623615
35.55	0.9627828639583166
35.65	0.9659146831109798
35.75	0.9680238321869029
35.85	0.9752821382320928
35.95	0.9796579019174341
36.05	0.9865295527316102
36.15	0.9885670325736484
36.25	0.9949087255046181
36.35	0.9987870849201996
36.45	1.0031900869175343
36.55	NaN
36.65	1.0134389557086934
36.75	1.0197905683158948
36.85	1.0190551524906375
36.95	1.0271768153509346
37.05	1.030521138842359
37.15	1.0355357895700967
37.25	1.0388702316738014
37.35	1.040794345291287
37.45	1.0438498073565479
37.55	1.0482082900308491
37.65	NaN
37.75	1.0510252556346573
37.85	1.0465709731793136
37.95	1.0465707277001888
38.05	1.0478827843763636
38.15	1.0433934046725162
38.25	1.042972666223903
38.35	1.040850369973287
38.45	1.0416301289553993
38.550000000000004	1.0366075032329025
38.65	1.0316085183296377
38.75	1.0267977885519062
38.85	1.025931783389362
38.95	1.021814331413251
39.050000000000004	1.015930790437484
39.15	NaN
39.25	NaN
39.35	NaN
39.45	NaN
39.550000000000004	0.9952778170356041
39.65	0.990005680889223
39.75	0.9881189408727337
39.85	0.9843950446179575
39.95	0.9802078404069822
40.050000000000004	0.9766439030977002
40.15	NaN
40.25	0.9720814875564572
40.35	0.969852157217007
40.45	0.9660336057835679
40.550000000000004	0.965485170666482
40.65	0.9621500060464764
40.75	0.9619090619057629
40.85	0.9600200180732007
40.95	0.9621095699888655
41.050000000000004	0.9615676566590465
41.15	0.9612705292030679
41.25	0.9635015990843719
41.35	0.9642756740255616
41.45	0.9639699873361218
41.550000000000004	NaN
41.65	0.9693368120978763
41.75	0.9704389312323157
41.85	0.9732118457557158
41.95	0.9764968034261161
42.050000000000004	0.9790469578452288
42.15	NaN
42.25	0.9872075163402451
42.35	0.991987803558913
42.45	0.9943857477701732
42.550000000000004	0.9972129178073037
42.65	1.0024739283176538
42.75	1.0055244711956015
42.85	1.0080850968762451
42.95	1.0135569073850719
43.050000000000004	1.0155252779388129
43.15	1.0192712055220612
43.25	1.0209143132141867
43.35	1.022740180611461
43.45	1.0265937423873333
43.550000000000004	1.0273530296576374
43.65	NaN
43.75	1.0310206832937072
43.85	1.032919777842271
43.95	1.0338408983047422
44.050000000000004	1.0336591199580119
44.15	1.0374028466773249
44.25	NaN
44.35	1.0329472396463888
44.45	1.0322936021682352
44.550000000000004	1.0307204385784874
44.65	1.0282380649500023
44.75	1.0280336066066178
44.85	1.0245930486674737
44.95	1.022858808336457
45.050000000000004	1.01720325441435
45.15	1.0181926648974344
45.25	1.0150368392883944
45.35	NaN
45.45	1.0095017588246944
45.550000000000004	1.0057496260770118
45.65	NaN
45.75	1.000930398486761
45.85	0.99534915112349
45.95	0.9928693098414691
46.050000000000004	0.9905589817667313
46.15	0.9863718791661719
46.25	0.986856144267807
46.35	0.9801612004668561
46.45	0.9803630284957415
46.550000000000004	0.9776563443099209
46.65	NaN
46.75	0.9748116160518601
46.85	0.9729395194496819
46.95	0.9720018278827531
47.050000000000004	0.9704355337512385
47.15	0.9705666549637897
47.25	0.9701080351845282
47.35	0.9694881822129431
47.45	0.9714903378373451
47.550000000000004	0.9701956717698526
47.65	0.9735951599365598
47.75	0.9743423511712591
47.85	0.9745675252778726
47.95	0.9786649207501784
48.050000000000004	0.979635720453908
48.15	0.9825407224792989
48.25	0.982320316392951
48.35	0.984595456952656
48.45	0.9892795147833617
48.550000000000004	0.9915912038278109
48.65	0.9951048891489859
48.75	0.9957712855378978
48.85	0.9993863966018889
48.95	1.0006606876138442
49.050000000000004	1.0028886967671407
49.15	NaN
49.25	1.0109294352549345
49.35	1.0118142628673004
49.45	1.0149555238954293
49.550000000000004	1.0172749031055766
49.65	1.0195697909043695
49.75	1.0223005943180088
49.85	1.0223665895109624
49.95	1.0257353959654227
50.050000000000004	1.0249032227886887
50.15	1.026120064790491
50.25	1.0251452437534125
50.35	1.0265038276915495
50.45	1.025078044407661
50.550000000000004	1.027709220370629
50.65	1.0247445383822682
50.75	1.0260999980749537
50.85	1.0241019864241214
50.95	NaN
51.050000000000004	1.0207072964727286
51.15	1.0200182961680715
51.25	1.0161916897301901
51.35	1.013505039723075
51.45	1.0129926279872505
51.550000000000004	NaN
51.65	1.0077314541498088
51.75	1.0046392826961648
51.85	1.0029532665752743
51.95	1.0017675272136912
52.050000000000004	NaN
52.15	0.9944060490314197
52.25	0.9929279236754474
52.35	0.9909980052036865
52.45	0.989957165916232
52.550000000000004	0.9872724124189677
52.65	0.985087166661466
52.75	0.9838994230698965
52.85	0.9811689216680722
52.95	NaN
53.050000000000004	0.9799694100194223
53.15	NaN
53.25	0.9764639010930186
53.35	0.9770179503123685
53.45	0.9762928411907666
53.550000000000004	NaN
53.65	0.9769992890051358
53.75	NaN
53.85	0.9781850736483831
53.95	0.9779040926270632
54.050000000000004	NaN
54.15	0.9802189383330566
54.25	NaN
54.35	0.9847660708156037
54.45	0.9848985048268593
54.550000000000004	NaN
54.65	0.9889366271751511
54.75	0.9907543294839258
54.85	0.9951210524703961
54.95	0.9946972879297402
55.050000000000004	0.9983027137952737
55.15	1.0004328716575184
55.25	1.0015864199726368
55.35	1.0071725145358152
55.45	1.0068451436607375
55.550000000000004	1.0072797016118185
55.65	1.00950754306208
55.75	1.0136394339225443
55.85	1.0151846468302477
55.95	1.016012511340609
56.050000000000004	1.0201724989792855
56.15	1.0173073200104639
56.25	1.017638294220663
56.35	1.0201430609361566
56.45	1.0187405366231461
56.550000000000004	1.0186487730631197
56.65	1.021400460335954
56.75	NaN
56.85	1.0209707389022253
56.95	1.0186458535221585
57.050000000000004	1.019053166095112
57.15	1.0191000319857464
57.25	1.0153575673197817
57.35	NaN
57.45	1.0152115838146218
57.550000000000004	1.0131071671626768
57.65	1.0115362219143593
57.75	1.0104126057915372
57.85	1.0064776749331221
57.95	1.008004046755444
58.050000000000004	1.0040422817628178
58.15	1.0019629772984542
58.25	0.9987877217889922
58.35	0.99810218683251
58.45	NaN
58.550000000000004	0.9925564893213552
58.65	0.9929796904586481
58.75	NaN
58.85	0.9887498921212018
58.95	NaN
59.050000000000004	0.9861151831030107
59.15	0.9845992064776856
59.25	0.984030041947055
59.35	0.9830061594825135
59.45	0.9835979546767457
59.550000000000004	0.9835055212581781
59.65	0.9829095121434472
59.75	0.9821792162411328
59.85	NaN
59.95	0.9813824967166938
60.050000000000004	NaN
60.15	0.9815081947008757
60.25	0.9827731486578113
60.35	NaN
60.45	0.9858279313035431
60.550000000000004	0.9849407280971034
60.65	0.9875323652872647
60.75	0.9891662287253424
60.85	0.9889058917120155
60.95	0.9920329325550579
61.050000000000004	0.9945168060773758
61.15	0.9950844796735826
61.25	0.9974370227041336
61.35	0.9981948142071144
61.45	0.9997838057447864
61.550000000000004	NaN
61.65	1.0050815790568577
61.75	NaN
61.85	NaN
61.95	1.010457440040056
62.050000000000004	1.0113089568931009
62.15	1.0116283607872798
62.25	1.0137377873569358
62.35	1.012450394137587
62.45	1.0160597270931768
62.550000000000004	1.0160364979093228
62.65	1.0179620604889719
62.75	1.017063970588608
62.85	1.0167849040924877
62.95	1.0167433269601893
63.050000000000004	1.0172668580315214
63.15	1.0175132626030692
63.25	NaN
63.35	1.015809669392346
63.45	1.0161954898286456
63.550000000000004	1.0143024519731842
63.65	1.0160521696520894
63.75	1.0117828613951052
63.85	1.0132628666848615
63.95	1.0093087169200279
64.05	1.008003032904622
64.14999999999999	1.0065290006037375
64.25	1.0055275084181403
64.35	1.0024233824422064
64.44999999999999	1.0018727770291436
64.55	0.99978305885658
64.64999999999999	0.9991127459226172
64.75	0.9931976134727971
64.85	0.9947355414538473
64.94999999999999	0.9936751926097038
65.05	0.9915641383858701
65.14999999999999	0.9915651965861934
65.25	NaN
65.35	0.9879071832454395
65.44999999999999	NaN
65.55	0.9856418959052177
65.64999999999999	0.9879361122464705
65.75	0.9850076767889068
65.85	0.9851444750267323
65.94999999999999	0.9835315763416427
66.05	NaN
66.14999999999999	0.9848480223882043
66.25	0.9852382331109474
66.35	0.9852937044329843
66.44999999999999	0.9852862161565507
66.55	0.9873170448065294
66.64999999999999	NaN
66.75	0.9867572959181203
66.85	NaN
66.94999999999999	NaN
67.05	0.990501822630958
67.14999999999999	0.9919878813542435
67.25	0.9954535336920136
67.35	0.993305461514288
67.44999999999999	0.9969569416594697
67.55	0.9980276818252142
67.64999999999999	NaN
67.75	NaN
67.85	1.0034507352167694
67.94999999999999	1.0048939634036727
68.05	1.0045186517303768
68.14999999999999	1.0085975028832188
68.25	NaN
68.35	1.0096340976243434
68.44999999999999	1.0088796457058933
68.55	1.0095381320480676
68.64999999999999	NaN
68.75	1.0127328689314408
68.85	1.010651461011199
68.94999999999999	1.0147208681956923
69.05	1.012707075230798
69.14999999999999	1.0151257531629023
69.25	1.014940424306838
69.35	1.0121900742776602
69.44999999999999	NaN
69.55	1.0136066511461923
69.64999999999999	1.01270673638627
69.75	NaN
69.85	1.0088562301093071
69.94999999999999	NaN
70.05	1.01047799813957
70.14999999999999	1.0077465418853877
70.25	NaN
70.35	1.0054607545751122
70.44999999999999	NaN
70.55	1.00420225070863
70.64999999999999	0.9994097542234108
70.75	1.0018541713225824
70.85	0.9997672570542527
70.94999999999999	0.9972174552487301
71.05	0.9949627129222683
71.14999999999999	0.9979977007757059
71.25	NaN
71.35	0.9928236061227812
71.44999999999999	0.9905949029783337
71.55	0.9898978715857158
71.64999999999999	0.9884964446440639
71.75	0.9885538314902219
71.85	0.9895152933647914
71.94999999999999	0.9883513085857516
72.05	NaN
72.14999999999999	NaN
72.25	NaN
72.35	NaN
72.44999999999999	0.9880219367730209
72.55	0.987181126365369
72.64999999999999	0.9882762199896851
72.75	NaN
72.85	0.989524492521843
72.94999999999999	0.989374722438922
73.05	0.9906438731212254
73.14999999999999	0.9916232620653148
73.25	0.992489660176436
73.35	0.9933217870592579
73.44999999999999	NaN
73.55	0.9943006060545456
73.64999999999999	NaN
73.75	NaN
73.85	0.9977376279103033
73.94999999999999	1.0001159466071892
74.05	1.0010772345468975
74.14999999999999	1.0036375776690953
74.25	1.004550327899496
74.35	1.0045771609239469
74.44999999999999	1.0066651673169809
74.55	1.0061580168420396
74.64999999999999	1.0105214253967354
74.75	1.0086205415171565
74.85	1.010160033868111
74.94999999999999	1.0152473527641452
75.05	1.0107734850288272
75.14999999999999	1.0098513196029946
75.25	NaN
75.35	NaN
75.44999999999999	NaN
75.55	1.0116695944279352
75.64999999999999	NaN
75.75	NaN
75.85	1.0107315961348176
75.94999999999999	1.0099251653057564
76.05	1.0101688969236402
76.14999999999999	1.009446338878778
76.25	NaN
76.35	1.0070152506422552
76.44999999999999	NaN
76.55	1.0052234184747912
76.64999999999999	1.0055026080079958
76.75	NaN
76.85	NaN
76.95	NaN
77.05	NaN
77.14999999999999	0.9978073073607712
77.25	0.9963276303642892
77.35	0.9983761849685028
77.45	0.9953123560981734
77.55	0.9945503102452913
77.64999999999999	0.992662941449806
77.75	0.9930679407560886
77.85	0.9919139967757754
77.95	0.9934649935934998
78.05	0.9912923929072017
78.14999999999999	0.9901422121987642
78.25	0.9903854074454542
78.35	0.9899401709136801
78.45	NaN
78.55	NaN
78.64999999999999	0.9886142655937552
78.75	0.9897540074012081
78.85	NaN
78.95	0.9898312002289743
79.05	NaN
79.14999999999999	NaN
79.25	0.9913461585639016
79.35	NaN
79.45	0.9921541920879167
79.55	0.9938964203476969
79.64999999999999	NaN
79.75	0.9953245742291855
79.85	0.9970366132098274
