0.15	0.018905119197559963
0.25	0.01926750988857947
0.35	0.0189458683971266
0.45	0.019121609724236592
0.55	0.019481158585824304
0.65	0.01941318742197412
0.7500000000000001	0.01954429200105155
0.85	0.01988269947715682
0.95	0.02019119984932856
1.05	0.020472584620535597
1.15	0.02077411364393103
1.25	0.02125155952454178
1.35	0.021530245043803964
1.45	0.0220393070502736
1.55	0.02257626543173384
1.65	0.023018186189243083
1.75	0.023620458944007012
1.85	0.02444618468136163
1.95	0.02507031784246308
2.05	0.025750852838911282
2.15	0.026651666229258374
2.25	0.027597012212976387
2.35	0.02848062103525209
2.45	0.02953598251531233
2.5500000000000003	0.030735955945246193
2.65	0.032025555428872476
2.75	0.03341683473046832
2.85	0.03481175446608237
2.95	0.03659163950966711
3.0500000000000003	0.03833754756646535
3.15	0.040302096030086755
3.25	0.04245061924921085
3.35	0.04505338033262599
3.45	0.04761219650660442
3.5500000000000003	0.050633834314724104
3.65	0.05366608319867524
3.75	0.05748712668127721
3.85	0.060828238275496244
3.95	0.06578809555615782
4.05	0.07065972979425211
4.1499999999999995	0.07648192781393703
4.25	0.08243617745090413
4.35	0.08979649609296046
4.449999999999999	0.09742716164654548
4.55	0.10663813969358002
4.6499999999999995	0.11662864633696882
4.75	0.12890545792176514
4.85	0.14302827051081834
4.95	0.15933380834916633
5.05	0.17729367536446586
5.1499999999999995	0.20015228351710987
5.25	0.2246013342100081
5.35	0.2547787035970195
5.45	0.2925101960126693
5.55	0.33553781934707216
5.6499999999999995	0.3875202975725678
5.75	0.4537954985067237
5.85	0.5288974637866327
5.95	0.6249953402214986
6.05	0.746827932800058
6.1499999999999995	0.8999058713110211
6.25	1.0815389710365726
6.35	1.2991435733506418
6.45	1.580043616088583
6.55	1.8923916050290868
6.6499999999999995	2.2195613455112655
6.75	2.5380339066040163
6.85	2.7913094274795336
6.95	2.927563254606799
7.05	2.9141316706772775
7.1499999999999995	2.77516772302752
7.25	2.5563554124991
7.35	2.2920763708749585
7.45	2.0450362121250674
7.55	1.8146566153091954
7.6499999999999995	1.6063140206772364
7.75	1.4336708139532597
7.85	1.2817625998685174
7.95	1.1606029500152983
8.05	1.0602816128061217
8.15	0.9728292230758541
8.25	0.8987681987417215
8.350000000000001	0.837323094336452
8.450000000000001	0.7869017564580253
8.55	0.7439971167004077
8.65	0.7063208890499425
8.75	0.676819147472914
8.850000000000001	0.6512922826887059
8.950000000000001	0.6294612548026044
9.05	0.6120202644807243
9.15	0.59880055643213
9.25	0.5870683902926757
9.350000000000001	0.578366852375121
9.450000000000001	0.5723195705774821
9.55	0.5699288101327868
9.65	0.5687354309502842
9.750000000000002	0.5699362088602014
9.85	0.5730215010486933
9.95	0.5770784951242646
10.049999999999999	0.5838905519083027
10.149999999999999	0.5943435978532808
10.25	0.6040767766570478
10.35	0.6188037329941785
10.45	0.6341776939000175
10.549999999999999	0.6525460425751752
10.649999999999999	0.6726774608290245
10.75	0.697583399650642
10.85	0.719151565856086
10.95	0.7473733107270842
11.049999999999999	0.7776511053839372
11.149999999999999	0.810669621367692
11.25	0.844620337159077
11.35	0.88316342801163
11.45	0.9209332078947683
11.549999999999999	0.9600895400675656
11.649999999999999	1.0001391787745695
11.75	1.0467619940534136
11.85	1.0872156792598189
11.95	1.1269873881745285
12.049999999999999	1.1651495222670625
12.149999999999999	1.198460814140917
12.25	1.2283988352929731
12.35	1.2584051797787905
12.45	1.2842154099307144
12.549999999999999	1.3025581470802632
12.649999999999999	1.3199603262548267
12.75	1.3309138571413028
12.85	1.3348379415941858
12.95	1.3406286106649947
13.049999999999999	1.3399855412053172
13.149999999999999	1.334538893584584
13.25	1.3288393033788832
13.35	1.3168882936667599
13.45	1.3030744111982773
13.549999999999999	1.2887285260538317
13.649999999999999	1.2666556807056988
13.75	1.2431371224721453
13.85	1.2185111108440208
13.95	1.1920495803832853
14.049999999999999	1.1594589890058438
14.149999999999999	1.12840598463698
14.25	1.0991004989833437
14.35	1.0657606397227553
14.45	1.0338494564976315
14.549999999999999	1.0018979091861047
14.649999999999999	0.97206240473527
14.75	0.9432042563568225
14.85	0.9216307216060374
14.95	0.8982107790742906
15.049999999999999	0.8767662258379623
15.149999999999999	0.8578715561375746
15.25	0.8404739196249751
15.35	0.8270693863228543
15.45	0.8143636891722281
15.549999999999999	0.8039870585524216
15.649999999999999	0.7966279853360433
15.75	0.7884836114260632
15.85	0.7834794159846941
15.95	0.7822101636260808
16.05	0.7833255099350018
16.15	0.7821048571443561
16.25	0.7859669737543465
16.349999999999998	0.7921915161730811
16.45	0.7961470944040148
16.55	0.8073862302605771
16.65	0.8172907053141766
16.75	0.826226022715112
16.849999999999998	0.8380112653151641
16.95	0.8540041217436779
17.05	0.8702228030371393
17.15	0.8861322979745944
17.25	0.9061098549098738
17.349999999999998	0.9226415222129002
17.45	0.9424016706300274
17.55	0.9628856163169748
17.65	0.9823174153377418
17.75	1.0039740383538627
17.849999999999998	1.02781724255661
17.95	1.0480069576671207
18.05	1.0693482378213033
18.15	1.0860187863635218
18.25	1.103287108320059
18.349999999999998	1.1197896778298277
18.45	1.1363188716909858
18.55	1.145295267113695
18.65	1.1563977408582948
18.75	1.16367942461659
18.849999999999998	1.1716583800560125
18.95	1.1754690835938437
19.05	1.1789337347138324
19.15	1.175368747946913
19.25	1.1737802609822505
19.35	1.168493587135512
19.45	1.159854601822937
19.55	1.1530494838539433
19.65	1.1415425809861102
19.75	1.1326714377969096
19.85	1.1206384182471787
19.95	1.1072835071563791
20.05	1.0936736528749604
20.15	1.0791099300455338
20.25	1.0667263801080376
20.35	1.0530710174481288
20.45	1.0365298892971708
20.55	1.0247253900834887
20.65	1.0105093093536175
20.75	0.9974217481316977
20.85	0.9840503535676588
20.95	0.9697319042116678
21.05	0.957931471680755
21.15	0.9466650443838089
21.25	0.9369450408171844
21.35	0.9257946682388067
21.45	0.918352022399581
21.55	0.9097065415537641
21.65	0.9016101792572793
21.75	0.8944423580858023
21.85	0.8914609746973571
21.95	0.885790402203164
22.05	0.8838428249806307
22.15	0.8814049247702749
22.25	0.8808636633045863
22.35	0.8801635860660953
22.45	0.8827257082911766
22.55	0.8845496943099156
22.65	0.8871560900128348
22.75	0.8923132741859686
22.85	0.8976644564672703
22.95	NaN
23.05	0.9095356280680982
23.15	0.9174672212405779
23.25	0.9272302068266273
23.35	0.9327529941522856
23.45	0.9476828765988621
23.55	0.9568114800262907
23.65	0.966604737339231
23.75	0.9811220070203301
23.85	0.9919069397354189
23.95	1.0027946522914624
24.05	1.0144455842228421
24.15	1.0264114267786346
24.25	1.0373624455789419
24.35	1.0490528028879842
24.45	1.0602157325341883
24.55	1.0662941230431806
24.65	1.0769335134866436
24.75	1.0872050381379164
24.85	1.0925612471930808
24.95	1.0947812048712184
25.05	1.10016820457986
25.15	1.103116954037753
25.25	1.1049036613381842
25.35	1.104249961020174
25.45	1.1028305709367179
25.55	1.1018624776089538
25.65	1.0957503360629812
25.75	1.0936033387819966
25.85	1.0901872060929731
25.95	1.0811394531742324
26.05	1.0747790115122253
26.15	1.0668246641693753
26.25	1.0605190805503717
26.35	1.0525863784055183
26.45	1.042125331023543
26.55	1.035473788262602
26.65	1.0247462473464926
26.75	1.0161402982787036
26.85	1.0058832487924805
26.95	0.9986274974691755
27.05	0.9900269585285122
27.15	0.9808733212465582
27.25	0.9739205714976996
27.35	0.9668143547500366
27.45	0.9604816632666722
27.55	0.9523591534838651
27.65	0.9487532228520839
27.75	0.9412683639864453
27.85	0.9346191680061248
27.95	0.9359068811129169
28.05	0.9322668942951063
28.15	0.9282900338269353
28.25	0.9263311074165592
28.35	0.9253216220680603
28.45	0.9238853322626894
28.55	0.9238015994762823
28.65	0.9278037637504261
28.75	0.9267181791502019
28.85	0.9289882522478817
28.95	0.9328385156474406
29.05	0.9344279917013678
29.15	0.9380753505637285
29.25	0.9431272656347239
29.35	0.9461773712889129
29.45	0.9542115729716444
29.55	0.9597495331663789
29.65	0.9655267683672522
29.75	0.97294087297056
29.85	0.9801225549203373
29.95	0.9866116182306358
30.05	0.993762459472892
30.15	1.0063916276258145
30.25	1.0080735322232408
30.35	1.014582339626688
30.45	1.0210664915295797
30.55	1.0306934453691199
30.65	1.03779481208431
30.75	1.0418321662489303
30.85	1.048337242343766
30.95	1.0521571798287512
31.05	1.053983857285553
31.15	1.05976297813461
31.25	1.0644038627041907
31.35	1.0669791422274284
31.45	1.0668253630376223
31.55	1.0688952493901522
31.65	1.0677302809262275
31.75	1.0669762128984799
31.85	1.0667763570578916
31.95	1.0640905130785234
32.05	1.0608778143204087
32.15	1.0547245664690126
32.25	1.0513690329124168
32.35	1.048657344720745
32.45	1.0427282333007817
32.55	1.0386039122820225
32.65	1.031927531389409
32.75	1.0265518691957132
32.85	1.0210703537826105
32.95	1.015116138631922
33.05	1.0099870643564381
33.15	1.0004407151061996
33.25	0.9981687320089648
33.35	0.9902793784574675
33.45	0.9854335682707569
33.55	0.9779635412437705
33.65	0.9741704967017566
33.75	0.9693569092853297
33.85	0.9642687333920765
33.95	0.9579292292534849
34.05	0.9581730150827505
34.15	0.9541112997914405
34.25	0.9527108005853824
34.35	0.9481294771027481
34.45	0.946837512481286
34.55	0.9487112293579557
34.65	0.9475661064470321
34.75	0.9474927380216497
34.85	0.9476226680408647
34.95	0.9503233671666864
35.05	0.9503380288442398
35.15	0.9513542230336758
35.25	0.9536001765750184
35.35	0.956327730735004
35.45	0.9589867234166871
35.55	0.9626180066564145
35.65	0.9664034139014428
35.75	0.9708737470772539
35.85	0.9728033656080287
35.95	0.9776740001454415
36.05	0.983798317384653
36.15	0.989759134073912
36.25	0.9954149282227706
36.35	1.0002094676412032
36.45	1.003382478322359
36.55	NaN
36.65	1.0134944832616553
36.75	1.0195017052776782
36.85	1.025322258369086
36.95	1.026353322065577
37.05	1.0324540947508258
37.15	1.034429573676363
37.25	1.0382211487441702
37.35	1.041370381337335
37.45	1.0414521423406808
37.55	1.0444169249924802
37.65	NaN
37.75	1.046160668491644
37.85	1.0467862824856526
37.95	1.0484105434736253
38.05	1.0468476250076524
38.15	1.0454900354729013
38.25	1.0439978972402886
38.35	1.0406424090570212
38.45	1.0413721805323048
38.550000000000004	1.0359992812572811
38.65	1.0315836397249567
38.75	1.0310700148993253
38.85	1.0234395452550067
38.95	1.0209210376420133
39.050000000000004	1.016627622811797
39.15	NaN
39.25	NaN
39.35	NaN
39.45	NaN
39.550000000000004	0.9949338893879255
39.65	0.9908129385342904
39.75	0.9881168109141653
39.85	0.9842145646267899
39.95	0.9801190466128034
40.050000000000004	0.9751457419414186
40.15	NaN
40.25	0.9702302169619227
40.35	0.9667762923644546
40.45	0.9655251538647626
40.550000000000004	0.9650809625377901
40.65	0.963049779339215
40.75	0.962269757699188
40.85	0.9621672804194497
40.95	0.9607885939528569
41.050000000000004	0.9622283585697856
41.15	0.9623674895926771
41.25	0.9636332170743426
41.35	0.963138899436268
41.45	0.9651576512629569
41.550000000000004	NaN
41.65	0.9673092262272522
41.75	0.9702191497797937
41.85	0.9740270160836977
41.95	0.9781553331120065
42.050000000000004	0.9802193694570851
42.15	NaN
42.25	0.9875522234538064
42.35	0.9898326387058293
42.45	0.9938506577476983
42.550000000000004	0.9975138881406723
42.65	1.0041029494815383
42.75	1.0061349051738226
42.85	1.0083856857308093
42.95	1.0122058862283114
43.050000000000004	1.0157875574055761
43.15	1.0190891925372143
43.25	1.0212337960686064
43.35	1.0259483202431157
43.45	1.0256039347148191
43.550000000000004	1.0300405455298696
43.65	NaN
43.75	1.0324263128963598
43.85	1.0340166698866942
43.95	1.0346508532914394
44.050000000000004	1.0356261520298413
44.15	1.0342316905198599
44.25	NaN
44.35	1.0345694647394232
44.45	1.0326158750767938
44.550000000000004	1.0311716771730872
44.65	1.0310796501018376
44.75	1.026674995478735
44.85	1.0266130730693799
44.95	1.0226720969167655
45.050000000000004	1.0204422333403274
45.15	1.0185714844079998
45.25	1.013009620727212
45.35	NaN
45.45	1.0082331366692106
45.550000000000004	1.0057597891916583
45.65	NaN
45.75	0.9964008269781212
45.85	0.9946698298172134
45.95	0.9939803146111441
46.050000000000004	0.9899632606839975
46.15	0.9868958417816582
46.25	0.9841542585809068
46.35	0.9834395529538479
46.45	0.9804969738672745
46.550000000000004	0.977400131006227
46.65	NaN
46.75	0.972243207140782
46.85	0.9724011601880119
46.95	0.9715278733150345
47.050000000000004	0.9702659894950234
47.15	0.9704368476481005
47.25	0.9688679799122837
47.35	0.9701754217534369
47.45	0.971332017416494
47.550000000000004	0.9713524732373922
47.65	0.9726510670037486
47.75	0.9743332141843895
47.85	0.9760395961036662
47.95	0.9778433840638199
48.050000000000004	0.9807416157179307
48.15	0.9797367413171327
48.25	0.9828920107127788
48.35	0.9868829061943364
48.45	0.9877797947503623
48.550000000000004	0.99310961726465
48.65	0.9934824756591086
48.75	0.9959259889033744
48.85	1.0000643426576985
48.95	1.0022022514991653
49.050000000000004	1.004384281613919
49.15	NaN
49.25	1.0097215394095669
49.35	1.0132720481576118
49.45	1.015312368827986
49.550000000000004	1.017852817525096
49.65	1.0171352049040983
49.75	1.0211346452726549
49.85	1.0239482165653442
49.95	1.0233684784569377
50.050000000000004	1.0254124963104276
50.15	1.0262896734137839
50.25	1.027661823456581
50.35	1.02769269115247
50.45	1.028153162061432
50.550000000000004	1.0264533495671158
50.65	1.0267762404615361
50.75	1.0239075080251718
50.85	1.0262768087979188
50.95	NaN
51.050000000000004	1.0204333000857386
51.15	1.0204459575787106
51.25	1.0174839711554675
51.35	1.0136384612589904
51.45	1.0119329426556534
51.550000000000004	NaN
51.65	1.0078508206327397
51.75	1.004819562969397
51.85	1.004920069327127
51.95	1.0022704307667691
52.050000000000004	NaN
52.15	0.9957020138234641
52.25	0.9941621308114545
52.35	0.9918202218900994
52.45	0.9886445321398267
52.550000000000004	0.9871066982161013
52.65	0.9870239958433511
52.75	0.9835115001514964
52.85	0.9805030887300132
52.95	NaN
53.050000000000004	0.9789580812349684
53.15	NaN
53.25	0.9783223230241096
53.35	0.9780496678232979
53.45	0.977201938162222
53.550000000000004	NaN
53.65	0.9773237443967507
53.75	NaN
53.85	0.9780628357646761
53.95	0.980211960142457
54.050000000000004	NaN
54.15	0.9811877042516187
54.25	NaN
54.35	0.9847522895841515
54.45	0.9863390228245323
54.550000000000004	NaN
54.65	0.9913991951821871
54.75	0.9897727972983345
54.85	0.9950397441662678
54.95	0.9955878243003451
55.050000000000004	0.9977648017559141
55.15	0.9994834474903743
55.25	1.0022786282593161
55.35	1.0040102109256328
55.45	1.0067205407801385
55.550000000000004	1.009003464758775
55.65	1.0116389901830185
55.75	1.0102613335301873
55.85	1.0149224100425787
55.95	1.0173729277223154
56.050000000000004	1.0159918085757258
56.15	1.0196436515330085
56.25	1.0218724718611
56.35	1.0205300129760115
56.45	1.0205621349615719
56.550000000000004	1.0190599878054032
56.65	1.0211221729930995
56.75	NaN
56.85	1.020398821176744
56.95	1.0202358156276796
57.050000000000004	1.0203304530060717
57.15	1.0190632336952465
57.25	1.0163722559593977
57.35	NaN
57.45	1.0136704744498939
57.550000000000004	1.0128301798670636
57.65	1.0117417843537717
57.75	1.0091719120302598
57.85	1.010871912659697
57.95	1.005687511001419
58.050000000000004	1.0040418034516132
58.15	1.0028781137205272
58.25	0.9982581870576696
58.35	0.9981420816168716
58.45	NaN
58.550000000000004	0.9943132138550096
58.65	0.9906456821652645
58.75	NaN
58.85	0.9891459923737913
58.95	NaN
59.050000000000004	0.9886344162955907
59.15	0.9860324475457571
59.25	0.9832797644755799
59.35	0.9819351569100979
59.45	0.9836700872687641
59.550000000000004	0.982812891740255
59.65	0.9820238990515605
59.75	0.9801119928493761
59.85	NaN
59.95	0.9803901119601618
60.050000000000004	NaN
60.15	0.9828363400549732
60.25	0.9838004962151433
60.35	NaN
60.45	0.9849575462975243
60.550000000000004	0.9927469400629837
60.65	0.9861598418788592
60.75	0.988791352268329
60.85	0.9913090500891053
60.95	0.9913151247861648
61.050000000000004	0.9937570708589349
61.15	0.9950996549861013
61.25	0.9975491157399748
61.35	0.9982780008343004
61.45	1.0001353230873093
61.550000000000004	NaN
61.65	1.0029904835532444
61.75	NaN
61.85	NaN
61.95	1.009072691604845
62.050000000000004	1.0100511705051542
62.15	1.0104098171077085
62.25	1.014196647461881
62.35	1.015332957944341
62.45	1.013223334933385
62.550000000000004	1.0150638570306105
62.65	1.0192997564073283
62.75	1.0166068382355442
62.85	1.0185654271591913
62.95	1.0180510686826747
63.050000000000004	1.0164957370624466
63.15	1.0181001575419968
63.25	NaN
63.35	1.016498469574863
63.45	1.016841191522462
63.550000000000004	1.0114304874743234
63.65	1.0118091200145694
63.75	1.0111856877356826
63.85	1.0116367528027297
63.95	1.0098255984744402
64.05	1.006819600349938
64.14999999999999	1.0075336643187116
64.25	1.0056459787678393
64.35	1.0029854213325005
64.44999999999999	1.001058371053123
64.55	0.9990172461809715
64.64999999999999	0.9977915014047906
64.75	0.999255863657026
64.85	0.9936086332884364
64.94999999999999	0.9932076723200456
65.05	0.993392327136174
65.14999999999999	0.9928645672869483
65.25	NaN
65.35	0.9876339929563952
65.44999999999999	NaN
65.55	0.9858522358209592
65.64999999999999	0.9865754935054009
65.75	0.9858331747746352
65.85	0.984896790134056
65.94999999999999	0.9843587311211338
66.05	NaN
66.14999999999999	0.9847899106496472
66.25	0.9858575133167065
66.35	0.9861985422870806
66.44999999999999	0.9857351142454918
66.55	0.9866279497053508
66.64999999999999	NaN
66.75	0.9870634367218775
66.85	NaN
66.94999999999999	NaN
67.05	0.992086112757296
67.14999999999999	0.9920836750032234
67.25	0.9928729312683527
67.35	0.996925568729207
67.44999999999999	0.9957472192490031
67.55	0.9992970413122284
67.64999999999999	NaN
67.75	NaN
67.85	1.0011522349742183
67.94999999999999	1.0033752375999547
68.05	1.0049934162771836
68.14999999999999	1.0077493654881147
68.25	NaN
68.35	1.009106635576366
68.44999999999999	1.0117606774617538
68.55	1.0116484974803635
68.64999999999999	NaN
68.75	1.0122128739371827
68.85	1.0121525374419569
68.94999999999999	1.0120858652435205
69.05	1.0141374792244264
69.14999999999999	1.0137093765370797
69.25	1.0133845140156164
69.35	1.014376380338897
69.44999999999999	NaN
69.55	1.0134672262665705
69.64999999999999	1.0140072969527192
69.75	NaN
69.85	1.0110842153109318
69.94999999999999	NaN
70.05	1.0081986745770486
70.14999999999999	1.008205097345903
70.25	NaN
70.35	1.0058035119644626
70.44999999999999	NaN
70.55	1.0047588942044843
70.64999999999999	1.0017548694929779
70.75	1.0014884646776505
70.85	1.0009214845390164
70.94999999999999	0.9973973192326423
71.05	0.9966908803851217
71.14999999999999	0.9944928170171051
71.25	NaN
71.35	0.9945005665949341
71.44999999999999	0.9926266962979419
71.55	0.9910032068604694
71.64999999999999	0.9893423201458079
71.75	0.9896322019316796
71.85	0.9893989519396909
71.94999999999999	0.98861087907742
72.05	NaN
72.14999999999999	NaN
72.25	NaN
72.35	NaN
72.44999999999999	0.9884728431168872
72.55	0.9880766753675194
72.64999999999999	0.9874496709938171
72.75	NaN
72.85	0.9876759371087844
72.94999999999999	0.9889893104877435
73.05	0.9886815131660842
73.14999999999999	0.9910608847068703
73.25	0.9924099198970776
73.35	0.992934903021612
73.44999999999999	NaN
73.55	0.9944924580350651
73.64999999999999	NaN
73.75	NaN
73.85	0.9982410692909901
73.94999999999999	1.00130912647601
74.05	1.0022689391156157
74.14999999999999	1.004379658997959
74.25	1.0050557340448927
74.35	1.0046386881331775
74.44999999999999	1.0056740906630064
74.55	1.0068117153236713
74.64999999999999	1.0084915563929557
74.75	1.0103037918670021
74.85	1.010466913613902
74.94999999999999	1.0113555373938177
75.05	1.0104299312816216
75.14999999999999	1.0115407513612498
75.25	NaN
75.35	NaN
75.44999999999999	NaN
75.55	1.0124155531959225
75.64999999999999	NaN
75.75	NaN
75.85	1.0107098346223689
75.94999999999999	1.0113217770824205
76.05	1.0092230428632605
76.14999999999999	1.009213634333533
76.25	NaN
76.35	1.006863406962262
76.44999999999999	NaN
76.55	1.0046673958528454
76.64999999999999	1.0042952540563408
76.75	NaN
76.85	NaN
76.95	NaN
77.05	NaN
77.14999999999999	0.9994482252780118
77.25	0.9977323135582806
77.35	0.9958414730777975
77.45	0.9979157568278074
77.55	0.9943125489430708
77.64999999999999	0.9938891666857266
77.75	0.990942833322925
77.85	0.9922236191400692
77.95	0.9908789611725701
78.05	0.9914332607626988
78.14999999999999	0.9905813381005303
78.25	0.9898525402537571
78.35	0.9903188047366045
78.45	NaN
78.55	NaN
78.64999999999999	0.9881381757276348
78.75	0.989772916557769
78.85	NaN
78.95	0.9892872606919377
79.05	NaN
79.14999999999999	NaN
79.25	0.9906506435794549
79.35	NaN
79.45	0.9914651308652797
79.55	0.9932616916247449
79.64999999999999	NaN
79.75	0.9952925902917146
79.85	0.9968615171318674
