0.15	0.019114900693811467
0.25	0.018745606380391997
0.35	0.018898426653893508
0.45	0.018921234828372466
0.55	0.019555453586941458
0.65	0.01939530764477873
0.7500000000000001	0.01973537349249563
0.85	0.019869935811008117
0.95	0.020199139914544743
1.05	0.02042910369048748
1.15	0.02076175792032285
1.25	0.02120577326748634
1.35	0.021647581099795806
1.45	0.021960722868170333
1.55	0.02265559474707406
1.65	0.023073922890317386
1.75	0.023634372395649784
1.85	0.024297555898045248
1.95	0.02509949042225694
2.05	0.025813127219393113
2.15	0.02657890669277355
2.25	0.027587866789065295
2.35	0.028599411809176457
2.45	0.02963451678377014
2.5500000000000003	0.03073558121380247
2.65	0.03210835203467698
2.75	0.033466307467706596
2.85	0.03487679806564455
2.95	0.03670687688513413
3.0500000000000003	0.03839379061454303
3.15	0.040283291005232855
3.25	0.0425084474670336
3.35	0.04506242796976341
3.45	0.04755233306952275
3.5500000000000003	0.05058798999083576
3.65	0.05381941703899093
3.75	0.05748924439863846
3.85	0.060941022393211336
3.95	0.06585878479867877
4.05	0.07081373892001346
4.1499999999999995	0.07633139625793856
4.25	0.08238902455515937
4.35	0.08990861909905722
4.449999999999999	0.09797991950510956
4.55	0.10642195682202657
4.6499999999999995	0.11655090122912018
4.75	0.12886888090637771
4.85	0.14300432514957437
4.95	0.1596199730433452
5.05	0.17748323701128002
5.1499999999999995	0.19949933115760005
5.25	0.22451542017533518
5.35	0.2546947718850185
5.45	0.2919869017762111
5.55	0.33563207783534144
5.6499999999999995	0.38731501285707315
5.75	0.4541189203468028
5.85	0.5300240138705359
5.95	0.6255048113336655
6.05	0.7462636825924921
6.1499999999999995	0.8987411409042481
6.25	1.0857904575212434
6.35	1.3004027636933815
6.45	1.5794617428913647
6.55	1.8934538330148998
6.6499999999999995	2.2260564675800745
6.75	2.536844033061504
6.85	2.788171107888064
6.95	2.9277809170134574
7.05	2.9116099050828357
7.1499999999999995	2.775598176244953
7.25	2.5567096370116538
7.35	2.298178605706794
7.45	2.039537213406407
7.55	1.8177747716643404
7.6499999999999995	1.6058950742240383
7.75	1.4311697884347652
7.85	1.2817854716136632
7.95	1.1634054018471898
8.05	1.0609025019807423
8.15	0.9740037583643301
8.25	0.9005713263215258
8.350000000000001	0.8384386584417121
8.450000000000001	0.7869212599209445
8.55	0.7427805356388929
8.65	0.7071870323005549
8.75	0.6766872210953621
8.850000000000001	0.65097272269389
8.950000000000001	0.6298069265208152
9.05	0.6126818927493392
9.15	0.5990639131946657
9.25	0.5872906509117372
9.350000000000001	0.5785964042120756
9.450000000000001	0.5724577721000484
9.55	0.5695320818099335
9.65	0.5685096963031273
9.750000000000002	0.5699114344832785
9.85	0.5726076178274706
9.95	0.5777670923685335
10.049999999999999	0.5838063599846639
10.149999999999999	0.5929655352679707
10.25	0.6048295518795174
10.35	0.617823965346268
10.45	0.6350244423975826
10.549999999999999	0.6514904993920689
10.649999999999999	0.6727663567957185
10.75	0.695457447448321
10.85	0.720272598296648
10.95	0.7478932314118987
11.049999999999999	0.778580740964981
11.149999999999999	0.8100363074133811
11.25	0.8454068675108547
11.35	0.8810334305246595
11.45	0.9205372463642516
11.549999999999999	0.961304056853864
11.649999999999999	1.0030225334051583
11.75	1.0439007572285564
11.85	1.0862848265049658
11.95	1.124411919034112
12.049999999999999	1.1627218101446541
12.149999999999999	1.1992480468667146
12.25	1.2329701404433724
12.35	1.2607771389669886
12.45	1.2849830186302846
12.549999999999999	1.3041442163736985
12.649999999999999	1.315625469720788
12.75	1.3294812658881705
12.85	1.3370519741572782
12.95	1.3385184493212505
13.049999999999999	1.3387615961513954
13.149999999999999	1.3354824764895872
13.25	1.3277146102946091
13.35	1.314574140462888
13.45	1.3032038255295324
13.549999999999999	1.2845950999543636
13.649999999999999	1.26327979678035
13.75	1.2454059289469017
13.85	1.216353088686202
13.95	1.1903597676829865
14.049999999999999	1.1606125739327249
14.149999999999999	1.1281384120480296
14.25	1.0947371320362973
14.35	1.064419770888154
14.45	1.0337447303126988
14.549999999999999	1.0046878961030277
14.649999999999999	0.9720943374675154
14.75	0.9471757587851323
14.85	0.9214197217167104
14.95	0.8987437902667225
15.049999999999999	0.8767425862325897
15.149999999999999	0.8577954656969219
15.25	0.8399141171362631
15.35	0.82642226315311
15.45	0.8155572508586385
15.549999999999999	0.8055051581661755
15.649999999999999	0.7965432737694972
15.75	0.7877282925349135
15.85	0.784967423941543
15.95	0.7830851852820075
16.05	0.7828672844808969
16.15	0.7830791854062453
16.25	0.7871192700538905
16.349999999999998	0.7897888373653064
16.45	0.7982889738124314
16.55	0.8063588116104041
16.65	0.8151220665262829
16.75	0.8264521045449967
16.849999999999998	0.8395288078400542
16.95	0.8545371601381512
17.05	0.8699259744734056
17.15	0.8853288663010401
17.25	0.9050734629886112
17.349999999999998	0.9220758240688283
17.45	0.9437476467189724
17.55	0.9623372081615962
17.65	0.983045580590868
17.75	1.0062794301031945
17.849999999999998	1.0263912458306075
17.95	1.046992654765449
18.05	1.064128570540052
18.15	1.0852145454645021
18.25	1.1021310951317203
18.349999999999998	1.1195396068406134
18.45	1.1334631770200359
18.55	1.1476044466169029
18.65	1.1555441161360884
18.75	1.1657143497863989
18.849999999999998	1.1718711898546441
18.95	1.17608547362037
19.05	1.1755890107174096
19.15	1.1749271319498182
19.25	1.1740169941906917
19.35	1.168170982147817
19.45	1.160781739653628
19.55	1.152872386345636
19.65	1.143401889350054
19.75	1.1321871310134084
19.85	1.1202008299448762
19.95	1.1078781834901772
20.05	1.0952208637086056
20.15	1.079340097004501
20.25	1.0679984119171781
20.35	1.0535459924691482
20.45	1.0383907296558035
20.55	1.0222808826930256
20.65	1.0095968122176486
20.75	0.9969119922039356
20.85	0.9843393035878173
20.95	0.9702001192455612
21.05	0.9575683166339977
21.15	0.9480186033955602
21.25	0.9370654690305714
21.35	0.9275412313656787
21.45	0.9185495476506144
21.55	0.9100666981197822
21.65	0.9030400541631051
21.75	0.8962783378742618
21.85	0.8906231591827012
21.95	0.8870849562575912
22.05	0.8839596790430406
22.15	0.8820149378266015
22.25	0.8809018094023465
22.35	0.8808262788035849
22.45	0.8807476078642931
22.55	0.8858581495134443
22.65	0.8850153729442874
22.75	0.889758983271821
22.85	0.8971892478436869
22.95	NaN
23.05	0.9086039220802704
23.15	0.9167164639706212
23.25	0.9246082050786957
23.35	0.933026629219314
23.45	0.9466153593986957
23.55	0.9541399607251726
23.65	0.9666122411939341
23.75	0.9781219337267293
23.85	0.9901514429780679
23.95	1.0035064610643392
24.05	1.0136661987379108
24.15	1.0246080661503492
24.25	1.037464686906624
24.35	1.0469592837328312
24.45	1.0598132393218567
24.55	1.0668189293030488
24.65	1.0763344003123934
24.75	1.083231058852337
24.85	1.0914011597180535
24.95	1.0969897687220056
25.05	1.0994182342544483
25.15	1.1032262947821474
25.25	1.105672986189601
25.35	1.1041378618150424
25.45	1.102766788811408
25.55	1.1003483705934283
25.65	1.098594951693549
25.75	1.0944427274994268
25.85	1.088201891511674
25.95	1.081805876939644
26.05	1.0755189077228842
26.15	1.0676598524755183
26.25	1.0600918787356206
26.35	1.0536538629741452
26.45	1.0432653650199712
26.55	1.0355312800536265
26.65	1.0237012055356254
26.75	1.0160511481362282
26.85	1.0081386664077636
26.95	0.9968759583730736
27.05	0.9890817724078259
27.15	0.9815256100052734
27.25	0.9738035988617961
27.35	0.9661864925227229
27.45	0.9603542943784348
27.55	0.9536751969681082
27.65	0.9499015476237883
27.75	0.9430592318237072
27.85	0.9384707280958763
27.95	0.9326930620322501
28.05	0.9312159827647036
28.15	0.9274790376588232
28.25	0.9247212692475809
28.35	0.9241707292756657
28.45	0.9231848759856753
28.55	0.923826858095186
28.65	0.9243161843444362
28.75	0.9248612819675476
28.85	0.9292515723477954
28.95	0.9321569350965464
29.05	0.9356069391052264
29.15	0.9377590113742669
29.25	0.9413351757821412
29.35	0.9461407442006411
29.45	0.9527352028448656
29.55	0.9577958321212866
29.65	0.9658674539954867
29.75	0.9710474688790574
29.85	0.9801746069916893
29.95	0.9855297274155453
30.05	0.9933537780958341
30.15	1.0055562912717468
30.25	1.0078615609804038
30.35	1.013816089161501
30.45	1.0220936874788682
30.55	1.0285535005922428
30.65	1.0355080473538298
30.75	1.0420945821054304
30.85	1.0466093769671465
30.95	1.0532739916135536
31.05	1.0586602535985907
31.15	1.060037535154444
31.25	1.061187283948045
31.35	1.0658910585945518
31.45	1.067466660842622
31.55	1.068074460156235
31.65	1.0688854006322184
31.75	1.0675831409200722
31.85	1.0651567015903647
31.95	1.0624596946995493
32.05	1.0595845025317032
32.15	1.0565396427667073
32.25	1.051532297703978
32.35	1.0477386919577127
32.45	1.0432704746422914
32.55	1.0390717410445016
32.65	1.0317019439903514
32.75	1.0255690576469654
32.85	1.0236274020029148
32.95	1.0128186524491627
33.05	1.0074269633288373
33.15	1.0025905436987534
33.25	0.9979532573739607
33.35	0.9892501936236752
33.45	0.9849525302755855
33.55	0.9794984237618437
33.65	0.9739933894447493
33.75	0.9678000381541393
33.85	0.9657226035750461
33.95	0.9614771080358108
34.05	0.9592097291831211
34.15	0.957451980661072
34.25	0.9515497089314563
34.35	0.9515145627165063
34.45	0.9484505748580937
34.55	0.9478083871594075
34.65	0.946906669267464
34.75	0.9491289661897149
34.85	0.9477801804111515
34.95	0.9485915880154242
35.05	0.9493078618577909
35.15	0.9509166305095412
35.25	0.9518761411546306
35.35	0.9547417392070477
35.45	0.9586583771044418
35.55	0.9637738308145859
35.65	0.9673437419322399
35.75	0.9698322342839861
35.85	0.9739473690819607
35.95	0.9793914611327444
36.05	0.9840763228470216
36.15	0.9881746419530018
36.25	0.9940076797568079
36.35	0.9996278254372647
36.45	1.0030832606882274
36.55	NaN
36.65	1.0130169757817349
36.75	1.018092148022849
36.85	1.0180960690267207
36.95	1.0257944793085938
37.05	1.0312949249979917
37.15	1.0349299794639284
37.25	1.040145785597675
37.35	1.0408640873746016
37.45	1.0435293637941714
37.55	1.0445479122685557
37.65	NaN
37.75	1.0464972086876099
37.85	1.0473263126091918
37.95	1.0458500962755997
38.05	1.0466617533051064
38.15	1.0452357446491822
38.25	1.0419473315786834
38.35	1.0384821881190494
38.45	1.0378566805459988
38.550000000000004	1.0365720478509821
38.65	1.0297173128022077
38.75	1.0305400200901995
38.85	1.0254933047670545
38.95	1.0226861409382586
39.050000000000004	1.0164925451829865
39.15	NaN
39.25	NaN
39.35	NaN
39.45	NaN
39.550000000000004	0.9954198264995947
39.65	0.9914424384813874
39.75	0.9880295396219393
39.85	0.9832806102355919
39.95	0.9799465009580525
40.050000000000004	0.9796060714695609
40.15	NaN
40.25	0.9714556630180091
40.35	0.9686935482459069
40.45	0.9663986855589629
40.550000000000004	0.9645736518859858
40.65	0.9646178624206644
40.75	0.9609937081598832
40.85	0.9627208981325872
40.95	0.9610515121705883
41.050000000000004	0.959936126933309
41.15	0.9634733618916888
41.25	0.961332923446215
41.35	0.9653970122023299
41.45	0.9649564523160525
41.550000000000004	NaN
41.65	0.9704429155000519
41.75	0.9714993391286337
41.85	0.9741520935764797
41.95	0.9770026784799081
42.050000000000004	0.9805248342029007
42.15	NaN
42.25	0.984912633865039
42.35	0.9887354988563266
42.45	0.9938006687812967
42.550000000000004	0.998918482214181
42.65	1.001178530633452
42.75	1.0038446507170022
42.85	1.008446780936534
42.95	1.0114672925773287
43.050000000000004	1.0148832087738615
43.15	1.0187858418108648
43.25	1.0228614882447795
43.35	1.0238354724256018
43.45	1.028515658856337
43.550000000000004	1.0285956269595182
43.65	NaN
43.75	1.0320869384272866
43.85	1.032989275604401
43.95	1.0346044937491714
44.050000000000004	1.0340409312059722
44.15	1.0337007283380852
44.25	NaN
44.35	1.0330031004535283
44.45	1.033779364922143
44.550000000000004	1.0328931848460732
44.65	1.0288309038752257
44.75	1.0272372831525316
44.85	1.0256579260772951
44.95	1.0219797983525414
45.050000000000004	1.0203969206064074
45.15	1.0175148048127076
45.25	1.0132545504497252
45.35	NaN
45.45	1.0092638672288545
45.550000000000004	1.008175315324674
45.65	NaN
45.75	0.9986702989368251
45.85	0.9953824280082189
45.95	0.9915885695178575
46.050000000000004	0.9881447325872404
46.15	0.9881759172482507
46.25	0.983321297932664
46.35	0.9846202769869479
46.45	0.979683466716194
46.550000000000004	0.9781476031955795
46.65	NaN
46.75	0.974449402904867
46.85	0.9729561950434317
46.95	0.9703462695104857
47.050000000000004	0.9715455776248517
47.15	0.9709131769747193
47.25	0.9691649778453681
47.35	0.9690630143634892
47.45	0.9706755964736696
47.550000000000004	0.9716626869027724
47.65	0.9738923813710461
47.75	0.9736250888380805
47.85	0.9749826873910166
47.95	0.9776908749128406
48.050000000000004	0.9783749295114914
48.15	0.9826855622833677
48.25	0.9825896622590248
48.35	0.9852124767570731
48.45	0.9872855981369215
48.550000000000004	0.9907554703438631
48.65	0.9907735701001031
48.75	0.9965455389351956
48.85	1.0002949314530551
48.95	1.0007886157809502
49.050000000000004	1.0047511541096907
49.15	NaN
49.25	1.0097116293444315
49.35	1.0116976584799293
49.45	1.0155325866981455
49.550000000000004	1.0170987587172722
49.65	1.020900489771147
49.75	1.0221340860181718
49.85	1.023777670650255
49.95	1.02506917760891
50.050000000000004	1.0248888373524414
50.15	1.0249420169641141
50.25	1.0270608327367654
50.35	1.0262994950320576
50.45	1.0271942419570408
50.550000000000004	1.0263666695415545
50.65	1.0263529960409745
50.75	1.0236963928915057
50.85	1.0237173229643104
50.95	NaN
51.050000000000004	1.0190570945007518
51.15	1.0170858178902458
51.25	1.0180646035305008
51.35	1.0147268009031132
51.45	1.0119838685588523
51.550000000000004	NaN
51.65	1.009223569387251
51.75	1.006424550536654
51.85	1.0022915741720801
51.95	1.0026854377886367
52.050000000000004	NaN
52.15	0.9971905149994477
52.25	0.9931051479027719
52.35	0.9910142588514335
52.45	0.9891143836855676
52.550000000000004	0.984785160227124
52.65	0.9836158407295094
52.75	0.983135364365905
52.85	0.9821500702819279
52.95	NaN
53.050000000000004	0.9792005631031322
53.15	NaN
53.25	0.9764349092827317
53.35	0.9768119847014365
53.45	0.9765953818753108
53.550000000000004	NaN
53.65	0.980053202529016
53.75	NaN
53.85	0.9783957575422255
53.95	0.9783750849579127
54.050000000000004	NaN
54.15	0.9804842557173306
54.25	NaN
54.35	0.9838060828154989
54.45	0.9860321166644022
54.550000000000004	NaN
54.65	0.9901589599644273
54.75	0.9884342852119956
54.85	0.9933330761060455
54.95	0.9948966906100664
55.050000000000004	0.9979088609350414
55.15	1.0006840178168512
55.25	1.0029722436957287
55.35	1.0027119638756563
55.45	1.0080183513541359
55.550000000000004	1.0101147692004635
55.65	1.0096769219370523
55.75	1.0111287888299911
55.85	1.0155510167708794
55.95	1.0146654384143654
56.050000000000004	1.0157265482847748
56.15	1.0195633081101088
56.25	1.0172653232971498
56.35	1.0211697477211958
56.45	1.0196083638093472
56.550000000000004	1.0202376973395135
56.65	1.0214072061251918
56.75	NaN
56.85	1.019112810756431
56.95	1.0194171124902922
57.050000000000004	1.0205653864761706
57.15	1.017777116554776
57.25	1.0157333184264887
57.35	NaN
57.45	1.0145700549612928
57.550000000000004	1.0134105596041958
57.65	1.0108263577677852
57.75	1.0105691153935616
57.85	1.0057295888025168
57.95	1.0060914295988241
58.050000000000004	1.0028550522170854
58.15	1.003046081863623
58.25	0.9995824425587785
58.35	0.9983935492658044
58.45	NaN
58.550000000000004	0.9940345224956233
58.65	0.9930004464364737
58.75	NaN
58.85	0.9888981317322909
58.95	NaN
59.050000000000004	0.9874362232789996
59.15	0.9861172482341114
59.25	0.9836103007045836
59.35	0.9835222717866555
59.45	0.981145015423422
59.550000000000004	0.9830581963931254
59.65	0.9823657955450579
59.75	0.982433349938936
59.85	NaN
59.95	0.9822122799358395
60.050000000000004	NaN
60.15	0.9817055399173136
60.25	0.9834960036459677
60.35	NaN
60.45	0.9858706436633741
60.550000000000004	0.984269525744568
60.65	0.9863122405263797
60.75	0.9895826544595583
60.85	0.9902791115389452
60.95	0.9915076863597999
61.050000000000004	0.9953293624226311
61.15	0.9951004394319538
61.25	0.9961348359050122
61.35	0.9993013882163588
61.45	0.9997758281321528
61.550000000000004	NaN
61.65	1.0040841589448986
61.75	NaN
61.85	NaN
61.95	1.009306694733652
62.050000000000004	1.0099350626028138
62.15	1.012144376191972
62.25	1.0135544657055617
62.35	1.0152920134871444
62.45	1.014297428892724
62.550000000000004	1.0179050406691914
62.65	1.0166918478843554
62.75	1.0178008159576364
62.85	1.0167632777063282
62.95	1.0164495444746457
63.050000000000004	1.015999034498948
63.15	1.0167513254786975
63.25	NaN
63.35	1.0159046362612374
63.45	1.0130737494116842
63.550000000000004	1.0146528580771121
63.65	1.0121959502529023
63.75	1.0109642487261405
63.85	1.0083580384459327
63.95	1.008320902881888
64.05	1.0082012159761888
64.14999999999999	1.0054650021387321
64.25	1.005107823100911
64.35	1.0003820295850339
64.44999999999999	1.0004218601551946
64.55	0.999886587713196
64.64999999999999	0.9979083217432949
64.75	0.9968192181231553
64.85	0.9943607364249851
64.94999999999999	0.9928644450130958
65.05	0.9924595371054652
65.14999999999999	0.9897409114818436
65.25	NaN
65.35	0.9883832181229812
65.44999999999999	NaN
65.55	0.9875070272044527
65.64999999999999	0.9870262932196706
65.75	0.9863254339883596
65.85	0.9857338866707659
65.94999999999999	0.9847336462105942
66.05	NaN
66.14999999999999	0.9857530869131405
66.25	0.983902209033103
66.35	0.9837381637258849
66.44999999999999	0.9853553841197386
66.55	0.9868036492634796
66.64999999999999	NaN
66.75	0.9890086670549973
66.85	NaN
66.94999999999999	NaN
67.05	0.990327632885715
67.14999999999999	0.9937502667568616
67.25	0.995454739554209
67.35	0.9944562490164337
67.44999999999999	0.9967002968294242
67.55	0.9982610110666987
67.64999999999999	NaN
67.75	NaN
67.85	1.0060741904731512
67.94999999999999	1.0043889047144496
68.05	1.0058893490061689
68.14999999999999	1.006264619177015
68.25	NaN
68.35	1.0102785330831339
68.44999999999999	1.0113390671281197
68.55	1.0119133323139768
68.64999999999999	NaN
68.75	1.01335601483223
68.85	1.0155593699972911
68.94999999999999	1.0134583022248138
69.05	1.0149907732146024
69.14999999999999	1.013475118672286
69.25	1.0163478602718892
69.35	1.0139983164536588
69.44999999999999	NaN
69.55	1.0132694879483053
69.64999999999999	1.0149771091427282
69.75	NaN
69.85	1.0133800229090981
69.94999999999999	NaN
70.05	1.0084132210546444
70.14999999999999	1.0088421701775447
70.25	NaN
70.35	1.0051559082890946
70.44999999999999	NaN
70.55	1.0045091522054173
70.64999999999999	1.003019001842147
70.75	1.0014743671504964
70.85	1.000445071523779
70.94999999999999	0.9974648409084845
71.05	0.9994760511509504
71.14999999999999	0.994613539121953
71.25	NaN
71.35	0.9934162103459009
71.44999999999999	0.9920121173189712
71.55	0.9918988446348247
71.64999999999999	0.9884944068635703
71.75	0.9893543285647587
71.85	0.989375415990913
71.94999999999999	0.9882715517191489
72.05	NaN
72.14999999999999	NaN
72.25	NaN
72.35	NaN
72.44999999999999	0.9859926456960988
72.55	0.9878549139516464
72.64999999999999	0.9885393431462992
72.75	NaN
72.85	0.9887119341677142
72.94999999999999	0.9901874348175662
73.05	0.9904727138805931
73.14999999999999	0.9915165644897428
73.25	0.9924681074110778
73.35	0.9929474702925213
73.44999999999999	NaN
73.55	0.9949549408704373
73.64999999999999	NaN
73.75	NaN
73.85	0.99932760915895
73.94999999999999	0.999597146189794
74.05	1.001182872428116
74.14999999999999	0.9996252109968096
74.25	1.0045492988348257
74.35	1.0042986596344943
74.44999999999999	1.0057343660861486
74.55	1.00880830755791
74.64999999999999	1.0076574885905376
74.75	1.008165854780636
74.85	1.0092337350199898
74.94999999999999	1.0105275062854433
75.05	1.011125324484848
75.14999999999999	1.0106616632636176
75.25	NaN
75.35	NaN
75.44999999999999	NaN
75.55	1.0107389466464323
75.64999999999999	NaN
75.75	NaN
75.85	1.010916712844186
75.94999999999999	1.011328029021406
76.05	1.0108181571592092
76.14999999999999	1.0092852578226974
76.25	NaN
76.35	1.0076429998108558
76.44999999999999	NaN
76.55	1.0051375621509122
76.64999999999999	1.0048747958969033
76.75	NaN
76.85	NaN
76.95	NaN
77.05	NaN
77.14999999999999	0.9978736295223429
77.25	0.9977567386041405
77.35	0.9965900742209428
77.45	0.9967674717093722
77.55	0.9941315965495128
77.64999999999999	0.9933454460350307
77.75	0.9944220543554355
77.85	0.9913224880629263
77.95	0.9919081331731048
78.05	0.9899597728944957
78.14999999999999	0.990020217158539
78.25	0.9906222555837705
78.35	0.9892006348114122
78.45	NaN
78.55	NaN
78.64999999999999	0.990522317977011
78.75	0.9892993644854035
78.85	NaN
78.95	0.9897695581378614
79.05	NaN
79.14999999999999	NaN
79.25	0.9903982880300405
79.35	NaN
79.45	0.9951144392808181
79.55	0.9940902192872545
79.64999999999999	NaN
79.75	0.9953929372156402
79.85	0.9959481792131364
