0.15	0.017992645048093173
0.25	0.01847822748085593
0.35	0.018880058740421087
0.45	0.019058056038992514
0.55	0.019282566256948217
0.65	0.019370802445985564
0.7500000000000001	0.01967514293747901
0.85	0.01996067356392969
0.95	0.020158395973973942
1.05	0.02051905135835239
1.15	0.020763116884825145
1.25	0.0211601391607705
1.35	0.021518404020807947
1.45	0.02189027357059784
1.55	0.02264524237843591
1.65	0.023002429270444585
1.75	0.02369683626109318
1.85	0.02429952480247745
1.95	0.025172566080240495
2.05	0.025738975324016884
2.15	0.02661068237122566
2.25	0.027526027319677262
2.35	0.02854984372183118
2.45	0.02964885715064382
2.5500000000000003	0.0307467127491321
2.65	0.032046432275966305
2.75	0.03335930361550685
2.85	0.03491353897030382
2.95	0.03669647528069301
3.0500000000000003	0.038305321351958535
3.15	0.04023652355850516
3.25	0.042416773394186
3.35	0.04497340685301794
3.45	0.04752485612723913
3.5500000000000003	0.05048469666504362
3.65	0.053699096380617414
3.75	0.05750117406571567
3.85	0.06093622591693873
3.95	0.0657278860189625
4.05	0.07068019321815125
4.1499999999999995	0.07630254952008905
4.25	0.0822124685861757
4.35	0.08990009885725214
4.449999999999999	0.09774955533051362
4.55	0.106671423058555
4.6499999999999995	0.11672865945466875
4.75	0.1289663398448234
4.85	0.14308379570351853
4.95	0.159370854989351
5.05	0.17706342971818276
5.1499999999999995	0.1994435271075669
5.25	0.22401487766555567
5.35	0.25467178134337015
5.45	0.29226139757610803
5.55	0.3362077919095436
5.6499999999999995	0.38684285886977543
5.75	0.45396003259932255
5.85	0.5292928857659753
5.95	0.626224688321476
6.05	0.7471745950522125
6.1499999999999995	0.9004510200474023
6.25	1.0823912986243798
6.35	1.3029333354521904
6.45	1.58051110353196
6.55	1.8883235349450225
6.6499999999999995	2.2242215697911685
6.75	2.5364370558722706
6.85	2.7903981009161924
6.95	2.925653212171931
7.05	2.913714974809758
7.1499999999999995	2.770044170214481
7.25	2.5546288356154383
7.35	2.292381229765478
7.45	2.0430068573170854
7.55	1.814390422227129
7.6499999999999995	1.6069639097450876
7.75	1.433199299272567
7.85	1.2819414975849148
7.95	1.161946101216824
8.05	1.0619338772757467
8.15	0.9736828529824229
8.25	0.9010137628965417
8.350000000000001	0.8367685626631219
8.450000000000001	0.7883678552161089
8.55	0.743453822117839
8.65	0.7074715393945397
8.75	0.6772317948765942
8.850000000000001	0.6511038455135999
8.950000000000001	0.6297657895289176
9.05	0.6110699379433414
9.15	0.5972792474080291
9.25	0.5868117653670927
9.350000000000001	0.5781894638071814
9.450000000000001	0.5734720494421641
9.55	0.570335579797373
9.65	0.5679246660380611
9.750000000000002	0.5690524356113664
9.85	0.5724592716462825
9.95	0.5781985324544674
10.049999999999999	0.5833581732856917
10.149999999999999	0.5950946027513385
10.25	0.6057169454744117
10.35	0.619214512402764
10.45	0.6341852224940921
10.549999999999999	0.6525082095082049
10.649999999999999	0.6729287273710732
10.75	0.6945239944434747
10.85	0.7207103106513897
10.95	0.7476009015807966
11.049999999999999	0.777393297584794
11.149999999999999	0.8100205477158678
11.25	0.8446211339892549
11.35	0.8813596908603298
11.45	0.9213121962619742
11.549999999999999	0.9597847622007839
11.649999999999999	1.0011597737068254
11.75	1.0455482147103508
11.85	1.0863299748078747
11.95	1.1258932471459624
12.049999999999999	1.1622406219656354
12.149999999999999	1.2000432871942093
12.25	1.2355750338995055
12.35	1.2605231694521783
12.45	1.2821545537646395
12.549999999999999	1.3032040692585898
12.649999999999999	1.3191321253147914
12.75	1.3282839883185573
12.85	1.3366680543087301
12.95	1.3414546477992817
13.049999999999999	1.3383615407337668
13.149999999999999	1.3351354167297207
13.25	1.3264457062243533
13.35	1.3193192446257265
13.45	1.3012500717360471
13.549999999999999	1.2857174352472969
13.649999999999999	1.2665650285495336
13.75	1.2449350101688874
13.85	1.2171477880406991
13.95	1.188710850550752
14.049999999999999	1.159474169059944
14.149999999999999	1.1273753049444024
14.25	1.09596982731056
14.35	1.0653282626199927
14.45	1.034379844547414
14.549999999999999	1.0033527461969851
14.649999999999999	0.9748810409512103
14.75	0.9470888472462725
14.85	0.9204799682310048
14.95	0.8963600858563453
15.049999999999999	0.8773651158019228
15.149999999999999	0.857850626504603
15.25	0.8407037662908505
15.35	0.8254250119918253
15.45	0.8138734440645212
15.549999999999999	0.8036513419028323
15.649999999999999	0.795504375275216
15.75	0.7887274310624769
15.85	0.7847798539913656
15.95	0.7828884356357686
16.05	0.782426102143013
16.15	0.7831030169242664
16.25	0.7874800468294771
16.349999999999998	0.7911397797801115
16.45	0.7973419772668424
16.55	0.8063236670415609
16.65	0.8168342126052672
16.75	0.8272616248405368
16.849999999999998	0.837978295063309
16.95	0.8537048718017223
17.05	0.868464678768752
17.15	0.8852264181079476
17.25	0.9026940399641542
17.349999999999998	0.9209833578970958
17.45	0.941654964650869
17.55	0.9620995488703785
17.65	0.9844360574610987
17.75	1.005278103734972
17.849999999999998	1.0271198969345294
17.95	1.0463876347667245
18.05	1.0638736544725838
18.15	1.0849186691506114
18.25	1.1028362855053475
18.349999999999998	1.1198492376932097
18.45	1.134798048000217
18.55	1.147242718508658
18.65	1.159081731044175
18.75	1.1640800382362875
18.849999999999998	1.1749658341170248
18.95	1.1725616431256163
19.05	1.1756457561543352
19.15	1.1759749720926596
19.25	1.1723884995518128
19.35	1.1664812719380409
19.45	1.159129520085054
19.55	1.153282655213372
19.65	1.1442329866207661
19.75	1.1344615436887444
19.85	1.1198752312818527
19.95	1.1058574244950616
20.05	1.0948116772842251
20.15	1.0819169326065214
20.25	1.0657535556208722
20.35	1.0515455388756205
20.45	1.0391075687973352
20.55	1.0253115770535315
20.65	1.0101879482555491
20.75	0.9961634720409946
20.85	0.983014936451126
20.95	0.9696765063777453
21.05	0.9580893882739882
21.15	0.9462151408522703
21.25	0.9354083868654957
21.35	0.9269674101714905
21.45	0.9195021512257548
21.55	0.9088799139586556
21.65	0.9017559274771543
21.75	0.8969670945914997
21.85	0.8907504215017459
21.95	0.8885046088154949
22.05	0.8835561488404065
22.15	0.8796161484006071
22.25	0.8818902847990321
22.35	0.8795736993899468
22.45	0.8807433330037022
22.55	0.8837747022868478
22.65	0.8865582872791117
22.75	0.8909592997969437
22.85	0.8973919237363189
22.95	NaN
23.05	0.9101125613442473
23.15	0.9178345000668557
23.25	0.9266248512557255
23.35	0.9351724418678784
23.45	0.9446577998729632
23.55	0.9557516914956944
23.65	0.9655918573838598
23.75	0.9799204714919599
23.85	0.9899434112817745
23.95	1.004068733356731
24.05	1.0154201388340889
24.15	1.0263863873799048
24.25	1.0370677813476765
24.35	1.0470282755833333
24.45	1.0591805011354583
24.55	1.0689726473552996
24.65	1.076355807961371
24.75	1.0832460653079936
24.85	1.0903984201823784
24.95	1.0947136245043456
25.05	1.1005560618556511
25.15	1.1023835999257903
25.25	1.1042926854378907
25.35	1.1050195491562629
25.45	1.1009110399592148
25.55	1.1010272860564427
25.65	1.1000370518542542
25.75	1.0944481656485883
25.85	1.0893891911332758
25.95	1.0832994771039175
26.05	1.0765113319282698
26.15	1.0682708869733513
26.25	1.0612558188416938
26.35	1.0532190002441197
26.45	1.042651496295107
26.55	1.032885374511377
26.65	1.0249516303980175
26.75	1.0146295632901114
26.85	1.0063624539261309
26.95	0.9965837291974049
27.05	0.9925658337423995
27.15	0.9815908107427779
27.25	0.9736911100134967
27.35	0.9657395711757977
27.45	0.9593401727428097
27.55	0.9528859439080143
27.65	0.947885341400581
27.75	0.9434731070499356
27.85	0.9395562420023584
27.95	0.9345288439535276
28.05	0.9309906926701578
28.15	0.9293117921846814
28.25	0.9255145514601485
28.35	0.9242777714223861
28.45	0.9250849529001587
28.55	0.9241095942545597
28.65	0.9289619804907624
28.75	0.9256517641859373
28.85	0.9289314773252683
28.95	0.9319446823924294
29.05	0.9344190527240795
29.15	0.9383585439614087
29.25	0.9440827795679384
29.35	0.9483609284585454
29.45	0.9514744916151328
29.55	0.9595532014021503
29.65	0.9654301998516001
29.75	0.9714944765632446
29.85	0.9795737078929964
29.95	0.9864637467502596
30.05	0.9932653882080763
30.15	0.9977711701926506
30.25	1.0077187117751738
30.35	1.0135027872593365
30.45	1.023376394350404
30.55	1.0284646264462483
30.65	1.0350261259799658
30.75	1.0431537096255044
30.85	1.0472135071856736
30.95	1.0515461975536862
31.05	1.0551199580638433
31.15	1.0617263413576221
31.25	1.0640633206269994
31.35	1.0660053586406761
31.45	1.0663813251888021
31.55	1.0669423443755774
31.65	1.0682986358825093
31.75	1.0674307588156364
31.85	1.0659513774511937
31.95	1.0632831771509748
32.05	1.0590249436558083
32.15	1.0571607138426526
32.25	1.052745200555314
32.35	1.0483708538416756
32.45	1.0439571461021566
32.55	1.0373804746939017
32.65	1.032959657418212
32.75	1.0270280372702636
32.85	1.0187017656167097
32.95	1.015370244077739
33.05	1.007808141936108
33.15	1.0009089246342933
33.25	0.996070151786154
33.35	0.9915509564762806
33.45	0.9868391290315461
33.55	0.9779199829777193
33.65	0.974343675955635
33.75	0.9684746457494369
33.85	0.9661916100702179
33.95	0.9602719044308538
34.05	0.9578007327098974
34.15	0.9542163585897325
34.25	0.9521035877241107
34.35	0.9513205739209479
34.45	0.9486299362191386
34.55	0.94588315974995
34.65	0.9491766737669031
34.75	0.94691166287406
34.85	0.9475721579716467
34.95	0.9485382827840928
35.05	0.9505207549786677
35.15	0.9511231166193576
35.25	0.9557253516376127
35.35	0.9576533033839666
35.45	0.9591409829169485
35.55	0.9640234971756176
35.65	0.966065833949464
35.75	0.9708978356909962
35.85	0.974188085938272
35.95	0.9805989114556951
36.05	0.9838384250042238
36.15	0.9887255609094618
36.25	0.9937255926823053
36.35	0.9980721776189279
36.45	1.0046219777525411
36.55	NaN
36.65	1.0134647135986903
36.75	1.0196350534610221
36.85	1.019953677071114
36.95	1.025613979839445
37.05	1.0311409159350737
37.15	1.0345531154136516
37.25	1.0402142217316235
37.35	1.0381782098701273
37.45	1.044643586192545
37.55	1.0428719131924566
37.65	NaN
37.75	1.048823997469646
37.85	1.0443949122749268
37.95	1.0463633889061628
38.05	1.0448526201511537
38.15	1.0438519571591762
38.25	1.0409653823991414
38.35	1.0394537579136052
38.45	1.0407139785789223
38.550000000000004	1.0359821408107244
38.65	1.0338586070482665
38.75	1.0276556230872298
38.85	1.0236965532952844
38.95	1.020252461072191
39.050000000000004	1.0182066286098932
39.15	NaN
39.25	NaN
39.35	NaN
39.45	NaN
39.550000000000004	0.9950301126585336
39.65	0.9921736943060682
39.75	0.9885139820692759
39.85	0.9845126092680573
39.95	0.9797346712742275
40.050000000000004	0.9780930895718986
40.15	NaN
40.25	0.9721747593310662
40.35	0.9694400921149476
40.45	0.9648222933216235
40.550000000000004	0.9654261708688886
40.65	0.9622826525388827
40.75	0.9610867925278843
40.85	0.9624936023443005
40.95	0.9617676606676322
41.050000000000004	0.9613060938300051
41.15	0.9608014738309677
41.25	0.9623710311012861
41.35	0.9631320640568473
41.45	0.9654201935660245
41.550000000000004	NaN
41.65	0.9684557762899176
41.75	0.971176036073975
41.85	0.9728647661569256
41.95	0.9762066098290335
42.050000000000004	0.9804250031076976
42.15	NaN
42.25	0.9856499806012284
42.35	0.9894248103761906
42.45	0.9926900786351815
42.550000000000004	0.9971705936919555
42.65	0.9999493746159455
42.75	1.0050417626089871
42.85	1.009025394139084
42.95	1.0147058094932664
43.050000000000004	1.0172113583258076
43.15	1.0192525002137864
43.25	1.0234377561603345
43.35	1.0226192305699058
43.45	1.0267857348831215
43.550000000000004	1.0309549290396138
43.65	NaN
43.75	1.0319494566799203
43.85	1.0333867293321295
43.95	1.0359127850225804
44.050000000000004	1.0333361565711299
44.15	1.0349319904115046
44.25	NaN
44.35	1.0333447460337162
44.45	1.030390520114251
44.550000000000004	1.0316330548978665
44.65	1.028656644235933
44.75	1.0266159622245108
44.85	1.025812547746613
44.95	1.0246431250950814
45.050000000000004	1.022382677732961
45.15	1.0198589540249925
45.25	1.0155128831809885
45.35	NaN
45.45	1.008235549914479
45.550000000000004	1.0038098674632225
45.65	NaN
45.75	0.9954205842157452
45.85	0.9947896918105985
45.95	0.9912564822052863
46.050000000000004	0.9882314895713179
46.15	0.9867125041383872
46.25	0.9861234646795749
46.35	0.9815441451619477
46.45	0.9807582673751093
46.550000000000004	0.978204514812742
46.65	NaN
46.75	0.974888892011209
46.85	0.9739687602317096
46.95	0.9715195479243364
47.050000000000004	0.9698903693051736
47.15	0.9719446430506932
47.25	0.9711668401160339
47.35	0.9714276428634004
47.45	0.9712105306150846
47.550000000000004	0.9738216658764949
47.65	0.9736835390477765
47.75	0.9729346083522589
47.85	0.9757534540134658
47.95	0.9770516273009813
48.050000000000004	0.9790100048388053
48.15	0.981446094512821
48.25	0.9837949086933737
48.35	0.9861259303135281
48.45	0.9887398101703884
48.550000000000004	0.9900741373675113
48.65	0.9923398084297869
48.75	0.9964838055351412
48.85	0.9971906689176988
48.95	1.0010871347318997
49.050000000000004	1.0047274649191231
49.15	NaN
49.25	1.0100005787169177
49.35	1.0137934771340198
49.45	1.01597125735073
49.550000000000004	1.0176120093241992
49.65	1.0194554835365315
49.75	1.0208765949940988
49.85	1.0228331458283157
49.95	1.024944646737292
50.050000000000004	1.026695752472959
50.15	1.024517902538143
50.25	1.0263878246497118
50.35	1.0269408174468708
50.45	1.0280284397743353
50.550000000000004	1.025300407443859
50.65	1.02478308473492
50.75	1.0250737845517783
50.85	1.0224860079269515
50.95	NaN
51.050000000000004	1.0214282904835974
51.15	1.0185239622416558
51.25	1.0165347893370085
51.35	1.0158172440311475
51.45	1.0129497153897147
51.550000000000004	NaN
51.65	1.0073624497652929
51.75	1.0062140663003747
51.85	1.002794072047785
51.95	1.001242174917589
52.050000000000004	NaN
52.15	0.9965359409769159
52.25	0.993172028558774
52.35	0.9912932691149071
52.45	0.9858535889672533
52.550000000000004	0.9901688518445733
52.65	0.9834188960332871
52.75	0.9833174909706828
52.85	0.982719650941657
52.95	NaN
53.050000000000004	0.9801625559058265
53.15	NaN
53.25	0.9760648562960809
53.35	0.9761688468077878
53.45	0.978197840909883
53.550000000000004	NaN
53.65	0.9777047596519665
53.75	NaN
53.85	0.9789964688713694
53.95	0.97741442065942
54.050000000000004	NaN
54.15	0.9808493038123193
54.25	NaN
54.35	0.9845346885031309
54.45	0.9862416313607746
54.550000000000004	NaN
54.65	0.9888634528463687
54.75	0.9912099692080976
54.85	0.9907033031943105
54.95	0.9958221501996936
55.050000000000004	0.9959149465305444
55.15	0.9993590668616841
55.25	1.0028052780653267
55.35	1.0029713211967688
55.45	1.0051772640091754
55.550000000000004	1.0088552191138198
55.65	1.0078319519372256
55.75	1.0116267665689702
55.85	1.0142315159770479
55.95	1.0137156133605216
56.050000000000004	1.0160136342154134
56.15	1.0192455994300655
56.25	1.0217016206548344
56.35	1.0201484084025838
56.45	1.0213702152929238
56.550000000000004	1.022631374129105
56.65	1.0208822883897481
56.75	NaN
56.85	1.0201240188362
56.95	1.0197260868190956
57.050000000000004	1.0206068478595485
57.15	1.0193800120064946
57.25	1.0179392854739073
57.35	NaN
57.45	1.0161664092130513
57.550000000000004	1.0134922501629844
57.65	1.0100904787329716
57.75	1.0092747236546207
57.85	1.009276797664777
57.95	1.0054985507812484
58.050000000000004	1.0028468006155964
58.15	1.000602644715574
58.25	0.9962490193803465
58.35	0.9978902869854013
58.45	NaN
58.550000000000004	0.9929320552240655
58.65	0.9921405468324215
58.75	NaN
58.85	0.9888264795227285
58.95	NaN
59.050000000000004	0.9861886836108211
59.15	0.9849901740467908
59.25	0.9841084684440976
59.35	0.9817123680679714
59.45	0.9820583515146609
59.550000000000004	0.9823532992429602
59.65	0.9814150636783529
59.75	0.9806827162581393
59.85	NaN
59.95	0.9810507738115706
60.050000000000004	NaN
60.15	0.9816540826878026
60.25	0.9836377859693008
60.35	NaN
60.45	0.9854047341736497
60.550000000000004	0.9891891807395482
60.65	0.9895068240597046
60.75	0.9904816078454163
60.85	0.9883734528957117
60.95	0.9937712604336502
61.050000000000004	0.9938884620024008
61.15	0.9968233026506302
61.25	0.9974447216704149
61.35	0.997710446134451
61.45	1.0012702411181844
61.550000000000004	NaN
61.65	1.0049888908581404
61.75	NaN
61.85	NaN
61.95	1.007090677570068
62.050000000000004	1.0102014200483278
62.15	1.0119222525088014
62.25	1.0128698079999952
62.35	1.0143233677669825
62.45	1.0136774646495719
62.550000000000004	1.0153340773887745
62.65	1.0123889101850658
62.75	1.0159003124759005
62.85	1.0176997754772616
62.95	1.016597694035497
63.050000000000004	1.0180716959249203
63.15	1.0164673212616173
63.25	NaN
63.35	1.0157003267639046
63.45	1.015614106384462
63.550000000000004	1.0159052136012552
63.65	1.016439226212888
63.75	1.0115873963813593
63.85	1.0111534103341993
63.95	1.0095807800950798
64.05	1.0077384540259346
64.14999999999999	1.0054544854938554
64.25	1.005806911067266
64.35	1.001252349513773
64.44999999999999	1.0013653592808809
64.55	0.999678854611829
64.64999999999999	0.9972061026158301
64.75	0.996564183614026
64.85	0.9948529523052321
64.94999999999999	0.9929747398987112
65.05	0.9945057955075158
65.14999999999999	0.992353505326479
65.25	NaN
65.35	0.9875902970924337
65.44999999999999	NaN
65.55	0.9861019634101214
65.64999999999999	0.9867184709084427
65.75	0.9846798750644148
65.85	0.9850107559634259
65.94999999999999	0.984296719837091
66.05	NaN
66.14999999999999	0.9845235529369726
66.25	0.9859280354495312
66.35	0.9845512210985597
66.44999999999999	0.9846052109725881
66.55	0.9878572795426243
66.64999999999999	NaN
66.75	0.9892604036199416
66.85	NaN
66.94999999999999	NaN
67.05	0.9913929993493408
67.14999999999999	0.9939707160157202
67.25	0.9944147621435899
67.35	0.9958147449660862
67.44999999999999	0.995882510150508
67.55	0.9976750203330048
67.64999999999999	NaN
67.75	NaN
67.85	1.0049105908689344
67.94999999999999	1.0048307504518472
68.05	1.0045819993393243
68.14999999999999	1.0069005421312225
68.25	NaN
68.35	1.007793116306101
68.44999999999999	1.0089584448586555
68.55	1.0099159525571528
68.64999999999999	NaN
68.75	1.0128412340393074
68.85	1.0145070122931512
68.94999999999999	1.013908224673227
69.05	1.0154962973265367
69.14999999999999	1.0176944634942964
69.25	1.0133760412437327
69.35	1.014229804246838
69.44999999999999	NaN
69.55	1.013077529092895
69.64999999999999	1.012430737697792
69.75	NaN
69.85	1.0118613635257716
69.94999999999999	NaN
70.05	1.0084486060464568
70.14999999999999	1.0078076678145311
70.25	NaN
70.35	1.0058562470350627
70.44999999999999	NaN
70.55	1.0015466793442562
70.64999999999999	0.9986872554856595
70.75	0.9995713837507431
70.85	0.9981270406630708
70.94999999999999	0.9977329808117268
71.05	1.000691919441027
71.14999999999999	0.9945273746235925
71.25	NaN
71.35	0.9942361661510143
71.44999999999999	0.9928374948284067
71.55	0.9905393664556976
71.64999999999999	0.989680439524112
71.75	0.9897983254396804
71.85	0.9888146784502153
71.94999999999999	0.9876015375294633
72.05	NaN
72.14999999999999	NaN
72.25	NaN
72.35	NaN
72.44999999999999	0.9882479978615432
72.55	0.9869315444121247
72.64999999999999	0.9882694394264221
72.75	NaN
72.85	0.9886657925751335
72.94999999999999	0.9898166408240691
73.05	0.9895003270319733
73.14999999999999	0.9901581908006516
73.25	0.9917114995930577
73.35	0.9930229539982358
73.44999999999999	NaN
73.55	0.9939194672425781
73.64999999999999	NaN
73.75	NaN
73.85	0.9990971769062165
73.94999999999999	1.0004481168207489
74.05	1.0005619263311267
74.14999999999999	1.003177801303645
74.25	1.0028814962220811
74.35	1.0050990538906226
74.44999999999999	1.0046524677413753
74.55	1.006230778009597
74.64999999999999	1.01022500934833
74.75	1.008272837891921
74.85	1.009049446479835
74.94999999999999	1.0093491096048408
75.05	1.010633262814348
75.14999999999999	1.0113734033167967
75.25	NaN
75.35	NaN
75.44999999999999	NaN
75.55	1.0118367074287318
75.64999999999999	NaN
75.75	NaN
75.85	1.0106591657175228
75.94999999999999	1.010801374214128
76.05	1.0098376054392821
76.14999999999999	1.008575269852374
76.25	NaN
76.35	1.0065586204290577
76.44999999999999	NaN
76.55	1.0060114228347685
76.64999999999999	1.0040675518722766
76.75	NaN
76.85	NaN
76.95	NaN
77.05	NaN
77.14999999999999	0.9996425537350497
77.25	0.9976504521337025
77.35	0.9959065746567393
77.45	0.9950597097355115
77.55	0.995831558444103
77.64999999999999	0.9942035426844309
77.75	0.9921985387838257
77.85	0.9921651736684147
77.95	0.9921706624327984
78.05	0.9925301637053229
78.14999999999999	0.9901053310525969
78.25	0.9904347429429643
78.35	0.9884832933683375
78.45	NaN
78.55	NaN
78.64999999999999	0.9893775301136108
78.75	0.9893494872128186
78.85	NaN
78.95	0.9901526480812325
79.05	NaN
79.14999999999999	NaN
79.25	0.990964305790043
79.35	NaN
79.45	0.9933242332960744
79.55	0.9925171937091738
79.64999999999999	NaN
79.75	0.9973901450203065
79.85	0.9959271847556537
