0.15	0.03615706387302549
0.25	0.03657794202458735
0.35	0.03694614973665088
0.45	0.03666714617117891
0.55	0.03716601441117884
0.65	0.03747610480275052
0.7500000000000001	0.03813779161827997
0.85	0.03836035909462691
0.95	0.039270943051494527
1.05	0.039516170830979254
1.15	0.04045794097103797
1.25	0.040985149347003744
1.35	0.04189712092314512
1.45	0.042704300970865645
1.55	0.04366172754856339
1.65	0.04485971748013081
1.75	0.04603509643855454
1.85	0.047521411538591816
1.95	0.04891912240008267
2.05	0.050397530944485375
2.15	0.05201222428441472
2.25	0.05407709744966006
2.35	0.05594050086370415
2.45	0.058027073958880904
2.5500000000000003	0.060246771683673817
2.65	0.06325340186197186
2.75	0.06592783637453012
2.85	0.0690458844482499
2.95	0.07244727929301134
3.0500000000000003	0.07613130735456111
3.15	0.08021902975167412
3.25	0.0849898998172849
3.35	0.08998043809019432
3.45	0.0955811420908459
3.5500000000000003	0.10167578909903946
3.65	0.10797008122176965
3.75	0.11576783502124896
3.85	0.12398513474241948
3.95	0.13366084169819736
4.05	0.14353770262631863
4.1499999999999995	0.15529834596396483
4.25	0.16836184741052293
4.35	0.18334333128648916
4.449999999999999	0.2008687403313489
4.55	0.2198722967172234
4.6499999999999995	0.24221311393007416
4.75	0.26743336762896824
4.85	0.29466705480299266
4.95	0.33112979946789084
5.05	0.370029058308651
5.1499999999999995	0.4131878593681201
5.25	0.46404929785103877
5.35	0.5241287106541856
5.45	0.5986586160996469
5.55	0.675990127921276
5.6499999999999995	0.7739146895181933
5.75	0.8853786394534742
5.85	1.014240220092607
5.95	1.151243114909483
6.05	1.3081735934543537
6.1499999999999995	1.4786935497128038
6.25	1.6482482325360999
6.35	1.812719917215957
6.45	1.9601129065318679
6.55	2.0662955952254864
6.6499999999999995	2.1206511036553986
6.75	2.1374786022287915
6.85	2.0988153457397645
6.95	2.0306641019835077
7.05	1.9299187629769141
7.1499999999999995	1.818536542743273
7.25	1.7047938437732737
7.35	1.585512202163823
7.45	1.476380149487312
7.55	1.369310144493252
7.6499999999999995	1.2829248359351089
7.75	1.1959019469685461
7.85	1.1211310469278335
7.95	1.0550064432818718
8.05	0.9972135901874378
8.15	0.9451818970022676
8.25	0.9025778749909299
8.350000000000001	0.8625629438800737
8.450000000000001	0.8301025206565931
8.55	0.8008989741943696
8.65	0.7765020049771436
8.75	0.7545942123590965
8.850000000000001	0.7381126807925987
8.950000000000001	0.7227635297871678
9.05	0.7116255079478899
9.15	0.7018002483163471
9.25	0.6937938514183073
9.350000000000001	0.6893695768003839
9.450000000000001	0.6873218838682984
9.55	0.6856852883577284
9.65	0.6867644117537118
9.750000000000002	0.690532464125475
9.85	0.6968207185225821
9.95	0.7024868674960427
10.049999999999999	0.7118141185521488
10.149999999999999	0.7211086004959022
10.25	0.7340889926124013
10.35	0.7482090808353777
10.45	0.7614984984967273
10.549999999999999	0.7789170564307839
10.649999999999999	0.7973365875369625
10.75	0.8174142173714749
10.85	0.8398634948485985
10.95	0.8612861135780909
11.049999999999999	0.8858364278152573
11.149999999999999	0.9099081583049519
11.25	0.9387470712852768
11.35	0.9633927624810379
11.45	0.9935748074925164
11.549999999999999	1.0179584333601708
11.649999999999999	1.0440118676066141
11.75	1.071592328620183
11.85	1.0981466067690526
11.95	1.1244702048818955
12.049999999999999	1.1445060136620953
12.149999999999999	1.16809755335681
12.25	1.185726515692704
12.35	1.2023991885272214
12.45	1.2172769039643634
12.549999999999999	1.2279826414487534
12.649999999999999	1.2363452302062101
12.75	1.2407253241411431
12.85	1.2410836823409293
12.95	1.2380329848890057
13.049999999999999	1.2328680895426576
13.149999999999999	1.226068862649925
13.25	1.2128747729162586
13.35	1.2002331550994212
13.45	1.1857600638325503
13.549999999999999	1.1677905137412243
13.649999999999999	1.1477675810341093
13.75	1.1303746649602926
13.85	1.108587120197173
13.95	1.0891030854031682
14.049999999999999	1.0661585563057514
14.149999999999999	1.0449995049694314
14.25	1.027824754773391
14.35	1.006598097819395
14.45	0.9883545932188832
14.549999999999999	0.9681620980026093
14.649999999999999	0.9524935146576233
14.75	0.9369892996093148
14.85	0.9237867878986744
14.95	0.9108587491479996
15.049999999999999	0.8992674161747511
15.149999999999999	0.8888223717744419
15.25	0.8808957887346628
15.35	0.8744440110394092
15.45	0.8678761318653306
15.549999999999999	0.8629563519507996
15.649999999999999	0.8584942616364744
15.75	0.8591222365157233
15.85	0.8578191866752437
15.95	0.8581759677159801
16.05	0.8589614326712293
16.15	0.8610233970223485
16.25	0.8684527055338693
16.349999999999998	0.8733526902355334
16.45	0.8788606802393494
16.55	0.8843487996261088
16.65	0.8947117494813259
16.75	0.901819762993439
16.849999999999998	0.9111619528503783
16.95	0.9227752179578631
17.05	0.9320678307901542
17.15	0.9465399537533928
17.25	0.9592591972497831
17.349999999999998	0.9706515116900432
17.45	0.982635057829707
17.55	0.9955897711934331
17.65	1.007116623674484
17.75	1.0218151303478937
17.849999999999998	1.0339444575569352
17.95	1.0456879921819913
18.05	1.054595303405681
18.15	1.0666820342969636
18.25	1.0747330022319403
18.349999999999998	1.085551019093753
18.45	1.0920864227794833
18.55	1.0964096922121753
18.65	1.1010174953028597
18.75	1.107644474010942
18.849999999999998	1.1081232646316628
18.95	1.1103319407642063
19.05	1.109837041692541
19.15	1.108508514961204
19.25	1.1052067708088167
19.35	1.1021677293240566
19.45	1.0976561595966172
19.55	1.0934220900963771
19.65	1.0851734842295238
19.75	1.077777848368719
19.85	1.0717930006888408
19.95	1.0615151177731292
20.05	1.0544352108230064
20.15	1.043793848834686
20.25	1.0341212412882528
20.35	1.0253683239952431
20.45	1.018041157712436
20.55	1.0058785596631734
20.65	0.9963478233208699
20.75	0.9875062563939482
20.85	0.9780969135767972
20.95	0.9711278036298105
21.05	0.9623955306794243
21.15	0.9564496605320929
21.25	0.9496406589072425
21.35	0.9454143424062971
21.45	0.9394805076272459
21.55	0.9354899545433458
21.65	0.9316477342098423
21.75	0.9275293422594277
21.85	0.9248336109168221
21.95	0.9237864272500386
22.05	0.9235299015949316
22.15	0.9228396925956104
22.25	0.9233846729526101
22.35	0.9261130549742626
22.45	0.925315656293248
22.55	0.9294085005235362
22.65	0.9309905356398626
22.75	0.9359598367392745
22.85	0.9405574581747624
22.95	0.9438276421057411
23.05	0.9508163857064171
23.15	0.9557483996703915
23.25	0.962896524857695
23.35	0.9691892866347774
23.45	0.9751875507055631
23.55	0.9821319078177367
23.65	0.9880452310486657
23.75	0.9987758526555186
23.85	1.0033348481162838
23.95	1.010536900299868
24.05	1.0171582126249097
24.15	1.0235735469279026
24.25	1.0313252042388323
24.35	1.0364673833839593
24.45	1.0421823393086214
24.55	1.0465914895576482
24.65	1.0500498328656562
24.75	1.0530585789695046
24.85	1.0579598268576818
24.95	1.060029614297046
25.05	1.0659049806807734
25.15	1.0629737970589261
25.25	1.0627800616460175
25.35	1.0624783200139705
25.45	1.062019825269809
25.55	1.061495579510464
25.65	1.0570837461157425
25.75	1.0544235005993596
25.85	1.051518848644589
25.95	1.048560858951126
26.05	1.041281790820867
26.15	1.0376400250199969
26.25	1.0330897078108414
26.35	1.0289165080367537
26.45	1.022798138638421
26.55	1.0175577737190087
26.65	1.0121594870757389
26.75	1.0059400954824833
26.85	1.000514799724844
26.95	0.9944704077268477
27.05	0.9897374243674205
27.15	0.9832509934995373
27.25	0.9796134591318298
27.35	0.9754575624345484
27.45	0.971148605638091
27.55	0.9651744236543774
27.65	0.9649570080815781
27.75	0.9605735668703024
27.85	0.9591608875381631
27.95	0.9563843523282736
28.05	0.9552642033945917
28.15	0.9532170990444622
28.25	0.9504302193981317
28.35	0.9519431969854303
28.45	0.9533508975457621
28.55	0.9575021538366818
28.65	0.954125066289518
28.75	0.9550350567786594
28.85	0.9568252361734929
28.95	0.9583118318851352
29.05	0.9624157886952295
29.15	0.9662701061706709
29.25	0.9695121692708408
29.35	0.970299420164624
29.45	0.9758599916035444
29.55	0.9795792834366681
29.65	0.9834746403960616
29.75	0.9899018510379624
29.85	0.9906115659998798
29.95	NaN
30.05	1.0001152071409023
30.15	1.0054879505116276
30.25	1.0068465127781414
30.35	1.0148378419783355
30.45	1.020115436828309
30.55	1.022793243466793
30.65	1.0242827864847854
30.75	1.0272210113596618
30.85	1.0310856963453707
30.95	1.0329533093391996
31.05	1.0376900004442124
31.15	1.0377639843954927
31.25	1.0375893215823686
31.35	1.040245245116838
31.45	1.0401766401268804
31.55	1.0420097703780218
31.65	1.042680725067398
31.75	NaN
31.85	1.0389445207850179
31.95	1.0357490380622096
32.05	1.0337084899165214
32.15	1.0338378292506603
32.25	1.030673549798835
32.35	1.0272833339023066
32.45	1.026349459891263
32.55	1.0213329627734982
32.65	1.0161011496135615
32.75	1.0155811989512327
32.85	1.0101644585337322
32.95	1.004797806593839
33.05	1.0045013552435387
33.15	0.9979391874969307
33.25	0.9945400187514252
33.35	0.993437941936591
33.45	0.9886314705307029
33.55	0.984653062971266
33.65	0.9826593122570627
33.75	0.98106334270778
33.85	0.9770975105932489
33.95	0.9744615856974947
34.05	0.969869059964853
34.15	0.9694531243684109
34.25	0.9699767881294856
34.35	0.9683774703364507
34.45	0.9668321672801898
34.55	0.9687404196492587
34.65	0.9674613952427189
34.75	0.9680858088594122
34.85	0.9692385332439897
34.95	0.968643203526174
35.05	0.9689387785647435
35.15	0.9701815184936543
35.25	0.9724575691366836
35.35	0.9751038623008115
35.45	0.9775444386120852
35.55	0.978344518092824
35.65	0.9811619565864053
35.75	0.9838239881703801
35.85	0.9890645719096833
35.95	0.9890582170607352
36.05	0.9933858785153872
36.15	0.9959702435600181
36.25	1.0001870830236799
36.35	1.00254073301307
36.45	1.0036591266011168
36.55	1.0089975241550788
36.65	NaN
36.75	1.0168093245243566
36.85	1.0184963612244475
36.95	1.0182369103136202
37.05	1.0194578923311606
37.15	1.0224631014590952
37.25	1.0244726979485508
37.35	1.0241481999714648
37.45	1.027222659757415
37.55	1.028512046064056
37.65	1.0283725251007994
37.75	1.029363770768272
37.85	1.0260054442007351
37.95	1.0281987807404713
38.05	NaN
38.15	NaN
38.25	1.024882822001475
38.35	1.0255491001514783
38.45	1.022318310481508
38.550000000000004	1.0205358483009346
38.65	1.019742734571535
38.75	1.0173589672974264
38.85	1.0120712974216945
38.95	1.012224058418414
39.050000000000004	1.008495219458397
39.15	1.0050245900428978
39.25	1.003073573549602
39.35	1.0012529882107573
39.45	0.9989432126576888
39.550000000000004	0.9960124231439648
39.65	NaN
39.75	0.9922242226153041
39.85	0.987633772275486
39.95	0.9861262650539963
40.050000000000004	0.983226342114635
40.15	0.9823902519469594
40.25	0.9776700069222058
40.35	NaN
40.45	0.9798495007349768
40.550000000000004	0.9775772947625055
40.65	0.9769435497293655
40.75	0.976687542682595
40.85	0.9788558068856916
40.95	0.9758852677936874
41.050000000000004	0.9772627281564955
41.15	0.9774347768079166
41.25	0.9779111329841876
41.35	0.9781887408333353
41.45	0.9802487258291821
41.550000000000004	0.9821222586627553
41.65	0.9814756096882141
41.75	0.9831605721437489
41.85	0.9828231522795207
41.95	0.9858539235411425
42.050000000000004	0.9874572843257096
42.15	0.9907282088152918
42.25	0.9942105755138048
42.35	0.994515269583519
42.45	0.9973161823013381
42.550000000000004	1.0016373949419994
42.65	1.0024680246237532
42.75	1.004485120542413
42.85	1.0075296039692831
42.95	1.0076865623767737
43.050000000000004	1.0096088879835545
43.15	NaN
43.25	1.0130352868547075
43.35	1.0175556248334916
43.45	1.0164898233706599
43.550000000000004	1.0192332993678823
43.65	NaN
43.75	NaN
43.85	1.0235989730215806
43.95	1.0230373004296613
44.050000000000004	1.0201556592549696
44.15	1.0197290472270182
44.25	1.018422542936322
44.35	1.019304020143342
44.45	NaN
44.550000000000004	1.017746650402532
44.65	1.0168704315254646
44.75	1.0174827035605125
44.85	1.014168543674419
44.95	1.0140163587835613
45.050000000000004	1.010752713293499
45.15	1.0097962641891618
45.25	1.0097512697989888
45.35	1.0051819874638261
45.45	1.0038798415175427
45.550000000000004	1.0031524385245532
45.65	1.0012176164375703
45.75	NaN
45.85	0.9952927456412481
45.95	NaN
46.050000000000004	0.992508125078946
46.15	0.9889365644871246
46.25	0.9891403779844895
46.35	NaN
46.45	0.9850280806834526
46.550000000000004	0.9854822020904609
46.65	NaN
46.75	0.9830958085489174
46.85	0.9825660760822352
46.95	0.9840709384453777
47.050000000000004	0.9836453034528881
47.15	0.9817291790499124
47.25	0.9818093012849455
47.35	0.9820656732270655
47.45	NaN
47.550000000000004	0.9841872589333901
47.65	0.9834503444080432
47.75	0.9843556704503788
47.85	0.9859158033133096
47.95	0.986359167921654
48.050000000000004	0.9870453908745068
48.15	0.9901841070425732
48.25	0.9910333035534601
48.35	0.991552113308652
48.45	0.994881246946142
48.550000000000004	0.9964982427947265
48.65	0.9984421524706296
48.75	1.0013999334710983
48.85	0.9993752051851249
48.95	1.0020332587287715
49.050000000000004	1.0030852583068515
49.15	1.0060535365320158
49.25	1.0091076358894144
49.35	1.0085100410138408
49.45	1.0119244160959557
49.550000000000004	1.011942590601135
49.65	1.0136846394209782
49.75	NaN
49.85	1.014945971772644
49.95	1.0157728854905252
50.050000000000004	1.0150764960782435
50.15	1.0157769044187541
50.25	1.014707769391238
50.35	1.0172463850927718
50.45	1.0168140326492576
50.550000000000004	1.0154199298601805
50.65	1.0154973257282227
50.75	1.0142980552125873
50.85	1.0125455939876133
50.95	1.0127212780241417
51.050000000000004	1.011605045326626
51.15	1.0104746612988473
51.25	1.0113771485159793
51.35	1.0083281034170033
51.45	1.0074035049942907
51.550000000000004	1.006118010357256
51.65	1.0060562322573994
51.75	0.9995255585193712
51.85	1.00031246493143
51.95	1.0005629447867879
52.050000000000004	0.9991176986260146
52.15	NaN
52.25	0.9958780297986072
52.35	0.9959836611884068
52.45	0.9944482986904488
52.550000000000004	0.9930484426032465
52.65	0.9935444857215635
52.75	0.9903953538733379
52.85	0.9889507173902787
52.95	0.9874884458108644
53.050000000000004	0.9868601988545566
53.15	0.9859685433051977
53.25	0.9862806199366762
53.35	0.9859162387778764
53.45	0.9859181533490253
53.550000000000004	0.9856223248688067
53.65	0.9862062133635134
53.75	0.9883629163882561
53.85	0.9858069678738768
53.95	0.9871318250662298
54.050000000000004	0.9885277495753869
54.15	0.98901133033763
54.25	0.988847869807037
54.35	0.9895038912993054
54.45	0.9911815092568613
54.550000000000004	NaN
54.65	0.9952831899756065
54.75	0.9953470436620085
54.85	0.9960008050672394
54.95	0.9997819230484184
55.050000000000004	0.9983336416679001
55.15	1.0022253070651237
55.25	1.002623034602324
55.35	1.0040970225191297
55.45	1.005573491681462
55.550000000000004	1.0059221384540908
55.65	NaN
55.75	1.009196933695546
55.85	1.008776723497419
55.95	1.0104034634023356
56.050000000000004	1.0107761751511268
56.15	1.010119808285831
56.25	1.0160259498291706
56.35	1.018612468790374
56.45	1.017727079844472
56.550000000000004	1.0118838065024307
56.65	1.01248258331629
56.75	1.013462408701259
56.85	1.0129113635962217
56.95	1.0116451626259166
57.050000000000004	1.0119034913802318
57.15	1.0115667460676068
57.25	1.0123834867562145
57.35	1.0083822499115824
57.45	1.0073767657262052
57.550000000000004	NaN
57.65	1.0039961357688731
57.75	1.0048164724339117
57.85	1.0040048215056128
57.95	1.0029026733992843
58.050000000000004	NaN
58.15	1.0002286446511301
58.25	0.9986551089296526
58.35	0.9983962516724905
58.45	0.9977857570715468
58.550000000000004	0.9954015704664569
58.65	0.9941703035775342
58.75	NaN
58.85	0.9941812726998127
58.95	0.9931900190191545
59.050000000000004	0.9922716564841242
59.15	0.9911716807782954
59.25	0.9888078409978601
59.35	0.9881222003941741
59.45	0.9889187134853629
59.550000000000004	0.989457558485634
59.65	NaN
59.75	0.9887047284742763
59.85	0.9888782855771567
59.95	0.9884279628805024
60.050000000000004	0.9893658521426493
60.15	0.9899345746778027
60.25	0.989697899010526
60.35	NaN
60.45	0.9912552011924329
60.550000000000004	0.9931090768172405
60.65	0.9918161221251058
60.75	0.993925065861288
60.85	NaN
60.95	0.9955811416581501
61.050000000000004	0.9952309552408211
61.15	0.9977182102101325
61.25	0.9994829494214604
61.35	1.0014794875725022
61.45	1.0014735811939568
61.550000000000004	1.0029729946360144
61.65	1.0027951245537734
61.75	1.0031149923776923
61.85	1.003652628200958
61.95	NaN
62.050000000000004	1.0084774733366644
62.15	1.006524076889289
62.25	1.0066535312231164
62.35	1.009626005329245
62.45	NaN
62.550000000000004	1.0078640675775778
62.65	NaN
62.75	NaN
62.85	1.010675497708935
62.95	1.010670267126033
63.050000000000004	1.0085472152538633
63.15	1.0116377146261066
63.25	1.0070451497453787
63.35	1.0101765532831712
63.45	1.0071211431323288
63.550000000000004	1.0080820044290755
63.65	NaN
63.75	1.007461902707101
63.85	NaN
63.95	1.0044955569031504
64.05	1.0038521051133484
64.14999999999999	1.0019898194172379
64.25	1.003171625229106
64.35	NaN
64.44999999999999	1.0010493448877744
64.55	0.9992397277416756
64.64999999999999	0.9991120512207103
64.75	0.9978700201763578
64.85	0.9970709996178582
64.94999999999999	0.9958275720616706
65.05	0.9953590844806398
65.14999999999999	NaN
65.25	0.9929576433165407
65.35	0.9905917941114973
65.44999999999999	0.9920954754747057
65.55	0.993318269373691
65.64999999999999	NaN
65.75	0.9903706361433894
65.85	0.9915593781651064
65.94999999999999	NaN
66.05	NaN
66.14999999999999	0.9902370377016412
66.25	0.991602226614931
66.35	0.9914032417519721
66.44999999999999	0.9892767737136767
66.55	NaN
66.64999999999999	0.9927668571432202
66.75	0.9924026339485351
66.85	NaN
66.94999999999999	NaN
67.05	NaN
67.14999999999999	NaN
67.25	0.9970701283372723
67.35	NaN
67.44999999999999	NaN
67.55	0.9979091466269263
67.64999999999999	1.0012016507524248
67.75	1.0017202425693381
67.85	1.0002322376979276
67.94999999999999	NaN
68.05	1.0039829143681163
68.14999999999999	1.003358347839083
68.25	1.0039535788447718
68.35	1.0060947357717043
68.44999999999999	1.0061529761034607
68.55	1.0068115606821877
68.64999999999999	NaN
68.75	1.007378443859126
68.85	1.0075873316026323
68.94999999999999	1.0083546177727385
69.05	NaN
69.14999999999999	1.0080688054463927
69.25	NaN
69.35	1.00693668619971
69.44999999999999	1.006428704989779
69.55	1.0077909863072059
69.64999999999999	1.0072818887671038
69.75	1.0073772337967386
69.85	1.0069107128896693
69.94999999999999	1.0078254096371422
70.05	NaN
70.14999999999999	1.0052902646966078
70.25	1.0039428455482602
70.35	1.002736507967224
70.44999999999999	1.0023930423721186
70.55	0.9989159750491448
70.64999999999999	1.0016821801710742
70.75	0.9990143181996191
70.85	0.9992111019998731
70.94999999999999	0.9985797004680139
71.05	0.9977502995861792
71.14999999999999	NaN
71.25	0.9982432765774024
71.35	NaN
71.44999999999999	0.9950842909341617
71.55	0.9941669573093516
71.64999999999999	0.9928849694058145
71.75	0.9935322799393369
71.85	NaN
71.94999999999999	NaN
72.05	0.9923975402932401
72.14999999999999	NaN
72.25	0.9925293633176919
72.35	0.9919382947376642
72.44999999999999	NaN
72.55	NaN
72.64999999999999	0.9931213217581666
72.75	0.9925539065771729
72.85	0.995639930080497
72.94999999999999	NaN
73.05	0.9940736362741123
73.14999999999999	0.9946539638346655
73.25	0.9959335835833837
73.35	0.9978912134083987
73.44999999999999	0.996062795427221
73.55	0.9976337441259474
73.64999999999999	0.9990890481316304
73.75	0.9989695171075553
73.85	0.9998640768279745
73.94999999999999	NaN
74.05	NaN
74.14999999999999	1.0023761844362147
74.25	1.0037293764001287
74.35	1.0039906578873299
74.44999999999999	1.004122187468637
74.55	1.004291727395328
74.64999999999999	NaN
74.75	NaN
74.85	1.0054616845725721
74.94999999999999	1.0062884429665833
75.05	1.0049410503230345
75.14999999999999	1.0064916142559497
75.25	1.006579512348126
75.35	1.007378262998578
75.44999999999999	1.0074733632307435
75.55	1.0074476879860987
75.64999999999999	1.0065893978511748
75.75	NaN
75.85	1.0076738721713896
75.94999999999999	NaN
76.05	1.006272528241361
76.14999999999999	1.0038969639547741
76.25	1.004477499291611
76.35	1.0046302927649036
76.44999999999999	NaN
76.55	1.0034243924723671
76.64999999999999	1.0010848587500236
76.75	NaN
76.85	1.0008063119178572
76.95	0.9986524321055499
77.05	0.9999691656305655
77.14999999999999	0.9980016579683303
77.25	NaN
77.35	NaN
77.45	NaN
77.55	0.9961362471263973
77.64999999999999	NaN
77.75	0.9989998629532352
77.85	0.995146081254443
77.95	NaN
78.05	0.9934523773867157
78.14999999999999	NaN
78.25	0.9938553933624314
78.35	0.9928447209086435
78.45	NaN
78.55	NaN
78.64999999999999	NaN
78.75	0.9924373816032362
78.85	0.9923401969767948
78.95	0.9943492967730995
79.05	NaN
79.14999999999999	NaN
79.25	0.9946502770978459
79.35	0.9968338569183358
79.45	NaN
79.55	0.9978425686984194
79.64999999999999	NaN
79.75	0.9982316804242585
79.85	1.000448624651661
