0.15	0.017859895048612677
0.25	0.01912542250769208
0.35	0.019136762382734172
0.45	0.0192300020961231
0.55	0.018974704832195908
0.65	0.019385793216373102
0.7500000000000001	0.019589531610934744
0.85	0.01985678561104775
0.95	0.02013430285894383
1.05	0.020440246299198914
1.15	0.021020493132060107
1.25	0.02122435068252512
1.35	0.02164557753618006
1.45	0.022004260051288402
1.55	0.022629822737672785
1.65	0.023017733052141685
1.75	0.023597305450578174
1.85	0.024272661916022058
1.95	0.02505363731410525
2.05	0.02577524434364286
2.15	0.02656416648853296
2.25	0.027575254577971605
2.35	0.028553124760762865
2.45	0.029504892929028977
2.5500000000000003	0.030736372305113495
2.65	0.031972122087978505
2.75	0.03341521929400274
2.85	0.03492372746141357
2.95	0.03666877707317716
3.0500000000000003	0.038275791658267014
3.15	0.0401987127695273
3.25	0.04249355451966923
3.35	0.045064594524105536
3.45	0.047618366361420424
3.5500000000000003	0.05056139262170582
3.65	0.05365579867917077
3.75	0.05753630098649185
3.85	0.060947729337886884
3.95	0.06582562442745593
4.05	0.07087215792904393
4.1499999999999995	0.07643102757727539
4.25	0.08240835329257672
4.35	0.09006209938325474
4.449999999999999	0.09765337392450285
4.55	0.10674645294395547
4.6499999999999995	0.11665134684627237
4.75	0.12923406510278984
4.85	0.14294354844271315
4.95	0.15945472923257542
5.05	0.17737272952695332
5.1499999999999995	0.19962384290576501
5.25	0.22409217946057616
5.35	0.25476436023446897
5.45	0.29124958983322413
5.55	0.3354726313131052
5.6499999999999995	0.38715947858342215
5.75	0.4541007832439018
5.85	0.5293605413927466
5.95	0.6264432033950215
6.05	0.7467925543924983
6.1499999999999995	0.9019644615286486
6.25	1.0821611923983103
6.35	1.3008240355895389
6.45	1.581259104496463
6.55	1.892306961526127
6.6499999999999995	2.2198056081296573
6.75	2.5337772589294283
6.85	2.7835797630052905
6.95	2.9315345448017425
7.05	2.9146345532749036
7.1499999999999995	2.771753493438972
7.25	2.554327702233613
7.35	2.2984402720153723
7.45	2.040955081439571
7.55	1.8130470576378812
7.6499999999999995	1.6070283971851111
7.75	1.4331857377431925
7.85	1.2807162885206094
7.95	1.160497137403704
8.05	1.0597142962706518
8.15	0.9740400252504835
8.25	0.8999152958449929
8.350000000000001	0.8362895589517891
8.450000000000001	0.7897836530938851
8.55	0.7441521752488437
8.65	0.7050294495546121
8.75	0.6769620369593828
8.850000000000001	0.6510167288973818
8.950000000000001	0.6301584411870591
9.05	0.6126136014523891
9.15	0.5978341079299184
9.25	0.586901947919638
9.350000000000001	0.5790451721147429
9.450000000000001	0.5727084705212145
9.55	0.5701637781721954
9.65	0.5683242702576501
9.750000000000002	0.5695634122449782
9.85	0.5719580918090765
9.95	0.5772339615461821
10.049999999999999	0.5843598161902065
10.149999999999999	0.5950438127849853
10.25	0.6043456337737506
10.35	0.6187004501891039
10.45	0.6339356197456747
10.549999999999999	0.6523324851203701
10.649999999999999	0.671926727553248
10.75	0.6968888365052736
10.85	0.7208915252620192
10.95	0.746456059184392
11.049999999999999	0.7782627302278868
11.149999999999999	0.8102843741356239
11.25	0.8445707293392088
11.35	0.8800342394343642
11.45	0.9201555901718642
11.549999999999999	0.9611762208894454
11.649999999999999	1.0032250841727897
11.75	1.0450861214065124
11.85	1.0852760944937259
11.95	1.1266036376398993
12.049999999999999	1.1636586512209373
12.149999999999999	1.199104847086456
12.25	1.2325279104956872
12.35	1.2615794621564267
12.45	1.2860263643612244
12.549999999999999	1.306862211286538
12.649999999999999	1.3163898406215757
12.75	1.3282232377044436
12.85	1.3376588397413585
12.95	1.3390103557731317
13.049999999999999	1.3376884800294264
13.149999999999999	1.3381855148006099
13.25	1.3271410042785448
13.35	1.3178810424945226
13.45	1.3031182522016864
13.549999999999999	1.286765430897031
13.649999999999999	1.2654257395795239
13.75	1.2426119822083435
13.85	1.2183560243596687
13.95	1.188565935865919
14.049999999999999	1.158960452559874
14.149999999999999	1.1282445345201295
14.25	1.0959815256243821
14.35	1.0636066622503961
14.45	1.0330329471320219
14.549999999999999	1.0033060074476887
14.649999999999999	0.9736339570422471
14.75	0.9459131643790752
14.85	0.9231488179750379
14.95	0.8963782810566163
15.049999999999999	0.8757238815858567
15.149999999999999	0.8570671439821629
15.25	0.8401530942048311
15.35	0.8265441739497301
15.45	0.8143610799415222
15.549999999999999	0.8046239915426486
15.649999999999999	0.7955175309645609
15.75	0.7908980024462721
15.85	0.7837847776816306
15.95	0.7834103581317984
16.05	0.7826608273480337
16.15	0.7824850113186007
16.25	0.7855628859456721
16.349999999999998	0.7922828986905348
16.45	0.7992105655521856
16.55	0.8054537975493751
16.65	0.8151990889599192
16.75	0.8270486441386676
16.849999999999998	0.8383297127187502
16.95	0.8526562671813088
17.05	0.8689287828637178
17.15	0.885690166446419
17.25	0.9032166656370098
17.349999999999998	0.9219287300704118
17.45	0.943775158079864
17.55	0.9638860209493283
17.65	0.9831202758246032
17.75	1.0034345143872696
17.849999999999998	1.0292544191558202
17.95	1.045642677455075
18.05	1.0639277381899288
18.15	1.0851243534345787
18.25	1.102357678746077
18.349999999999998	1.1196257713968087
18.45	1.1338415990455348
18.55	1.1472006861867303
18.65	1.1586632065058555
18.75	1.166053684556634
18.849999999999998	1.1709486892813232
18.95	1.1739671276387318
19.05	1.174808008885255
19.15	1.1750658735614772
19.25	1.175463603464448
19.35	1.1694485584259615
19.45	1.160457164395865
19.55	1.1515831930621918
19.65	1.140806276007309
19.75	1.1318176332984777
19.85	1.1207289557113256
19.95	1.1087556962904095
20.05	1.0940245008911034
20.15	1.0796070926867978
20.25	1.0651068009061404
20.35	1.0533618982636883
20.45	1.039173785147869
20.55	1.0239271159220145
20.65	1.009368171155498
20.75	0.9960046227037997
20.85	0.9849190758719817
20.95	0.9715829885862654
21.05	0.9590267116295613
21.15	0.9467434802702002
21.25	0.936117592684208
21.35	0.9264648254357211
21.45	0.9184566324720315
21.55	0.9093763058557418
21.65	0.9026423186111171
21.75	0.8958801052458233
21.85	0.8913090437286894
21.95	0.8878733441579219
22.05	0.8829611209823995
22.15	0.881407980736864
22.25	0.8806065310875378
22.35	0.8796868737071798
22.45	0.8817735055430013
22.55	0.8851274547773075
22.65	0.8880467967537023
22.75	0.8904635274605198
22.85	0.8964835218900414
22.95	NaN
23.05	0.9093643753996129
23.15	0.9160397019175255
23.25	0.9261532083600482
23.35	0.9353449854560992
23.45	0.9454227970939937
23.55	0.9557435659980924
23.65	0.9658705530230647
23.75	0.9784800100786164
23.85	0.9920727805182487
23.95	1.0024706236778773
24.05	1.015829992729683
24.15	1.0274952220079767
24.25	1.0402288772099046
24.35	1.0477787585480152
24.45	1.0574741164049408
24.55	1.0686011338925403
24.65	1.0783218766240295
24.75	1.0840089905567698
24.85	1.091841721817082
24.95	1.0950850487999455
25.05	1.0993194382521148
25.15	1.1045333160421575
25.25	1.103822622254841
25.35	1.1050389988038976
25.45	1.1062870874596924
25.55	1.103180442076634
25.65	1.0980137397603957
25.75	1.0929399286008508
25.85	1.0875783416697573
25.95	1.082474973508495
26.05	1.0751542653146713
26.15	1.0688209391832992
26.25	1.0592997531356494
26.35	1.050329913129858
26.45	1.0426493337651155
26.55	1.0354800302656637
26.65	1.0240596355763834
26.75	1.0160215876125507
26.85	1.0054332279866323
26.95	0.9991829498051505
27.05	0.9912461867751359
27.15	0.9826829706130855
27.25	0.9745539348016736
27.35	0.9675589836380267
27.45	0.9573440289694917
27.55	0.9528677125752187
27.65	0.9498070941337462
27.75	0.9424046826695076
27.85	0.9353197682401713
27.95	0.9335662060800052
28.05	0.930609243165236
28.15	0.9272316565055666
28.25	0.9254013182157288
28.35	0.9261213771992372
28.45	0.9239557295636757
28.55	0.9251145162823715
28.65	0.9237714199648405
28.75	0.9259122625559932
28.85	0.9258710978524952
28.95	0.9315595669925849
29.05	0.9360446891635213
29.15	0.9388913736973338
29.25	0.9409334884085576
29.35	0.947328275480974
29.45	0.9520265501079552
29.55	0.960699395013488
29.65	0.9654156201899616
29.75	0.9748352390250572
29.85	0.979628938118262
29.95	0.9860810585188435
30.05	0.9936202790986867
30.15	1.0040234500773548
30.25	1.0080322418783945
30.35	1.0167744915164576
30.45	1.022110600541927
30.55	1.0281350980294475
30.65	1.0342272294836796
30.75	1.0411502445736323
30.85	1.0529567052230189
30.95	1.0524664976412603
31.05	1.0591187159982856
31.15	1.0624295587975017
31.25	1.0625681660577508
31.35	1.0649139687426121
31.45	1.0669573485777524
31.55	1.0691464214453397
31.65	1.068657981569583
31.75	1.0667998273814492
31.85	1.065081618579478
31.95	1.0601647658429587
32.05	1.0587202086368543
32.15	1.0572113823854066
32.25	1.050808145971683
32.35	1.0409260078209208
32.45	1.043578687988811
32.55	1.0382048038981846
32.65	1.0315325275369809
32.75	1.028246788908708
32.85	1.0195113987373323
32.95	1.0172942715982292
33.05	1.0099071033661493
33.15	1.0019710851127825
33.25	0.9972497258696337
33.35	0.9906898147043474
33.45	0.9846656994510463
33.55	0.9799575794983785
33.65	0.9752457288024516
33.75	0.970441643525171
33.85	0.9654033203717123
33.95	0.9540780106436306
34.05	0.9562545873627198
34.15	0.9572196025022675
34.25	0.9526522044759533
34.35	0.9502837456616123
34.45	0.9496994915567145
34.55	0.9490308823328906
34.65	0.9474772177442337
34.75	0.9457071967585335
34.85	0.9466459973900334
34.95	0.9471775445410794
35.05	0.9493183396229176
35.15	0.9505342318803265
35.25	0.9545906657464206
35.35	0.9524409423147134
35.45	0.9583534042485822
35.55	0.962770211163842
35.65	0.9655361417219004
35.75	0.9697313829791173
35.85	0.9754818877522259
35.95	0.9819507805440091
36.05	0.9834268159316796
36.15	0.9896258230320544
36.25	0.9947452268581277
36.35	0.9983571295641483
36.45	1.0057560030380537
36.55	NaN
36.65	1.014364043827093
36.75	1.0169718389275395
36.85	1.0209599031065666
36.95	1.0261110126870523
37.05	1.0323989208214706
37.15	1.0335807438528475
37.25	1.0376754286803649
37.35	1.0397288407126934
37.45	1.0418085515849758
37.55	1.0455784846380216
37.65	NaN
37.75	1.047790977780169
37.85	1.044723921591132
37.95	1.0477531311943675
38.05	1.0465971808780479
38.15	1.042628898042801
38.25	1.044925486534803
38.35	1.0378645205577963
38.45	1.038620158167625
38.550000000000004	1.0354245175850925
38.65	1.0336622608205661
38.75	1.0278377195822705
38.85	1.024625291923973
38.95	1.019558869567709
39.050000000000004	1.0158616180048041
39.15	NaN
39.25	NaN
39.35	NaN
39.45	NaN
39.550000000000004	0.9957825166545342
39.65	0.9915876564677542
39.75	0.9879851367335751
39.85	0.9842705636119199
39.95	0.9809210371680056
40.050000000000004	0.9792752077218173
40.15	NaN
40.25	0.9706605904968876
40.35	0.9684810778694082
40.45	0.9669153949482318
40.550000000000004	0.9647448306427073
40.65	0.9637286344912505
40.75	0.9630248606541919
40.85	0.9638405415581691
40.95	0.9607182085227052
41.050000000000004	0.959730181440962
41.15	0.9626485206465426
41.25	0.9613686023979047
41.35	0.9631703074832507
41.45	0.9642518575384674
41.550000000000004	NaN
41.65	0.9677057841413862
41.75	0.9690194587562065
41.85	0.973139027721669
41.95	0.9759965254066159
42.050000000000004	0.9793468974704157
42.15	NaN
42.25	0.9860322379032055
42.35	0.9909209784594967
42.45	0.993748081638054
42.550000000000004	0.9975007293111123
42.65	1.0006133524068064
42.75	1.0051357341769591
42.85	1.0098548856313474
42.95	1.0133145578372953
43.050000000000004	1.0156289113251757
43.15	1.016750402026531
43.25	1.0213623353907852
43.35	1.0261421857077038
43.45	1.0280445123037159
43.550000000000004	1.02996822895156
43.65	NaN
43.75	1.0323402894117435
43.85	1.0337697632389617
43.95	1.033319186316459
44.050000000000004	1.0339087547069816
44.15	1.0338834321124004
44.25	NaN
44.35	1.0345979910053427
44.45	1.0318496538361164
44.550000000000004	1.0323128072653622
44.65	1.0296051834743163
44.75	1.0277517540520293
44.85	1.0264450342144409
44.95	1.0207474698243004
45.050000000000004	1.0172159964057301
45.15	1.0166873202215012
45.25	1.0134440716697857
45.35	NaN
45.45	1.007147048044708
45.550000000000004	1.0061198281102264
45.65	NaN
45.75	1.000037880705993
45.85	0.9958567193643566
45.95	0.9932281481589552
46.050000000000004	0.9897868941864097
46.15	0.98654097828772
46.25	0.9859154137864944
46.35	0.9825372004762868
46.45	0.9790363493275239
46.550000000000004	0.9766854631910611
46.65	NaN
46.75	0.9752681437968668
46.85	0.9744125286166033
46.95	0.9711858677795109
47.050000000000004	0.9713482866494466
47.15	0.9695944204009532
47.25	0.9711407612776518
47.35	0.9699177279144618
47.45	0.9714909945931449
47.550000000000004	0.9730392656315051
47.65	0.9726234281971926
47.75	0.9737922794207015
47.85	0.9757860448256971
47.95	0.9780498473676372
48.050000000000004	0.9786334885368706
48.15	0.9756326591794731
48.25	0.9822989685164002
48.35	0.9856590468312828
48.45	0.9894832431568396
48.550000000000004	0.990614834441655
48.65	0.9957215405546568
48.75	0.9958198622445428
48.85	0.9990088101348437
48.95	1.004324507326478
49.050000000000004	1.0057330857627371
49.15	NaN
49.25	1.0093902026619372
49.35	1.0118899686556517
49.45	1.0153918697096593
49.550000000000004	1.0173976065979262
49.65	1.0196514786857407
49.75	1.0232914167822598
49.85	1.0225444670695578
49.95	1.025650515456016
50.050000000000004	1.024595057983826
50.15	1.0245155629984846
50.25	1.0266851027898922
50.35	1.025799088586098
50.45	1.0262675601887743
50.550000000000004	1.0265521612046613
50.65	1.0241598818910052
50.75	1.0249926117122465
50.85	1.024991127044999
50.95	NaN
51.050000000000004	1.0214094762694157
51.15	1.0178565569134592
51.25	1.017835563675642
51.35	1.0155558536754328
51.45	1.0127817379335724
51.550000000000004	NaN
51.65	1.0082062412614294
51.75	1.0062340389488553
51.85	1.0035658315630578
51.95	1.0002995137259487
52.050000000000004	NaN
52.15	0.9931704537772068
52.25	0.9930635596695163
52.35	0.9913122852757751
52.45	0.9894299384744526
52.550000000000004	0.9873807746853179
52.65	0.9868077636724815
52.75	0.9837207291927416
52.85	0.9818943981994714
52.95	NaN
53.050000000000004	0.9784727725723603
53.15	NaN
53.25	0.9773025473272349
53.35	0.9776924022517826
53.45	0.9762502870660512
53.550000000000004	NaN
53.65	0.9757586181747101
53.75	NaN
53.85	0.9778390665700077
53.95	0.9783410654043742
54.050000000000004	NaN
54.15	0.9806400256174639
54.25	NaN
54.35	0.983965774864952
54.45	0.9854637616358065
54.550000000000004	NaN
54.65	0.9885694079634698
54.75	0.9936835386546049
54.85	0.9961312522496814
54.95	0.995984409536808
55.050000000000004	0.9967572824712021
55.15	1.0003312005594747
55.25	1.0031114791461209
55.35	1.0071082657735786
55.45	1.0060325032511752
55.550000000000004	1.0085025861563677
55.65	1.0079635328333174
55.75	1.0119406777910065
55.85	1.0149364429046446
55.95	1.0146902977519108
56.050000000000004	1.0150252250862135
56.15	1.0205579692486646
56.25	1.0246482000008403
56.35	1.0200951600555488
56.45	1.0201877211118147
56.550000000000004	1.0206314824569342
56.65	1.0196143890456228
56.75	NaN
56.85	1.0215995172897019
56.95	1.020792440024935
57.050000000000004	1.0194253277059473
57.15	1.019612408039556
57.25	1.0164824095847231
57.35	NaN
57.45	1.0129148736836595
57.550000000000004	1.0134533884072587
57.65	1.0113003422839026
57.75	1.0101635550362853
57.85	1.0095215920313672
57.95	1.0067450536605222
58.050000000000004	1.0034803718531367
58.15	1.001097509402344
58.25	0.9980188242962531
58.35	0.9967551823430671
58.45	NaN
58.550000000000004	0.9948769852091286
58.65	0.9924318558628289
58.75	NaN
58.85	0.9891916329632638
58.95	NaN
59.050000000000004	0.9838506173144032
59.15	0.9854477547407133
59.25	0.9842243528193027
59.35	0.9819309897538986
59.45	0.9833989073442306
59.550000000000004	0.9806095093609186
59.65	0.982659201593176
59.75	0.9831711814380725
59.85	NaN
59.95	0.9805518348555744
60.050000000000004	NaN
60.15	0.9818859323269874
60.25	0.9838920710742995
60.35	NaN
60.45	0.9846230880361632
60.550000000000004	0.9819580332220552
60.65	0.9858794802833084
60.75	0.9885954710848487
60.85	0.9920605447133635
60.95	0.9939680176382861
61.050000000000004	0.9948419393695771
61.15	0.9958815790356897
61.25	0.9987887560769441
61.35	0.9985837366340367
61.45	1.000307043436934
61.550000000000004	NaN
61.65	1.0046431722021878
61.75	NaN
61.85	NaN
61.95	1.0095049836817669
62.050000000000004	1.0113832841207484
62.15	1.0130641404466092
62.25	1.0124773524544
62.35	1.015166656993015
62.45	1.015687370198596
62.550000000000004	1.0147110315446741
62.65	1.0155031895076745
62.75	1.016153372343061
62.85	1.016092317624124
62.95	1.0173973253375226
63.050000000000004	1.0168945651770855
63.15	1.0156683057485745
63.25	NaN
63.35	1.0161680699427729
63.45	1.0174694773008448
63.550000000000004	1.008789656145648
63.65	1.0123954408129354
63.75	1.0104346074623118
63.85	1.0102878484829338
63.95	1.0077722875135384
64.05	1.0079539769505614
64.14999999999999	1.0064741648150521
64.25	1.0028761161602704
64.35	1.0027147358918078
64.44999999999999	1.0029124104987555
64.55	1.0003749496222447
64.64999999999999	0.998889727201557
64.75	0.9967615307338846
64.85	0.9931985940702898
64.94999999999999	0.9933037096088118
65.05	0.9911216826673894
65.14999999999999	0.989416722353133
65.25	NaN
65.35	0.988282607303663
65.44999999999999	NaN
65.55	0.9882125189862989
65.64999999999999	0.9841960659398998
65.75	0.9852952016771006
65.85	0.9850960286976029
65.94999999999999	0.9857242293027209
66.05	NaN
66.14999999999999	0.9856894925262647
66.25	0.9844162765535209
66.35	0.9847340939465483
66.44999999999999	0.9859958360748897
66.55	0.9866374169994959
66.64999999999999	NaN
66.75	0.9877328308406239
66.85	NaN
66.94999999999999	NaN
67.05	0.9901242110964531
67.14999999999999	0.9918848245130172
67.25	0.9934599374292303
67.35	0.9951656737111501
67.44999999999999	0.9962347767849232
67.55	0.9992318037705568
67.64999999999999	NaN
67.75	NaN
67.85	1.0029354810599385
67.94999999999999	1.003139101342645
68.05	1.0049543971643577
68.14999999999999	1.0064372644504391
68.25	NaN
68.35	1.008719130114053
68.44999999999999	1.0114043126722445
68.55	1.0115293513888186
68.64999999999999	NaN
68.75	1.0124376511255688
68.85	1.014655618054799
68.94999999999999	1.0138066168855016
69.05	1.0158959085410768
69.14999999999999	1.010590117554194
69.25	1.0125131504502896
69.35	1.0140003150402463
69.44999999999999	NaN
69.55	1.0113674857789654
69.64999999999999	1.012295940060873
69.75	NaN
69.85	1.0125710832027728
69.94999999999999	NaN
70.05	1.010599211589968
70.14999999999999	1.007863988651467
70.25	NaN
70.35	1.0054145768615996
70.44999999999999	NaN
70.55	1.0036148631816828
70.64999999999999	0.9991910957811447
70.75	0.9970130954220128
70.85	0.9998479293394064
70.94999999999999	0.9962906292801165
71.05	0.9991619035389758
71.14999999999999	0.9971841489069021
71.25	NaN
71.35	0.9931102163647018
71.44999999999999	0.9918960585614762
71.55	0.9903889504547743
71.64999999999999	0.9888697358777072
71.75	0.9887971767809728
71.85	0.988665628443831
71.94999999999999	0.9868994984823466
72.05	NaN
72.14999999999999	NaN
72.25	NaN
72.35	NaN
72.44999999999999	0.9856224607970884
72.55	0.9870911004581537
72.64999999999999	0.9873028840531958
72.75	NaN
72.85	0.9878628339813698
72.94999999999999	0.9897174720292794
73.05	0.9905013161199304
73.14999999999999	0.9897229801878339
73.25	0.9925140599535276
73.35	0.992759692565484
73.44999999999999	NaN
73.55	0.9945610804813803
73.64999999999999	NaN
73.75	NaN
73.85	0.999106482831806
73.94999999999999	0.9992042490101907
74.05	1.0001710129054273
74.14999999999999	1.0038147864367268
74.25	1.003824571712957
74.35	1.0044095780491262
74.44999999999999	1.0071999479783251
74.55	1.007897430732605
74.64999999999999	1.0063908123287666
74.75	1.0094969296951781
74.85	1.0097219942889477
74.94999999999999	1.0078060039702785
75.05	1.011756870785337
75.14999999999999	1.0123278400984475
75.25	NaN
75.35	NaN
75.44999999999999	NaN
75.55	1.0105856485197207
75.64999999999999	NaN
75.75	NaN
75.85	1.0108857661410138
75.94999999999999	1.0101006044226333
76.05	1.0106027621020799
76.14999999999999	1.0095969540391627
76.25	NaN
76.35	1.0067066110762375
76.44999999999999	NaN
76.55	1.0055851528735211
76.64999999999999	1.0037414387957655
76.75	NaN
76.85	NaN
76.95	NaN
77.05	NaN
77.14999999999999	0.9984311172053925
77.25	0.9981331280944963
77.35	0.9975043426710927
77.45	0.9962832683438345
77.55	0.9966989060764061
77.64999999999999	0.9934909391410601
77.75	0.9918677522230536
77.85	0.9925738105326424
77.95	0.9910624969318677
78.05	0.9910396296444213
78.14999999999999	0.9909258700256814
78.25	0.9898070336955204
78.35	0.9884114138076147
78.45	NaN
78.55	NaN
78.64999999999999	0.9894306277929876
78.75	0.9893275588562966
78.85	NaN
78.95	0.9890108033927258
79.05	NaN
79.14999999999999	NaN
79.25	0.9907417444399113
79.35	NaN
79.45	0.9928753470853496
79.55	0.9941276420108821
79.64999999999999	NaN
79.75	0.9961885705594969
79.85	0.9975942188822464
