0.15	0.019154906273356986
0.25	0.018788015307552895
0.35	0.01980134495477566
0.45	0.019266990369566434
0.55	0.019272526729495802
0.65	0.01961978170410011
0.7500000000000001	0.01950902290658538
0.85	0.01992127172215647
0.95	0.020108442473553072
1.05	0.020471152027396584
1.15	0.020799218032342335
1.25	0.021169372226783067
1.35	0.02154872205959715
1.45	0.021940318753965213
1.55	0.02263330235732347
1.65	0.02306318412370163
1.75	0.023658357004147496
1.85	0.02435080910098281
1.95	0.025138479324948296
2.05	0.025685916899567444
2.15	0.02666000020428392
2.25	0.02746360467660591
2.35	0.028531648213938506
2.45	0.029527391193050097
2.5500000000000003	0.03071473887062379
2.65	0.032067151105742014
2.75	0.03344016785239929
2.85	0.03487412369817286
2.95	0.036689966351516445
3.0500000000000003	0.03834990433777015
3.15	0.04027954425871108
3.25	0.04247075269869202
3.35	0.04498188089379869
3.45	0.047611657107714096
3.5500000000000003	0.05053201400025908
3.65	0.05371895130973827
3.75	0.05749720756163932
3.85	0.060929962383042234
3.95	0.06594939150452886
4.05	0.07084642108310359
4.1499999999999995	0.07635482763771587
4.25	0.08250056172445235
4.35	0.08996565104908574
4.449999999999999	0.09757133476306111
4.55	0.10651330912460578
4.6499999999999995	0.11644391186075954
4.75	0.12886322279255874
4.85	0.14296965417678195
4.95	0.15956243023160394
5.05	0.17730010477454966
5.1499999999999995	0.19969761693614407
5.25	0.22462334891309363
5.35	0.255079710050885
5.45	0.2913677827293773
5.55	0.3352107849695204
5.6499999999999995	0.3874852388917067
5.75	0.45304398351241737
5.85	0.52999392325031
5.95	0.6257975220105937
6.05	0.7476884896619209
6.1499999999999995	0.9000223178524803
6.25	1.0829835351805575
6.35	1.3033458014508243
6.45	1.577177699726471
6.55	1.8879630375811862
6.6499999999999995	2.221246881977599
6.75	2.539483692134698
6.85	2.7953701026965225
6.95	2.9230083760263526
7.05	2.907084693840724
7.1499999999999995	2.775685096530211
7.25	2.5568392864096148
7.35	2.2960659202137275
7.45	2.0408641214026573
7.55	1.8154835936030378
7.6499999999999995	1.6044767256915504
7.75	1.4331086537583202
7.85	1.281361582795162
7.95	1.1614244255067516
8.05	1.0599024916923059
8.15	0.9725813908904584
8.25	0.8986906961285597
8.350000000000001	0.8383871669484323
8.450000000000001	0.7877701116077354
8.55	0.7431632383801683
8.65	0.7065917279417046
8.75	0.6760903018389108
8.850000000000001	0.6511319818159594
8.950000000000001	0.6295456320101812
9.05	0.6126141839847798
9.15	0.5980666138222461
9.25	0.5866480184205234
9.350000000000001	0.5780819420205567
9.450000000000001	0.5726774558445383
9.55	0.5705282900485538
9.65	0.5687937440709997
9.750000000000002	0.5687759577879944
9.85	0.5732994369318272
9.95	0.577409975603786
10.049999999999999	0.5853881360531034
10.149999999999999	0.5933878387970997
10.25	0.6050569143386747
10.35	0.6190775777255281
10.45	0.6345507013007714
10.549999999999999	0.6516524060477189
10.649999999999999	0.6724817625726852
10.75	0.6957729227106488
10.85	0.7218656391671525
10.95	0.7467084262830342
11.049999999999999	0.7765458995336298
11.149999999999999	0.8101211530303104
11.25	0.8439469029645715
11.35	0.882676896284663
11.45	0.9211972279595741
11.549999999999999	0.9602043420609437
11.649999999999999	1.0006865304873211
11.75	1.0446166551125309
11.85	1.0844318969108138
11.95	1.1272458702300554
12.049999999999999	1.1651830666561318
12.149999999999999	1.2011192167438525
12.25	1.2320212742106698
12.35	1.2599561068074348
12.45	1.283888668207225
12.549999999999999	1.3026403433397187
12.649999999999999	1.3196570936622132
12.75	1.330206760955156
12.85	1.3373847854429666
12.95	1.33753723141396
13.049999999999999	1.3375102737302123
13.149999999999999	1.33541205743141
13.25	1.3261705695790922
13.35	1.3164964607051648
13.45	1.3052707742958272
13.549999999999999	1.2857302111844546
13.649999999999999	1.2669427673202702
13.75	1.244169501741143
13.85	1.218953075288364
13.95	1.1891100857050314
14.049999999999999	1.1601227389964215
14.149999999999999	1.1276252443582802
14.25	1.0986520415741627
14.35	1.0656205963850884
14.45	1.0345799310483812
14.549999999999999	1.0022271215703347
14.649999999999999	0.9741441204690872
14.75	0.947706261989319
14.85	0.9209127062518043
14.95	0.8968872005407581
15.049999999999999	0.8761912690761954
15.149999999999999	0.8568980433138261
15.25	0.8417568189162418
15.35	0.8270317200907452
15.45	0.8139713623179421
15.549999999999999	0.8033365164544499
15.649999999999999	0.7939518340753587
15.75	0.7898738577048033
15.85	0.7852698296022093
15.95	0.7829142395960041
16.05	0.7831136005677547
16.15	0.7830424978497141
16.25	0.7874814454087298
16.349999999999998	0.7905720748066277
16.45	0.7960619061663434
16.55	0.8058618232525864
16.65	0.8143269725677454
16.75	0.8267138838641385
16.849999999999998	0.8395405974528827
16.95	0.8558699947678959
17.05	0.8702974272176065
17.15	0.8872647045441521
17.25	0.9046464993557861
17.349999999999998	0.9231282425255932
17.45	0.9431959396725781
17.55	0.9634621829896314
17.65	0.9831445344787291
17.75	1.0059649473922088
17.849999999999998	1.0273515527406674
17.95	1.0468257380182109
18.05	1.0663730730356633
18.15	1.0841980048313549
18.25	1.1043111101298688
18.349999999999998	1.1181573496495107
18.45	1.1356645112210737
18.55	1.1465714311162585
18.65	1.1581076758800666
18.75	1.167101512228755
18.849999999999998	1.1718098136329027
18.95	1.1760229902714145
19.05	1.1749843337473942
19.15	1.1751017849858925
19.25	1.1728580079552593
19.35	1.1684680050881568
19.45	1.162444985136271
19.55	1.1527262168444627
19.65	1.1430355256053417
19.75	1.1325060432147511
19.85	1.1213922733684902
19.95	1.1069066928852163
20.05	1.094155908562312
20.15	1.0808759197393005
20.25	1.0658249217752387
20.35	1.052685119835218
20.45	1.0394271700535347
20.55	1.0257817132348503
20.65	1.0099207562229644
20.75	0.9972533576851625
20.85	0.9838288866472626
20.95	0.9700254801687661
21.05	0.9588937230031161
21.15	0.9478308916750421
21.25	0.9352669486348747
21.35	0.9286446874010974
21.45	0.917288518396279
21.55	0.9099681493364461
21.65	0.9021995874399292
21.75	0.896396902894777
21.85	0.8909246648229852
21.95	0.8866480023886125
22.05	0.8830712035876587
22.15	0.8790045223469692
22.25	0.8808636289243947
22.35	0.8805505790523783
22.45	0.8809960525974514
22.55	0.8826471147722824
22.65	0.8863680917670141
22.75	0.8901608612901594
22.85	0.8948665360770857
22.95	NaN
23.05	0.9093928645411564
23.15	0.9170904028692564
23.25	0.926211585204133
23.35	0.9356966519228482
23.45	0.945707171857768
23.55	0.9577063820970677
23.65	0.968560969350857
23.75	0.9803687695289525
23.85	0.9927878293809534
23.95	1.0030424856406843
24.05	1.0147613746212096
24.15	1.024710513082101
24.25	1.0364264611838618
24.35	1.0491475156629346
24.45	1.0603630833948385
24.55	1.0670076685712788
24.65	1.0758964881875241
24.75	1.0855483213214665
24.85	1.0919098127819598
24.95	1.0973697586209636
25.05	1.1014065943936597
25.15	1.1018911842559154
25.25	1.103392357004288
25.35	1.105083176047627
25.45	1.104734655314409
25.55	1.1025226110293067
25.65	1.0981394596103584
25.75	1.0962152407434038
25.85	1.0901578700164667
25.95	1.0815122391041352
26.05	1.075072423353921
26.15	1.069247221506754
26.25	1.0608781064563244
26.35	1.0511520558530347
26.45	1.0449569463691402
26.55	1.0335706212135196
26.65	1.0249135092880843
26.75	1.0150107481403443
26.85	1.006788382109882
26.95	1.0010414910145686
27.05	0.9904040007034562
27.15	0.9814824226726468
27.25	0.9740990562618529
27.35	0.9651325994592682
27.45	0.9617600810624345
27.55	0.9538994965180944
27.65	0.9491504922139726
27.75	0.9421697058397742
27.85	0.9385000964719462
27.95	0.9345035385389988
28.05	0.9306258280394656
28.15	0.9269444205033021
28.25	0.9269410638110896
28.35	0.9238629141806705
28.45	0.9229715698907268
28.55	0.9235920260265293
28.65	0.925172042056151
28.75	0.9254636564299362
28.85	0.9300990343371223
28.95	0.9291684815311766
29.05	0.9382363693126679
29.15	0.9391501386073463
29.25	0.9415291261604787
29.35	0.9505229602505736
29.45	0.9535092658968904
29.55	0.9588839822079317
29.65	0.9650450051991319
29.75	0.969321052237055
29.85	0.9803802054228394
29.95	0.9859451293331684
30.05	0.9911548682036216
30.15	1.003086094745126
30.25	1.0085075382700914
30.35	1.0144289098192696
30.45	1.0220699272036058
30.55	1.0261087325496951
30.65	1.0346934095654503
30.75	1.0424586295509002
30.85	1.0420680388929682
30.95	1.051648673031125
31.05	1.058239831112573
31.15	1.0609584221685935
31.25	1.0638232250639423
31.35	1.065038858494422
31.45	1.068405192210379
31.55	1.0674321777543603
31.65	1.0681321301630706
31.75	1.0672871049214365
31.85	1.0630647538539422
31.95	1.0612131771787396
32.05	1.0610640378464349
32.15	1.0563964731826656
32.25	1.0515971515793634
32.35	1.0483344831036283
32.45	1.0433257512336591
32.55	1.0378644858039072
32.65	1.0310831144266548
32.75	1.0293823208317079
32.85	1.015907147792057
32.95	1.015864118099277
33.05	1.0077661768572954
33.15	1.0038067388556444
33.25	0.9974577545743373
33.35	0.9911503925848067
33.45	0.983944461211752
33.55	0.9780168946806448
33.65	0.9753817966804113
33.75	0.969510798937982
33.85	0.9669553134084112
33.95	0.9564014987295812
34.05	0.9588896418025133
34.15	0.9537112636938654
34.25	0.9526138854656263
34.35	0.9503259943423708
34.45	0.9490344823067501
34.55	0.9472376458909618
34.65	0.9473643640043876
34.75	0.9467917815547278
34.85	0.9463983333295143
34.95	0.9489165741763032
35.05	0.9497974389031938
35.15	0.9519012875715961
35.25	0.9552790249343728
35.35	0.9571905090009452
35.45	0.9585565716602475
35.55	0.9633853503297739
35.65	0.9668965899221909
35.75	0.9685295139553353
35.85	0.9756951654710659
35.95	0.9798327261100199
36.05	0.9849403259385183
36.15	0.9883878712832433
36.25	0.994777411702488
36.35	0.9984928064904166
36.45	1.0055654791040578
36.55	NaN
36.65	1.0143476011685302
36.75	1.0189479316099055
36.85	1.0184814205400485
36.95	1.0276150497324805
37.05	1.0327750431178233
37.15	1.0351222082397384
37.25	1.0387653067036757
37.35	1.0416071371388038
37.45	1.042313663354796
37.55	1.0462210167672588
37.65	NaN
37.75	1.0477954040224091
37.85	1.044559979119348
37.95	1.0478439227726004
38.05	1.046179897082057
38.15	1.0455875265514922
38.25	1.0434532567680816
38.35	1.0420443875878231
38.45	1.0379512330756653
38.550000000000004	1.0359609754289898
38.65	1.030496862866878
38.75	1.0300800418266451
38.85	1.0256420564301267
38.95	1.0207450511276992
39.050000000000004	1.0175992389553274
39.15	NaN
39.25	NaN
39.35	NaN
39.45	NaN
39.550000000000004	0.9963754018168679
39.65	0.9902064870996153
39.75	0.9876738556454948
39.85	0.9850573767367709
39.95	0.981690486388424
40.050000000000004	0.9756601494030214
40.15	NaN
40.25	0.9713945773672109
40.35	0.9685221730410458
40.45	0.9643648409147441
40.550000000000004	0.9654069317410532
40.65	0.9639698058061656
40.75	0.9620515934612834
40.85	0.9608814394498011
40.95	0.9619848765711484
41.050000000000004	0.9617138383799122
41.15	0.9622645662352219
41.25	0.9619277437230371
41.35	0.9636080046097594
41.45	0.9666391261706087
41.550000000000004	NaN
41.65	0.968219599254215
41.75	0.9716586823433737
41.85	0.9743433400782874
41.95	0.9774757115708252
42.050000000000004	0.9804166833676203
42.15	NaN
42.25	0.9847238547932577
42.35	0.9928963436154309
42.45	0.9934312008756243
42.550000000000004	0.997286582841442
42.65	1.0040831786903683
42.75	1.0041553832349197
42.85	1.0099827335448617
42.95	1.013990293893448
43.050000000000004	1.015853032258948
43.15	1.0189474997990777
43.25	1.0225694828890362
43.35	1.0260832240656919
43.45	1.026390381940475
43.550000000000004	1.0269751185091502
43.65	NaN
43.75	1.032932416911057
43.85	1.0342065583530853
43.95	1.0336064166741539
44.050000000000004	1.0362815176560447
44.15	1.0351019092100269
44.25	NaN
44.35	1.032812588647797
44.45	1.0331621622109506
44.550000000000004	1.0304903371170644
44.65	1.029564241527215
44.75	1.0278794574075079
44.85	1.0253665562735592
44.95	1.0231839112406693
45.050000000000004	1.0213775083244876
45.15	1.0173822437440185
45.25	1.0162934390117098
45.35	NaN
45.45	1.0081620231556636
45.550000000000004	1.0051701840026355
45.65	NaN
45.75	0.9973810819450553
45.85	0.9955222205542599
45.95	0.9927691430069524
46.050000000000004	0.9886971207089885
46.15	0.9860583527928521
46.25	0.9846426331608493
46.35	0.9827005701667062
46.45	0.9802267393064081
46.550000000000004	0.9764838452885117
46.65	NaN
46.75	0.9738898908964321
46.85	0.971557694750927
46.95	0.9717231993739078
47.050000000000004	0.9707458264863719
47.15	0.9706633662446499
47.25	0.9712795735457314
47.35	0.9712723586431534
47.45	0.9697801027997538
47.550000000000004	0.9705870042608854
47.65	0.9727113750940262
47.75	0.9743592212585311
47.85	0.9751852000836572
47.95	0.9779160578494043
48.050000000000004	0.9776163563539305
48.15	0.981593447428738
48.25	0.9835010687397499
48.35	0.9854535579134862
48.45	0.9895561948593241
48.550000000000004	0.9910290160692293
48.65	0.9939209649809922
48.75	0.9967211611698766
48.85	0.9998474988655586
48.95	1.0030321012454686
49.050000000000004	1.005655587612636
49.15	NaN
49.25	1.011654928687702
49.35	1.0132398487083916
49.45	1.0149816595688539
49.550000000000004	1.0169621938584887
49.65	1.0178279930317395
49.75	1.022294629291314
49.85	1.0222536134944886
49.95	1.0246421078257328
50.050000000000004	1.0246400595405012
50.15	1.0265615734442906
50.25	1.0263220863098852
50.35	1.027395165550586
50.45	1.0253069019106533
50.550000000000004	1.0274384173726239
50.65	1.0258836759446115
50.75	1.0245106665249497
50.85	1.0246415274085792
50.95	NaN
51.050000000000004	1.0201657239510076
51.15	1.0186547887875894
51.25	1.0151939690984046
51.35	1.0152482212932814
51.45	1.0130260774837911
51.550000000000004	NaN
51.65	1.0085439966766159
51.75	1.0065341615204664
51.85	1.0035651901190754
51.95	1.0004514957832396
52.050000000000004	NaN
52.15	0.996150472141308
52.25	0.9936610341440779
52.35	0.9915008329106239
52.45	0.9901745065589113
52.550000000000004	0.9901189138220369
52.65	0.9845508118037405
52.75	0.9831239094669463
52.85	0.9818657870712133
52.95	NaN
53.050000000000004	0.9792599176144061
53.15	NaN
53.25	0.9783524549433763
53.35	0.9769877036642787
53.45	0.9741937427619802
53.550000000000004	NaN
53.65	0.9756526362348782
53.75	NaN
53.85	0.9784612316155126
53.95	0.9787720011262235
54.050000000000004	NaN
54.15	0.9812342547115703
54.25	NaN
54.35	0.9852970734877103
54.45	0.9852641947204549
54.550000000000004	NaN
54.65	0.9888102455104764
54.75	0.98911729422707
54.85	0.992554503128724
54.95	0.9957478004153395
55.050000000000004	0.9981353726830761
55.15	0.9995728691183826
55.25	1.0029361115075366
55.35	1.0084710084731723
55.45	1.0058421163368978
55.550000000000004	1.0092536726086296
55.65	1.0128170389481228
55.75	1.0133914770864692
55.85	1.0140065998024608
55.95	1.0151857639194835
56.050000000000004	1.0159974849787712
56.15	1.0201048766727232
56.25	1.0237394085923412
56.35	1.0193946575944108
56.45	1.022522301883258
56.550000000000004	1.017095054336146
56.65	1.0206416283466657
56.75	NaN
56.85	1.0204722678801732
56.95	1.019241954982751
57.050000000000004	1.0198856445884006
57.15	1.018689042236315
57.25	1.0215386799282107
57.35	NaN
57.45	1.0153506410660322
57.550000000000004	1.0136457168065325
57.65	1.013936967252741
57.75	1.0090078856101243
57.85	1.0087104052843916
57.95	1.0049430244253221
58.050000000000004	1.0021418885857964
58.15	1.0008244445996721
58.25	1.0010221417678826
58.35	0.9979999754396489
58.45	NaN
58.550000000000004	0.99355851663834
58.65	0.9902462352420606
58.75	NaN
58.85	0.9883734312286395
58.95	NaN
59.050000000000004	0.9886440767108532
59.15	0.9857426134769174
59.25	0.9841598143356035
59.35	0.9829589501684038
59.45	0.9811988550047961
59.550000000000004	0.9816418602259105
59.65	0.9816728261339274
59.75	0.9817469274835658
59.85	NaN
59.95	0.9797971112550137
60.050000000000004	NaN
60.15	0.9833855892866443
60.25	0.9823167459747814
60.35	NaN
60.45	0.985985580471514
60.550000000000004	0.9864853094360927
60.65	0.9883929911103518
60.75	0.9887611671568279
60.85	0.9909307322721383
60.95	0.991694031839628
61.050000000000004	0.9934082857594454
61.15	0.9952503768445853
61.25	0.9949426165228111
61.35	0.9987972762997
61.45	0.9996852306043306
61.550000000000004	NaN
61.65	1.0045447966717183
61.75	NaN
61.85	NaN
61.95	1.0106943268473172
62.050000000000004	1.0117601845985587
62.15	1.007834045692972
62.25	1.0127998242926504
62.35	1.012647176539301
62.45	1.0149805892030894
62.550000000000004	1.0152921266620254
62.65	1.016738746036187
62.75	1.0187758321472455
62.85	1.0183365411143595
62.95	1.017661909431468
63.050000000000004	1.0166122100618982
63.15	1.0176696303632489
63.25	NaN
63.35	1.0152690766127126
63.45	1.0124276054589132
63.550000000000004	1.0111220661783074
63.65	1.010563638087277
63.75	1.0120994044599774
63.85	1.0104519537603278
63.95	1.0083701421250455
64.05	1.007112581413538
64.14999999999999	1.005713902701286
64.25	1.0033695679336463
64.35	1.0019233092137059
64.44999999999999	1.0027561872277593
64.55	1.0003605431944707
64.64999999999999	0.996648620251068
64.75	0.9965424499175227
64.85	0.9946181644748817
64.94999999999999	0.9918891162859087
65.05	0.9924943520061004
65.14999999999999	0.9920804711607106
65.25	NaN
65.35	0.9876552521588142
65.44999999999999	NaN
65.55	0.9868408611293581
65.64999999999999	0.9861484340052743
65.75	0.9849622497808512
65.85	0.9845443106650974
65.94999999999999	0.9849065064176244
66.05	NaN
66.14999999999999	0.9845173447646457
66.25	0.9858611074980594
66.35	0.9844209952924817
66.44999999999999	0.9858375698682367
66.55	0.9851531228510342
66.64999999999999	NaN
66.75	0.989382455398731
66.85	NaN
66.94999999999999	NaN
67.05	0.9923249592060349
67.14999999999999	0.992289089572658
67.25	0.9926052796541514
67.35	0.995422566023647
67.44999999999999	0.9962946217382411
67.55	0.9978168570133663
67.64999999999999	NaN
67.75	NaN
67.85	1.002394522142297
67.94999999999999	1.0052383875677595
68.05	1.0070515013171335
68.14999999999999	1.0053912238801572
68.25	NaN
68.35	1.0079948006691526
68.44999999999999	1.0105097442517137
68.55	1.0098228586547005
68.64999999999999	NaN
68.75	1.0129030704605289
68.85	1.0118539001573867
68.94999999999999	1.0129942297072745
69.05	1.0123345762830105
69.14999999999999	1.0105741688308696
69.25	1.0147207996308687
69.35	1.0151228025799814
69.44999999999999	NaN
69.55	1.0121250161233795
69.64999999999999	1.0130840902876304
69.75	NaN
69.85	1.0114695202973039
69.94999999999999	NaN
70.05	1.0094681249383155
70.14999999999999	1.0086969297147534
70.25	NaN
70.35	1.0059454398972631
70.44999999999999	NaN
70.55	1.0034679605244219
70.64999999999999	0.9993900038356832
70.75	0.9993470328533501
70.85	0.999929649949621
70.94999999999999	0.997442691406121
71.05	0.9966218969806369
71.14999999999999	0.9964496695117457
71.25	NaN
71.35	0.9937866323637855
71.44999999999999	0.9919129438356789
71.55	0.9892013244022086
71.64999999999999	0.9899162841111452
71.75	0.9901449692433911
71.85	0.9891172755975424
71.94999999999999	0.9888109270071236
72.05	NaN
72.14999999999999	NaN
72.25	NaN
72.35	NaN
72.44999999999999	0.989630110141661
72.55	0.9861821751165547
72.64999999999999	0.9870441824819536
72.75	NaN
72.85	0.9883777526470519
72.94999999999999	0.9887662270984315
73.05	0.9906684477268334
73.14999999999999	0.9912565778894862
73.25	0.9939591022640072
73.35	0.9933082716494472
73.44999999999999	NaN
73.55	0.9945888180806949
73.64999999999999	NaN
73.75	NaN
73.85	0.9977715785918835
73.94999999999999	1.0006981937451556
74.05	1.001255534251808
74.14999999999999	1.0007662155020383
74.25	1.0050763537340937
74.35	1.0053678338647802
74.44999999999999	1.0078482183450599
74.55	1.007719402528576
74.64999999999999	1.0064097792514655
74.75	1.0091026990497114
74.85	1.01066807672744
74.94999999999999	1.007042760691979
75.05	1.010918559605498
75.14999999999999	1.011066346792771
75.25	NaN
75.35	NaN
75.44999999999999	NaN
75.55	1.0117543496175205
75.64999999999999	NaN
75.75	NaN
75.85	1.0106644716221447
75.94999999999999	1.0104135575477466
76.05	1.0103035840859287
76.14999999999999	1.0084209860139293
76.25	NaN
76.35	1.0079534801265497
76.44999999999999	NaN
76.55	1.003834139526988
76.64999999999999	1.004008308955746
76.75	NaN
76.85	NaN
76.95	NaN
77.05	NaN
77.14999999999999	0.9985127402706563
77.25	0.9969076612431022
77.35	0.9963611776182792
77.45	0.99525143117873
77.55	0.9953647106358471
77.64999999999999	0.9945963607807676
77.75	0.9943445651050751
77.85	0.9925535856777369
77.95	0.9915579491000625
78.05	0.9914644469886451
78.14999999999999	0.9896357086432073
78.25	0.9887311962087977
78.35	0.9894379883971025
78.45	NaN
78.55	NaN
78.64999999999999	0.9874933842057401
78.75	0.9891124241029283
78.85	NaN
78.95	0.9896673207656698
79.05	NaN
79.14999999999999	NaN
79.25	0.9924756852362356
79.35	NaN
79.45	0.9933936230749014
79.55	0.993419086809078
79.64999999999999	NaN
79.75	0.9962670326452205
79.85	0.9938094299305579
