0.15	0.01935658737775611
0.25	0.01914122884054985
0.35	0.01867261838900779
0.45	0.019403609418325536
0.55	0.019190710986173715
0.65	0.019440453035107438
0.7500000000000001	0.019569533363639917
0.85	0.019773460862528115
0.95	0.020133522577807778
1.05	0.02045649314419414
1.15	0.020796350171647437
1.25	0.021159806663144286
1.35	0.021587631809449375
1.45	0.0220186194052172
1.55	0.022616490317498728
1.65	0.022968320226805238
1.75	0.023736601424660553
1.85	0.024351410083432647
1.95	0.025172189265183702
2.05	0.025709094382488886
2.15	0.02659760808825042
2.25	0.027571880152751856
2.35	0.028552812509528194
2.45	0.029540971554232576
2.5500000000000003	0.03071801940589503
2.65	0.03205489414229108
2.75	0.03339880069274148
2.85	0.034808204637097065
2.95	0.03664676481972266
3.0500000000000003	0.0384090227745929
3.15	0.04023064727815043
3.25	0.04257286317105627
3.35	0.04513495715535524
3.45	0.04750732795584557
3.5500000000000003	0.05053709146899652
3.65	0.0536942855061284
3.75	0.0574664515658496
3.85	0.06089632241628005
3.95	0.0657557008776073
4.05	0.07077627153261748
4.1499999999999995	0.07623747962317144
4.25	0.08244303034896172
4.35	0.09006619842686561
4.449999999999999	0.09754169206433483
4.55	0.10663712684977344
4.6499999999999995	0.11670098824753791
4.75	0.12918910094240793
4.85	0.1430273542820835
4.95	0.15972288409695293
5.05	0.17724751325172322
5.1499999999999995	0.19986327662182599
5.25	0.22419170587418563
5.35	0.2549726920034827
5.45	0.2918339065939849
5.55	0.33541931749621773
5.6499999999999995	0.38722608884324694
5.75	0.45426930490711187
5.85	0.5290318175426711
5.95	0.6255370023912932
6.05	0.7480681902997016
6.1499999999999995	0.9007550178981529
6.25	1.0818605003056203
6.35	1.3025958531595543
6.45	1.5798653917471903
6.55	1.8887664254558185
6.6499999999999995	2.223318761652554
6.75	2.5386443551079525
6.85	2.7857304097372912
6.95	2.929494367187512
7.05	2.914303619621634
7.1499999999999995	2.7780754887625583
7.25	2.554413249139461
7.35	2.2952027675569853
7.45	2.0403247123454027
7.55	1.8130819142999135
7.6499999999999995	1.6051923340462426
7.75	1.4317945556329705
7.85	1.2819199483874506
7.95	1.1612699869969298
8.05	1.0608027202261965
8.15	0.9737553608851973
8.25	0.8994255643612997
8.350000000000001	0.8398966449713257
8.450000000000001	0.7888455230713981
8.55	0.7429964978030442
8.65	0.7065174206796375
8.75	0.6763772584312584
8.850000000000001	0.6518385423626759
8.950000000000001	0.6298195591285535
9.05	0.6117173198315475
9.15	0.5989316908150668
9.25	0.5876209486373305
9.350000000000001	0.578912119775493
9.450000000000001	0.5719743705023553
9.55	0.5693304404630373
9.65	0.5681869391109746
9.750000000000002	0.5695999941564002
9.85	0.5729257826662548
9.95	0.5780802814689125
10.049999999999999	0.5847172274300614
10.149999999999999	0.5942790958803252
10.25	0.6053216790875341
10.35	0.6183189315345575
10.45	0.6344251357305308
10.549999999999999	0.6508612753088944
10.649999999999999	0.6727778843485274
10.75	0.6944356162476275
10.85	0.7204397186442947
10.95	0.7473056852251966
11.049999999999999	0.7775911141995234
11.149999999999999	0.8100790233901777
11.25	0.8442058042553447
11.35	0.8806366637295564
11.45	0.9189868718433588
11.549999999999999	0.9612646740291356
11.649999999999999	1.0025833566037174
11.75	1.0437975292670605
11.85	1.0855977327558561
11.95	1.125510374923746
12.049999999999999	1.164394371712814
12.149999999999999	1.198480347170868
12.25	1.2333893854988747
12.35	1.2604502564180577
12.45	1.2865359595102135
12.549999999999999	1.303054359630939
12.649999999999999	1.3186050674844678
12.75	1.3287255489485268
12.85	1.3366748631749683
12.95	1.3392768716565628
13.049999999999999	1.3373767721955458
13.149999999999999	1.3358738299593045
13.25	1.3265446707571205
13.35	1.3171976204999942
13.45	1.3034916587259096
13.549999999999999	1.2870621796539703
13.649999999999999	1.2683305286828925
13.75	1.245848595713757
13.85	1.2181690829749736
13.95	1.1883052740964728
14.049999999999999	1.1618593076899097
14.149999999999999	1.1278399474679655
14.25	1.097067348492623
14.35	1.0649073455211082
14.45	1.0338700839975665
14.549999999999999	1.0040249892009299
14.649999999999999	0.973744934238565
14.75	0.9460380703911039
14.85	0.9204253479531518
14.95	0.8965514660185208
15.049999999999999	0.8757860293275481
15.149999999999999	0.8582290962074409
15.25	0.841504996267539
15.35	0.824922943574913
15.45	0.8150553838830494
15.549999999999999	0.8032741228394901
15.649999999999999	0.7958854446921394
15.75	0.790976858297898
15.85	0.7852999073830039
15.95	0.7827127860187407
16.05	0.7818266786505645
16.15	0.7848236344573063
16.25	0.7865375076066887
16.349999999999998	0.7901337180173689
16.45	0.7967857821019705
16.55	0.8051173843899829
16.65	0.8177246089033371
16.75	0.8283560877283955
16.849999999999998	0.8403460533957824
16.95	0.8538026424345694
17.05	0.8678768713705444
17.15	0.8862647021830863
17.25	0.9024688399761581
17.349999999999998	0.9226824649339603
17.45	0.9420355993798953
17.55	0.9642946235452833
17.65	0.9837617604914316
17.75	1.005886597396734
17.849999999999998	1.0269623169932067
17.95	1.0469705940889233
18.05	1.0673027268607418
18.15	1.08472157101219
18.25	1.1022565683244034
18.349999999999998	1.1190744335658869
18.45	1.1363469742201764
18.55	1.1448311106540632
18.65	1.1579103769634183
18.75	1.1644836123198388
18.849999999999998	1.1713303885842894
18.95	1.175007419356987
19.05	1.175888053190741
19.15	1.1755332827605818
19.25	1.1704190575606428
19.35	1.1670799573776158
19.45	1.160423140773693
19.55	1.1530430740396027
19.65	1.1446370422661707
19.75	1.131506081728665
19.85	1.1191550976323221
19.95	1.1076264394025055
20.05	1.094744655971162
20.15	1.080683435719189
20.25	1.0686203044424898
20.35	1.0511066040438242
20.45	1.0381406378685916
20.55	1.0248477927348048
20.65	1.0109621948413017
20.75	0.9980412013002203
20.85	0.9840489226752699
20.95	0.9708298217032864
21.05	0.9583666801029671
21.15	0.9479252164114936
21.25	0.9370816954562666
21.35	0.9278001956553334
21.45	0.9195564701674509
21.55	0.9086276225726592
21.65	0.901763679328298
21.75	0.8959301984335748
21.85	0.8931523701096663
21.95	0.8873623433310623
22.05	0.8823441149285772
22.15	0.8815999374499393
22.25	0.8797643565317662
22.35	0.8802471904785416
22.45	0.8829140303341816
22.55	0.8849584958963693
22.65	0.8873323305169318
22.75	0.8903890007397924
22.85	0.8949457038867069
22.95	NaN
23.05	0.9097215726722215
23.15	0.9165754741526455
23.25	0.9264602884742656
23.35	0.9360887480285293
23.45	0.9467585170683656
23.55	0.957315763239037
23.65	0.9662426861873322
23.75	0.9804024780876236
23.85	0.990735982627672
23.95	1.002231831264496
24.05	1.0149554464795416
24.15	1.0278679819157464
24.25	1.0369623734399238
24.35	1.048637916578808
24.45	1.0599214871047251
24.55	1.0710303195863196
24.65	1.0775514711163867
24.75	1.085033558013213
24.85	1.088439351249387
24.95	1.0976965006329005
25.05	1.099542651971001
25.15	1.1046306584237566
25.25	1.105379944797018
25.35	1.1045743026454704
25.45	1.1033906094117052
25.55	1.102806502067
25.65	1.0962565872353114
25.75	1.0932874127057624
25.85	1.086723261066978
25.95	1.0829136020809997
26.05	1.0748651327381882
26.15	1.0678589408866828
26.25	1.05965445631974
26.35	1.052018231260958
26.45	1.0428882360868055
26.55	1.0364253570073754
26.65	1.0254960792403514
26.75	1.0147057918896536
26.85	1.0079036230928282
26.95	0.9994307201337506
27.05	0.9902963584455734
27.15	0.9816719798163437
27.25	0.9731283226978733
27.35	0.9674536784403127
27.45	0.9587978897997559
27.55	0.9523035940928786
27.65	0.9494807734236388
27.75	0.9438897839442195
27.85	0.9339115726042778
27.95	0.9355447620682672
28.05	0.9301368170264824
28.15	0.9283633496926305
28.25	0.925299010526378
28.35	0.924457163917424
28.45	0.9253269800790479
28.55	0.9241537721761266
28.65	0.9265028308208685
28.75	0.9264093028625767
28.85	0.9271328081320991
28.95	0.9291434166207179
29.05	0.9360990670359732
29.15	0.9376462592393515
29.25	0.9428744339666815
29.35	0.9480237013127183
29.45	0.954380900040306
29.55	0.9591151331652439
29.65	0.9654444137971322
29.75	0.9745951798599123
29.85	0.9773826119011501
29.95	0.9847669974531917
30.05	0.99320727661595
30.15	1.0081761342911166
30.25	1.0083328344355744
30.35	1.0133744417594992
30.45	1.0216196182606152
30.55	1.0305753620737865
30.65	1.0343456046911488
30.75	1.0430081079466622
30.85	1.0492059328288716
30.95	1.0527854653940316
31.05	1.0581244836485844
31.15	1.0589123776511031
31.25	1.0650266288659143
31.35	1.066213614170164
31.45	1.0662004982773248
31.55	1.0690420085241703
31.65	1.067573347466325
31.75	1.0647033085762703
31.85	1.065511625590301
31.95	1.0647085264959766
32.05	1.0603992641210347
32.15	1.055848514362421
32.25	1.0523092067868491
32.35	1.0487560832344545
32.45	1.043210968127392
32.55	1.0377237430024462
32.65	1.0329641170446426
32.75	1.0249460596750168
32.85	1.0194798107762602
32.95	1.0185748196116786
33.05	1.005634795992172
33.15	1.0004127480085838
33.25	0.9956361697951258
33.35	0.9910224962135187
33.45	0.9833182119226342
33.55	0.9805595678995795
33.65	0.9753661667913974
33.75	0.9703684952030824
33.85	0.9661142735026578
33.95	0.966978555804678
34.05	0.9582657581259534
34.15	0.9552604513020381
34.25	0.9533254718278698
34.35	0.9511557462162185
34.45	0.9489017213562289
34.55	0.9472287914698522
34.65	0.9464070676384599
34.75	0.9458762384516504
34.85	0.9482927713876059
34.95	0.9489678885313192
35.05	0.9491330651635161
35.15	0.9511628213385959
35.25	0.9500842325019001
35.35	0.957392374648747
35.45	0.9580995590403616
35.55	0.9627237192870644
35.65	0.9681926764666229
35.75	0.9707058895211187
35.85	0.9739215341572126
35.95	0.9787094779958996
36.05	0.9836375289941786
36.15	0.9897930115961373
36.25	0.9938489613350557
36.35	0.999204120040888
36.45	1.0029860967373767
36.55	NaN
36.65	1.0149278342600125
36.75	1.0199674935909924
36.85	1.019996996282325
36.95	1.0264233169951706
37.05	1.0311560961181674
37.15	1.0349600398845054
37.25	1.036218669828152
37.35	1.04091654130499
37.45	1.042120235652563
37.55	1.0441772158613425
37.65	NaN
37.75	1.0483440786979905
37.85	1.0446992604953609
37.95	1.0467456455590514
38.05	1.0468755352575159
38.15	1.0416049410974675
38.25	1.039633323043284
38.35	1.0406391230262122
38.45	1.0379631274958399
38.550000000000004	1.0348035245576597
38.65	1.033476602862079
38.75	1.0281443902536176
38.85	1.0261887940226504
38.95	1.0222584030816844
39.050000000000004	1.0171770083360954
39.15	NaN
39.25	NaN
39.35	NaN
39.45	NaN
39.550000000000004	0.9952699955945399
39.65	0.9929503828721553
39.75	0.987726480470963
39.85	0.9838538223563367
39.95	0.9794639913167698
40.050000000000004	0.9790159820688933
40.15	NaN
40.25	0.9704432292393278
40.35	0.9713058692390303
40.45	0.9676736182814931
40.550000000000004	0.9648002880299088
40.65	0.9645160206111932
40.75	0.9626389248166332
40.85	0.9610938619362804
40.95	0.9613809228419996
41.050000000000004	0.9597612240051466
41.15	0.9652000086685435
41.25	0.962275888035911
41.35	0.9632778717088348
41.45	0.9655947738081466
41.550000000000004	NaN
41.65	0.9694619368955188
41.75	0.9708187141217136
41.85	0.9740067029208864
41.95	0.9770913811239329
42.050000000000004	0.9815459347427488
42.15	NaN
42.25	0.9883179096627775
42.35	0.9905183475357265
42.45	0.994177236466763
42.550000000000004	0.9976093475857668
42.65	1.0011566890574437
42.75	1.0050431039676861
42.85	1.0068654851042895
42.95	1.0130400210391477
43.050000000000004	1.0147337047392517
43.15	1.0188881725699792
43.25	1.0219562460294098
43.35	1.0244688305148588
43.45	1.0301983359454248
43.550000000000004	1.0294511024087867
43.65	NaN
43.75	1.032117369652557
43.85	1.0327893533771335
43.95	1.0358992145254002
44.050000000000004	1.0366464633901302
44.15	1.0336283082329702
44.25	NaN
44.35	1.0336648595844709
44.45	1.0332725450385853
44.550000000000004	1.0333035216792645
44.65	1.0314959587007109
44.75	1.0287825036285563
44.85	1.025086845924823
44.95	1.0245536093990588
45.050000000000004	1.0187447104842053
45.15	1.0185140954390928
45.25	1.0158975091692717
45.35	NaN
45.45	1.0083192926952236
45.550000000000004	1.0051905592309
45.65	NaN
45.75	0.9964320212874271
45.85	0.9957464654875209
45.95	0.992960666285002
46.050000000000004	0.9884201426654066
46.15	0.98702339305336
46.25	0.98514454957723
46.35	0.9824831515696901
46.45	0.9793588868054071
46.550000000000004	0.9772113976126416
46.65	NaN
46.75	0.9736096384118039
46.85	0.9721335791803207
46.95	0.96939378674084
47.050000000000004	0.971978179215351
47.15	0.9695060155576088
47.25	0.9711535749416216
47.35	0.9702314149013282
47.45	0.9708348312767457
47.550000000000004	0.9721869627700579
47.65	0.9739098137960972
47.75	0.974341476677524
47.85	0.976550188018481
47.95	0.974917895187133
48.050000000000004	0.9810622811235948
48.15	0.9787842064613889
48.25	0.9828050139250956
48.35	0.9863087866954938
48.45	0.990751538676958
48.550000000000004	0.9895258727619499
48.65	0.9940001319272275
48.75	0.9958550400332666
48.85	0.9975626922383641
48.95	1.0012245830266
49.050000000000004	1.0040114481550906
49.15	NaN
49.25	1.0110538844909307
49.35	1.0129967549669867
49.45	1.014387606077222
49.550000000000004	1.016514352841097
49.65	1.0198446463349333
49.75	1.0214537347705561
49.85	1.0238588819481902
49.95	1.0260600689764863
50.050000000000004	1.0253361064353
50.15	1.0245886249047775
50.25	1.0277012637747083
50.35	1.0263947962100624
50.45	1.029026347872464
50.550000000000004	1.0260026458352802
50.65	1.026747891469262
50.75	1.025183103340479
50.85	1.0227962862816722
50.95	NaN
51.050000000000004	1.0203777423372233
51.15	1.0180961653605407
51.25	1.0167175298108222
51.35	1.0146223620693553
51.45	1.0139117676639269
51.550000000000004	NaN
51.65	1.008882562115338
51.75	1.0047740453224296
51.85	1.0028953623053365
51.95	1.000808977999228
52.050000000000004	NaN
52.15	0.9954138375646823
52.25	0.9937480982753308
52.35	0.9907153088241841
52.45	0.9888515527344167
52.550000000000004	0.9899426840383597
52.65	0.9879432278197336
52.75	0.9838344511403283
52.85	0.9826274346983664
52.95	NaN
53.050000000000004	0.9793758982848605
53.15	NaN
53.25	0.9768963767218339
53.35	0.97677066329853
53.45	0.9772978759538347
53.550000000000004	NaN
53.65	0.9756399319144857
53.75	NaN
53.85	0.978436511393126
53.95	0.979263663335996
54.050000000000004	NaN
54.15	0.9812336659278045
54.25	NaN
54.35	0.984797635656624
54.45	0.9853062783136921
54.550000000000004	NaN
54.65	0.9884386329751143
54.75	0.9924766080360684
54.85	0.992823987419172
54.95	0.9951906247051148
55.050000000000004	0.9995900702060656
55.15	1.0013897723083205
55.25	1.0027192201007495
55.35	1.0017926800716757
55.45	1.0071013302619236
55.550000000000004	1.0078903360420484
55.65	1.010315190037194
55.75	1.0151614508848799
55.85	1.0157885551958985
55.95	1.0153393892557383
56.050000000000004	1.019301287424119
56.15	1.017514718678295
56.25	1.0154485423554134
56.35	1.0210783391493432
56.45	1.0214551989485086
56.550000000000004	1.0203737492471412
56.65	1.02378100400523
56.75	NaN
56.85	1.0220510403508178
56.95	1.021072147781649
57.050000000000004	1.0198381118163669
57.15	1.0178484420337925
57.25	1.0167087695832118
57.35	NaN
57.45	1.0146574059977875
57.550000000000004	1.0131461950403147
57.65	1.011074282077315
57.75	1.010881030637609
57.85	1.008006936944974
57.95	1.0055846591987627
58.050000000000004	1.003707182490154
58.15	1.0011122451589578
58.25	0.9991516479433478
58.35	0.9978920446232071
58.45	NaN
58.550000000000004	0.9923021889471473
58.65	0.9930989835944005
58.75	NaN
58.85	0.9882247048625421
58.95	NaN
59.050000000000004	0.9887368627680957
59.15	0.9852438370737384
59.25	0.9845964507646412
59.35	0.9825738550760942
59.45	0.9805024215694944
59.550000000000004	0.9810484460149923
59.65	0.9830512811400329
59.75	0.9830503963374393
59.85	NaN
59.95	0.9817270748722025
60.050000000000004	NaN
60.15	0.9832787951212635
60.25	0.9824011015625509
60.35	NaN
60.45	0.9855440342118191
60.550000000000004	0.9875990035325165
60.65	0.9841465343278952
60.75	0.9902000279695525
60.85	0.988946749329086
60.95	0.9929744348276079
61.050000000000004	0.9945932043194227
61.15	0.9952076326177983
61.25	0.9993837244392606
61.35	0.9976740718921787
61.45	1.0013575960444014
61.550000000000004	NaN
61.65	1.003815712372364
61.75	NaN
61.85	NaN
61.95	1.0102249301927577
62.050000000000004	1.0112104590798168
62.15	1.0109481180001643
62.25	1.0118149611003944
62.35	1.0158499947005322
62.45	1.0159975373906724
62.550000000000004	1.0149736181029174
62.65	1.0165177539838457
62.75	1.0182059084420632
62.85	1.0169297255562648
62.95	1.0165107661989514
63.050000000000004	1.0170471757603752
63.15	1.0177908120218846
63.25	NaN
63.35	1.0158570076421192
63.45	1.0145465599122825
63.550000000000004	1.0101969871300518
63.65	1.012549217575043
63.75	1.0105353401458694
63.85	1.0092939067990014
63.95	1.00789387174759
64.05	1.0075915657972614
64.14999999999999	1.0057551265386468
64.25	1.0032553597562963
64.35	1.0012205974661441
64.44999999999999	1.001407235210366
64.55	0.9991787479032873
64.64999999999999	0.9980614135735472
64.75	0.994320243385713
64.85	0.9936306921783915
64.94999999999999	0.9948378779512402
65.05	0.993916290120437
65.14999999999999	0.991150739779106
65.25	NaN
65.35	0.9890958095835505
65.44999999999999	NaN
65.55	0.9867086739331775
65.64999999999999	0.983621464525367
65.75	0.9866028734607063
65.85	0.9859529166234554
65.94999999999999	0.984628823907706
66.05	NaN
66.14999999999999	0.9854904681958749
66.25	0.9857029652703014
66.35	0.9847912453881392
66.44999999999999	0.9855871563101689
66.55	0.9889135481126043
66.64999999999999	NaN
66.75	0.9867190928723213
66.85	NaN
66.94999999999999	NaN
67.05	0.9911970252941701
67.14999999999999	0.9923581826688481
67.25	0.9932684270767695
67.35	0.9955125727993251
67.44999999999999	0.997286700521129
67.55	0.9988378936289468
67.64999999999999	NaN
67.75	NaN
67.85	1.0048286447756616
67.94999999999999	1.0055014186014863
68.05	1.004983667862507
68.14999999999999	1.005683953110421
68.25	NaN
68.35	1.0100640737904052
68.44999999999999	1.0103445209174096
68.55	1.010493501529272
68.64999999999999	NaN
68.75	1.0133601729330828
68.85	1.014218458622194
68.94999999999999	1.0138760782059044
69.05	1.0147965628098843
69.14999999999999	1.0138134987205647
69.25	1.0152976460674878
69.35	1.0129331727138775
69.44999999999999	NaN
69.55	1.0129033955790157
69.64999999999999	1.0132286078752533
69.75	NaN
69.85	1.0117290172179114
69.94999999999999	NaN
70.05	1.0085590320037916
70.14999999999999	1.0080724552070053
70.25	NaN
70.35	1.0052857271228057
70.44999999999999	NaN
70.55	1.0038009238818102
70.64999999999999	1.0033422573762032
70.75	1.0000913465058174
70.85	0.9988893074702995
70.94999999999999	0.9964185610432665
71.05	0.9966040629735691
71.14999999999999	0.9947228446005056
71.25	NaN
71.35	0.9945572845998533
71.44999999999999	0.9919014681105358
71.55	0.9897507319809733
71.64999999999999	0.9897935581948869
71.75	0.9895522667410148
71.85	0.9884279857987461
71.94999999999999	0.989947444979123
72.05	NaN
72.14999999999999	NaN
72.25	NaN
72.35	NaN
72.44999999999999	0.9847380768567553
72.55	0.9872006524515776
72.64999999999999	0.9881770360474958
72.75	NaN
72.85	0.9895033690572161
72.94999999999999	0.9889888140724947
73.05	0.9893202152521129
73.14999999999999	0.9916541272435981
73.25	0.9916885680841987
73.35	0.9929170963529127
73.44999999999999	NaN
73.55	0.9938316652256561
73.64999999999999	NaN
73.75	NaN
73.85	0.998364706387307
73.94999999999999	1.0009654085926896
74.05	1.002370854658568
74.14999999999999	1.0010208990577707
74.25	1.0026132842733873
74.35	1.0050991484830285
74.44999999999999	1.002933635820503
74.55	1.0063022346284412
74.64999999999999	1.0054442156878476
74.75	1.0075606117208913
74.85	1.008158480303898
74.94999999999999	1.0080702906214052
75.05	1.0106237442243953
75.14999999999999	1.0119780413630732
75.25	NaN
75.35	NaN
75.44999999999999	NaN
75.55	1.0129214844543961
75.64999999999999	NaN
75.75	NaN
75.85	1.0109193302908557
75.94999999999999	1.0101373260790099
76.05	1.009937239176556
76.14999999999999	1.0092027294484365
76.25	NaN
76.35	1.007859592465588
76.44999999999999	NaN
76.55	1.005100235611489
76.64999999999999	1.0059773494643913
76.75	NaN
76.85	NaN
76.95	NaN
77.05	NaN
77.14999999999999	1.000771184615945
77.25	0.9968288162980478
77.35	0.9982064705559079
77.45	0.9945854474494517
77.55	0.994141731840653
77.64999999999999	0.9947370327151064
77.75	0.9936202837009805
77.85	0.9914682660779165
77.95	0.9924773243251644
78.05	0.9916032853371308
78.14999999999999	0.9904900946539573
78.25	0.9888721626001308
78.35	0.9893944630504091
78.45	NaN
78.55	NaN
78.64999999999999	0.9867498154750396
78.75	0.9896649929828756
78.85	NaN
78.95	0.9897794252463724
79.05	NaN
79.14999999999999	NaN
79.25	0.9917685532300378
79.35	NaN
79.45	0.9946708610068675
79.55	0.9923595924616007
79.64999999999999	NaN
79.75	0.9952214489491313
79.85	0.9962504518059164
