0.15	0.03736037539546719
0.25	0.03651979622262906
0.35	0.03694056131274727
0.45	0.03688548067754251
0.55	0.03728747865137765
0.65	0.03776374236669102
0.7500000000000001	0.03835645777239119
0.85	0.03852578145398002
0.95	0.039054366068933054
1.05	0.03959275285404854
1.15	0.04040942970361119
1.25	0.04082467499812264
1.35	0.04178126580437783
1.45	0.04275732355900593
1.55	0.04363903851571168
1.65	0.04485345593763317
1.75	0.04613748522831075
1.85	0.047422555117601975
1.95	0.04874174274253278
2.05	0.05038781500890498
2.15	0.05217537132800831
2.25	0.0539994731734123
2.35	0.05587458777317717
2.45	0.058002051746839076
2.5500000000000003	0.06025679562156114
2.65	0.06305467958645868
2.75	0.06596082541825288
2.85	0.06898916754782618
2.95	0.07244265783226138
3.0500000000000003	0.07609753034475551
3.15	0.08039883863753794
3.25	0.08493959134129224
3.35	0.08984582047925617
3.45	0.09547645497363534
3.5500000000000003	0.10158312921450784
3.65	0.10784055361366153
3.75	0.1159596978516481
3.85	0.12390062611637352
3.95	0.13355410112085142
4.05	0.14360850656515303
4.1499999999999995	0.1552209602469641
4.25	0.16831307200751638
4.35	0.18357297087284705
4.449999999999999	0.2006296419015869
4.55	0.21970355780316364
4.6499999999999995	0.24205865549983047
4.75	0.2675946278634789
4.85	0.2950167415560545
4.95	0.3305931246401558
5.05	0.3689332057687362
5.1499999999999995	0.41324127081831635
5.25	0.4643674341130985
5.35	0.5239539969497335
5.45	0.5976539916645288
5.55	0.6756519673688975
5.6499999999999995	0.7743626917653008
5.75	0.8865010000595432
5.85	1.0151644957195731
5.95	1.1494526808845908
6.05	1.3072788648316187
6.1499999999999995	1.482105597170532
6.25	1.648159545682664
6.35	1.8122357739358197
6.45	1.9541303716624694
6.55	2.0625141770382474
6.6499999999999995	2.129348861793705
6.75	2.1377456773259467
6.85	2.102443224369413
6.95	2.0277385286371454
7.05	1.9279566144970481
7.1499999999999995	1.8206844448212598
7.25	1.704983867303514
7.35	1.588017227679257
7.45	1.4735082423037995
7.55	1.3707622541280726
7.6499999999999995	1.2793227597623467
7.75	1.1946259021439112
7.85	1.1224126197940676
7.95	1.0551533786138847
8.05	0.9958926153994972
8.15	0.9472416798565498
8.25	0.9020195592926136
8.350000000000001	0.8625272095256405
8.450000000000001	0.830104982466515
8.55	0.8012807465845542
8.65	0.7744245036405015
8.75	0.755069287118456
8.850000000000001	0.7369473911741777
8.950000000000001	0.7228157529217676
9.05	0.7109442455608891
9.15	0.7021771510426166
9.25	0.6940580747118056
9.350000000000001	0.6897157321128826
9.450000000000001	0.6874591148304887
9.55	0.6871085088214378
9.65	0.6873611424172118
9.750000000000002	0.690895863633026
9.85	0.6957903584347795
9.95	0.7026096879375631
10.049999999999999	0.7113569136172677
10.149999999999999	0.7218041179013984
10.25	0.7331379559142094
10.35	0.7488512362472131
10.45	0.7623677881426763
10.549999999999999	0.7796533048704699
10.649999999999999	0.7965485284448272
10.75	0.8179816091334178
10.85	0.8403153674048913
10.95	0.8623397655980231
11.049999999999999	0.8854638723583327
11.149999999999999	0.9107057302875408
11.25	0.9346467262995827
11.35	0.9629703266486785
11.45	0.9916539733992549
11.549999999999999	1.0190250115340578
11.649999999999999	1.0466384857972826
11.75	1.0720951056076857
11.85	1.0971010567294883
11.95	1.119743209614584
12.049999999999999	1.146943886338891
12.149999999999999	1.1677501631852625
12.25	1.1856700141422643
12.35	1.2031444722104911
12.45	1.2179806057173574
12.549999999999999	1.2266086518070862
12.649999999999999	1.2350364904935727
12.75	1.2358157004028654
12.85	1.2420640419935025
12.95	1.2387931590437746
13.049999999999999	1.2341446111380734
13.149999999999999	1.2270413603543664
13.25	1.2130361744822167
13.35	1.2006187632244214
13.45	1.1862427839249563
13.549999999999999	1.1667058571332602
13.649999999999999	1.1503820796842237
13.75	1.1303486245953873
13.85	1.1090487301338583
13.95	1.0870493632036646
14.049999999999999	1.0665485241885457
14.149999999999999	1.0455154931714448
14.25	1.027258710206181
14.35	1.006077585709357
14.45	0.9860548715866085
14.549999999999999	0.9693602415068147
14.649999999999999	0.9547048013641729
14.75	0.9383919312728757
14.85	0.9237436950810954
14.95	0.9101362575295959
15.049999999999999	0.8990455354220376
15.149999999999999	0.8901252728925022
15.25	0.8822292202150358
15.35	0.873382512123906
15.45	0.8691798329994352
15.549999999999999	0.8634473711072866
15.649999999999999	0.8608269546670505
15.75	0.8575830419127425
15.85	0.857069640274759
15.95	0.8584092270730992
16.05	0.8600366187883629
16.15	0.8632766156495632
16.25	0.8664656064714561
16.349999999999998	0.8735019236544173
16.45	0.877794890734173
16.55	0.8853323319711719
16.65	0.8933715130386747
16.75	0.9026443689890732
16.849999999999998	0.9123323583599354
16.95	0.9230620286702189
17.05	0.9353223061700481
17.15	0.9448259972253373
17.25	0.9585173138312686
17.349999999999998	0.9705665234034087
17.45	0.982352545467356
17.55	0.9940932109430713
17.65	1.0068551509319095
17.75	1.0222406988804704
17.849999999999998	1.0325440544517677
17.95	1.044915397479302
18.05	1.0564567627197252
18.15	1.0664499195086352
18.25	1.078376879306203
18.349999999999998	1.0834191096710069
18.45	1.0930949008203221
18.55	1.0974933583972313
18.65	1.1045164875225946
18.75	1.1067634832148388
18.849999999999998	1.1101494392853362
18.95	1.109106843130846
19.05	1.113930136113391
19.15	1.1092055186846292
19.25	1.1056747057203138
19.35	1.1049363690871827
19.45	1.0978139397061544
19.55	1.0914760337008131
19.65	1.0858555717475369
19.75	1.0778323813638246
19.85	1.0687655345523446
19.95	1.0597223648114669
20.05	1.052348204685016
20.15	1.042884487351951
20.25	1.0353927404348608
20.35	1.0194659279849076
20.45	1.015290902738666
20.55	1.0056470356414378
20.65	0.9964689524739512
20.75	0.9883545385597785
20.85	0.9784222057192267
20.95	0.9739879022300736
21.05	0.9623205570394661
21.15	0.956707142289324
21.25	0.9500071351620105
21.35	0.9438284941904517
21.45	0.9383145550915869
21.55	0.9350966432327783
21.65	0.9301853887677852
21.75	0.9273486627568955
21.85	0.9254556306305132
21.95	0.9246570039066151
22.05	0.9217889087207618
22.15	0.9232994128338373
22.25	0.9241269176433581
22.35	0.9253858247575936
22.45	0.9274427746752136
22.55	0.9299845765748577
22.65	0.9331270964018126
22.75	0.9343238347322221
22.85	0.9420242591378932
22.95	0.9456799671678024
23.05	0.9513814944646813
23.15	0.9571558268907467
23.25	0.9622484236820943
23.35	0.970488784878623
23.45	0.9774246191637446
23.55	0.9835464774737905
23.65	0.9900565162163196
23.75	0.9996310662345395
23.85	1.0033575282833846
23.95	1.009966331143022
24.05	1.0190876154891892
24.15	1.0233925782567226
24.25	1.0299763113894855
24.35	1.0358769876066671
24.45	1.042795807840604
24.55	1.0471546277986405
24.65	1.0486540995528404
24.75	1.0558539073696738
24.85	1.0586945967122527
24.95	1.0612839392154696
25.05	1.061692436012071
25.15	1.0633276890083054
25.25	1.0629778234486158
25.35	1.064035387255039
25.45	1.062329967047315
25.55	1.058869426942757
25.65	1.058832972998978
25.75	1.054276053640143
25.85	1.0519724177193586
25.95	1.0459538094993692
26.05	1.0436665620622876
26.15	1.0368719673172468
26.25	1.0333868605633414
26.35	1.0288029560274714
26.45	1.0220134820445217
26.55	1.016182292519837
26.65	1.009632058171277
26.75	1.0067077945992664
26.85	1.000317334400886
26.95	0.9947572255919741
27.05	0.9880819576054038
27.15	0.9840816344540382
27.25	0.9794626410010776
27.35	0.9761377507471743
27.45	0.9722682320560467
27.55	0.9684537931030193
27.65	0.9611735717748351
27.75	0.9600130718012199
27.85	0.9609967994911511
27.95	0.9561319492197707
28.05	0.9531763020267916
28.15	0.9519245252124002
28.25	0.9518099100981885
28.35	0.949911962589709
28.45	0.9521964426625688
28.55	0.9534804286222649
28.65	0.9539560471467423
28.75	0.9553333779815233
28.85	0.9568509075760072
28.95	0.9597641833426523
29.05	0.9621416758192954
29.15	0.966122572796938
29.25	0.9696955020327372
29.35	0.9708380866124705
29.45	0.9764717528234678
29.55	0.9791565194737324
29.65	0.9838259402902383
29.75	0.9870069036280145
29.85	0.9928726792126662
29.95	NaN
30.05	1.0030057930747813
30.15	1.0055334532509277
30.25	1.0107702868817439
30.35	1.014649831281165
30.45	1.016178622999732
30.55	1.0230982599917073
30.65	1.0260524946164862
30.75	1.0277163926678001
30.85	1.0309781122853592
30.95	1.0343745261213209
31.05	1.035737724154791
31.15	1.0390922158426974
31.25	1.0393019184738996
31.35	1.0410381881342343
31.45	1.040774002096302
31.55	1.040185338040811
31.65	1.0416017197674372
31.75	NaN
31.85	1.038555299833501
31.95	1.0379470251832235
32.05	1.0352523288614413
32.15	1.031955083023811
32.25	1.0306339786724832
32.35	1.0268116070898916
32.45	1.0226619118544429
32.55	1.0213619253662873
32.65	1.0192306582185677
32.75	1.0132415775316657
32.85	1.0117581279711203
32.95	1.0035790105543467
33.05	1.0027863159570114
33.15	1.0007431146619812
33.25	0.994704373647175
33.35	0.9895733917055349
33.45	0.9895222110005054
33.55	0.9834901340689886
33.65	0.9818904859349088
33.75	0.9789517559533668
33.85	0.975625846140892
33.95	0.9750732516921243
34.05	0.9727825392343593
34.15	0.9705204829921211
34.25	0.9699793156527506
34.35	0.9676714872625439
34.45	0.9717481178957579
34.55	0.9656572731347013
34.65	0.9667871525888971
34.75	0.9663557336289926
34.85	0.9684155232408588
34.95	0.9675527005418046
35.05	0.967795900898236
35.15	0.9735000842922519
35.25	0.9735203658057388
35.35	0.9747166260651933
35.45	0.9760137356737401
35.55	0.9790785606682687
35.65	0.9797365553407367
35.75	0.9833743967034895
35.85	0.9864960870119718
35.95	0.9897317153417448
36.05	0.9934515941044979
36.15	0.9960305061482723
36.25	0.9983726132944503
36.35	1.0029205387280338
36.45	1.0059233487573398
36.55	1.007271355875554
36.65	NaN
36.75	1.013043980354324
36.85	1.0151115667335346
36.95	1.018391954390707
37.05	1.020906177085915
37.15	1.022970902942625
37.25	1.024428684607527
37.35	1.0248834913839469
37.45	1.0261606826982608
37.55	1.0286201572901237
37.65	1.0267051030134369
37.75	1.027781590587616
37.85	1.0253826048448762
37.95	1.0270431078478712
38.05	NaN
38.15	NaN
38.25	1.0242494672496743
38.35	1.0231480321724638
38.45	1.0225994996795458
38.550000000000004	1.019807372876618
38.65	1.0198793399470147
38.75	1.015120004817811
38.85	1.0134012531250682
38.95	1.0112916380447894
39.050000000000004	1.008570764986996
39.15	1.0054211137381117
39.25	1.0047254571122242
39.35	1.0034836959169489
39.45	0.9995283690984205
39.550000000000004	0.9955900685102893
39.65	NaN
39.75	0.990867394476119
39.85	0.9887683323574966
39.95	0.98559028058328
40.050000000000004	0.9851306692919721
40.15	0.9833296287360604
40.25	0.9805980118396557
40.35	NaN
40.45	0.9796523200366752
40.550000000000004	0.9781977533245029
40.65	0.9772679466620061
40.75	0.9767078119739763
40.85	0.9769432502640861
40.95	0.9760743256082318
41.050000000000004	0.9771162289401993
41.15	0.9769299154414507
41.25	0.9760937335511813
41.35	0.977191329005423
41.45	0.9786202503332876
41.550000000000004	0.9816564808085849
41.65	0.9819719717418101
41.75	0.9838858030159519
41.85	0.9869603584874977
41.95	0.9849156947803118
42.050000000000004	0.9897512071989109
42.15	0.9927605569969554
42.25	0.9939945751767404
42.35	0.9950681524407579
42.45	0.9986783207399869
42.550000000000004	0.9992090245497213
42.65	1.0002979889933066
42.75	1.0026605882635666
42.85	1.0075935334002688
42.95	1.0071839348751785
43.050000000000004	1.010735029703945
43.15	NaN
43.25	1.0148000236290624
43.35	1.016280924824104
43.45	1.0177498405396215
43.550000000000004	1.0165221548274659
43.65	NaN
43.75	NaN
43.85	1.0223780490553132
43.95	1.0209422540801472
44.050000000000004	1.0214075221390937
44.15	1.0213574335279971
44.25	1.0210932869006046
44.35	1.0229601253982188
44.45	NaN
44.550000000000004	1.0178447484927755
44.65	1.0163211294768701
44.75	1.0159153966551495
44.85	1.0155855347799503
44.95	1.0130348788782966
45.050000000000004	1.0155663860899287
45.15	1.0103137950994434
45.25	1.0074191494207423
45.35	1.0049703355587547
45.45	1.0044223149816738
45.550000000000004	1.0014500168507676
45.65	1.0001360258021053
45.75	NaN
45.85	0.9962192161635317
45.95	NaN
46.050000000000004	0.9937823585144314
46.15	0.9873946152088114
46.25	0.9868669819515844
46.35	NaN
46.45	0.9850458926249118
46.550000000000004	0.9854891340615032
46.65	NaN
46.75	0.9844045296055187
46.85	0.9830031559822068
46.95	0.9824199057943025
47.050000000000004	0.9808842144633498
47.15	0.9817246189397574
47.25	0.9804717860344688
47.35	0.9822199280681922
47.45	NaN
47.550000000000004	0.9830251204346738
47.65	0.9844654854590932
47.75	0.9847602239200257
47.85	0.9848031214941187
47.95	0.9869797673182248
48.050000000000004	0.9875931511733564
48.15	0.989657405267874
48.25	0.9908035819939716
48.35	0.992616577303699
48.45	0.9928897130846526
48.550000000000004	0.9953216494024922
48.65	0.9982900555727743
48.75	0.9998322881035017
48.85	1.001753361966122
48.95	1.0019801886973996
49.050000000000004	1.0049256134655262
49.15	1.0067554843073923
49.25	1.008400207494581
49.35	1.0070499587754438
49.45	1.0123673844208123
49.550000000000004	1.0109636572870937
49.65	1.0126543002231254
49.75	NaN
49.85	1.013082852954149
49.95	1.0144920958981252
50.050000000000004	1.0152225830180668
50.15	1.0162215457821913
50.25	1.0148345060650605
50.35	1.01435273257718
50.45	1.016386383435297
50.550000000000004	1.0171177954366923
50.65	1.0160580996481932
50.75	1.013952965584446
50.85	1.0150740190971939
50.95	1.0103518886958522
51.050000000000004	1.01130992865735
51.15	1.0129772151632217
51.25	1.0081063667669887
51.35	1.0086088139391909
51.45	1.0060408251976494
51.550000000000004	1.0059373448842202
51.65	1.0042244695195137
51.75	1.0011364456353535
51.85	0.9992262777641524
51.95	1.0000115330100343
52.050000000000004	0.9964751637107698
52.15	NaN
52.25	0.9952966508218499
52.35	0.9936195955485546
52.45	0.9915547699002524
52.550000000000004	0.9928742928755543
52.65	0.989756726048503
52.75	0.9896047397532757
52.85	0.988024863107044
52.95	0.987748124624199
53.050000000000004	0.9885367465275267
53.15	0.9851785647973309
53.25	0.9858511258430532
53.35	0.9847238524411654
53.45	0.9872679033664317
53.550000000000004	0.9854720732787964
53.65	0.9866596310241502
53.75	0.9845463604730657
53.85	0.9879621109555708
53.95	0.9923862726836207
54.050000000000004	0.9869188303228142
54.15	0.9898050904911205
54.25	0.991006328577991
54.35	0.988975184407028
54.45	0.9908663073913917
54.550000000000004	NaN
54.65	0.9931338364854044
54.75	0.9954241215663074
54.85	0.9963969531078289
54.95	0.9995615569276746
55.050000000000004	1.0016210352314008
55.15	1.0007885715333176
55.25	1.0019444599819765
55.35	1.0019152906781459
55.45	1.005012037933914
55.550000000000004	1.0074168264507062
55.65	NaN
55.75	1.0098358550305795
55.85	1.0108637277375185
55.95	1.0106440007466468
56.050000000000004	1.008950733869391
56.15	1.0113427252985367
56.25	1.0115369971995933
56.35	1.0171216667947405
56.45	1.0113181744337592
56.550000000000004	1.0144110325653082
56.65	1.0129042362071825
56.75	1.0115581621867764
56.85	1.0117798936985438
56.95	1.0119927654596375
57.050000000000004	1.0097823022374437
57.15	1.0099323446711623
57.25	1.009731955689519
57.35	1.0097866326069111
57.45	1.0088454783260812
57.550000000000004	NaN
57.65	1.005736425447385
57.75	1.0068828573015114
57.85	1.00365964530964
57.95	1.0050230743577235
58.050000000000004	NaN
58.15	1.002563835316429
58.25	0.9982730981571124
58.35	0.9977035463463976
58.45	0.9967017814388349
58.550000000000004	0.9971715671694831
58.65	0.9960448240641596
58.75	NaN
58.85	0.993630327917984
58.95	0.9926248037168228
59.050000000000004	0.9933678606086145
59.15	0.9913202941569439
59.25	0.9898169157936338
59.35	0.9898829733759991
59.45	0.9902494032063154
59.550000000000004	0.9887659082259317
59.65	NaN
59.75	0.9881633368287177
59.85	0.9894907591911096
59.95	0.9892767424921535
60.050000000000004	0.9876746337322384
60.15	0.9905523205018072
60.25	0.990271086797781
60.35	NaN
60.45	0.9928738549983265
60.550000000000004	0.9925243221089859
60.65	0.991957320274198
60.75	0.9943855042771508
60.85	NaN
60.95	0.995555698222762
61.050000000000004	0.9974054872261539
61.15	0.9980373090615543
61.25	0.9973427457014316
61.35	1.0011345124812328
61.45	1.000448819051737
61.550000000000004	1.0008115573153884
61.65	1.0014654519899018
61.75	1.0062786884426802
61.85	1.0043431597255807
61.95	NaN
62.050000000000004	1.0068563427085095
62.15	1.0086117521931885
62.25	1.0079666542531678
62.35	1.0064730765441623
62.45	NaN
62.550000000000004	1.0103713877500775
62.65	NaN
62.75	NaN
62.85	1.0091844264911682
62.95	1.0105992136318367
63.050000000000004	1.0097686391413456
63.15	1.0105968298105468
63.25	1.0097591342905512
63.35	1.0081951227399062
63.45	1.0080718550156431
63.550000000000004	1.007813976917967
63.65	NaN
63.75	1.0058212064567948
63.85	NaN
63.95	1.0049656522225103
64.05	1.0037727343981875
64.14999999999999	1.0028725923955337
64.25	1.00230309545312
64.35	NaN
64.44999999999999	1.0007177811691572
64.55	1.0010705540135092
64.64999999999999	0.9975995669115322
64.75	0.9960335620711243
64.85	0.9955636293550689
64.94999999999999	0.9969106371937176
65.05	0.9945038475595801
65.14999999999999	NaN
65.25	0.992784597924131
65.35	0.9934225432552503
65.44999999999999	0.9922621749766635
65.55	0.9927846054173097
65.64999999999999	NaN
65.75	0.9915788781748636
65.85	0.9916074005301005
65.94999999999999	NaN
66.05	NaN
66.14999999999999	0.991699362601807
66.25	0.9903944169781945
66.35	0.9904976599078332
66.44999999999999	0.9913354945964061
66.55	NaN
66.64999999999999	0.9940323450995195
66.75	0.993605141071274
66.85	NaN
66.94999999999999	NaN
67.05	NaN
67.14999999999999	NaN
67.25	0.9980692489863141
67.35	NaN
67.44999999999999	NaN
67.55	0.9983409187160804
67.64999999999999	0.9997393241657018
67.75	1.0015772993937808
67.85	1.0030362887975515
67.94999999999999	NaN
68.05	1.0032824066459558
68.14999999999999	1.0043573008694182
68.25	1.0057638072499553
68.35	1.0050456715500857
68.44999999999999	1.0056733504370354
68.55	1.006393539724984
68.64999999999999	NaN
68.75	1.0077115773372605
68.85	1.0080053540541731
68.94999999999999	1.0091656125922905
69.05	NaN
69.14999999999999	1.0076690417179421
69.25	NaN
69.35	1.0099786228000769
69.44999999999999	1.0060695729274571
69.55	1.0088888939026144
69.64999999999999	1.0072206274172886
69.75	1.0070111166009372
69.85	1.0068727529301147
69.94999999999999	1.0059895747373662
70.05	NaN
70.14999999999999	1.00445781688125
70.25	1.0050699984642573
70.35	1.0015108148315348
70.44999999999999	1.002380285449267
70.55	1.0020876750408843
70.64999999999999	0.9998317844403256
70.75	0.9996402826934644
70.85	0.9995684304164195
70.94999999999999	0.9987462105263795
71.05	0.9989164023863507
71.14999999999999	NaN
71.25	0.9956221715502644
71.35	NaN
71.44999999999999	0.9960661515643856
71.55	0.9950622592664471
71.64999999999999	0.994719272376893
71.75	0.992650503454413
71.85	NaN
71.94999999999999	NaN
72.05	0.9916756545873815
72.14999999999999	NaN
72.25	0.992486087746985
72.35	0.9927454122398114
72.44999999999999	NaN
72.55	NaN
72.64999999999999	0.9938230176799614
72.75	0.9919211778165524
72.85	0.9957306820461252
72.94999999999999	NaN
73.05	0.9953776387347515
73.14999999999999	0.9936524970114867
73.25	0.9976110235770019
73.35	0.996507820945085
73.44999999999999	0.997640175156675
73.55	0.9956926212506997
73.64999999999999	0.9987902156652958
73.75	1.0000899200133715
73.85	0.9987849699052873
73.94999999999999	NaN
74.05	NaN
74.14999999999999	1.003314229425332
74.25	1.0012858855298765
74.35	1.0035020193431783
74.44999999999999	1.0039351907156895
74.55	1.0044275603385697
74.64999999999999	NaN
74.75	NaN
74.85	1.0051361243340065
74.94999999999999	1.0064034524677632
75.05	1.004237208294963
75.14999999999999	1.0035278608809814
75.25	1.006236978700996
75.35	1.0072278943705493
75.44999999999999	1.005657100848144
75.55	1.005666576295076
75.64999999999999	1.0056499216185837
75.75	NaN
75.85	1.00702242577583
75.94999999999999	NaN
76.05	1.007004506878708
76.14999999999999	1.0060269706882896
76.25	1.005040944562626
76.35	1.003486043228349
76.44999999999999	NaN
76.55	1.0038806686593416
76.64999999999999	1.0033210886918622
76.75	NaN
76.85	1.0009595192876766
76.95	1.0009697467510774
77.05	1.0005098327566706
77.14999999999999	0.9990006681129768
77.25	NaN
77.35	NaN
77.45	NaN
77.55	0.997656601789164
77.64999999999999	NaN
77.75	0.9946155493770915
77.85	0.9945646645314953
77.95	NaN
78.05	0.9944514866233757
78.14999999999999	NaN
78.25	0.9943172984814423
78.35	0.9932305323687196
78.45	NaN
78.55	NaN
78.64999999999999	NaN
78.75	0.9935684705292426
78.85	0.9950273515401851
78.95	0.9929826167831319
79.05	NaN
79.14999999999999	NaN
79.25	0.9946745696488282
79.35	0.996224754083622
79.45	NaN
79.55	0.9943737543384245
79.64999999999999	NaN
79.75	0.9972069229745854
79.85	0.9961034700866341
