0.15	0.01977299900184059
0.25	0.019243476324303763
0.35	0.01872883898176335
0.45	0.019297842240516297
0.55	0.019215987212314153
0.65	0.01943301480996545
0.7500000000000001	0.019556407283979994
0.85	0.01998103516723198
0.95	0.02019688194736409
1.05	0.020460439133371443
1.15	0.020903648388178132
1.25	0.02124199738936214
1.35	0.021605284897398647
1.45	0.02186077722647664
1.55	0.02249791433668203
1.65	0.023125642267473212
1.75	0.023740833348308177
1.85	0.024326938966071424
1.95	0.025135388814657638
2.05	0.025735200611827803
2.15	0.02661915009980875
2.25	0.027586999919831996
2.35	0.02853782204954281
2.45	0.029523167076712264
2.5500000000000003	0.030784602149083008
2.65	0.031979264672939996
2.75	0.03341314782639139
2.85	0.03484688968742026
2.95	0.03668282679437224
3.0500000000000003	0.038358893564683826
3.15	0.040281241737106635
3.25	0.042523136467478795
3.35	0.044998190010804205
3.45	0.04753167071847148
3.5500000000000003	0.050510089511707976
3.65	0.053716771778675086
3.75	0.05746272798120567
3.85	0.060833901449236054
3.95	0.06578433905902586
4.05	0.07075321522681567
4.1499999999999995	0.0764002676632136
4.25	0.08232946159473081
4.35	0.08985250817892175
4.449999999999999	0.0974893752574504
4.55	0.10659067750692129
4.6499999999999995	0.11664032629116974
4.75	0.12911836632337634
4.85	0.14300505300813296
4.95	0.1593198032019717
5.05	0.17688489114823655
5.1499999999999995	0.1994086409148263
5.25	0.22435155336118584
5.35	0.2550790269589133
5.45	0.29215912333621324
5.55	0.3356892622728815
5.6499999999999995	0.3871314480310178
5.75	0.45393062651887006
5.85	0.5306293579185343
5.95	0.6269460262793155
6.05	0.7484566652727631
6.1499999999999995	0.9003161381292858
6.25	1.081380666053274
6.35	1.302638791083112
6.45	1.5787545364959614
6.55	1.8930773141698631
6.6499999999999995	2.226104175889929
6.75	2.5346805006458513
6.85	2.788859327024879
6.95	2.9333969944889837
7.05	2.9103462159006748
7.1499999999999995	2.7746114568417366
7.25	2.553206810058928
7.35	2.2930894674528943
7.45	2.039147525570884
7.55	1.8189957944151256
7.6499999999999995	1.6052079617571235
7.75	1.4334015578446093
7.85	1.2801540209990279
7.95	1.1596480993072422
8.05	1.0613438450706818
8.15	0.9738066607323206
8.25	0.9025615137682085
8.350000000000001	0.8392266905008567
8.450000000000001	0.786206534161465
8.55	0.7448893148155908
8.65	0.7061541171503947
8.75	0.6759034079478797
8.850000000000001	0.6510240738378917
8.950000000000001	0.6299246966517795
9.05	0.6120186395778863
9.15	0.5974669666481573
9.25	0.5868198850451686
9.350000000000001	0.5788920796794483
9.450000000000001	0.5725601536934976
9.55	0.5711195053159496
9.65	0.5684329955008249
9.750000000000002	0.5695708007431686
9.85	0.5741456976917113
9.95	0.5780877676362881
10.049999999999999	0.5852756370704456
10.149999999999999	0.5943919289101205
10.25	0.6053947726683635
10.35	0.6184601900494745
10.45	0.6337480887427972
10.549999999999999	0.6524201290312187
10.649999999999999	0.6725394400023009
10.75	0.6955712827561695
10.85	0.7215042716480166
10.95	0.7478532238202182
11.049999999999999	0.7763153865980397
11.149999999999999	0.8105845073143756
11.25	0.8446567188918525
11.35	0.8814365890945759
11.45	0.9202762955469458
11.549999999999999	0.9619770384645328
11.649999999999999	1.003726164508935
11.75	1.043726657381718
11.85	1.0849288439078932
11.95	1.1271652785714554
12.049999999999999	1.166249989528989
12.149999999999999	1.199620163392705
12.25	1.2347478088476012
12.35	1.2616008429657757
12.45	1.2837976106179105
12.549999999999999	1.302731181150827
12.649999999999999	1.3152104319674516
12.75	1.333209187854256
12.85	1.3369414328690943
12.95	1.3389187288962003
13.049999999999999	1.3375699602018774
13.149999999999999	1.33287786982161
13.25	1.3262417057917508
13.35	1.3171861688185342
13.45	1.3018315934772373
13.549999999999999	1.2867884468345079
13.649999999999999	1.2665113112197492
13.75	1.24430496855695
13.85	1.2194800218202502
13.95	1.1875763019234702
14.049999999999999	1.1622272425884934
14.149999999999999	1.1302873003628529
14.25	1.0979827448421355
14.35	1.0656205293116665
14.45	1.0331046662324264
14.549999999999999	1.0045417198294349
14.649999999999999	0.9718904872404678
14.75	0.9471709546913312
14.85	0.9200765237679748
14.95	0.8985411016746918
15.049999999999999	0.8751171446718506
15.149999999999999	0.85776328302646
15.25	0.8420187591999269
15.35	0.8268151426527421
15.45	0.8143716537560254
15.549999999999999	0.8051193702975296
15.649999999999999	0.7961757371189987
15.75	0.789838072380971
15.85	0.7856442520062669
15.95	0.7834074816302554
16.05	0.7819656995862888
16.15	0.7847501292566135
16.25	0.7863993327128171
16.349999999999998	0.7919041678696446
16.45	0.7980236766367544
16.55	0.8058554067377642
16.65	0.8156439484575366
16.75	0.8270843593020857
16.849999999999998	0.8375884667059961
16.95	0.8537598701063761
17.05	0.8702406517533057
17.15	0.886263005185816
17.25	0.903243301742713
17.349999999999998	0.9241054703253174
17.45	0.9411269083408673
17.55	0.962523134222063
17.65	0.9835686371022067
17.75	1.005955194034823
17.849999999999998	1.0265082551964684
17.95	1.0472632045722141
18.05	1.0666409354115862
18.15	1.087464402531555
18.25	1.1046345301468936
18.349999999999998	1.121581436271037
18.45	1.1342771794361242
18.55	1.1485206534270451
18.65	1.1585751169598848
18.75	1.16575864167784
18.849999999999998	1.1710687340287305
18.95	1.1739596209673453
19.05	1.174913645492061
19.15	1.1745896536236817
19.25	1.1720172495990544
19.35	1.1658950275423885
19.45	1.1617115304606527
19.55	1.1539244282660175
19.65	1.1417760265060326
19.75	1.1317095342172203
19.85	1.1208299897647838
19.95	1.1066214385273612
20.05	1.0959831449547173
20.15	1.0819082393220805
20.25	1.0666080210317572
20.35	1.0520025003671114
20.45	1.0384027289938047
20.55	1.022892890333481
20.65	1.0110179016051004
20.75	0.996190085018667
20.85	0.9849559750604187
20.95	0.9718636354190651
21.05	0.9588483985636903
21.15	0.9492780285043775
21.25	0.938870532626644
21.35	0.9271742516298656
21.45	0.9184734282951467
21.55	0.9078161435960267
21.65	0.9014622349814887
21.75	0.895672623405903
21.85	0.8915569314403506
21.95	0.8872470321857902
22.05	0.883003753760924
22.15	0.8829561537176782
22.25	0.880985815777496
22.35	0.8796511060640783
22.45	0.8815548216285547
22.55	0.8815958093528826
22.65	0.8864737316679406
22.75	0.8894742169400197
22.85	0.8941958700599631
22.95	NaN
23.05	0.909475094322893
23.15	0.9166977093659394
23.25	0.9261291832749999
23.35	0.9363257687712665
23.45	0.9481662645753225
23.55	0.9568940354681326
23.65	0.9690685095407096
23.75	0.9786458267401905
23.85	0.9900559748922317
23.95	1.0019149220200194
24.05	1.0140416692592062
24.15	1.025487417152811
24.25	1.0360389165216866
24.35	1.0480135852030736
24.45	1.059075626593037
24.55	1.0678037406516852
24.65	1.0759876874655765
24.75	1.0845365090903656
24.85	1.0888310211154038
24.95	1.096585534575644
25.05	1.1017457849206533
25.15	1.1029442688177598
25.25	1.1038350391716958
25.35	1.1062090681121541
25.45	1.1080222382225862
25.55	1.101623187676116
25.65	1.0987072844466617
25.75	1.093268197248384
25.85	1.0901653595722332
25.95	1.0826014129909147
26.05	1.0756028088670309
26.15	1.070183835130864
26.25	1.060333760736864
26.35	1.047704471923171
26.45	1.0430939596538955
26.55	1.034237492859791
26.65	1.0230591317159998
26.75	1.01840476645209
26.85	1.0052119565306683
26.95	0.9986585603938571
27.05	0.9923096232842522
27.15	0.9814970212459023
27.25	0.9745908379755919
27.35	0.9666573649809522
27.45	0.9616310538670928
27.55	0.9545545961093619
27.65	0.9471825356951732
27.75	0.9427823453759964
27.85	0.9390772277647546
27.95	0.9346420569106966
28.05	0.9307145535955276
28.15	0.9271759102394761
28.25	0.9267016341340824
28.35	0.9244444034113818
28.45	0.9236320486908232
28.55	0.9252500589457803
28.65	0.9288096889030318
28.75	0.9263839412137683
28.85	0.9279668229484986
28.95	0.9310036222514572
29.05	0.9359963179758334
29.15	0.9373851576051685
29.25	0.9426621288174174
29.35	0.9475463073497812
29.45	0.9528127940194613
29.55	0.957863116766918
29.65	0.9645587569719191
29.75	0.973082495804138
29.85	0.9791297700950735
29.95	0.9860152337760778
30.05	0.9933565787883406
30.15	0.9985152882566507
30.25	1.007963700888657
30.35	1.0152219361757244
30.45	1.0216973516800638
30.55	1.0293321733228271
30.65	1.0378662175396742
30.75	1.0423840720889677
30.85	1.046779097916486
30.95	1.0526001153091857
31.05	1.0574458985645805
31.15	1.0610279402763116
31.25	1.0626705532624323
31.35	1.0682800731144573
31.45	1.0679063910925846
31.55	1.0666197653147242
31.65	1.0680648164576774
31.75	1.0650632367639672
31.85	1.0645592708123897
31.95	1.0626239564557936
32.05	1.0618370070782857
32.15	1.0567673206115742
32.25	1.0526582973408558
32.35	1.0482337521632725
32.45	1.0416125200581778
32.55	1.0368095426137685
32.65	1.0332388795834928
32.75	1.0260898359010049
32.85	1.0180064834611988
32.95	1.0170280457692535
33.05	1.0073810919835817
33.15	1.002042781080687
33.25	0.9990347766244294
33.35	0.9892391161775307
33.45	0.9861370671512321
33.55	0.9787310722613637
33.65	0.974423805324025
33.75	0.9692755842852245
33.85	0.9657149730216672
33.95	0.9615469848176568
34.05	0.9584473868423411
34.15	0.9549859291643447
34.25	0.9534545034740124
34.35	0.9512845632976916
34.45	0.9500051972693863
34.55	0.9490397096356653
34.65	0.9463930838217524
34.75	0.9462456894842581
34.85	0.947203802249765
34.95	0.9470348619714414
35.05	0.9508245616633353
35.15	0.9528607706052764
35.25	0.953614346761653
35.35	0.9561943483220764
35.45	0.960992304464297
35.55	0.96356276996634
35.65	0.9670807702312463
35.75	0.9711842171259074
35.85	0.9749910461209548
35.95	0.980250781862292
36.05	0.9835177739887052
36.15	0.9886864557267887
36.25	0.9947093498130758
36.35	0.9980070407588241
36.45	1.004415159575804
36.55	NaN
36.65	1.0146704492163858
36.75	1.0188620296842725
36.85	1.0249452802514674
36.95	1.027225353213397
37.05	1.0325973110690134
37.15	1.034972416747852
37.25	1.0396192330582286
37.35	1.04143319770154
37.45	1.0440579124356935
37.55	1.0472298633921717
37.65	NaN
37.75	1.0464366461321637
37.85	1.0463953966262909
37.95	1.0471227308968465
38.05	1.046155241026014
38.15	1.0442161546435442
38.25	1.0467394623473694
38.35	1.0414740651149137
38.45	1.0390165619114076
38.550000000000004	1.0358942338421684
38.65	1.0315717860934421
38.75	1.0294387082274892
38.85	1.0257733327520424
38.95	1.0211937800042863
39.050000000000004	1.0178688685764996
39.15	NaN
39.25	NaN
39.35	NaN
39.45	NaN
39.550000000000004	0.995546982385446
39.65	0.9925161442268765
39.75	0.9881365920761758
39.85	0.9827779789889227
39.95	0.978296396406731
40.050000000000004	0.9780175703178532
40.15	NaN
40.25	0.9707431486608077
40.35	0.9698958546123323
40.45	0.965789906002924
40.550000000000004	0.9637728166676723
40.65	0.9639679715679917
40.75	0.9627335896957994
40.85	0.9630260031397148
40.95	0.9619563536723055
41.050000000000004	0.9612921850533761
41.15	0.9604417178845986
41.25	0.9620232068881144
41.35	0.9636169030566926
41.45	0.96677322398067
41.550000000000004	NaN
41.65	0.9683392874614
41.75	0.9728106810896678
41.85	0.9737174526374383
41.95	0.9776457277704578
42.050000000000004	0.9801458325258331
42.15	NaN
42.25	0.9872635094623359
42.35	0.9917619921114555
42.45	0.9935317199331484
42.550000000000004	0.9986014546709441
42.65	0.9975175574000039
42.75	1.0059178445398573
42.85	1.0092338696851677
42.95	1.0117516939423379
43.050000000000004	1.0162855487606175
43.15	1.0202651407935641
43.25	1.0217240185267817
43.35	1.024222237423462
43.45	1.0249420657866117
43.550000000000004	1.0284353018549157
43.65	NaN
43.75	1.0342794497740004
43.85	1.0339575521099784
43.95	1.03506792131387
44.050000000000004	1.035118998105075
44.15	1.0369021152094324
44.25	NaN
44.35	1.032698570309268
44.45	1.03237424436887
44.550000000000004	1.030511848029986
44.65	1.0288921301592826
44.75	1.026900217336519
44.85	1.0254613492630504
44.95	1.024193524238145
45.050000000000004	1.020488830640609
45.15	1.0185742216091802
45.25	1.0149509737657731
45.35	NaN
45.45	1.008271372110526
45.550000000000004	1.0058058866425426
45.65	NaN
45.75	0.9969378624009034
45.85	0.9953816903555853
45.95	0.9911820254109271
46.050000000000004	0.9883189399988498
46.15	0.9866886532702264
46.25	0.9837866636362821
46.35	0.9815306973366993
46.45	0.9795998197673349
46.550000000000004	0.9771757425766816
46.65	NaN
46.75	0.973164180712288
46.85	0.9724341307991747
46.95	0.9673552312162301
47.050000000000004	0.9709404618686518
47.15	0.9721174120084933
47.25	0.9694006488756501
47.35	0.9710180440254366
47.45	0.9708922380010154
47.550000000000004	0.9717795830466901
47.65	0.9730651631334721
47.75	0.9741775393081363
47.85	0.9759787214197683
47.95	0.9771016972461946
48.050000000000004	0.978669072729965
48.15	0.9817933144057369
48.25	0.9826545800855682
48.35	0.9841012476693881
48.45	0.9886857220290551
48.550000000000004	0.9897620304015771
48.65	0.9932745519914083
48.75	0.9967111401771211
48.85	0.9990978891474934
48.95	1.0031433444479116
49.050000000000004	1.0046341852222531
49.15	NaN
49.25	1.0096974421980665
49.35	1.0119261998870288
49.45	1.014898686543642
49.550000000000004	1.016791803027719
49.65	1.018654259411903
49.75	1.0206335505114625
49.85	1.0238332892344435
49.95	1.0256541289453327
50.050000000000004	1.0262500763860793
50.15	1.0251971199560586
50.25	1.0281447960258427
50.35	1.0270358417702856
50.45	1.0285024335008337
50.550000000000004	1.0267961391680052
50.65	1.023849334919713
50.75	1.0240738169139045
50.85	1.0244283187860441
50.95	NaN
51.050000000000004	1.0217923015617318
51.15	1.0168877304541868
51.25	1.0170707320509529
51.35	1.016688802661171
51.45	1.0132109801554734
51.550000000000004	NaN
51.65	1.009847406276045
51.75	1.0057986758207593
51.85	1.0049903732607814
51.95	0.9990590650887821
52.050000000000004	NaN
52.15	0.9954712701448473
52.25	0.9935792446580879
52.35	0.9911471364184707
52.45	0.9875932966752744
52.550000000000004	0.9898455577750743
52.65	0.9856146712191568
52.75	0.9830940437829476
52.85	0.9831157206025802
52.95	NaN
53.050000000000004	0.9799104609418439
53.15	NaN
53.25	0.9771101856274395
53.35	0.97794418067188
53.45	0.9774761377946144
53.550000000000004	NaN
53.65	0.9769342214620436
53.75	NaN
53.85	0.9784452785663216
53.95	0.977175899691758
54.050000000000004	NaN
54.15	0.9810990482763583
54.25	NaN
54.35	0.9835154661952352
54.45	0.9855066321795494
54.550000000000004	NaN
54.65	0.989302911040598
54.75	0.9877278003909733
54.85	0.9942404109765465
54.95	0.9959699151395085
55.050000000000004	0.9986012719707517
55.15	1.0007016932362338
55.25	1.002812239660629
55.35	1.0027726274628916
55.45	1.0050390173563002
55.550000000000004	1.0068868786835943
55.65	1.0114850286322423
55.75	1.014093940628278
55.85	1.0151173717591597
55.95	1.015043315646523
56.050000000000004	1.015534830989703
56.15	1.0186765244594653
56.25	1.0148703269955452
56.35	1.0220052245729916
56.45	1.0215713762973893
56.550000000000004	1.0230738129048031
56.65	1.0219658386772246
56.75	NaN
56.85	1.0199412575477127
56.95	1.0194404028783783
57.050000000000004	1.019095464529362
57.15	1.0187723982500347
57.25	1.016282569763508
57.35	NaN
57.45	1.0136949960344674
57.550000000000004	1.0123792690446873
57.65	1.011998844610346
57.75	1.0106430717678474
57.85	1.0093637902831498
57.95	1.0054280695909747
58.050000000000004	1.0046632771710744
58.15	1.0024127705464532
58.25	1.000794450381949
58.35	0.9978133436982543
58.45	NaN
58.550000000000004	0.9945642079295324
58.65	0.9915077148436696
58.75	NaN
58.85	0.9898057215354117
58.95	NaN
59.050000000000004	0.9883156267104163
59.15	0.9845468843548533
59.25	0.9840076415002285
59.35	0.982525521567301
59.45	0.9822938115821513
59.550000000000004	0.9804168576791558
59.65	0.982495304474967
59.75	0.9828705491796778
59.85	NaN
59.95	0.9817171220665023
60.050000000000004	NaN
60.15	0.9819078482395274
60.25	0.9837691019168497
60.35	NaN
60.45	0.985469137408598
60.550000000000004	0.9894632931602895
60.65	0.9892323245004079
60.75	0.9904981172577759
60.85	0.988767194476403
60.95	0.9917173876746098
61.050000000000004	0.9934962577840262
61.15	0.9959919331771899
61.25	0.9963236300076622
61.35	0.999693121968113
61.45	1.0016869014394647
61.550000000000004	NaN
61.65	1.0053069527873222
61.75	NaN
61.85	NaN
61.95	1.0103278024282378
62.050000000000004	1.0110444190647576
62.15	1.010821176697303
62.25	1.0154120432021316
62.35	1.0139857382170403
62.45	1.0156340757463287
62.550000000000004	1.0160814954849116
62.65	1.0160342151665922
62.75	1.0172239822025557
62.85	1.01731864393421
62.95	1.0175934482656372
63.050000000000004	1.017195975775518
63.15	1.0163994792421076
63.25	NaN
63.35	1.0156307429280533
63.45	1.015859360453905
63.550000000000004	1.012062541059701
63.65	1.014991632526445
63.75	1.0109531563035035
63.85	1.0099442030306112
63.95	1.0077381102283156
64.05	1.0073732488606852
64.14999999999999	1.0064980870794427
64.25	1.001862480203477
64.35	1.002318787844306
64.44999999999999	1.0045080773295854
64.55	0.9990480305979844
64.64999999999999	0.9970006256036044
64.75	0.9998469460029424
64.85	0.995577122114858
64.94999999999999	0.9940882826640844
65.05	0.992790122153378
65.14999999999999	0.9892550492029591
65.25	NaN
65.35	0.9889891018371633
65.44999999999999	NaN
65.55	0.9868192884711391
65.64999999999999	0.9854506914046307
65.75	0.9856113031293223
65.85	0.9843000602380966
65.94999999999999	0.9858525059986485
66.05	NaN
66.14999999999999	0.9850739999834279
66.25	0.9838319205241279
66.35	0.9850173881753376
66.44999999999999	0.9847568584805575
66.55	0.9869839166190122
66.64999999999999	NaN
66.75	0.9880618883933043
66.85	NaN
66.94999999999999	NaN
67.05	0.9904739370593361
67.14999999999999	0.9931223282474387
67.25	0.9938229220374405
67.35	0.9947215158427342
67.44999999999999	0.9964223344472106
67.55	0.9986889224310072
67.64999999999999	NaN
67.75	NaN
67.85	0.9988389566127807
67.94999999999999	1.0044586897349366
68.05	1.0058799885708278
68.14999999999999	1.0063820576882718
68.25	NaN
68.35	1.0086842647881065
68.44999999999999	1.0110789572158836
68.55	1.0132595612977084
68.64999999999999	NaN
68.75	1.011806489720929
68.85	1.0143770364569342
68.94999999999999	1.013130160160919
69.05	1.0130726828548235
69.14999999999999	1.0159999234598383
69.25	1.015379996352759
69.35	1.0137520407503307
69.44999999999999	NaN
69.55	1.013203833647243
69.64999999999999	1.015459605527803
69.75	NaN
69.85	1.012114678194478
69.94999999999999	NaN
70.05	1.009528425321487
70.14999999999999	1.008929940149639
70.25	NaN
70.35	1.0060529198391623
70.44999999999999	NaN
70.55	1.0029019588528683
70.64999999999999	1.0012887902412522
70.75	0.9998169669757208
70.85	0.9988622679082694
70.94999999999999	0.9978980643901562
71.05	0.9967306644542145
71.14999999999999	0.9935588275452764
71.25	NaN
71.35	0.9932573364742358
71.44999999999999	0.9919252763652907
71.55	0.9911063225942641
71.64999999999999	0.9913933383965534
71.75	0.9901430151460239
71.85	0.9887909118612115
71.94999999999999	0.9898544299875326
72.05	NaN
72.14999999999999	NaN
72.25	NaN
72.35	NaN
72.44999999999999	0.9869115844511489
72.55	0.9874850324618177
72.64999999999999	0.989413684674361
72.75	NaN
72.85	0.9892306824769804
72.94999999999999	0.9879603148814643
73.05	0.9907832691840084
73.14999999999999	0.9908715112810845
73.25	0.9910473304248848
73.35	0.9935447151026452
73.44999999999999	NaN
73.55	0.9951166949240619
73.64999999999999	NaN
73.75	NaN
73.85	0.9991154048661207
73.94999999999999	0.9996642930843201
74.05	1.0011830780239357
74.14999999999999	1.0033279334196996
74.25	1.0029668910129137
74.35	1.0044479773556287
74.44999999999999	1.0040929280221484
74.55	1.0075283874262695
74.64999999999999	1.0075248396765817
74.75	1.0098272876126966
74.85	1.0096324158757506
74.94999999999999	1.0075529207207086
75.05	1.0107357000505235
75.14999999999999	1.0116696955354878
75.25	NaN
75.35	NaN
75.44999999999999	NaN
75.55	1.0115900723161162
75.64999999999999	NaN
75.75	NaN
75.85	1.0112874515864427
75.94999999999999	1.010208537243162
76.05	1.0093832394973479
76.14999999999999	1.0097508724159932
76.25	NaN
76.35	1.007226067615712
76.44999999999999	NaN
76.55	1.0050753324734796
76.64999999999999	1.0046972715031828
76.75	NaN
76.85	NaN
76.95	NaN
77.05	NaN
77.14999999999999	0.9977967269426794
77.25	0.9967376453782959
77.35	0.9966011427365756
77.45	0.9948292625512825
77.55	0.9956134688742788
77.64999999999999	0.9940149971408426
77.75	0.9945433970163703
77.85	0.9922647942963694
77.95	0.9897925506267745
78.05	0.9910846960802792
78.14999999999999	0.9913782984353934
78.25	0.9903486660957995
78.35	0.9902273155069483
78.45	NaN
78.55	NaN
78.64999999999999	0.9886519357072555
78.75	0.98901733752891
78.85	NaN
78.95	0.9898780366125706
79.05	NaN
79.14999999999999	NaN
79.25	0.9906860455788102
79.35	NaN
79.45	0.9912542719432844
79.55	0.9928194204287303
79.64999999999999	NaN
79.75	0.9948275864781174
79.85	0.9955172633376095
