0.15	0.019898027336757308
0.25	0.019206208806902877
0.35	0.018907722250193756
0.45	0.019129620533465817
0.55	0.0193670668369747
0.65	0.019338215799070926
0.7500000000000001	0.019758427476761282
0.85	0.020089883204501963
0.95	0.019945463767731254
1.05	0.020474072729767222
1.15	0.020792249135216545
1.25	0.02117816041533006
1.35	0.021552054187799145
1.45	0.022021309738257507
1.55	0.022470944715078992
1.65	0.023112305225057733
1.75	0.023574353593494447
1.85	0.024241803921663134
1.95	0.025084526902490273
2.05	0.02571527154481958
2.15	0.026619484065289845
2.25	0.027562675180403094
2.35	0.028599489610178934
2.45	0.0295476903877451
2.5500000000000003	0.030741179866994754
2.65	0.03205119416553478
2.75	0.03335038228359641
2.85	0.034957635332089294
2.95	0.03660209351760898
3.0500000000000003	0.038327006573112166
3.15	0.0402787651062329
3.25	0.04254318111397352
3.35	0.045112025051306445
3.45	0.04753413102327738
3.5500000000000003	0.050550055862547856
3.65	0.05377729911973894
3.75	0.057497730857117124
3.85	0.060931066340387884
3.95	0.06580353165062573
4.05	0.07080478513147205
4.1499999999999995	0.07640052556914129
4.25	0.08243040888441022
4.35	0.08990598499032804
4.449999999999999	0.09758929595647023
4.55	0.10659475019890899
4.6499999999999995	0.11638640354241411
4.75	0.12886483998901382
4.85	0.14301862524466522
4.95	0.1594385896495737
5.05	0.17749103289269452
5.1499999999999995	0.19978516767910776
5.25	0.22437949496331827
5.35	0.25478846687569395
5.45	0.29174829829959126
5.55	0.33642569052565996
5.6499999999999995	0.38764446415150117
5.75	0.4536901519751327
5.85	0.5295117359171783
5.95	0.6262472296914384
6.05	0.7466843685920702
6.1499999999999995	0.9001852903059793
6.25	1.0828314794172726
6.35	1.300967804642443
6.45	1.578142923092103
6.55	1.8920707398456444
6.6499999999999995	2.2235994007097415
6.75	2.5423200049214696
6.85	2.7927243506901815
6.95	2.9279002731509784
7.05	2.910243711818292
7.1499999999999995	2.7751279001887252
7.25	2.555533735915854
7.35	2.2974049521176667
7.45	2.0381379512490794
7.55	1.8189222172384407
7.6499999999999995	1.6063103959828744
7.75	1.4339018262661147
7.85	1.2837131420518368
7.95	1.1629581072890558
8.05	1.0576179673149022
8.15	0.9746637503058845
8.25	0.9001861834242255
8.350000000000001	0.8387893086094117
8.450000000000001	0.7876771777990436
8.55	0.7435196445361
8.65	0.7059557099605678
8.75	0.6774009751381337
8.850000000000001	0.6524609629640643
8.950000000000001	0.6285266532749785
9.05	0.6124390192737531
9.15	0.5988569828704859
9.25	0.5884769830476657
9.350000000000001	0.5796279625905822
9.450000000000001	0.5723426536854804
9.55	0.5691196353323567
9.65	0.5678961996085843
9.750000000000002	0.5688576940496872
9.85	0.5722735890433422
9.95	0.5772958782179974
10.049999999999999	0.5852743235371297
10.149999999999999	0.5940298140948124
10.25	0.6050554229811573
10.35	0.6184929089727458
10.45	0.6342617226889472
10.549999999999999	0.6527952378467509
10.649999999999999	0.671929806109836
10.75	0.6952123503378747
10.85	0.7218277674335426
10.95	0.747747151764592
11.049999999999999	0.7774996459480744
11.149999999999999	0.8094296553183209
11.25	0.8433993209107598
11.35	0.8819944138908814
11.45	0.9202950006754287
11.549999999999999	0.9605808703373517
11.649999999999999	1.0034566195781298
11.75	1.044479070300945
11.85	1.0850889012826228
11.95	1.126112430928553
12.049999999999999	1.1644274869947124
12.149999999999999	1.1991559206724005
12.25	1.2347048526799123
12.35	1.2596065302609245
12.45	1.282151889900669
12.549999999999999	1.3044422384465086
12.649999999999999	1.3174854713260127
12.75	1.3277996970380153
12.85	1.3365455512654894
12.95	1.3405041374643953
13.049999999999999	1.3370854253747932
13.149999999999999	1.3344717982259644
13.25	1.3294469833795852
13.35	1.3175987245564096
13.45	1.3019401163962463
13.549999999999999	1.2883806543190195
13.649999999999999	1.2668624862368714
13.75	1.245072561649733
13.85	1.2190468282239482
13.95	1.1892430310722042
14.049999999999999	1.1584597793304376
14.149999999999999	1.127968511118419
14.25	1.0961464062765862
14.35	1.0642082329467413
14.45	1.0324904477944434
14.549999999999999	1.0022751871740063
14.649999999999999	0.9753824416804915
14.75	0.9450379050531766
14.85	0.920659115338022
14.95	0.8973925023035856
15.049999999999999	0.8768538102384114
15.149999999999999	0.8577920186143965
15.25	0.8395425749741667
15.35	0.8265968516116093
15.45	0.8130546512501209
15.549999999999999	0.8036420292455634
15.649999999999999	0.7948367044920917
15.75	0.788652757870445
15.85	0.7863053600964499
15.95	0.7832561248479639
16.05	0.7836880696607099
16.15	0.7842121536465719
16.25	0.7858175975115443
16.349999999999998	0.7891118306338666
16.45	0.7972570117507498
16.55	0.8068077997005547
16.65	0.8159017509684957
16.75	0.8252371640992527
16.849999999999998	0.839708653007315
16.95	0.8536441319695842
17.05	0.8683807787984785
17.15	0.8868737011889879
17.25	0.9046547186142396
17.349999999999998	0.9245437298188439
17.45	0.943962262710339
17.55	0.9622938100922528
17.65	0.9849273710450613
17.75	1.0047188446161384
17.849999999999998	1.025970229367192
17.95	1.0470544047659989
18.05	1.0654959738315615
18.15	1.0854188145592178
18.25	1.1021664124825392
18.349999999999998	1.1188637774134906
18.45	1.1338329536022813
18.55	1.1477364513383503
18.65	1.157336761782319
18.75	1.1627979078649815
18.849999999999998	1.171414189868206
18.95	1.1763866221088826
19.05	1.1750354198004969
19.15	1.1767362145002696
19.25	1.1725643265756203
19.35	1.1670118354858339
19.45	1.1619603006997017
19.55	1.1523773706238127
19.65	1.1416023249015077
19.75	1.132358497283621
19.85	1.1186147673976374
19.95	1.1071334934228807
20.05	1.0952670502144344
20.15	1.0793513543049191
20.25	1.064702817539334
20.35	1.053775132232813
20.45	1.037194704470199
20.55	1.023855250671352
20.65	1.010564423675938
20.75	0.9984424551923948
20.85	0.9827586611139775
20.95	0.970714238497555
21.05	0.9591783610286045
21.15	0.9492088783152596
21.25	0.9368317325470287
21.35	0.9253407746723171
21.45	0.9186943292870607
21.55	0.9101623786221624
21.65	0.902510713755596
21.75	0.8979043619033714
21.85	0.8902073186782495
21.95	0.8870674558564948
22.05	0.8841241281227354
22.15	0.8824501033267701
22.25	0.8802431044668941
22.35	0.8818025943399261
22.45	0.881796946845871
22.55	0.8827644284202562
22.65	0.8853564368396292
22.75	0.8899447534352483
22.85	0.8958109892450751
22.95	NaN
23.05	0.9085064560862042
23.15	0.9173892444940976
23.25	0.926483781318682
23.35	0.9370033212316053
23.45	0.9454826832135784
23.55	0.9568195382299529
23.65	0.968957038682279
23.75	0.9778612440046918
23.85	0.9894109662565977
23.95	1.0028873256257942
24.05	1.0134536664144351
24.15	1.026795408481086
24.25	1.036707193653623
24.35	1.048206266589282
24.45	1.0602065621871588
24.55	1.067091221249945
24.65	1.076831585387404
24.75	1.082665813036254
24.85	1.091061715974734
24.95	1.0968887955901803
25.05	1.1018101148276103
25.15	1.1039885899450979
25.25	1.1058063229681785
25.35	1.104588153241511
25.45	1.1045721298587383
25.55	1.1018640292718935
25.65	1.0968050148499873
25.75	1.0936453356875635
25.85	1.088940435960824
25.95	1.0831612019584995
26.05	1.0768501407294298
26.15	1.0682144952721382
26.25	1.0594141327065842
26.35	1.0518952414620295
26.45	1.0432353247842772
26.55	1.0338968612182782
26.65	1.0240823610709018
26.75	1.0166557551255253
26.85	1.0067230423980489
26.95	0.9961457072798462
27.05	0.990793708621868
27.15	0.982139286866701
27.25	0.974530910177082
27.35	0.9669846789226435
27.45	0.9598844074363305
27.55	0.9541476837089105
27.65	0.9495169136341532
27.75	0.9442110357213068
27.85	0.9353752190496184
27.95	0.9347311787294728
28.05	0.932283676375589
28.15	0.9258942025962974
28.25	0.9254719609756729
28.35	0.9231282635548622
28.45	0.9243695844818778
28.55	0.9250228235221941
28.65	0.9256945029910568
28.75	0.9262889854342693
28.85	0.9288773308932131
28.95	0.931871172598823
29.05	0.9321520038801043
29.15	0.9385560420261454
29.25	0.9420305634293031
29.35	0.9502889010172038
29.45	0.9520425458972381
29.55	0.958925479628689
29.65	0.9666758401797927
29.75	0.9718857120809054
29.85	0.9806208064033062
29.95	0.9871369412156613
30.05	0.9924675740534119
30.15	1.0044742623181862
30.25	1.007259426740138
30.35	1.0148324955655013
30.45	1.0223799822789252
30.55	1.029643888438698
30.65	1.0347913673135978
30.75	1.040713030901974
30.85	1.046223602476317
30.95	1.051185498710538
31.05	1.0622649198988008
31.15	1.0596433087379546
31.25	1.0626742689981286
31.35	1.0636272941231504
31.45	1.0670296367637708
31.55	1.0675026003454104
31.65	1.0683549456054187
31.75	1.0687703545697191
31.85	1.0643453856386462
31.95	1.062175567025426
32.05	1.05997625393303
32.15	1.0556636911560824
32.25	1.0540377654501003
32.35	1.0514873020016156
32.45	1.0420404993773398
32.55	1.0383746154117817
32.65	1.03035111079374
32.75	1.0225660635058937
32.85	1.0214746919735718
32.95	1.0129835143587207
33.05	1.0085458989953355
33.15	1.0026806587722426
33.25	0.9974474627345682
33.35	0.9904425133025774
33.45	0.9831449713348782
33.55	0.9834921632278177
33.65	0.975197763748469
33.75	0.9706428601754815
33.85	0.9658833331872355
33.95	0.959486437526319
34.05	0.9566589308716024
34.15	0.9546106758390919
34.25	0.9525716926747757
34.35	0.9501092804556743
34.45	0.9475222636956363
34.55	0.9474778433340378
34.65	0.9479742372119384
34.75	0.9468367065776556
34.85	0.9477151156371896
34.95	0.9478395526413349
35.05	0.9496365394534994
35.15	0.9510468980159975
35.25	0.9534893130272958
35.35	0.9574089962543502
35.45	0.9604768887739977
35.55	0.9628551897757749
35.65	0.9659167511949072
35.75	0.969140782427491
35.85	0.9749608945439675
35.95	0.9801684628714123
36.05	0.9824977495079725
36.15	0.9869501878334594
36.25	0.9936704886023271
36.35	1.0007977680350937
36.45	1.0042733160497557
36.55	NaN
36.65	1.015520561421631
36.75	1.0192442956399508
36.85	1.0238137556902727
36.95	1.0285724892142736
37.05	1.0314094722980789
37.15	1.0353124259716973
37.25	1.0375350133838834
37.35	1.0403808074117054
37.45	1.0435079746975406
37.55	1.0435453906577994
37.65	NaN
37.75	1.0516551242138812
37.85	1.0471295169958426
37.95	1.0498487257204039
38.05	1.0452995253824424
38.15	1.04667244858966
38.25	1.0418326869950973
38.35	1.0380014454661666
38.45	1.0379618669957407
38.550000000000004	1.0352353845355133
38.65	1.0320874112723386
38.75	1.0299391556825186
38.85	1.0252461584187234
38.95	1.0213149595354607
39.050000000000004	1.016171485672425
39.15	NaN
39.25	NaN
39.35	NaN
39.45	NaN
39.550000000000004	0.9959430940054494
39.65	0.9914285427980125
39.75	0.9882325375054614
39.85	0.9841618862156971
39.95	0.9796574616269725
40.050000000000004	0.9762562046666238
40.15	NaN
40.25	0.9706475260054712
40.35	0.967542728684379
40.45	0.967944140661786
40.550000000000004	0.9656427253662043
40.65	0.963577092515333
40.75	0.9622298825686525
40.85	0.9626588421125714
40.95	0.9622309181360875
41.050000000000004	0.9602003261068344
41.15	0.966008325556007
41.25	0.9659608338690928
41.35	0.9630944535517886
41.45	0.9646273318445205
41.550000000000004	NaN
41.65	0.9690209019996222
41.75	0.9717645206175392
41.85	0.9717123055459636
41.95	0.9776825478539347
42.050000000000004	0.980253250178426
42.15	NaN
42.25	0.9856023411475571
42.35	0.990926967160729
42.45	0.9946461005226565
42.550000000000004	0.9970738760523332
42.65	0.9985574674407591
42.75	1.0055976470259724
42.85	1.0084639286938841
42.95	1.0121048608134098
43.050000000000004	1.014765130782951
43.15	1.0196123351884019
43.25	1.0220631712001198
43.35	1.0245121199246074
43.45	1.0279105583400652
43.550000000000004	1.0270575930665307
43.65	NaN
43.75	1.033754060381135
43.85	1.032649328228779
43.95	1.0335739498838972
44.050000000000004	1.0336650358246309
44.15	1.03392850155491
44.25	NaN
44.35	1.0351205870384157
44.45	1.0319674965812522
44.550000000000004	1.0297329058770848
44.65	1.0289292179769738
44.75	1.027124239693346
44.85	1.0262947861694534
44.95	1.0216576211517583
45.050000000000004	1.0221307696472162
45.15	1.0170104645804703
45.25	1.0150238875484565
45.35	NaN
45.45	1.0075243583392668
45.550000000000004	1.0053284387700772
45.65	NaN
45.75	1.0005064500059049
45.85	0.9952733664767905
45.95	0.9941817300181941
46.050000000000004	0.9891034381770187
46.15	0.9853935467784151
46.25	0.9830644436691814
46.35	0.9823818886157121
46.45	0.9806299313851076
46.550000000000004	0.9777828534437272
46.65	NaN
46.75	0.974425308271625
46.85	0.9729872915462263
46.95	0.9749566544774915
47.050000000000004	0.9709623535727578
47.15	0.9717136931351162
47.25	0.9708121180245259
47.35	0.9721323398928172
47.45	0.9714897129496217
47.550000000000004	0.9723842455750012
47.65	0.9723293611492668
47.75	0.9752899487825981
47.85	0.9745963000164674
47.95	0.9772576562122948
48.050000000000004	0.9780149916964554
48.15	0.9794088726436079
48.25	0.9836748918647079
48.35	0.9861141459247558
48.45	0.9889626055518769
48.550000000000004	0.9910626869716773
48.65	0.99328088304348
48.75	0.995777905702118
48.85	0.999372836480132
48.95	1.00150241428443
49.050000000000004	1.0052117380020091
49.15	NaN
49.25	1.0087652904921114
49.35	1.0126562640306493
49.45	1.0148741324827883
49.550000000000004	1.0175457028794712
49.65	1.0204361226082619
49.75	1.022118568147687
49.85	1.022851488556554
49.95	1.0252808633722452
50.050000000000004	1.0264932929214379
50.15	1.0267906834512976
50.25	1.025828496650002
50.35	1.0266849651279366
50.45	1.02365460361354
50.550000000000004	1.02758143714447
50.65	1.0234496994870648
50.75	1.0244534465711927
50.85	1.023386906680912
50.95	NaN
51.050000000000004	1.0218467458951017
51.15	1.0195426374569632
51.25	1.0168714048193135
51.35	1.0151941555411679
51.45	1.01312197232391
51.550000000000004	NaN
51.65	1.0075352889271856
51.75	1.0045094327951203
51.85	1.0042048307781177
51.95	1.0011412519223823
52.050000000000004	NaN
52.15	0.995039584932102
52.25	0.9935470993211595
52.35	0.9903931209508322
52.45	0.9898846029130723
52.550000000000004	0.9855336514228975
52.65	0.9814400403227733
52.75	0.9838775197135832
52.85	0.9829495699947939
52.95	NaN
53.050000000000004	0.9791189649511765
53.15	NaN
53.25	0.9791679732608148
53.35	0.9776217506441367
53.45	0.9759818848351269
53.550000000000004	NaN
53.65	0.976612250609947
53.75	NaN
53.85	0.9781350023098435
53.95	0.9757553458159359
54.050000000000004	NaN
54.15	0.9839519897421608
54.25	NaN
54.35	0.9854982355384428
54.45	0.9859771821977544
54.550000000000004	NaN
54.65	0.9876445224186566
54.75	0.991294099534835
54.85	0.993645950599035
54.95	0.9949185019336649
55.050000000000004	0.9975975091511863
55.15	0.9986236938527359
55.25	1.0027015644947181
55.35	1.0062831469059899
55.45	1.0062146412114457
55.550000000000004	1.0086911272374186
55.65	1.0080138096669902
55.75	1.010935571431857
55.85	1.013675407254373
55.95	1.0155257944237965
56.050000000000004	1.0167276666295384
56.15	1.0185323320447575
56.25	1.01947498191929
56.35	1.0206687772231997
56.45	1.0215100434541748
56.550000000000004	1.022879988823881
56.65	1.0205362893718135
56.75	NaN
56.85	1.0209794198937947
56.95	1.0219983034787194
57.050000000000004	1.0203821419058283
57.15	1.0184301153968596
57.25	1.0143905140448235
57.35	NaN
57.45	1.0141767854171295
57.550000000000004	1.0128197953215867
57.65	1.012201944188559
57.75	1.0097958506358533
57.85	1.0063426889914886
57.95	1.0055507078103056
58.050000000000004	1.0035782470303418
58.15	1.0009695281791295
58.25	1.0004632770330413
58.35	0.9974807727257766
58.45	NaN
58.550000000000004	0.9948784005301251
58.65	0.9922816865211868
58.75	NaN
58.85	0.98965442545249
58.95	NaN
59.050000000000004	0.9847497310873283
59.15	0.9849749019646515
59.25	0.9848260041810696
59.35	0.9842403977122428
59.45	0.9820568046587719
59.550000000000004	0.9809455328921439
59.65	0.9799650260159781
59.75	0.9786778743597743
59.85	NaN
59.95	0.9832420933715066
60.050000000000004	NaN
60.15	0.9819475230822293
60.25	0.9839812626842813
60.35	NaN
60.45	0.9857265045322171
60.550000000000004	0.988928560269697
60.65	0.9917138236311964
60.75	0.9904999736852547
60.85	0.990016191079012
60.95	0.9923968478537712
61.050000000000004	0.9933583638394169
61.15	0.9958640983244202
61.25	0.9976181686201365
61.35	0.9981938472124128
61.45	1.0017293696801208
61.550000000000004	NaN
61.65	1.0041890144316983
61.75	NaN
61.85	NaN
61.95	1.0089559078403973
62.050000000000004	1.010175968143875
62.15	1.011388182220811
62.25	1.014454598341454
62.35	1.014025029993195
62.45	1.0109290416534513
62.550000000000004	1.0146668689335634
62.65	1.0170631780471449
62.75	1.0162207536628942
62.85	1.0164548685684722
62.95	1.017812531430759
63.050000000000004	1.0185190861825906
63.15	1.0170986198140806
63.25	NaN
63.35	1.015965711647997
63.45	1.0155815459976156
63.550000000000004	1.0152707966542882
63.65	1.0143513515403826
63.75	1.0106299201145539
63.85	1.0097023661249345
63.95	1.008610018316626
64.05	1.006902563222019
64.14999999999999	1.0054484548454645
64.25	1.0043368978316936
64.35	1.0023178302296252
64.44999999999999	1.0022182399118775
64.55	0.9987574387867457
64.64999999999999	0.9986148282295789
64.75	0.9961454990658485
64.85	0.9938432975312386
64.94999999999999	0.9926316806311956
65.05	0.9929670754985573
65.14999999999999	0.9911743531502928
65.25	NaN
65.35	0.9884645344463183
65.44999999999999	NaN
65.55	0.9854031706859963
65.64999999999999	0.9857728914294427
65.75	0.9855721983969611
65.85	0.9845361997816857
65.94999999999999	0.98486668397222
66.05	NaN
66.14999999999999	0.985395949705924
66.25	0.9839277320588248
66.35	0.9851754111448954
66.44999999999999	0.987654594934933
66.55	0.987177894318427
66.64999999999999	NaN
66.75	0.9890820802117284
66.85	NaN
66.94999999999999	NaN
67.05	0.9913889589067175
67.14999999999999	0.9917298223355359
67.25	0.994157163598387
67.35	0.9951896790775626
67.44999999999999	0.9979701116690295
67.55	0.9960976605072106
67.64999999999999	NaN
67.75	NaN
67.85	1.0011360011145487
67.94999999999999	1.004977559670009
68.05	1.004901133409892
68.14999999999999	1.0076077883559251
68.25	NaN
68.35	1.009332485431734
68.44999999999999	1.012191251296954
68.55	1.0112937403669655
68.64999999999999	NaN
68.75	1.0131115270751947
68.85	1.0129453099670607
68.94999999999999	1.0134866744807343
69.05	1.014223478600578
69.14999999999999	1.0121511897330455
69.25	1.011516537478116
69.35	1.01333881003053
69.44999999999999	NaN
69.55	1.0132345890790262
69.64999999999999	1.0131661512429408
69.75	NaN
69.85	1.0118022842607997
69.94999999999999	NaN
70.05	1.008396412475665
70.14999999999999	1.0086173351795373
70.25	NaN
70.35	1.0060351766183337
70.44999999999999	NaN
70.55	1.0028088459077256
70.64999999999999	1.0027041823197893
70.75	0.9988050444106834
70.85	0.9983798565049173
70.94999999999999	0.9987114891824084
71.05	0.9967596648833426
71.14999999999999	0.9942453999082702
71.25	NaN
71.35	0.9931279893619058
71.44999999999999	0.9918721567617759
71.55	0.992119192902882
71.64999999999999	0.990257197529631
71.75	0.9892816467422353
71.85	0.9877866077608439
71.94999999999999	0.9881742555561899
72.05	NaN
72.14999999999999	NaN
72.25	NaN
72.35	NaN
72.44999999999999	0.9860833223336404
72.55	0.9869507046218434
72.64999999999999	0.9872589379479565
72.75	NaN
72.85	0.9884152518103477
72.94999999999999	0.9888150150715813
73.05	0.9898968523718135
73.14999999999999	0.9912008558411408
73.25	0.9922074566919773
73.35	0.9933233098269403
73.44999999999999	NaN
73.55	0.9936883051743767
73.64999999999999	NaN
73.75	NaN
73.85	0.9998944674307985
73.94999999999999	0.9999494984385328
74.05	1.0023870252644664
74.14999999999999	0.9992071592858793
74.25	1.0052555410144743
74.35	1.004433329454209
74.44999999999999	1.0046357473974736
74.55	1.006945091636074
74.64999999999999	1.0099100564986463
74.75	1.0107480428148345
74.85	1.0085274676717482
74.94999999999999	1.0099270002253382
75.05	1.0112590983861367
75.14999999999999	1.010634714934543
75.25	NaN
75.35	NaN
75.44999999999999	NaN
75.55	1.0114332030700595
75.64999999999999	NaN
75.75	NaN
75.85	1.011863712285906
75.94999999999999	1.0107833481947868
76.05	1.0086629376917993
76.14999999999999	1.0097579374070018
76.25	NaN
76.35	1.0075419050726908
76.44999999999999	NaN
76.55	1.0059613768052271
76.64999999999999	1.0033611387115209
76.75	NaN
76.85	NaN
76.95	NaN
77.05	NaN
77.14999999999999	0.9991256696121299
77.25	0.9963628284595687
77.35	0.996227216098992
77.45	0.9949265593797838
77.55	0.9954996678962057
77.64999999999999	0.9932858781121955
77.75	0.9929341014824836
77.85	0.9922170364224362
77.95	0.9912943459740097
78.05	0.9906272945594832
78.14999999999999	0.9900824844249891
78.25	0.9892307575098941
78.35	0.9894429222400569
78.45	NaN
78.55	NaN
78.64999999999999	0.9882566772995017
78.75	0.9895820471616691
78.85	NaN
78.95	0.9900554464210488
79.05	NaN
79.14999999999999	NaN
79.25	0.9906843836482601
79.35	NaN
79.45	0.9915409763841205
79.55	0.9937929456171802
79.64999999999999	NaN
79.75	0.9954853204554152
79.85	0.9969685992053573
