0.15	0.03522734422213268
0.25	0.036056475126383485
0.35	0.03632648361111958
0.45	0.0371517232167922
0.55	0.03730073334761335
0.65	0.037571246810044354
0.7500000000000001	0.037967724318775875
0.85	0.03863808457206091
0.95	0.038927828260140525
1.05	0.03955312998580859
1.15	0.040176867565785986
1.25	0.04100414700589346
1.35	0.041951144724140826
1.45	0.04272589462317974
1.55	0.043866921016639825
1.65	0.044833692753651073
1.75	0.046120698999975694
1.85	0.0474996138841083
1.95	0.04884671328918067
2.05	0.05022677857541157
2.15	0.05191810448745226
2.25	0.05394363108142722
2.35	0.05601858905881855
2.45	0.05804236658319442
2.5500000000000003	0.06019929557099817
2.65	0.06313555737392229
2.75	0.0660817526462502
2.85	0.06908818572869632
2.95	0.07233106004931986
3.0500000000000003	0.07616608019701997
3.15	0.08032550883180008
3.25	0.08484313696814771
3.35	0.08985052230776597
3.45	0.09553801749796885
3.5500000000000003	0.10175822212441439
3.65	0.10775833679309003
3.75	0.1157797470748862
3.85	0.12390410791601454
3.95	0.1338793327379832
4.05	0.1434513285154322
4.1499999999999995	0.15519221076488932
4.25	0.16813506089244631
4.35	0.18353339681810454
4.449999999999999	0.19994218893746432
4.55	0.22009174970181844
4.6499999999999995	0.24223821452155528
4.75	0.2674866713561043
4.85	0.2954538193220882
4.95	0.331067739287766
5.05	0.3690635128802938
5.1499999999999995	0.4126172642966083
5.25	0.4645136194378382
5.35	0.524180279424351
5.45	0.5973382526154347
5.55	0.6777268523345732
5.6499999999999995	0.7741104713659208
5.75	0.8866494636649354
5.85	1.0128763151119118
5.95	1.150605091298752
6.05	1.306487665406793
6.1499999999999995	1.4811511651893603
6.25	1.6485690545001441
6.35	1.8134601665378203
6.45	1.953286587954465
6.55	2.0627998737312456
6.6499999999999995	2.125457713143398
6.75	2.136807170988652
6.85	2.1069924878616315
6.95	2.0289484108329288
7.05	1.9320988378625068
7.1499999999999995	1.8193486427137389
7.25	1.703097826825048
7.35	1.5883400547645519
7.45	1.4737705520547775
7.55	1.3728416271593502
7.6499999999999995	1.2815010924002082
7.75	1.1952238434819555
7.85	1.121834756565127
7.95	1.0558944769132554
8.05	0.9967067044481208
8.15	0.9452740531214474
8.25	0.9032403827172406
8.350000000000001	0.862189459802905
8.450000000000001	0.829205347075271
8.55	0.8002261692831987
8.65	0.7767934784759654
8.75	0.7561127377450582
8.850000000000001	0.738249349330086
8.950000000000001	0.7227948796120606
9.05	0.710530384336953
9.15	0.7011352844043658
9.25	0.6954424510233577
9.350000000000001	0.6889781353230904
9.450000000000001	0.6878915362370053
9.55	0.6867987305091577
9.65	0.6876548201163737
9.750000000000002	0.6904071008061897
9.85	0.6958819096820196
9.95	0.7036995202919525
10.049999999999999	0.7117308234827575
10.149999999999999	0.7215825987237735
10.25	0.734948901788237
10.35	0.747126594619952
10.45	0.7617349285086475
10.549999999999999	0.7789944283542927
10.649999999999999	0.7982637298283379
10.75	0.819066300853356
10.85	0.839056511878384
10.95	0.8619355522424861
11.049999999999999	0.8864472115478835
11.149999999999999	0.909128257594435
11.25	0.9378060898569549
11.35	0.9648622180983579
11.45	0.9909489282139665
11.549999999999999	1.0180214930409417
11.649999999999999	1.0444627333081282
11.75	1.0711032424313762
11.85	1.0964504477225598
11.95	1.1214381121046715
12.049999999999999	1.1465118878095892
12.149999999999999	1.164348651152833
12.25	1.1848374337397707
12.35	1.2026730283207019
12.45	1.2180866709814022
12.549999999999999	1.2289606432639335
12.649999999999999	1.2383361154046304
12.75	1.2405675757757653
12.85	1.24227655056337
12.95	1.239606933180896
13.049999999999999	1.2337142285017157
13.149999999999999	1.2250507452112067
13.25	1.214348713596947
13.35	1.201936869570267
13.45	1.186024911557101
13.549999999999999	1.1702692945882802
13.649999999999999	1.1511892752081525
13.75	1.1291309004243886
13.85	1.1096523271102041
13.95	1.0875504461713894
14.049999999999999	1.0651011758556679
14.149999999999999	1.0451875128591948
14.25	1.0261300270582938
14.35	1.0052886812386843
14.45	0.9868056303096266
14.549999999999999	0.9686374381042409
14.649999999999999	0.9540971112874769
14.75	0.9383392508268041
14.85	0.9222640792094524
14.95	0.9100743767902604
15.049999999999999	0.9005760881085201
15.149999999999999	0.8909651138235514
15.25	0.8807158916798191
15.35	0.8750672529202775
15.45	0.8679928653831376
15.549999999999999	0.8648442729471364
15.649999999999999	0.8594229920737531
15.75	0.8570503394030778
15.85	0.8575338933900997
15.95	0.8583481951709937
16.05	0.8605714428824887
16.15	0.8633961783640446
16.25	0.8678815673741784
16.349999999999998	0.8731082998930125
16.45	0.8775865943663732
16.55	0.8869092041435784
16.65	0.8930528141248093
16.75	0.9039317143405857
16.849999999999998	0.9118373009680729
16.95	0.9221205701642728
17.05	0.9341680819569598
17.15	0.9470496325461921
17.25	0.958707040680206
17.349999999999998	0.9705850532999437
17.45	0.9824393103513638
17.55	0.9953696276564561
17.65	1.0084080816270122
17.75	1.0206147394913765
17.849999999999998	1.0337144087057826
17.95	1.0454346306243254
18.05	1.0554426105598094
18.15	1.0674179692003414
18.25	1.077276865862011
18.349999999999998	1.0843713780712365
18.45	1.0901081347442352
18.55	1.0986982898951734
18.65	1.1049173078770864
18.75	1.1052136418416836
18.849999999999998	1.1096004451545796
18.95	1.1103968709000913
19.05	1.109868878963493
19.15	1.1086913555195788
19.25	1.1066079777421651
19.35	1.1018029208290876
19.45	1.0975660523928776
19.55	1.0907073988753218
19.65	1.085310173525626
19.75	1.0788075550873493
19.85	1.0709078167341464
19.95	1.0615313326348603
20.05	1.0520591418313365
20.15	1.0449686227244688
20.25	1.0352465907849138
20.35	1.0258418363031265
20.45	1.0139617303604567
20.55	1.0061667878888585
20.65	0.9954475646750666
20.75	0.986336950848234
20.85	0.9794251352527497
20.95	0.9698232285228857
21.05	0.9621180064372893
21.15	0.9579749764355815
21.25	0.949697121057296
21.35	0.944171664574999
21.45	0.9391413002229698
21.55	0.9357665636865181
21.65	0.9322503354235154
21.75	0.92886519038365
21.85	0.9247595516300208
21.95	0.9228788110379771
22.05	0.9235108522293366
22.15	0.9234114378732929
22.25	0.9234552514722046
22.35	0.9245483234432929
22.45	0.9253296403778523
22.55	0.9269869414907781
22.65	0.9340616860295311
22.75	0.9363863857350956
22.85	0.9401029127464441
22.95	0.9456921539570201
23.05	0.9504712293822382
23.15	0.9550310773340651
23.25	0.962926554253411
23.35	0.9693003216438643
23.45	0.975124488632063
23.55	0.98083863909396
23.65	0.989022311046034
23.75	1.0007134436210434
23.85	1.0054911775374928
23.95	1.012677847655244
24.05	1.0205451191542674
24.15	1.025093636380328
24.25	1.0309402332412807
24.35	1.037355106589678
24.45	1.043018991120432
24.55	1.0456879579957294
24.65	1.0544923685645609
24.75	1.0550890409806242
24.85	1.0578587713334515
24.95	1.0614598005747984
25.05	1.0658693192853563
25.15	1.0629430822149253
25.25	1.0622761563351761
25.35	1.0636714164443755
25.45	1.0611539021929082
25.55	1.0592197286316127
25.65	1.056668828752752
25.75	1.0514931307878839
25.85	1.0536905724731256
25.95	1.0479213838224586
26.05	1.0444753422341546
26.15	1.0383583049810392
26.25	1.0337390133980535
26.35	1.0283519010942292
26.45	1.0215091705331147
26.55	1.0161771328087563
26.65	1.0088171106765549
26.75	1.0062113104645956
26.85	1.0000270937498823
26.95	0.9951016079192582
27.05	0.9884754060020119
27.15	0.9839895539318425
27.25	0.9794318005380638
27.35	0.9769722951839247
27.45	0.9723748766716144
27.55	0.9675810874832247
27.65	0.9636764460088955
27.75	0.9614331661528471
27.85	0.9573492459697489
27.95	0.9565711886426319
28.05	0.9551003572775244
28.15	0.9535758353055165
28.25	0.9521373308594369
28.35	0.9510397068991937
28.45	0.9529483726047873
28.55	0.954298681442811
28.65	0.9533862767536452
28.75	0.9552562225057686
28.85	0.9577449188734996
28.95	0.9598241863025013
29.05	0.9591636258839452
29.15	0.9644674879019538
29.25	0.9705916082999884
29.35	0.9731429643495165
29.45	0.9749616791875003
29.55	0.9803533454072608
29.65	0.9827333968960014
29.75	0.9878499437918612
29.85	0.9922480209360394
29.95	NaN
30.05	1.0016730248296204
30.15	1.0055692513516863
30.25	1.0080368518778344
30.35	1.0157345876509545
30.45	1.017005736801138
30.55	1.0216021718646806
30.65	1.0249365111328557
30.75	1.0282616727611436
30.85	1.031362094190019
30.95	1.0338351028460266
31.05	1.0389404576630652
31.15	1.0372222826899653
31.25	1.0397509192986392
31.35	1.0404993493270098
31.45	1.040819273647442
31.55	1.0418806214653646
31.65	1.0390774268012786
31.75	NaN
31.85	1.0386324103723998
31.95	1.036548856891457
32.05	1.0342981276991936
32.15	1.0318088748852328
32.25	1.0302701596793162
32.35	1.0261323841319814
32.45	1.0219245018685568
32.55	1.0216118905533311
32.65	1.017506197761559
32.75	1.0139854456848212
32.85	1.0097263848043136
32.95	1.007527276588732
33.05	1.0029446616716007
33.15	0.9988468314189419
33.25	0.9944378136288325
33.35	0.9927733418891197
33.45	0.9890257464044753
33.55	0.987278473663833
33.65	0.9807720802118604
33.75	0.9806049757683536
33.85	0.9749542392734684
33.95	0.9742096953952558
34.05	0.9712758259235404
34.15	0.9736728173716441
34.25	0.9706468196228303
34.35	0.9695514719310819
34.45	0.9710462425504313
34.55	0.9656290523703156
34.65	0.967615754940091
34.75	0.9688214414405188
34.85	0.9684456953404974
34.95	0.9680898200071058
35.05	0.9757507243808191
35.15	0.9737155186604642
35.25	0.9730369079639221
35.35	0.9748892908878228
35.45	0.9784746316509234
35.55	0.9803000804871936
35.65	0.9828135065056
35.75	0.9866178761279683
35.85	0.9858844120197084
35.95	0.9909650486394876
36.05	0.9931182823062343
36.15	0.995971373839433
36.25	1.0015016806007355
36.35	1.0006556984293453
36.45	1.0058706769071175
36.55	1.0098309040340727
36.65	NaN
36.75	1.014617837753595
36.85	1.0152785878641575
36.95	1.0188013960671924
37.05	1.0207334644597086
37.15	1.0221656847002416
37.25	1.0236890097455464
37.35	1.0252094406177024
37.45	1.0255369856370833
37.55	1.0264859490090243
37.65	1.0307571889566816
37.75	1.0277312332717796
37.85	1.0313871160720238
37.95	1.028195486388028
38.05	NaN
38.15	NaN
38.25	1.0233907019026918
38.35	1.022815059874589
38.45	1.023247366130663
38.550000000000004	1.0199886864577876
38.65	1.0211436810204342
38.75	1.014971406186026
38.85	1.0129206176813166
38.95	1.010714736853855
39.050000000000004	1.0111118033952335
39.15	1.0050601175953615
39.25	1.0019347894727146
39.35	1.001168278948519
39.45	0.997270713382247
39.550000000000004	0.9961399571370494
39.65	NaN
39.75	0.9906689338395412
39.85	0.9872912757069887
39.95	0.9867368968086148
40.050000000000004	0.9832549551508871
40.15	0.9841953636387463
40.25	0.9828129391320034
40.35	NaN
40.45	0.9796292284216469
40.550000000000004	0.9770408786830066
40.65	0.9770168566978583
40.75	0.977340537645897
40.85	0.9742339701038188
40.95	0.9764581638773545
41.050000000000004	0.9767885634346726
41.15	0.9762594578712555
41.25	0.9775648037234035
41.35	0.9800264975029819
41.45	0.9802570499703736
41.550000000000004	0.9800426918445841
41.65	0.9819805951409427
41.75	0.9845300444444187
41.85	0.9857656020680808
41.95	0.9880629776971753
42.050000000000004	0.9895947839231781
42.15	0.9926298643559291
42.25	0.9955736578615546
42.35	0.9961250771120849
42.45	0.9991949608085794
42.550000000000004	1.0005416186201135
42.65	1.0047138082127398
42.75	1.003389626302409
42.85	1.0081417652132159
42.95	1.0083488957471367
43.050000000000004	1.0121257390938077
43.15	NaN
43.25	1.0156487293609338
43.35	1.0150274743879952
43.45	1.017906397323917
43.550000000000004	1.0159150028311574
43.65	NaN
43.75	NaN
43.85	1.022434033255071
43.95	1.0201523816162603
44.050000000000004	1.0203985356013134
44.15	1.020856540044715
44.25	1.0226431720778395
44.35	1.020744828543438
44.45	NaN
44.550000000000004	1.0167630912318888
44.65	1.0175041304718428
44.75	1.0129920959106482
44.85	1.013052007702237
44.95	1.0130271180467711
45.050000000000004	1.010278437134182
45.15	1.0098158806691406
45.25	1.0068755058665848
45.35	1.0060472203670197
45.45	1.0023741377912085
45.550000000000004	1.0024988054740336
45.65	0.9998268982069757
45.75	NaN
45.85	0.996603554455253
45.95	NaN
46.050000000000004	0.9917343607143353
46.15	0.9917565715545354
46.25	0.9927997403766
46.35	NaN
46.45	0.9882211485244268
46.550000000000004	0.9842218822814006
46.65	NaN
46.75	0.9811081274833403
46.85	0.9825957409010871
46.95	0.9839985741253097
47.050000000000004	0.980747276557853
47.15	0.9822163595072075
47.25	0.9812115021655352
47.35	0.9818489318576341
47.45	NaN
47.550000000000004	0.9822953823857155
47.65	0.9812762783070651
47.75	0.9843856212328446
47.85	0.9843136978903415
47.95	0.9865650295921222
48.050000000000004	0.9886845944067211
48.15	0.9887461611074833
48.25	0.990973258107325
48.35	0.9922964012681453
48.45	0.9956300681879989
48.550000000000004	0.9941916859321058
48.65	0.9985471208634805
48.75	0.9993448672461456
48.85	0.9997286457956177
48.95	1.0018825086137655
49.050000000000004	1.0054493575823569
49.15	1.0054621462319218
49.25	1.0066135712896456
49.35	1.0084481167733006
49.45	1.0111879639027586
49.550000000000004	1.0122555091565886
49.65	1.0133467389233735
49.75	NaN
49.85	1.0144010640979162
49.95	1.0141898651045116
50.050000000000004	1.0159145177556006
50.15	1.0167029029678154
50.25	1.016031862189378
50.35	1.0150874554196079
50.45	1.0139828223074383
50.550000000000004	1.0165856874035013
50.65	1.0142670814373282
50.75	1.0145697240691351
50.85	1.0134557244317455
50.95	1.014444836020658
51.050000000000004	1.0120272017025602
51.15	1.010290333840072
51.25	1.0088986103480355
51.35	1.0086045935709598
51.45	1.006370300324948
51.550000000000004	1.0052103269526917
51.65	1.0044606930381896
51.75	0.9986850429916622
51.85	1.0022428124406588
51.95	1.0002417796108058
52.050000000000004	0.9981500103685813
52.15	NaN
52.25	0.9956505097505004
52.35	0.9926387393843392
52.45	0.9912888784538787
52.550000000000004	0.9917824008663323
52.65	0.9934959630100625
52.75	0.9883690097723887
52.85	0.9888307631211516
52.95	0.988478379296568
53.050000000000004	0.9881844172705998
53.15	0.9863770653771609
53.25	0.9849800996142413
53.35	0.9842991084377893
53.45	0.9856568595660167
53.550000000000004	0.9842388322394847
53.65	0.9865619747422204
53.75	0.986905338144439
53.85	0.9865463932211038
53.95	0.9871374072772022
54.050000000000004	0.9887497135716985
54.15	0.9876817760397649
54.25	0.9891740934427602
54.35	0.9905560661969253
54.45	0.9950683836341989
54.550000000000004	NaN
54.65	0.996020428999132
54.75	0.9948863061432862
54.85	0.9969288337873888
54.95	0.9980435147423927
55.050000000000004	0.9980486819532619
55.15	1.0013835695234987
55.25	1.0018480279359026
55.35	1.0030549168480505
55.45	1.0081308448462702
55.550000000000004	1.0055269091949177
55.65	NaN
55.75	1.008540308035368
55.85	1.0096839128582205
55.95	1.0115187573937863
56.050000000000004	1.0130467887877066
56.15	1.011876347115061
56.25	1.0173662386261697
56.35	1.016637706154129
56.45	1.0105527736978004
56.550000000000004	1.0131304989341094
56.65	1.012116062150848
56.75	1.0111067811230776
56.85	1.013305538202252
56.95	1.0133279887117572
57.050000000000004	1.0113402811980408
57.15	1.009961261932488
57.25	1.008376598521166
57.35	1.0096180949212379
57.45	1.0071325348947546
57.550000000000004	NaN
57.65	1.0068420272515874
57.75	1.003179484812171
57.85	1.0049821314821954
57.95	1.0048300229578335
58.050000000000004	NaN
58.15	0.9989136852215232
58.25	1.0005093969364356
58.35	1.0007273027521812
58.45	0.9972428802667533
58.550000000000004	0.9969087024876284
58.65	0.9947783517910967
58.75	NaN
58.85	0.993429695848302
58.95	0.9923078820011086
59.050000000000004	0.9920759397982151
59.15	0.9921497072757676
59.25	0.9907595981979768
59.35	0.9902104574904063
59.45	0.989153572545981
59.550000000000004	0.988812512631846
59.65	NaN
59.75	0.9897731937660016
59.85	0.9883029338347019
59.95	0.9882505809955197
60.050000000000004	0.9897856076118736
60.15	0.9898714543032114
60.25	0.9905002283220821
60.35	NaN
60.45	0.9907394194068323
60.550000000000004	0.9919989694824843
60.65	0.9938874752355167
60.75	0.9945133751141143
60.85	NaN
60.95	0.9970604046385115
61.050000000000004	0.9957416232607189
61.15	0.9977148631473272
61.25	1.0003859098648917
61.35	0.9994268399594476
61.45	1.0003660837432706
61.550000000000004	1.0011765795602952
61.65	1.0066346568101379
61.75	1.0041086953057348
61.85	1.004248413510374
61.95	NaN
62.050000000000004	1.0094549625672826
62.15	1.006098479671474
62.25	1.0085956791971737
62.35	1.0073575863529654
62.45	NaN
62.550000000000004	1.009150739175582
62.65	NaN
62.75	NaN
62.85	1.010101238624841
62.95	1.009536242301449
63.050000000000004	1.010613003204051
63.15	1.009251549410892
63.25	1.0104635715024164
63.35	1.0096586860522736
63.45	1.0085430435146219
63.550000000000004	1.0077638482049516
63.65	NaN
63.75	1.0073502121808586
63.85	NaN
63.95	1.0055955062678177
64.05	1.0032655021662102
64.14999999999999	1.001366238308331
64.25	1.0023208280622955
64.35	NaN
64.44999999999999	1.0019462126342122
64.55	0.9983052872274282
64.64999999999999	0.9981594199725977
64.75	0.9978388750760944
64.85	0.9970010746760863
64.94999999999999	0.9976889254940201
65.05	0.9950482648921278
65.14999999999999	NaN
65.25	0.992357599733518
65.35	0.9930227238116395
65.44999999999999	0.99390466731003
65.55	0.9914565952991488
65.64999999999999	NaN
65.75	0.9897806942223172
65.85	0.9899684275217183
65.94999999999999	NaN
66.05	NaN
66.14999999999999	0.9903692513922919
66.25	0.9915373480091958
66.35	0.9922998722428616
66.44999999999999	0.9910043876556858
66.55	NaN
66.64999999999999	0.9940669910857325
66.75	0.9931630968452282
66.85	NaN
66.94999999999999	NaN
67.05	NaN
67.14999999999999	NaN
67.25	0.9967109883760681
67.35	NaN
67.44999999999999	NaN
67.55	0.9984241292847098
67.64999999999999	1.0019708885007692
67.75	1.0023385115876453
67.85	1.0017436872425538
67.94999999999999	NaN
68.05	1.0038031744609197
68.14999999999999	1.003835988393924
68.25	1.0031521207011571
68.35	1.0054220752371594
68.44999999999999	1.0069341649386414
68.55	1.006757412736766
68.64999999999999	NaN
68.75	1.0081912386496519
68.85	1.0074731708539544
68.94999999999999	1.0086335597790137
69.05	NaN
69.14999999999999	1.0102444575207707
69.25	NaN
69.35	1.0108994653255092
69.44999999999999	1.0076268315901367
69.55	1.0076008964220564
69.64999999999999	1.0088254979662203
69.75	1.006562385303324
69.85	1.0055885192051413
69.94999999999999	1.0062185410954887
70.05	NaN
70.14999999999999	1.004182930240307
70.25	1.0040370748002838
70.35	1.0034495462352304
70.44999999999999	1.0015679495579077
70.55	1.0027639257784562
70.64999999999999	1.0009827093574086
70.75	1.0004684486881565
70.85	0.9991854981009156
70.94999999999999	0.9983258532399111
71.05	0.999163362275399
71.14999999999999	NaN
71.25	0.9957570403568544
71.35	NaN
71.44999999999999	0.9940714377240585
71.55	0.9955256918455064
71.64999999999999	0.9934804729185851
71.75	0.9946928576217412
71.85	NaN
71.94999999999999	NaN
72.05	0.9920499256333976
72.14999999999999	NaN
72.25	0.9915351682174586
72.35	0.992932198948211
72.44999999999999	NaN
72.55	NaN
72.64999999999999	0.9938917855764569
72.75	0.9931933633836532
72.85	0.993590192223055
72.94999999999999	NaN
73.05	0.9945644737812419
73.14999999999999	0.9958358540826235
73.25	0.9937388690185632
73.35	0.9954113613977005
73.44999999999999	0.9966632222566794
73.55	0.9958633826286609
73.64999999999999	0.9952155490651928
73.75	0.9978681790428018
73.85	0.9992148253068152
73.94999999999999	NaN
74.05	NaN
74.14999999999999	1.002018876157282
74.25	1.001838067506747
74.35	1.0027133516378748
74.44999999999999	1.0037118880652693
74.55	1.0034552656579985
74.64999999999999	NaN
74.75	NaN
74.85	1.0067472540077604
74.94999999999999	1.0065631474064083
75.05	1.0068348204774917
75.14999999999999	1.0064437048128378
75.25	1.0074661559381124
75.35	1.0077492748106862
75.44999999999999	1.007403716771587
75.55	1.006177264984921
75.64999999999999	1.0064703210120063
75.75	NaN
75.85	1.0054966394881986
75.94999999999999	NaN
76.05	1.0051737281011048
76.14999999999999	1.0057724185914843
76.25	1.0055900970712934
76.35	1.004426173461556
76.44999999999999	NaN
76.55	1.003692955955707
76.64999999999999	1.0018358297576435
76.75	NaN
76.85	1.0014025815533807
76.95	0.9999505940242425
77.05	1.00005943676158
77.14999999999999	0.9990302548841331
77.25	NaN
77.35	NaN
77.45	NaN
77.55	0.9967512971913713
77.64999999999999	NaN
77.75	0.9959056698183731
77.85	0.9952455573643852
77.95	NaN
78.05	0.9941941468184994
78.14999999999999	NaN
78.25	0.993830669952953
78.35	0.9936325949026396
78.45	NaN
78.55	NaN
78.64999999999999	NaN
78.75	0.9941526729979068
78.85	0.9911611800895942
78.95	0.9940020893564026
79.05	NaN
79.14999999999999	NaN
79.25	0.9941729235816038
79.35	0.9949430002922265
79.45	NaN
79.55	0.996676268934019
79.64999999999999	NaN
79.75	0.9971929427816169
79.85	0.9954825017812584
