0.15	0.03491497189285287
0.25	0.03629884837102079
0.35	0.03716044416495036
0.45	0.037058441504964894
0.55	0.03750812922584275
0.65	0.03783578764010504
0.7500000000000001	0.03822336004581958
0.85	0.038741821734411555
0.95	0.03899867505801357
1.05	0.03976556743679268
1.15	0.04032301020266327
1.25	0.041018840991862315
1.35	0.04183742992718423
1.45	0.04269410996935997
1.55	0.04371346088702368
1.65	0.04475634379903853
1.75	0.0459592267269267
1.85	0.047439898344893185
1.95	0.04884583479381411
2.05	0.05035774514489903
2.15	0.05208471752718674
2.25	0.05403892375904773
2.35	0.05593146717138123
2.45	0.05803124040280903
2.5500000000000003	0.060198567802772295
2.65	0.06316741586316835
2.75	0.06597964786087263
2.85	0.06916562392848252
2.95	0.07257369237490069
3.0500000000000003	0.07624329252682487
3.15	0.08031410975831407
3.25	0.08471709124189046
3.35	0.0898964997452144
3.45	0.09543939727650812
3.5500000000000003	0.10159262022679967
3.65	0.1079077547915619
3.75	0.11557404799321618
3.85	0.1238535688571851
3.95	0.1336593708024965
4.05	0.14343757401983698
4.1499999999999995	0.15530268400200847
4.25	0.16816803423037538
4.35	0.18338316052110298
4.449999999999999	0.2001022110835474
4.55	0.22003470327756586
4.6499999999999995	0.2421363623127503
4.75	0.2675881359178594
4.85	0.2947012404294531
4.95	0.3307235035132334
5.05	0.3692335122371107
5.1499999999999995	0.4130730273247175
5.25	0.4637564014081876
5.35	0.5234212067745564
5.45	0.5978789438555159
5.55	0.676355630228243
5.6499999999999995	0.774969880586917
5.75	0.8864557120311568
5.85	1.0157260953899754
5.95	1.1496852187668094
6.05	1.3076422460728434
6.1499999999999995	1.4825379732106454
6.25	1.6525390855206488
6.35	1.813348405671801
6.45	1.9547689927801328
6.55	2.0651227001636174
6.6499999999999995	2.1239671242695253
6.75	2.13330710209296
6.85	2.102466081739433
6.95	2.0286009426122695
7.05	1.9321975843490238
7.1499999999999995	1.8195658971589912
7.25	1.6988555596053996
7.35	1.5906724532019008
7.45	1.4725832019184544
7.55	1.3712519221527497
7.6499999999999995	1.2799251643669378
7.75	1.195511254131149
7.85	1.1213877375812502
7.95	1.055650327427609
8.05	0.9976488851550863
8.15	0.9477759329243124
8.25	0.9022559916551289
8.350000000000001	0.8636992481973913
8.450000000000001	0.829957718623601
8.55	0.8018993921932295
8.65	0.7760773208782911
8.75	0.7569398169827651
8.850000000000001	0.7380046185091234
8.950000000000001	0.7227675951709062
9.05	0.7125481348989124
9.15	0.7002822551541359
9.25	0.6941123373595711
9.350000000000001	0.6896019852273427
9.450000000000001	0.6868406942424748
9.55	0.6862946358149403
9.65	0.6883249165025256
9.750000000000002	0.6906445521790896
9.85	0.6960096277947515
9.95	0.702433098874127
10.049999999999999	0.7121778714511309
10.149999999999999	0.721582638749056
10.25	0.7341037989110726
10.35	0.748782507615598
10.45	0.7624440876596988
10.549999999999999	0.779163083624181
10.649999999999999	0.7982600403518912
10.75	0.8171578605680918
10.85	0.8383150436453743
10.95	0.8626470645868881
11.049999999999999	0.8882723356491136
11.149999999999999	0.9115564656902089
11.25	0.9350193465289216
11.35	0.9629194911246111
11.45	0.9911522764000322
11.549999999999999	1.0162587220028116
11.649999999999999	1.047978852335428
11.75	1.0716859849469484
11.85	1.0977221186741117
11.95	1.1215565707715027
12.049999999999999	1.1455053861690194
12.149999999999999	1.1658588858271441
12.25	1.1863139267278497
12.35	1.2037327342067823
12.45	1.2189323883504066
12.549999999999999	1.227811817201197
12.649999999999999	1.237565455849666
12.75	1.2402472362201036
12.85	1.2403602471177673
12.95	1.238290859558939
13.049999999999999	1.233222700295318
13.149999999999999	1.228540783082093
13.25	1.214777612601681
13.35	1.1993747423479282
13.45	1.1859752769625087
13.549999999999999	1.168313834687596
13.649999999999999	1.1507533867635826
13.75	1.1309251843883863
13.85	1.1075341502206808
13.95	1.0873096614226685
14.049999999999999	1.0683711969270389
14.149999999999999	1.0460234608677437
14.25	1.0253355677324911
14.35	1.006032596397317
14.45	0.9878966369413518
14.549999999999999	0.9702507747763014
14.649999999999999	0.9528922081866147
14.75	0.9374674607440553
14.85	0.9233225357664862
14.95	0.9125885486417322
15.049999999999999	0.899077187175204
15.149999999999999	0.8889393022346643
15.25	0.8817640444627758
15.35	0.8762789835351242
15.45	0.869290713899886
15.549999999999999	0.8620245039829716
15.649999999999999	0.8589334162202018
15.75	0.8581131894355397
15.85	0.8582910116800755
15.95	0.8598259035900826
16.05	0.8592100103643335
16.15	0.8633708927401615
16.25	0.8679786684376674
16.349999999999998	0.8725653547679387
16.45	0.8751947910613391
16.55	0.8860381157367586
16.65	0.8938812245837386
16.75	0.9035231784667673
16.849999999999998	0.915106807484902
16.95	0.9242278082764281
17.05	0.9341329585920108
17.15	0.9453211697403268
17.25	0.9578137862582496
17.349999999999998	0.9706461661778666
17.45	0.9818665483796547
17.55	0.9971505311516503
17.65	1.0092399710334057
17.75	1.0204855255273095
17.849999999999998	1.0335535744065916
17.95	1.0440776438842476
18.05	1.0551463427442298
18.15	1.0677145474022813
18.25	1.0759932323290557
18.349999999999998	1.0845046955571238
18.45	1.0914335176779275
18.55	1.0978608350775456
18.65	1.1051505473786045
18.75	1.1062744415222907
18.849999999999998	1.1103105076247541
18.95	1.1101563106511605
19.05	1.1095968427810243
19.15	1.1094284424000784
19.25	1.106407161556177
19.35	1.1038014306893353
19.45	1.0991232168676233
19.55	1.0932237752235867
19.65	1.0842997534894778
19.75	1.0774899909985753
19.85	1.0717982041456868
19.95	1.0608315785939153
20.05	1.050253533284756
20.15	1.0428252004781953
20.25	1.03392156847435
20.35	1.0245059243917045
20.45	1.0157653551145267
20.55	1.0041712811346541
20.65	0.9971740340890208
20.75	0.9880849738690435
20.85	0.9791650413286384
20.95	0.9706699565251001
21.05	0.9670488859424621
21.15	0.9573017376620069
21.25	0.9491060518130673
21.35	0.9441549160427443
21.45	0.9404199574122152
21.55	0.933414354670307
21.65	0.931515474555016
21.75	0.9285862483104754
21.85	0.926477581280985
21.95	0.9247366755011837
22.05	0.9214305169119402
22.15	0.9234555176059198
22.25	0.9216532549179655
22.35	0.9262786124639569
22.45	0.9284218422515015
22.55	0.9281165606525049
22.65	0.9333023575130277
22.75	0.9362569791788615
22.85	0.9418027192290088
22.95	0.9459859665732814
23.05	0.9501513875924513
23.15	0.9562101946386559
23.25	0.9643717615132965
23.35	0.9694511640988144
23.45	0.9771373937930403
23.55	0.9833578219298407
23.65	0.9897183075570339
23.75	0.9950672133982023
23.85	1.002813380479183
23.95	1.0084868870501396
24.05	1.0172713857754296
24.15	1.0248328746798199
24.25	1.031696901843832
24.35	1.0356562673033372
24.45	1.0416196950753638
24.55	1.0485241751374248
24.65	1.0529073621365599
24.75	1.0544066907080794
24.85	1.0587025753327417
24.95	1.0596782276846095
25.05	1.0625817376195408
25.15	1.0594310555512847
25.25	1.0638480148959284
25.35	1.0638800642027502
25.45	1.0613084420515335
25.55	1.060514066126819
25.65	1.0598552131399153
25.75	1.0548670349872282
25.85	1.0503019976274044
25.95	1.0478845926082268
26.05	1.044170674737833
26.15	1.0388189995154848
26.25	1.0332928507660253
26.35	1.0281004075018878
26.45	1.0218120923378444
26.55	1.015587900418603
26.65	1.0108103594552864
26.75	1.0050086565644796
26.85	1.0007575319875557
26.95	0.9936768693784063
27.05	0.9888977167373193
27.15	0.9855058139211198
27.25	0.9796856802357178
27.35	0.9748929157367415
27.45	0.9706407690764133
27.55	0.9679887390251932
27.65	0.9642846551427564
27.75	0.9611759144427816
27.85	0.9591837937553929
27.95	0.9569482977559306
28.05	0.9556893567844015
28.15	0.954321824687803
28.25	0.9519067015932869
28.35	0.9514632752521363
28.45	0.9524550407954337
28.55	0.9522265766858271
28.65	0.9522249245916952
28.75	0.9541172491560643
28.85	0.9553789954557509
28.95	0.9604786011574077
29.05	0.9623878539813606
29.15	0.964873759739904
29.25	0.9703826090615716
29.35	0.971375926164373
29.45	0.9756247526435051
29.55	0.9789572885173073
29.65	0.9836961074145423
29.75	0.98613569410379
29.85	0.9925957070892104
29.95	NaN
30.05	1.0027902721833564
30.15	1.0060210411571584
30.25	1.009059367886012
30.35	1.0148357759946387
30.45	1.0173810805492933
30.55	1.0195741324320167
30.65	1.024649107236296
30.75	1.028286967673265
30.85	1.0317221479732412
30.95	1.033443864666734
31.05	1.0373994373355329
31.15	1.0373822031808764
31.25	1.0400967456924324
31.35	1.0412690933734952
31.45	1.0407141953043577
31.55	1.0416443070872787
31.65	1.0420215344918784
31.75	NaN
31.85	1.0371218862901885
31.95	1.0369067638310159
32.05	1.0344826581364606
32.15	1.0328763245559232
32.25	1.0305184805873455
32.35	1.0281371131745993
32.45	1.0246933919267138
32.55	1.0216303688103234
32.65	1.0151954301737076
32.75	1.0140513630374683
32.85	1.0098444891980674
32.95	1.0066153676194212
33.05	1.0012040226746124
33.15	1.0003320660302373
33.25	0.9957793984201742
33.35	0.9909110962267634
33.45	0.9875637081589571
33.55	0.9862210392730401
33.65	0.9826997037644937
33.75	0.9797945471406766
33.85	0.9774886042188318
33.95	0.9737589649865587
34.05	0.9735299200922375
34.15	0.9674790247109598
34.25	0.9692005673430619
34.35	0.9672257131379122
34.45	0.965954940126836
34.55	0.9670392531418346
34.65	0.9665529425825162
34.75	0.9677704900097557
34.85	0.9675925988701038
34.95	0.9686083505731571
35.05	0.9631858714638684
35.15	0.9706982866911805
35.25	0.9717599303683333
35.35	0.9747201637591496
35.45	0.9772303981049414
35.55	0.9776701977618821
35.65	0.9825152038510032
35.75	0.9850930657306204
35.85	0.9880209721860505
35.95	0.9901366744258847
36.05	0.9928490684151221
36.15	0.9956042373671323
36.25	0.9993347765311961
36.35	1.0019974766822763
36.45	1.0052039733027882
36.55	1.0095601895988031
36.65	NaN
36.75	1.0136483621008163
36.85	1.0167294772842097
36.95	1.0185503863406185
37.05	1.02179374193978
37.15	1.0218639389574304
37.25	1.0236181467933878
37.35	1.0284825117668777
37.45	1.0268644413941352
37.55	1.0271796244622937
37.65	1.027853818415628
37.75	1.0283675057316086
37.85	1.0273463905940474
37.95	1.0291306474283402
38.05	NaN
38.15	NaN
38.25	1.0249892191760475
38.35	1.0231278151932228
38.45	1.02105775729668
38.550000000000004	1.0198788459129084
38.65	1.018816511165424
38.75	1.0157840689462776
38.85	1.0132754308616276
38.95	1.0121050811268923
39.050000000000004	1.0085713307637634
39.15	1.0070659384027625
39.25	1.007001057849874
39.35	1.0031386750827007
39.45	0.9989867384333411
39.550000000000004	0.995879894983793
39.65	NaN
39.75	0.9918701422655907
39.85	0.988281046210783
39.95	0.9868064958877492
40.050000000000004	0.9862737047500703
40.15	0.9813013745076599
40.25	0.9818869363936579
40.35	NaN
40.45	0.979136984291212
40.550000000000004	0.9769789634306374
40.65	0.9778085771866395
40.75	0.9785198144631191
40.85	0.9766585920920134
40.95	0.9771030545402754
41.050000000000004	0.9799233010312579
41.15	0.9772049912492006
41.25	0.9775922861178736
41.35	0.9769873149225157
41.45	0.9802073244935557
41.550000000000004	0.9799212336993651
41.65	0.9827214516722953
41.75	0.9837805414530576
41.85	0.986085646011488
41.95	0.9856308068566938
42.050000000000004	0.9885382065476037
42.15	0.9923638349401174
42.25	0.9938194060442507
42.35	0.9934352288197756
42.45	0.9955897748205919
42.550000000000004	0.9998785595825256
42.65	1.002581017355722
42.75	1.003172561394623
42.85	1.0055150813308134
42.95	1.0084604823807868
43.050000000000004	1.010624877149421
43.15	NaN
43.25	1.0134597004645645
43.35	1.0166724759231303
43.45	1.0176393727621817
43.550000000000004	1.0229090924859814
43.65	NaN
43.75	NaN
43.85	1.0215100869192866
43.95	1.0216782550584698
44.050000000000004	1.0195724613158264
44.15	1.0213767797527977
44.25	1.021054322268029
44.35	1.019843032574169
44.45	NaN
44.550000000000004	1.0186043371748268
44.65	1.0157267851326155
44.75	1.0151991507744675
44.85	1.0137626848375676
44.95	1.012434506420591
45.050000000000004	1.0124549219212409
45.15	1.0084704430512854
45.25	1.0070121052932586
45.35	1.0055596964014224
45.45	1.004727190892603
45.550000000000004	1.001968487064891
45.65	0.9998929704421824
45.75	NaN
45.85	0.9965316273050384
45.95	NaN
46.050000000000004	0.9919903373070074
46.15	0.9900187051451104
46.25	0.9893227232817136
46.35	NaN
46.45	0.9870813173635885
46.550000000000004	0.9861489204746046
46.65	NaN
46.75	0.9847079131138845
46.85	0.9834685736280405
46.95	0.9823203202005889
47.050000000000004	0.9824468030722225
47.15	0.9819843891419094
47.25	0.9804381021629579
47.35	0.9814550736508647
47.45	NaN
47.550000000000004	0.982485846986994
47.65	0.9846586717594388
47.75	0.9844436494761702
47.85	0.9848757922852898
47.95	0.9873091398489153
48.050000000000004	0.9882688997614634
48.15	0.9904516134688747
48.25	0.9924814815006313
48.35	0.991129924898613
48.45	0.9933080700307201
48.550000000000004	0.9994703272158164
48.65	0.9978278365425414
48.75	0.9978358243529426
48.85	1.0009326299921588
48.95	1.0044308314568846
49.050000000000004	1.0061838787302166
49.15	1.0044492716165583
49.25	1.0080355310917197
49.35	1.0092551872250561
49.45	1.0111582825379108
49.550000000000004	1.013502334854806
49.65	1.0129295722624874
49.75	NaN
49.85	1.012713753451049
49.95	1.015609397292034
50.050000000000004	1.0161484258248432
50.15	1.017205249800159
50.25	1.0167097150134083
50.35	1.0176900782701794
50.45	1.0160296010797116
50.550000000000004	1.01537205156793
50.65	1.0171231515302037
50.75	1.0140504610842098
50.85	1.0144943476387092
50.95	1.014194188554989
51.050000000000004	1.0132179294768484
51.15	1.0128316500444312
51.25	1.0094795624434845
51.35	1.0072101510308888
51.45	1.0076422410749044
51.550000000000004	1.0050540167805229
51.65	1.0039200367405283
51.75	1.0026369564724964
51.85	1.0036188696369897
51.95	1.000143391575582
52.050000000000004	0.997748074949792
52.15	NaN
52.25	0.9948377301355775
52.35	0.992205390105773
52.45	0.9931872505635626
52.550000000000004	0.9894371693235343
52.65	0.9884101572657178
52.75	0.9899791174339018
52.85	0.9884624788574088
52.95	0.9887430835214354
53.050000000000004	0.9874024158966408
53.15	0.9838650882319769
53.25	0.987712239945918
53.35	0.9879940495815822
53.45	0.9865487208096527
53.550000000000004	0.988075637499531
53.65	0.986825453864427
53.75	0.9858173091318205
53.85	0.9878824701721427
53.95	0.985843156669185
54.050000000000004	0.9886748737724576
54.15	0.9899977648045725
54.25	0.9892483956616521
54.35	0.9923873320919451
54.45	0.9902565474291595
54.550000000000004	NaN
54.65	0.9969397079766509
54.75	0.995077060024499
54.85	0.9977714342452597
54.95	0.9980932855414292
55.050000000000004	1.0001695242472546
55.15	0.9999810379521195
55.25	1.0047527695632814
55.35	1.0035662995631096
55.45	1.0044958480580888
55.550000000000004	1.0057456775102762
55.65	NaN
55.75	1.0078409809302573
55.85	1.008360194881441
55.95	1.011505242931332
56.050000000000004	1.0104545077808664
56.15	1.0121306685165954
56.25	1.0146064434065754
56.35	1.0184916440914957
56.45	1.0170962724524455
56.550000000000004	1.0121783535868631
56.65	1.011514968652615
56.75	1.0099663484018107
56.85	1.01263807214273
56.95	1.0124659750164349
57.050000000000004	1.0102227364334802
57.15	1.0114714318479727
57.25	1.010789524889876
57.35	1.010113294255871
57.45	1.0069278673419533
57.550000000000004	NaN
57.65	1.0056829396413318
57.75	1.0044456087835425
57.85	1.0049127681830827
57.95	1.0035619268053777
58.050000000000004	NaN
58.15	1.0007496475690059
58.25	0.999158653833591
58.35	0.9976577236463767
58.45	0.9972200870489552
58.550000000000004	0.9959649830508006
58.65	0.9945056945881096
58.75	NaN
58.85	0.993732448449052
58.95	0.9914823912184528
59.050000000000004	0.9909601606347814
59.15	0.9903486957023793
59.25	0.9899732634455484
59.35	0.9887698682211622
59.45	0.9892191520922108
59.550000000000004	0.9884046240363131
59.65	NaN
59.75	0.9876230898820706
59.85	0.9890376934582785
59.95	0.9876721592535854
60.050000000000004	0.9871469290737854
60.15	0.9892139887128445
60.25	0.9902065058693548
60.35	NaN
60.45	0.9915112801907585
60.550000000000004	0.9925238657953023
60.65	0.9935936695323808
60.75	0.9926595699423362
60.85	NaN
60.95	0.9958967065819385
61.050000000000004	0.9966880255393935
61.15	0.9975418241838715
61.25	0.9996335306242878
61.35	1.0006666931591166
61.45	1.002491371998136
61.550000000000004	1.0022340917849157
61.65	1.0051786896422423
61.75	1.0042134743187339
61.85	1.0041965934914383
61.95	NaN
62.050000000000004	1.00524719633624
62.15	1.0075369512695382
62.25	1.0088163549813416
62.35	1.0065345325918231
62.45	NaN
62.550000000000004	1.0105803274992222
62.65	NaN
62.75	NaN
62.85	1.0109630718722011
62.95	1.0107966068118117
63.050000000000004	1.009916499046483
63.15	1.0089285062572206
63.25	1.009220425308426
63.35	1.007486471964849
63.45	1.0084193534578194
63.550000000000004	1.0077855962404865
63.65	NaN
63.75	1.0084840909501578
63.85	NaN
63.95	1.0052561061529408
64.05	1.0030224745693708
64.14999999999999	1.0021283398100709
64.25	1.001372216724816
64.35	NaN
64.44999999999999	0.9995673635329196
64.55	0.9997955100564602
64.64999999999999	0.998815398580646
64.75	0.9964485827007098
64.85	0.9935614838474356
64.94999999999999	0.9955392204439778
65.05	0.9953432659723502
65.14999999999999	NaN
65.25	0.9939088263017264
65.35	0.9920636650763728
65.44999999999999	0.9914368315075448
65.55	0.9927113191845929
65.64999999999999	NaN
65.75	0.993058444467541
65.85	0.9897921425738787
65.94999999999999	NaN
66.05	NaN
66.14999999999999	0.9906683535802868
66.25	0.991257535982905
66.35	0.9910861622025104
66.44999999999999	0.9911983368277216
66.55	NaN
66.64999999999999	0.9915042754784614
66.75	0.9923935051993239
66.85	NaN
66.94999999999999	NaN
67.05	NaN
67.14999999999999	NaN
67.25	0.9972301230799586
67.35	NaN
67.44999999999999	NaN
67.55	1.0008903469509713
67.64999999999999	1.0016889379099758
67.75	1.0000354719139537
67.85	1.000961508447764
67.94999999999999	NaN
68.05	1.0033202388241698
68.14999999999999	1.004591015274607
68.25	1.0065822249919438
68.35	1.0053964389275496
68.44999999999999	1.0055338404658822
68.55	1.0063337145900246
68.64999999999999	NaN
68.75	1.0085385973470904
68.85	1.0080278116854025
68.94999999999999	1.0093293791437907
69.05	NaN
69.14999999999999	1.0084435063602488
69.25	NaN
69.35	1.008866214992285
69.44999999999999	1.0076569176170593
69.55	1.0070978421983807
69.64999999999999	1.0065688651767073
69.75	1.0072873227993286
69.85	1.0067958915767545
69.94999999999999	1.0057866892173903
70.05	NaN
70.14999999999999	1.0044191152830275
70.25	1.005606419390705
70.35	1.0028539873049716
70.44999999999999	1.0034123102313288
70.55	1.001405632043127
70.64999999999999	1.0008897933637235
70.75	1.000520358340365
70.85	0.9989065767460034
70.94999999999999	0.9987063466085483
71.05	0.998734498035532
71.14999999999999	NaN
71.25	0.9955912719446355
71.35	NaN
71.44999999999999	0.9932887420801891
71.55	0.9961537393507744
71.64999999999999	0.9945138446498691
71.75	0.9916379200921189
71.85	NaN
71.94999999999999	NaN
72.05	0.9923522336747419
72.14999999999999	NaN
72.25	0.9925171502525421
72.35	0.992595054598382
72.44999999999999	NaN
72.55	NaN
72.64999999999999	0.9940444657079636
72.75	0.9931661013432059
72.85	0.9955429121630959
72.94999999999999	NaN
73.05	0.9932263124067741
73.14999999999999	0.9951559271456555
73.25	0.995769271379367
73.35	0.99632076247745
73.44999999999999	0.9961745733204598
73.55	0.9988445159779683
73.64999999999999	0.998309283615776
73.75	0.9981446816304319
73.85	0.9998167568549832
73.94999999999999	NaN
74.05	NaN
74.14999999999999	1.002202047707755
74.25	1.0017302698317347
74.35	1.0025357204939733
74.44999999999999	1.0039895218237178
74.55	1.0042205505556954
74.64999999999999	NaN
74.75	NaN
74.85	1.0052740862392398
74.94999999999999	1.0061918678290758
75.05	1.0067295515349903
75.14999999999999	1.0054586898605424
75.25	1.0060773645207999
75.35	1.0065110978601182
75.44999999999999	1.0069177904362285
75.55	1.0080386814145224
75.64999999999999	1.006829297402318
75.75	NaN
75.85	1.0064686072214695
75.94999999999999	NaN
76.05	1.0059080287720321
76.14999999999999	1.0055145756604689
76.25	1.0040796385791233
76.35	1.0043678961561808
76.44999999999999	NaN
76.55	1.0034459023891134
76.64999999999999	1.0034377182806569
76.75	NaN
76.85	1.0016994447275398
76.95	1.0014372487633487
77.05	1.0014241522216036
77.14999999999999	0.99807133623322
77.25	NaN
77.35	NaN
77.45	NaN
77.55	0.9965757875727578
77.64999999999999	NaN
77.75	0.9946481647732036
77.85	0.9949181452712674
77.95	NaN
78.05	0.9940357590134755
78.14999999999999	NaN
78.25	0.9933561930830522
78.35	0.9939099204687719
78.45	NaN
78.55	NaN
78.64999999999999	NaN
78.75	0.9932450001698545
78.85	0.9934413663259937
78.95	0.9917650419313492
79.05	NaN
79.14999999999999	NaN
79.25	0.9943552096421346
79.35	0.9947618087007377
79.45	NaN
79.55	0.9981162331206124
79.64999999999999	NaN
79.75	0.997698578178972
79.85	0.9970976031831154
