0.15	0.018388125276260523
0.25	0.018862804865259458
0.35	0.01885607885321058
0.45	0.01922057988810593
0.55	0.019344712545719903
0.65	0.01962415332159514
0.7500000000000001	0.01949618532291885
0.85	0.020027217107403333
0.95	0.0202376521091826
1.05	0.020378675424547268
1.15	0.020883477625738615
1.25	0.021166655476645094
1.35	0.021517676603510002
1.45	0.02197918250766668
1.55	0.022682927640318064
1.65	0.02309741812432457
1.75	0.023562423425328067
1.85	0.024336293546360493
1.95	0.025099798501247453
2.05	0.025708811994266393
2.15	0.02662675904804546
2.25	0.027541493158971503
2.35	0.02849180524773545
2.45	0.029492897186597266
2.5500000000000003	0.030845790220172378
2.65	0.032085322738864115
2.75	0.033453352201592595
2.85	0.03487830660016761
2.95	0.03671651753458596
3.0500000000000003	0.03828221010141094
3.15	0.040319668819241476
3.25	0.042519358198898585
3.35	0.045041700713355746
3.45	0.04759491471555833
3.5500000000000003	0.050471473164103
3.65	0.053750179179342966
3.75	0.05756651438315109
3.85	0.060833735358894685
3.95	0.06569067443637389
4.05	0.07067380748860976
4.1499999999999995	0.07645401128630051
4.25	0.08257046310560719
4.35	0.08993840650136097
4.449999999999999	0.09764197537188872
4.55	0.10659584915762985
4.6499999999999995	0.116651202313103
4.75	0.12905020559548724
4.85	0.14323055135907858
4.95	0.1594653148346138
5.05	0.17680289503110477
5.1499999999999995	0.19970910604922348
5.25	0.22423054915394774
5.35	0.2548855107482197
5.45	0.2919557352466021
5.55	0.33575714771628895
5.6499999999999995	0.38722567527894014
5.75	0.4536272620894234
5.85	0.5301818232844479
5.95	0.6260025941665198
6.05	0.7465948688618768
6.1499999999999995	0.8996156536450094
6.25	1.083843641045675
6.35	1.300148075323386
6.45	1.5807956816978568
6.55	1.888718652111469
6.6499999999999995	2.223197564163358
6.75	2.536937384647735
6.85	2.789968816128497
6.95	2.923434441879771
7.05	2.9046995484313096
7.1499999999999995	2.7712181825300752
7.25	2.552866931280428
7.35	2.295771773069982
7.45	2.0398213473696933
7.55	1.8187531455838641
7.6499999999999995	1.6060980526804727
7.75	1.432224335930286
7.85	1.2820929072460105
7.95	1.1592026145808174
8.05	1.0594563732935098
8.15	0.9747738729004785
8.25	0.8996043120867308
8.350000000000001	0.8390379008996186
8.450000000000001	0.7875941968430439
8.55	0.7446985380302722
8.65	0.706326675494489
8.75	0.676645291410441
8.850000000000001	0.6514878939919452
8.950000000000001	0.6286191829176001
9.05	0.611833356533673
9.15	0.5972050154935811
9.25	0.5880092756219983
9.350000000000001	0.5782965038793477
9.450000000000001	0.5730455230849777
9.55	0.5693517230397228
9.65	0.5681282357730806
9.750000000000002	0.5696296922266749
9.85	0.5723674105115574
9.95	0.5777970865164751
10.049999999999999	0.584867898366241
10.149999999999999	0.5935538182788197
10.25	0.6069960174197907
10.35	0.6191232031979484
10.45	0.6338150350238195
10.549999999999999	0.6508169752586594
10.649999999999999	0.6715207637868089
10.75	0.6957921871152029
10.85	0.720437981997839
10.95	0.7482650901615463
11.049999999999999	0.7767013384076008
11.149999999999999	0.8099104509568787
11.25	0.8437104510390356
11.35	0.8817190041414127
11.45	0.9214716090461301
11.549999999999999	0.9611818556176043
11.649999999999999	1.0028326141799324
11.75	1.044129913790861
11.85	1.0862672813777774
11.95	1.124602706993348
12.049999999999999	1.1635846653379982
12.149999999999999	1.2002920831173391
12.25	1.2311557302984941
12.35	1.2595133488443673
12.45	1.2833488424623596
12.549999999999999	1.3026017360765272
12.649999999999999	1.3214528980971372
12.75	1.3291960687759137
12.85	1.3384884525466085
12.95	1.3382780398126228
13.049999999999999	1.3375301262660344
13.149999999999999	1.3350699726323962
13.25	1.3282135171286455
13.35	1.3180687534342812
13.45	1.301527235890564
13.549999999999999	1.2888112654594879
13.649999999999999	1.2644115931105662
13.75	1.2444895276522938
13.85	1.2171056869201688
13.95	1.1893984594893001
14.049999999999999	1.160214606061786
14.149999999999999	1.1290314144613718
14.25	1.0962219795370678
14.35	1.06551043410345
14.45	1.0328871527487717
14.549999999999999	1.0023833720248276
14.649999999999999	0.9737042904538313
14.75	0.9447717146107194
14.85	0.9199383927780043
14.95	0.8968693446063827
15.049999999999999	0.8767825313298715
15.149999999999999	0.8572574564130105
15.25	0.8418572824669641
15.35	0.8271602338827176
15.45	0.8140746947117907
15.549999999999999	0.8027457490846135
15.649999999999999	0.7959658916664049
15.75	0.7904264136694842
15.85	0.7856089332366392
15.95	0.7826777411292142
16.05	0.780917358729258
16.15	0.7824789097153134
16.25	0.7866257587317786
16.349999999999998	0.7915013119723023
16.45	0.798378662424133
16.55	0.8049287577144504
16.65	0.8159966565841085
16.75	0.8264317519160592
16.849999999999998	0.8401880695330115
16.95	0.8539753248817593
17.05	0.8692965951608395
17.15	0.8843925020659699
17.25	0.9042029528367643
17.349999999999998	0.9226602194506761
17.45	0.9425260518671256
17.55	0.9633539903799084
17.65	0.9846182629173166
17.75	1.0056820223079528
17.849999999999998	1.0255426282475297
17.95	1.0463375140689666
18.05	1.0657489761385293
18.15	1.0858578722459837
18.25	1.1030492070990054
18.349999999999998	1.1196630943862458
18.45	1.1364430526621443
18.55	1.148407377017988
18.65	1.1568813575410408
18.75	1.1666777665428039
18.849999999999998	1.1724098658390236
18.95	1.1754044811694624
19.05	1.1773773357765638
19.15	1.1734132964009185
19.25	1.1727388904847393
19.35	1.1687259506324486
19.45	1.1618623636120926
19.55	1.1521909568326105
19.65	1.1414241689705558
19.75	1.1334226014855995
19.85	1.1215073485117473
19.95	1.1076703858865147
20.05	1.0949981116537213
20.15	1.082592123849355
20.25	1.0667499019589284
20.35	1.0525301651518202
20.45	1.0380297978703326
20.55	1.0247319177580176
20.65	1.0108572759840422
20.75	0.9976116445882097
20.85	0.9828065065113306
20.95	0.9695087349284646
21.05	0.9589865923944347
21.15	0.946948581237889
21.25	0.9360513638668922
21.35	0.9266431274851361
21.45	0.9182464759588466
21.55	0.9092966817627683
21.65	0.9027745207339326
21.75	0.8964201900075335
21.85	0.8893341365224786
21.95	0.8861892986413344
22.05	0.8838692767034698
22.15	0.8824869232677427
22.25	0.8814628144452491
22.35	0.8801839784958688
22.45	0.8824355581141345
22.55	0.8830154361056185
22.65	0.8867692555487379
22.75	0.8885180970801266
22.85	0.8948917377518415
22.95	NaN
23.05	0.9086637018756848
23.15	0.9183377267281471
23.25	0.9288800454499097
23.35	0.9369833156917663
23.45	0.9439534701750307
23.55	0.9594826693564239
23.65	0.9674384380996961
23.75	0.9807477696771055
23.85	0.9898515100637697
23.95	1.0035473320003068
24.05	1.0142320819194832
24.15	1.025109454128771
24.25	1.0387458458417662
24.35	1.0486559300712528
24.45	1.0597718019111455
24.55	1.0632110856089139
24.65	1.0773230679699126
24.75	1.083150525913525
24.85	1.0915524028967147
24.95	1.0959230913431792
25.05	1.1002101074498107
25.15	1.103730562435302
25.25	1.1043462326198736
25.35	1.104101673632097
25.45	1.100207731953652
25.55	1.102077478989059
25.65	1.099778065423406
25.75	1.0946714148049197
25.85	1.0889796372505347
25.95	1.0830486525310175
26.05	1.0749878819220113
26.15	1.067358959984814
26.25	1.0598345434830416
26.35	1.0505993007025123
26.45	1.0440660126950438
26.55	1.034760607551691
26.65	1.0243826793098363
26.75	1.0164126455237183
26.85	1.00656447875088
26.95	0.9977088176813729
27.05	0.9915097064399208
27.15	0.982340766987732
27.25	0.9735546269186348
27.35	0.9670314333982669
27.45	0.9587486743036165
27.55	0.9526577429805808
27.65	0.9494797013692802
27.75	0.9426048939963821
27.85	0.9368505169422281
27.95	0.9331318937081634
28.05	0.9315030350468722
28.15	0.9289155210723812
28.25	0.9260057408062556
28.35	0.9257266825160131
28.45	0.9252074751073124
28.55	0.9237069411557942
28.65	0.9241433808822868
28.75	0.927087321300743
28.85	0.9303579572458032
28.95	0.9308332152432367
29.05	0.9364681846779913
29.15	0.9383859215504621
29.25	0.9421893235019676
29.35	0.9457568857544062
29.45	0.9521155004179636
29.55	0.9596561545464821
29.65	0.9645349628105391
29.75	0.9744722434821829
29.85	0.9790659041570894
29.95	0.9868163054917212
30.05	0.994239092238657
30.15	0.9996111240289145
30.25	1.0063078163980668
30.35	1.0163107841898436
30.45	1.0218603486107734
30.55	1.029815891954565
30.65	1.0344448670171897
30.75	1.042115839776993
30.85	1.0517146570961566
30.95	1.0522209784793908
31.05	1.0582200248430178
31.15	1.0624143129539063
31.25	1.063420994261381
31.35	1.065780274243538
31.45	1.0681365411987662
31.55	1.06827034538098
31.65	1.0680429118799888
31.75	1.0668768987960184
31.85	1.063797618584787
31.95	1.0638631685188262
32.05	1.0590519701519912
32.15	1.055945814068648
32.25	1.0522054576790736
32.35	1.0436534117266074
32.45	1.0415140786111974
32.55	1.0395822257647847
32.65	1.0313264951659256
32.75	1.0249360789013722
32.85	1.0200161799911094
32.95	1.0154918901245065
33.05	1.0076104929489138
33.15	1.002374926800675
33.25	0.997053139734525
33.35	0.990065648395909
33.45	0.9841051182471332
33.55	0.9823887794380027
33.65	0.9733399121083403
33.75	0.9684131468709832
33.85	0.966417808489394
33.95	0.960698015079874
34.05	0.9586849807786758
34.15	0.9561239904722902
34.25	0.9530743639322709
34.35	0.9511405729504967
34.45	0.9484845204256362
34.55	0.9465216927823512
34.65	0.946897901561321
34.75	0.9486362856025697
34.85	0.9484997967725795
34.95	0.9492349093792193
35.05	0.947522837191287
35.15	0.9489730855814211
35.25	0.9535424514098436
35.35	0.9546254667063327
35.45	0.9569795666936364
35.55	0.9621720423348582
35.65	0.9646372648417847
35.75	0.9735405287825684
35.85	0.9745731562754785
35.95	0.9797295776717587
36.05	0.9847139098373334
36.15	0.989611217838409
36.25	0.9953130764665377
36.35	0.9999702991388506
36.45	1.0056429431342562
36.55	NaN
36.65	1.0136335637120277
36.75	1.0181060776626019
36.85	1.0165183472558228
36.95	1.0280097599018487
37.05	1.0313184441843046
37.15	1.0348294887465888
37.25	1.0365866949180873
37.35	1.0401076030729803
37.45	1.0432314313449293
37.55	1.0442130375797745
37.65	NaN
37.75	1.0471128762536333
37.85	1.0510851485340291
37.95	1.0479193362379087
38.05	1.0462583668542895
38.15	1.0441658836395729
38.25	1.0416390116926766
38.35	1.0427872437032075
38.45	1.038934437337298
38.550000000000004	1.0354401565001252
38.65	1.0343515850834974
38.75	1.0283002215205783
38.85	1.024483709245487
38.95	1.0221321703537944
39.050000000000004	1.0173745642285603
39.15	NaN
39.25	NaN
39.35	NaN
39.45	NaN
39.550000000000004	0.9962090511944824
39.65	0.9918706544347481
39.75	0.9880460932276849
39.85	0.9834456590706354
39.95	0.9798973441213492
40.050000000000004	0.975442446300781
40.15	NaN
40.25	0.9715714642812111
40.35	0.9691456299070104
40.45	0.9665852155766224
40.550000000000004	0.964686179464329
40.65	0.9632864281832765
40.75	0.9625754520290285
40.85	0.9613276476682496
40.95	0.9620703072859655
41.050000000000004	0.9626819778637864
41.15	0.9604059194317718
41.25	0.9621974561737613
41.35	0.9636098881982704
41.45	0.9661547325272659
41.550000000000004	NaN
41.65	0.9688254901935115
41.75	0.971273313749407
41.85	0.9739168970004265
41.95	0.9772054107924693
42.050000000000004	0.9809733805407689
42.15	NaN
42.25	0.986797053355151
42.35	0.9903216899218152
42.45	0.9936089625321987
42.550000000000004	0.9975582732930947
42.65	0.9980013987417132
42.75	1.0056157845417495
42.85	1.0100420747067829
42.95	1.0133787285545015
43.050000000000004	1.015606082629313
43.15	1.0191807402289426
43.25	1.0220665159231672
43.35	1.0246384968994369
43.45	1.028146854048613
43.550000000000004	1.0298874909951514
43.65	NaN
43.75	1.0336924773946379
43.85	1.0343801416544365
43.95	1.0347191312594708
44.050000000000004	1.0342682162900236
44.15	1.0341542849355108
44.25	NaN
44.35	1.0325048235312138
44.45	1.0332969714029947
44.550000000000004	1.0300609598128259
44.65	1.0296937062302467
44.75	1.0275969809108776
44.85	1.025710669765338
44.95	1.0230426553049297
45.050000000000004	1.0187475215087778
45.15	1.0159477567789723
45.25	1.013968856119159
45.35	NaN
45.45	1.0069182460448565
45.550000000000004	1.0057211457958861
45.65	NaN
45.75	0.9941694636742103
45.85	0.9945626681044722
45.95	0.9926313829965522
46.050000000000004	0.9891498256536684
46.15	0.9866507255926418
46.25	0.9855367857122053
46.35	0.9825434232582885
46.45	0.9793293650336742
46.550000000000004	0.9787200814883235
46.65	NaN
46.75	0.9746692479351124
46.85	0.9728440417402434
46.95	0.9730590718684994
47.050000000000004	0.9718613376195246
47.15	0.9713492429727079
47.25	0.9720729907032197
47.35	0.969707656187044
47.45	0.9720069647555621
47.550000000000004	0.9722797506756243
47.65	0.9719701665709611
47.75	0.9733326480960693
47.85	0.9753229385611525
47.95	0.9773812589052162
48.050000000000004	0.9769871249375024
48.15	0.9806961016359277
48.25	0.9831047556193202
48.35	0.9858301260405345
48.45	0.9888391469975775
48.550000000000004	0.989842762986731
48.65	0.9943936999032187
48.75	0.9957232659957209
48.85	0.9999771399794802
48.95	1.0041843981806011
49.050000000000004	1.0049319655908393
49.15	NaN
49.25	1.0096535162891538
49.35	1.0128149056632332
49.45	1.0153066534497905
49.550000000000004	1.0175549894735525
49.65	1.0200486579505403
49.75	1.0229618226694672
49.85	1.0215395476883486
49.95	1.0231833605501075
50.050000000000004	1.0257294375130426
50.15	1.0251823582541322
50.25	1.0262621657171058
50.35	1.0264347366573632
50.45	1.026222981020557
50.550000000000004	1.0254505172968222
50.65	1.0266094389474187
50.75	1.0251273783427046
50.85	1.0247598999971217
50.95	NaN
51.050000000000004	1.0201273278299523
51.15	1.0189540930945031
51.25	1.0167715463467268
51.35	1.0167798822241005
51.45	1.013172119129391
51.550000000000004	NaN
51.65	1.0078607657494336
51.75	1.0063306413878452
51.85	1.0039766149259373
51.95	1.0003705821589328
52.050000000000004	NaN
52.15	0.9954262203708993
52.25	0.99285549503228
52.35	0.991701656267416
52.45	0.9873170477457706
52.550000000000004	0.9906580653236909
52.65	0.9850528807858763
52.75	0.9831750272866914
52.85	0.9822936634427972
52.95	NaN
53.050000000000004	0.9794746331104278
53.15	NaN
53.25	0.9767810851986738
53.35	0.9777642376660527
53.45	0.9800364341209808
53.550000000000004	NaN
53.65	0.9769209980905982
53.75	NaN
53.85	0.9774769184948764
53.95	0.9789411110681526
54.050000000000004	NaN
54.15	0.9797176929886077
54.25	NaN
54.35	0.9842426619645618
54.45	0.9851174449122243
54.550000000000004	NaN
54.65	0.989014538797865
54.75	0.9899116516128632
54.85	0.9934233614014552
54.95	0.9969737682369355
55.050000000000004	0.9969949336900987
55.15	0.9987548029435718
55.25	1.0027368955843743
55.35	1.0064398314422915
55.45	1.0078249205131546
55.550000000000004	1.0065488870676789
55.65	1.0075026663501654
55.75	1.0109764206283014
55.85	1.0135844700452201
55.95	1.0155128989626394
56.050000000000004	1.018206994690978
56.15	1.0193812874807795
56.25	1.0169852734702751
56.35	1.020929806204919
56.45	1.0200150406314472
56.550000000000004	1.020935301558788
56.65	1.021869515212411
56.75	NaN
56.85	1.021091003553162
56.95	1.0198922345007495
57.050000000000004	1.0190980844538582
57.15	1.0190849521829226
57.25	1.0209116430089584
57.35	NaN
57.45	1.0149641522063375
57.550000000000004	1.0126727469540895
57.65	1.0121085236961698
57.75	1.008727405055296
57.85	1.0049841167048783
57.95	1.004996686330089
58.050000000000004	1.0031635886723709
58.15	0.9999080701254299
58.25	1.0011131714994372
58.35	0.9985635407367442
58.45	NaN
58.550000000000004	0.9924993071990369
58.65	0.9935474074289347
58.75	NaN
58.85	0.9883719757881727
58.95	NaN
59.050000000000004	0.9858245320092985
59.15	0.9845966579484232
59.25	0.9830042230942191
59.35	0.984648998713325
59.45	0.9811666787719169
59.550000000000004	0.9802264060737
59.65	0.9812787637793302
59.75	0.9809573886778005
59.85	NaN
59.95	0.9810707869490854
60.050000000000004	NaN
60.15	0.9830270750217667
60.25	0.9826560299266724
60.35	NaN
60.45	0.9850113804858729
60.550000000000004	0.9874093997042839
60.65	0.9881402225477859
60.75	0.9888825627798453
60.85	0.9892705507059242
60.95	0.9927574395232998
61.050000000000004	0.995353090952707
61.15	0.994813590726771
61.25	0.9972417907162316
61.35	0.9975355337683661
61.45	1.0003320502753819
61.550000000000004	NaN
61.65	1.0045594895365237
61.75	NaN
61.85	NaN
61.95	1.0088617856654623
62.050000000000004	1.0115013224433778
62.15	1.0127984142193611
62.25	1.0129532492163666
62.35	1.0159205789590136
62.45	1.0139604152566404
62.550000000000004	1.0170456511882793
62.65	1.015987263130601
62.75	1.0165584705324104
62.85	1.0165386050931722
62.95	1.017231689871279
63.050000000000004	1.0179954442525323
63.15	1.0162846945673158
63.25	NaN
63.35	1.0159064677170415
63.45	1.014672729372563
63.550000000000004	1.0127972849087812
63.65	1.0111575083652444
63.75	1.01040003548143
63.85	1.0092931971911603
63.95	1.00866003014684
64.05	1.007943090469939
64.14999999999999	1.0057329063111937
64.25	1.0086697043599446
64.35	1.0030463476111293
64.44999999999999	1.0001506636835937
64.55	1.0001267446629765
64.64999999999999	0.9965175630852185
64.75	0.9984727649402588
64.85	0.9941687066114212
64.94999999999999	0.992442064669878
65.05	0.9889638474097358
65.14999999999999	0.9908390521526613
65.25	NaN
65.35	0.9895459030436208
65.44999999999999	NaN
65.55	0.9851875161266607
65.64999999999999	0.9863044921893284
65.75	0.9856149095511422
65.85	0.9853813185309437
65.94999999999999	0.9848404201765582
66.05	NaN
66.14999999999999	0.98464817053037
66.25	0.9869153886083768
66.35	0.986772016343441
66.44999999999999	0.9854434027454062
66.55	0.985352654293503
66.64999999999999	NaN
66.75	0.988737331194082
66.85	NaN
66.94999999999999	NaN
67.05	0.9923010526216105
67.14999999999999	0.9925183489996159
67.25	0.9931345659507711
67.35	0.9954472794395205
67.44999999999999	0.996217586697711
67.55	0.9989362864024471
67.64999999999999	NaN
67.75	NaN
67.85	1.005603046870588
67.94999999999999	1.0035743481883574
68.05	1.005775899262442
68.14999999999999	1.0060451275483393
68.25	NaN
68.35	1.0080534181108538
68.44999999999999	1.0101763710674616
68.55	1.0121596770746948
68.64999999999999	NaN
68.75	1.012727537625181
68.85	1.0119055283216298
68.94999999999999	1.0134722090258264
69.05	1.013740958765276
69.14999999999999	1.0153901378348764
69.25	1.0146137310183938
69.35	1.0148250022136225
69.44999999999999	NaN
69.55	1.0126097313572815
69.64999999999999	1.0136891660458232
69.75	NaN
69.85	1.0102910174479065
69.94999999999999	NaN
70.05	1.0081667602980504
70.14999999999999	1.0075613862281168
70.25	NaN
70.35	1.007264561808351
70.44999999999999	NaN
70.55	1.0038955272626235
70.64999999999999	0.9996253395474936
70.75	1.0014635177334499
70.85	0.9974378254939513
70.94999999999999	0.997703351664848
71.05	0.9994643738008852
71.14999999999999	0.9953759302144213
71.25	NaN
71.35	0.9949235334913107
71.44999999999999	0.9924397683503596
71.55	0.9922280540546794
71.64999999999999	0.9881520211223148
71.75	0.9889247490815775
71.85	0.9880121224174963
71.94999999999999	0.9892120640668646
72.05	NaN
72.14999999999999	NaN
72.25	NaN
72.35	NaN
72.44999999999999	0.9878449577130156
72.55	0.9881451758793632
72.64999999999999	0.9870084140280717
72.75	NaN
72.85	0.9888512824573653
72.94999999999999	0.989816389186416
73.05	0.9896224809624888
73.14999999999999	0.9913416729765302
73.25	0.9929925556364104
73.35	0.9929375946019879
73.44999999999999	NaN
73.55	0.9971404147696123
73.64999999999999	NaN
73.75	NaN
73.85	0.998154088151025
73.94999999999999	1.0003025565620387
74.05	0.9996207794072903
74.14999999999999	1.0035075333938408
74.25	1.0032678670188433
74.35	1.0046630070436153
74.44999999999999	1.0059576829839598
74.55	1.0076226909102377
74.64999999999999	1.0083016032194418
74.75	1.0076031526380034
74.85	1.0095467850048965
74.94999999999999	1.0095694685688943
75.05	1.0110782779051872
75.14999999999999	1.011255746932073
75.25	NaN
75.35	NaN
75.44999999999999	NaN
75.55	1.011971254752363
75.64999999999999	NaN
75.75	NaN
75.85	1.009550176283049
75.94999999999999	1.0107089319157565
76.05	1.0099625410594915
76.14999999999999	1.0088315022702583
76.25	NaN
76.35	1.0084771351092061
76.44999999999999	NaN
76.55	1.0053937445790224
76.64999999999999	1.0020084923337387
76.75	NaN
76.85	NaN
76.95	NaN
77.05	NaN
77.14999999999999	0.9989817004566586
77.25	0.9988905703263359
77.35	0.9972760294276131
77.45	0.9963386657911955
77.55	0.9947731864924476
77.64999999999999	0.9954310065143603
77.75	0.9931675298957409
77.85	0.9911663122838285
77.95	0.9911670207103839
78.05	0.990796797074012
78.14999999999999	0.9904197418369867
78.25	0.9900906367356632
78.35	0.987927022661899
78.45	NaN
78.55	NaN
78.64999999999999	0.9892581984791321
78.75	0.9884764300623073
78.85	NaN
78.95	0.9884592684183819
79.05	NaN
79.14999999999999	NaN
79.25	0.99137421581209
79.35	NaN
79.45	0.9937256182802715
79.55	0.9937344787093736
79.64999999999999	NaN
79.75	0.9944218264993481
79.85	0.9963592666564368
