0.15	0.018210346573532335
0.25	0.019557335608533805
0.35	0.018801376967709286
0.45	0.01944252167675003
0.55	0.019293279409618273
0.65	0.019429357043629532
0.7500000000000001	0.01972569213543549
0.85	0.019924104425888406
0.95	0.020030720685672358
1.05	0.020402883509194367
1.15	0.020812211908466386
1.25	0.021309809726865647
1.35	0.02140719096564347
1.45	0.022009421045477418
1.55	0.02266026628500012
1.65	0.02301580801590896
1.75	0.02360415484823218
1.85	0.02429606604403248
1.95	0.025085626554143002
2.05	0.025802259616616797
2.15	0.02657541539883331
2.25	0.027600719648483395
2.35	0.028523700166399192
2.45	0.029561983121699477
2.5500000000000003	0.030725853237764666
2.65	0.032019561296127784
2.75	0.033463613274039815
2.85	0.03496023683147502
2.95	0.03665888902031041
3.0500000000000003	0.0382951111626323
3.15	0.04024506505177482
3.25	0.04252272835554326
3.35	0.04500886634738612
3.45	0.04751502826149869
3.5500000000000003	0.05055410076900856
3.65	0.05378218553007026
3.75	0.05744289816203933
3.85	0.06081891821101965
3.95	0.06595710542362135
4.05	0.07077585158718781
4.1499999999999995	0.07632957036670412
4.25	0.08241105798282033
4.35	0.09006301523805382
4.449999999999999	0.0975663748185964
4.55	0.10668408094090036
4.6499999999999995	0.11667200840752993
4.75	0.12917753706769833
4.85	0.1427824571459432
4.95	0.159433265101709
5.05	0.17718773962160145
5.1499999999999995	0.19973880635261673
5.25	0.22465335186576463
5.35	0.2546636484770424
5.45	0.2922447419141451
5.55	0.3361796014290822
5.6499999999999995	0.3870446763684982
5.75	0.45332682129784985
5.85	0.5287781094702272
5.95	0.6254851525000606
6.05	0.7465912726228207
6.1499999999999995	0.8999539051417375
6.25	1.082773035976171
6.35	1.3023113192853721
6.45	1.579421235220755
6.55	1.8917730545467142
6.6499999999999995	2.2276051421642755
6.75	2.536145192102625
6.85	2.78662959488696
6.95	2.9296669883899504
7.05	2.918126983506863
7.1499999999999995	2.772889780209547
7.25	2.557586643669402
7.35	2.2928171486671842
7.45	2.039839262758801
7.55	1.8142057124195896
7.6499999999999995	1.603948028516397
7.75	1.4339351120081871
7.85	1.2823709615263106
7.95	1.1607316780628756
8.05	1.0602688143220311
8.15	0.9749075917593315
8.25	0.8998225654764449
8.350000000000001	0.8384574798549211
8.450000000000001	0.7881720674980046
8.55	0.7448255286878329
8.65	0.7067427406863604
8.75	0.6773123416690088
8.850000000000001	0.6518377997686781
8.950000000000001	0.6293101380132986
9.05	0.612031633749843
9.15	0.5984238648193246
9.25	0.5862687845692065
9.350000000000001	0.5781519757634129
9.450000000000001	0.5721967568441481
9.55	0.5688647976548743
9.65	0.5674472093829175
9.750000000000002	0.5692294440709759
9.85	0.5721008070134419
9.95	0.5781098569896093
10.049999999999999	0.5841744347809004
10.149999999999999	0.5942385213125002
10.25	0.6042257815494378
10.35	0.6190917229954646
10.45	0.6346106164613604
10.549999999999999	0.6512317677848769
10.649999999999999	0.6727615389862733
10.75	0.6944784657095076
10.85	0.7219990184735663
10.95	0.7445629501640766
11.049999999999999	0.7786731075983974
11.149999999999999	0.8117970697164554
11.25	0.8442325554786425
11.35	0.8811689305155309
11.45	0.9196330488260399
11.549999999999999	0.9621875868044513
11.649999999999999	1.0013622940976643
11.75	1.043449617755928
11.85	1.0875780341618144
11.95	1.127228053568375
12.049999999999999	1.1630477240935932
12.149999999999999	1.2013857946043898
12.25	1.230435624618928
12.35	1.2594880971182396
12.45	1.2860470093375687
12.549999999999999	1.3019110705656083
12.649999999999999	1.3200746280406084
12.75	1.3286189040663974
12.85	1.3376115398203394
12.95	1.339502565232965
13.049999999999999	1.3395538516166843
13.149999999999999	1.335367090624464
13.25	1.3280934468814591
13.35	1.318191320088213
13.45	1.3026138757814842
13.549999999999999	1.2839824036816356
13.649999999999999	1.2678167972014285
13.75	1.2417225308757498
13.85	1.215401101109139
13.95	1.1884733359324597
14.049999999999999	1.1578561103844756
14.149999999999999	1.127928113024796
14.25	1.096866388175961
14.35	1.0656218978353467
14.45	1.0331404919263365
14.549999999999999	1.0046139812260786
14.649999999999999	0.9745864744664692
14.75	0.945919682890157
14.85	0.9204781513940503
14.95	0.8969110121035533
15.049999999999999	0.8765995956890953
15.149999999999999	0.8571219580587283
15.25	0.8409576699021102
15.35	0.8265231724103899
15.45	0.8133321021854992
15.549999999999999	0.8040435129356142
15.649999999999999	0.7958759827517836
15.75	0.7902118239528262
15.85	0.7867323500268653
15.95	0.7838131574498981
16.05	0.7836884159619378
16.15	0.783010095936933
16.25	0.7852970256141862
16.349999999999998	0.7886576875100888
16.45	0.7959875682490273
16.55	0.8065337634723235
16.65	0.8158427630726253
16.75	0.8274127932767127
16.849999999999998	0.8380099473410882
16.95	0.8539155247290736
17.05	0.8689852408120087
17.15	0.8865677224306079
17.25	0.9017683991839126
17.349999999999998	0.9233026971226515
17.45	0.942114417665424
17.55	0.9642780746357932
17.65	0.982865110649204
17.75	1.0057586221598818
17.849999999999998	1.0245749888428441
17.95	1.0468108032705672
18.05	1.069000872699066
18.15	1.086840866581375
18.25	1.1037795147983531
18.349999999999998	1.1201708227471805
18.45	1.135416071588568
18.55	1.146658826187249
18.65	1.1581846849020911
18.75	1.1653427640894873
18.849999999999998	1.1728646313499091
18.95	1.1737008071302317
19.05	1.1765977753077372
19.15	1.1761096078047275
19.25	1.1738830380422278
19.35	1.1673747354538215
19.45	1.162466967421671
19.55	1.1529459852145585
19.65	1.1425423557910195
19.75	1.1335088801322697
19.85	1.1187298537114518
19.95	1.108102962941778
20.05	1.0941926634685735
20.15	1.0804152904964248
20.25	1.06601366028672
20.35	1.0527312646851066
20.45	1.0384301278931671
20.55	1.0257063519012495
20.65	1.0083366680474968
20.75	0.9949459143607808
20.85	0.9848513631091651
20.95	0.9713645742064113
21.05	0.957447000705977
21.15	0.9473671228142272
21.25	0.9367054231288529
21.35	0.9268324713244888
21.45	0.9175018250045662
21.55	0.9104938387787798
21.65	0.9043377266397317
21.75	0.8949758831969669
21.85	0.8912776003989445
21.95	0.8857470958863881
22.05	0.8827833212489216
22.15	0.8820316196603537
22.25	0.8814593258590692
22.35	0.8812692133412565
22.45	0.8818063164353771
22.55	0.8823987221956184
22.65	0.8868209660217627
22.75	0.8885374420503961
22.85	0.8945587309628256
22.95	NaN
23.05	0.9096241464319541
23.15	0.9189441481434815
23.25	0.9256738435591936
23.35	0.933555839977699
23.45	0.9465872569734695
23.55	0.956828874854242
23.65	0.9637790834029515
23.75	0.9799974891295117
23.85	0.9907986637665792
23.95	1.001118256104208
24.05	1.0133509201406987
24.15	1.0279212713410963
24.25	1.036012180273871
24.35	1.048209699340844
24.45	1.0570669854203403
24.55	1.0683785255084937
24.65	1.0779389815210831
24.75	1.0854137051669208
24.85	1.0883960117656841
24.95	1.0949042595990508
25.05	1.0999588293875147
25.15	1.1020961628814467
25.25	1.1041452354572714
25.35	1.1064263433829549
25.45	1.1049592676827482
25.55	1.0999908431115137
25.65	1.099703176028305
25.75	1.0931343385980155
25.85	1.0905190795556736
25.95	1.0828545851863227
26.05	1.07574437281001
26.15	1.0685689652821995
26.25	1.0601959460332868
26.35	1.0552648375391633
26.45	1.0449562099075806
26.55	1.0340871742228457
26.65	1.0243253997934725
26.75	1.0170538052359983
26.85	1.0061761122859672
26.95	0.9983325511714054
27.05	0.9910929611452931
27.15	0.9811667643743613
27.25	0.9724576986228483
27.35	0.9670319324169017
27.45	0.9591357310359618
27.55	0.9530392916508161
27.65	0.9466124380024157
27.75	0.9434681899054674
27.85	0.9348895861326114
27.95	0.9350172952823667
28.05	0.9308910778955909
28.15	0.9279284039137513
28.25	0.9257387270198771
28.35	0.924505330363114
28.45	0.9240649071157083
28.55	0.9235662179502704
28.65	0.9212996070423553
28.75	0.9261636697703387
28.85	0.929314480788959
28.95	0.931392273516187
29.05	0.9327798114687241
29.15	0.9375427592364971
29.25	0.9434814389556634
29.35	0.948579366561998
29.45	0.9535018910816883
29.55	0.9585104739708178
29.65	0.9645948326465028
29.75	0.9722255305413585
29.85	0.9786204211598785
29.95	0.9876506887097136
30.05	0.9939804641483792
30.15	0.9980505530420585
30.25	1.0084324956253239
30.35	1.0161011212780493
30.45	1.0237128032868221
30.55	1.0297425812172045
30.65	1.0358628842040836
30.75	1.0431594965478455
30.85	1.050423584809251
30.95	1.0524436992426387
31.05	1.0561516099156718
31.15	1.060327413942963
31.25	1.0621629018928789
31.35	1.0669330099520662
31.45	1.0658963199705156
31.55	1.0681084099592821
31.65	1.0665417973277074
31.75	1.0664111323553407
31.85	1.0661439871680738
31.95	1.061892877831633
32.05	1.0575376601314206
32.15	1.0561535135964346
32.25	1.0524392982624937
32.35	1.054501513371468
32.45	1.0424865724431545
32.55	1.0383136541378604
32.65	1.0336724462111728
32.75	1.0258061954472655
32.85	1.0191289749997083
32.95	1.0141281242153874
33.05	1.0069500560590345
33.15	1.0037932146196433
33.25	0.9965079352217824
33.35	0.9901976248525358
33.45	0.9864253269296374
33.55	0.9790241212330021
33.65	0.975800307366567
33.75	0.9705092315198834
33.85	0.9670286669278525
33.95	0.9648572286202376
34.05	0.9586670962296502
34.15	0.9554708670334883
34.25	0.952986277078477
34.35	0.9501626263889879
34.45	0.9485095814693957
34.55	0.9484311051133312
34.65	0.9486422024736887
34.75	0.9462295867398396
34.85	0.9480584271495267
34.95	0.9493463096387621
35.05	0.9497807054015166
35.15	0.9517920548219523
35.25	0.9536951432429921
35.35	0.9593445322593667
35.45	0.9582558862002896
35.55	0.9615828031573488
35.65	0.9650696359475197
35.75	0.9684095280260604
35.85	0.9757064292296663
35.95	0.9788984502739653
36.05	0.9863157178364522
36.15	0.9897496278929538
36.25	0.9938762917797992
36.35	0.9999698470362279
36.45	1.0042748469938385
36.55	NaN
36.65	1.0140998287512148
36.75	1.0179799779164267
36.85	1.024015499090041
36.95	1.0268517521608713
37.05	1.0301546125900805
37.15	1.0344215942604464
37.25	1.0371936408700442
37.35	1.0411860143116787
37.45	1.0453914389374335
37.55	1.0442021257524086
37.65	NaN
37.75	1.048128223131921
37.85	1.0458601088830315
37.95	1.047547069318249
38.05	1.0448703578048615
38.15	1.0469783178120946
38.25	1.0449066215488014
38.35	1.0438857556753167
38.45	1.0397815120485991
38.550000000000004	1.0369083607928307
38.65	1.0318497908907664
38.75	1.0282304472942605
38.85	1.0247492311051607
38.95	1.0230125610678145
39.050000000000004	1.0196880692002523
39.15	NaN
39.25	NaN
39.35	NaN
39.45	NaN
39.550000000000004	0.9929775379636517
39.65	0.9915844028673362
39.75	0.9880292905020965
39.85	0.9833711594216813
39.95	0.9802496787080528
40.050000000000004	0.9808661060534035
40.15	NaN
40.25	0.9712121144875113
40.35	0.9712332188857278
40.45	0.9663327756429256
40.550000000000004	0.9659412575016066
40.65	0.9636276990299387
40.75	0.9625759563405563
40.85	0.9613413300421064
40.95	0.9600721619931835
41.050000000000004	0.9608510295963434
41.15	0.9646307509855508
41.25	0.9622565257303948
41.35	0.9628093155135782
41.45	0.9647723682220647
41.550000000000004	NaN
41.65	0.9678866177357213
41.75	0.9731640880964363
41.85	0.9731378764806997
41.95	0.9764850146708126
42.050000000000004	0.9817798083138931
42.15	NaN
42.25	0.9843868925033092
42.35	0.9889138850754661
42.45	0.9944755188090285
42.550000000000004	0.9973030965706621
42.65	1.0014703534784344
42.75	1.0047327468355878
42.85	1.0101953647320838
42.95	1.0117424482794775
43.050000000000004	1.0151618312128077
43.15	1.0164524734987859
43.25	1.0211970631510443
43.35	1.0249356198543984
43.45	1.0308464348616952
43.550000000000004	1.0295417657994894
43.65	NaN
43.75	1.0316367321144342
43.85	1.03356855058855
43.95	1.035046337989189
44.050000000000004	1.0361386700815463
44.15	1.0340056076564679
44.25	NaN
44.35	1.0343083716863528
44.45	1.0339461458101546
44.550000000000004	1.0316480212215613
44.65	1.0307723763986916
44.75	1.0274681723105268
44.85	1.0258529695144156
44.95	1.0226146610958031
45.050000000000004	1.0202257492954128
45.15	1.0170387101818739
45.25	1.0157622139079163
45.35	NaN
45.45	1.0072214642555228
45.550000000000004	1.0049242111419274
45.65	NaN
45.75	0.9996952751821329
45.85	0.9958957628777355
45.95	0.9933924910054075
46.050000000000004	0.9889549930119874
46.15	0.9870209672785448
46.25	0.985584135480221
46.35	0.9832303237700594
46.45	0.9785617475318118
46.550000000000004	0.9764370290697956
46.65	NaN
46.75	0.975069889707677
46.85	0.9717380979860766
46.95	0.9735262585689638
47.050000000000004	0.9713977115853106
47.15	0.9705881685081702
47.25	0.9718181539303123
47.35	0.971126425239439
47.45	0.9702035676532542
47.550000000000004	0.9724824351661265
47.65	0.9721534223233721
47.75	0.9727794129157342
47.85	0.9743144908843696
47.95	0.9760058192208898
48.050000000000004	0.9784463137701208
48.15	0.983847378717297
48.25	0.9837125366349554
48.35	0.9873322139754672
48.45	0.9874955789085949
48.550000000000004	0.990305203699964
48.65	0.9941838328610969
48.75	0.9969593835911257
48.85	0.9992633677686626
48.95	1.0005324862354528
49.050000000000004	1.0036698095625995
49.15	NaN
49.25	1.0091690799253765
49.35	1.0129750681382506
49.45	1.0144124803515717
49.550000000000004	1.0175379486546545
49.65	1.0179774176992868
49.75	1.0217686775052712
49.85	1.020789194958551
49.95	1.0253340947895833
50.050000000000004	1.0261508203114709
50.15	1.0240228134201255
50.25	1.0254291730175404
50.35	1.026024913755637
50.45	1.02967136572072
50.550000000000004	1.0251468986127976
50.65	1.0261246367957724
50.75	1.025307510662352
50.85	1.0251940153906303
50.95	NaN
51.050000000000004	1.020060281351728
51.15	1.0200937293237886
51.25	1.0172589967345482
51.35	1.016715533280699
51.45	1.012691647579822
51.550000000000004	NaN
51.65	1.0075207597874642
51.75	1.0054907385319996
51.85	1.0040359858427008
51.95	1.0019878210985818
52.050000000000004	NaN
52.15	0.9945109054812905
52.25	0.9933110992030085
52.35	0.9909130955524392
52.45	0.9860147161431497
52.550000000000004	0.9868888263581447
52.65	0.9857795163714518
52.75	0.9841361687692592
52.85	0.9826244261281327
52.95	NaN
53.050000000000004	0.9794319809587947
53.15	NaN
53.25	0.9760513560374134
53.35	0.9779491735334996
53.45	0.9767615088328536
53.550000000000004	NaN
53.65	0.9756757509161195
53.75	NaN
53.85	0.9789527140752564
53.95	0.9778501215808383
54.050000000000004	NaN
54.15	0.9816065859507144
54.25	NaN
54.35	0.9845968194126345
54.45	0.9849213716580624
54.550000000000004	NaN
54.65	0.9883303612285319
54.75	0.9920043675885577
54.85	0.9939425598990289
54.95	0.9954339045623147
55.050000000000004	0.9987539235178193
55.15	1.0008869674606105
55.25	1.0025574603553205
55.35	0.9996931820596949
55.45	1.0065485337624647
55.550000000000004	1.006887991610173
55.65	1.012272013576468
55.75	1.0092903519739822
55.85	1.0149889163927586
55.95	1.0169664663264684
56.050000000000004	1.0177491863670365
56.15	1.0204773201208848
56.25	1.0187033294480818
56.35	1.019703369839156
56.45	1.01927830562782
56.550000000000004	1.0200197439957095
56.65	1.021389002862405
56.75	NaN
56.85	1.0208990329433651
56.95	1.020153487306206
57.050000000000004	1.0186141647240805
57.15	1.018981832352543
57.25	1.0191791490061404
57.35	NaN
57.45	1.0141865352220936
57.550000000000004	1.0116420512557618
57.65	1.0092351182274792
57.75	1.0099480805324104
57.85	1.0020166014884648
57.95	1.0049038673971775
58.050000000000004	1.0066678909972955
58.15	1.0013011030536616
58.25	1.002408480975439
58.35	0.998549969827118
58.45	NaN
58.550000000000004	0.9933366477912066
58.65	0.9911753205878615
58.75	NaN
58.85	0.9891125269487729
58.95	NaN
59.050000000000004	0.9863592196604982
59.15	0.9862514723162245
59.25	0.9839643885434887
59.35	0.9837401878533295
59.45	0.9828831630672792
59.550000000000004	0.982559913383352
59.65	0.9818937727339175
59.75	0.9793943340280258
59.85	NaN
59.95	0.9810689302638149
60.050000000000004	NaN
60.15	0.9832164317233405
60.25	0.9843994468778499
60.35	NaN
60.45	0.9842796676334046
60.550000000000004	0.9877292778449042
60.65	0.9864222850605794
60.75	0.9889727514762073
60.85	0.9895075291565648
60.95	0.9914884100755099
61.050000000000004	0.9939252272764965
61.15	0.9961737805828976
61.25	0.9971441726341809
61.35	0.9994183870246708
61.45	1.001542317793984
61.550000000000004	NaN
61.65	1.0056809627405607
61.75	NaN
61.85	NaN
61.95	1.009140964801894
62.050000000000004	1.0118128709071692
62.15	1.0120338680984802
62.25	1.0132677691941134
62.35	1.0124768951916785
62.45	1.0153177032459373
62.550000000000004	1.015274603323577
62.65	1.0164482589599215
62.75	1.0160612059290164
62.85	1.0165672499761282
62.95	1.0173606017646575
63.050000000000004	1.016507284380296
63.15	1.0173673480646541
63.25	NaN
63.35	1.0158770885705353
63.45	1.0149565983940267
63.550000000000004	1.019326205720648
63.65	1.0101360543169828
63.75	1.0134887436538305
63.85	1.0117708162864716
63.95	1.0080354164779888
64.05	1.0068737280784548
64.14999999999999	1.0066239661232321
64.25	1.0047282102637445
64.35	1.0029217970231468
64.44999999999999	1.0000309413379382
64.55	0.999341848064961
64.64999999999999	0.9995455555188519
64.75	0.9948174758195794
64.85	0.9949756929172114
64.94999999999999	0.9921890020009897
65.05	0.9930372176934512
65.14999999999999	0.9910563308421988
65.25	NaN
65.35	0.989236289912384
65.44999999999999	NaN
65.55	0.9856213589604783
65.64999999999999	0.985353088135011
65.75	0.9854501445211367
65.85	0.9843512975167593
65.94999999999999	0.985420319293958
66.05	NaN
66.14999999999999	0.9841490048893519
66.25	0.9864371490071383
66.35	0.985553304058803
66.44999999999999	0.9881396650561847
66.55	0.9867070278216046
66.64999999999999	NaN
66.75	0.9881948563488068
66.85	NaN
66.94999999999999	NaN
67.05	0.991993494635578
67.14999999999999	0.9930722431373006
67.25	0.9937826056126879
67.35	0.9956961711902431
67.44999999999999	0.9972880648681532
67.55	0.9974893434888147
67.64999999999999	NaN
67.75	NaN
67.85	1.0021947593715574
67.94999999999999	1.0038379208004038
68.05	1.0062302130334115
68.14999999999999	1.0045664016013083
68.25	NaN
68.35	1.0112757570218458
68.44999999999999	1.00912368137439
68.55	1.0112698028311298
68.64999999999999	NaN
68.75	1.0131492040972772
68.85	1.0118360110763662
68.94999999999999	1.0151614423591993
69.05	1.012386499787319
69.14999999999999	1.0119024467795097
69.25	1.012618103490535
69.35	1.0140610910299155
69.44999999999999	NaN
69.55	1.0135834286690828
69.64999999999999	1.0115260269982826
69.75	NaN
69.85	1.0110655856623223
69.94999999999999	NaN
70.05	1.0088873812314805
70.14999999999999	1.0087527034259332
70.25	NaN
70.35	1.0046855485606248
70.44999999999999	NaN
70.55	1.0044436370397094
70.64999999999999	1.0014244612058505
70.75	1.001136609375777
70.85	0.9991402457481305
70.94999999999999	0.9984916065155199
71.05	0.9958905931538758
71.14999999999999	0.9945531825441093
71.25	NaN
71.35	0.9942868205256395
71.44999999999999	0.9926097311991182
71.55	0.9915686054482601
71.64999999999999	0.9883897312513469
71.75	0.9875246857463712
71.85	0.9890155156788472
71.94999999999999	0.9878215236156943
72.05	NaN
72.14999999999999	NaN
72.25	NaN
72.35	NaN
72.44999999999999	0.9856445792204725
72.55	0.9880370059983135
72.64999999999999	0.9875288877844012
72.75	NaN
72.85	0.988905931799808
72.94999999999999	0.9887579751107977
73.05	0.9903060579786345
73.14999999999999	0.9925623582794885
73.25	0.9939156071987578
73.35	0.994043505411645
73.44999999999999	NaN
73.55	0.9938176389221897
73.64999999999999	NaN
73.75	NaN
73.85	0.9998857776995606
73.94999999999999	0.9999668873053599
74.05	1.000820478029792
74.14999999999999	1.003837398671389
74.25	1.0026282461785418
74.35	1.0042535293270674
74.44999999999999	1.008007753864475
74.55	1.0067000758214526
74.64999999999999	1.005009928484099
74.75	1.009189988797288
74.85	1.00949348019712
74.94999999999999	1.0090353429694712
75.05	1.0110413981581332
75.14999999999999	1.010677575381512
75.25	NaN
75.35	NaN
75.44999999999999	NaN
75.55	1.011169816140837
75.64999999999999	NaN
75.75	NaN
75.85	1.010890793103593
75.94999999999999	1.010137512723218
76.05	1.008218768924626
76.14999999999999	1.0105968260001794
76.25	NaN
76.35	1.0076131696583768
76.44999999999999	NaN
76.55	1.0048274689926326
76.64999999999999	1.0023222631665296
76.75	NaN
76.85	NaN
76.95	NaN
77.05	NaN
77.14999999999999	1.0008236254018286
77.25	0.9988326170292963
77.35	0.996039749459209
77.45	0.9958425856206449
77.55	0.9952319254577201
77.64999999999999	0.9937010863752253
77.75	0.9927321419182644
77.85	0.9912264717325932
77.95	0.989568238568263
78.05	0.9923426266884805
78.14999999999999	0.990247096992897
78.25	0.9888328305166749
78.35	0.9892296516593381
78.45	NaN
78.55	NaN
78.64999999999999	0.9882475359507759
78.75	0.9888202825753724
78.85	NaN
78.95	0.9888705942019547
79.05	NaN
79.14999999999999	NaN
79.25	0.9917138515834202
79.35	NaN
79.45	0.9934338069760336
79.55	0.9925848292684708
79.64999999999999	NaN
79.75	0.9960395840312732
79.85	0.9972555099790293
