0.15	0.037010980421335674
0.25	0.03677623179507143
0.35	0.0375551816324844
0.45	0.03687944290481742
0.55	0.037390029103857796
0.65	0.037849571621065115
0.7500000000000001	0.03813040111556965
0.85	0.03863577150930851
0.95	0.03889267906003692
1.05	0.0395953083090956
1.15	0.04032418089723728
1.25	0.04099030626256133
1.35	0.04187108906214769
1.45	0.04282594285383157
1.55	0.043881504902434865
1.65	0.04481946858239939
1.75	0.046059170869823786
1.85	0.0475587889675419
1.95	0.0486574331356317
2.05	0.05043637003759642
2.15	0.052069903467286426
2.25	0.05402542329607417
2.35	0.05589133517188455
2.45	0.05810964049613161
2.5500000000000003	0.06029779710594079
2.65	0.06306266797421782
2.75	0.06594401296556489
2.85	0.06909703086838105
2.95	0.07235459570706333
3.0500000000000003	0.07613027549496795
3.15	0.0802802723903526
3.25	0.08499001955628509
3.35	0.08987281981212428
3.45	0.09537646719892662
3.5500000000000003	0.10160031579370653
3.65	0.10773823909894624
3.75	0.1159094734638437
3.85	0.1238659476517054
3.95	0.1338059544148588
4.05	0.14373620461418804
4.1499999999999995	0.15493404710877107
4.25	0.16809914603840861
4.35	0.18380646946510673
4.449999999999999	0.2002820747873086
4.55	0.22021665463221277
4.6499999999999995	0.24192708700917073
4.75	0.26726899615318217
4.85	0.29533352254873
4.95	0.32980092493227525
5.05	0.3692925317525944
5.1499999999999995	0.4123888732289056
5.25	0.4652465126242698
5.35	0.524638180058422
5.45	0.5984084193907541
5.55	0.6769446268658201
5.6499999999999995	0.7747786306314686
5.75	0.8847703946698433
5.85	1.0140395825228306
5.95	1.1498247213048298
6.05	1.306760429116108
6.1499999999999995	1.4802666063550267
6.25	1.6490469744202736
6.35	1.8141066026440777
6.45	1.9561145996779012
6.55	2.0647591537720786
6.6499999999999995	2.1205391649426724
6.75	2.1368660476699413
6.85	2.1022538180029824
6.95	2.029909662977741
7.05	1.9302633915252594
7.1499999999999995	1.8173480379730356
7.25	1.7037506281520067
7.35	1.5868091655771699
7.45	1.474239937859881
7.55	1.3706130166344763
7.6499999999999995	1.2811152055900052
7.75	1.1964873463985572
7.85	1.123368609152898
7.95	1.055257225919364
8.05	0.9997874131441652
8.15	0.9443530120202053
8.25	0.9028585653496605
8.350000000000001	0.8643839803680802
8.450000000000001	0.8296042500026372
8.55	0.7995272616440896
8.65	0.7762260442948725
8.75	0.756103350729595
8.850000000000001	0.7363544735144527
8.950000000000001	0.7227721673292744
9.05	0.7102995279041948
9.15	0.701488936809251
9.25	0.6946287539183392
9.350000000000001	0.6888459648683113
9.450000000000001	0.6879053041568431
9.55	0.6893940623363385
9.65	0.6875820874546499
9.750000000000002	0.6915121733372934
9.85	0.69715689299743
9.95	0.7027690180874742
10.049999999999999	0.7121218665889714
10.149999999999999	0.7209211801110227
10.25	0.7341821431924584
10.35	0.7475957243110759
10.45	0.762757568818553
10.549999999999999	0.7792459201331037
10.649999999999999	0.8007550063509941
10.75	0.8179095124760324
10.85	0.8381843926068316
10.95	0.8622791978635049
11.049999999999999	0.8853415092734521
11.149999999999999	0.9106622335571496
11.25	0.9389522369134539
11.35	0.9636200674995617
11.45	0.9905811766846027
11.549999999999999	1.0175655227802607
11.649999999999999	1.044698412768936
11.75	1.0707387882800448
11.85	1.0964171187078753
11.95	1.1223761041711904
12.049999999999999	1.144901476660776
12.149999999999999	1.1669337161008302
12.25	1.1867021020489026
12.35	1.2023624246793247
12.45	1.2176436369484043
12.549999999999999	1.2283603266413443
12.649999999999999	1.2358620088072538
12.75	1.240224359570543
12.85	1.2422176126278286
12.95	1.2423025913199546
13.049999999999999	1.233493851570952
13.149999999999999	1.2268564267134605
13.25	1.2136224210243904
13.35	1.2002854533819474
13.45	1.1843486437958972
13.549999999999999	1.167622396073807
13.649999999999999	1.1485882063049335
13.75	1.129021681882801
13.85	1.108733289340626
13.95	1.0861622424914938
14.049999999999999	1.0668039886701877
14.149999999999999	1.0467061920212177
14.25	1.0264586351270115
14.35	1.0040682669417975
14.45	0.9874285582960077
14.549999999999999	0.9706419396913082
14.649999999999999	0.9514225103680395
14.75	0.9384847947734646
14.85	0.9245938880943533
14.95	0.9120985176036058
15.049999999999999	0.9001618699943762
15.149999999999999	0.8902089171402764
15.25	0.8825402211066276
15.35	0.8756895006678659
15.45	0.8675419340704761
15.549999999999999	0.8630144093591279
15.649999999999999	0.8591512928866609
15.75	0.8601652705603344
15.85	0.857397780220025
15.95	0.857536116185948
16.05	0.8598469873351121
16.15	0.8628591848809081
16.25	0.8670451794993744
16.349999999999998	0.8738012319571219
16.45	0.8767860789367157
16.55	0.8861348087583409
16.65	0.8944344534711312
16.75	0.9032818506128174
16.849999999999998	0.9122217297824603
16.95	0.9231529643175839
17.05	0.9338032803742636
17.15	0.9454578830685458
17.25	0.9561386207509702
17.349999999999998	0.9699231775100868
17.45	0.9830470956307156
17.55	0.9971037655346914
17.65	1.0092609003950257
17.75	1.0195386795816646
17.849999999999998	1.032578427788399
17.95	1.0470639798397776
18.05	1.0565087973331515
18.15	1.0663228608101158
18.25	1.075862220884497
18.349999999999998	1.0842335039827307
18.45	1.090250532474561
18.55	1.0985318590730944
18.65	1.1034578368295551
18.75	1.1089780195393013
18.849999999999998	1.1101250682482586
18.95	1.108353403348541
19.05	1.1109273906301038
19.15	1.1093584738378794
19.25	1.1057376847177143
19.35	1.1028162583995202
19.45	1.0974703294392127
19.55	1.0910940554032518
19.65	1.0885668154329358
19.75	1.0775360410925843
19.85	1.0696580082248994
19.95	1.0615979503099442
20.05	1.0531660283699578
20.15	1.0429037361524158
20.25	1.0340310524121281
20.35	1.0221820873497376
20.45	1.015354799530794
20.55	1.0049107221028248
20.65	0.9965465610897978
20.75	0.9873375752390582
20.85	0.9804489549460468
20.95	0.9727960445677808
21.05	0.9655357605224723
21.15	0.9575671823513195
21.25	0.9508870509190369
21.35	0.9462480884753811
21.45	0.9397366735368617
21.55	0.9347118534539597
21.65	0.9326869769311794
21.75	0.9290182170681548
21.85	0.9250610897623633
21.95	0.9247220990334006
22.05	0.9222816427152573
22.15	0.9226507889563932
22.25	0.9250125189499133
22.35	0.9249256403294285
22.45	0.9263667487564755
22.55	0.928685768294808
22.65	0.9338245374822454
22.75	0.9355224011418435
22.85	0.9396099445160603
22.95	0.9454225784332416
23.05	0.9503576155389838
23.15	0.9572986218028215
23.25	0.9622370801001418
23.35	0.9697437754676795
23.45	0.9748285147462097
23.55	0.9816192173058482
23.65	0.9890562492447719
23.75	0.997324800665941
23.85	1.003715202713829
23.95	1.0119281525658523
24.05	1.0182814117018693
24.15	1.0234649434516732
24.25	1.0321839693323303
24.35	1.0365164027584552
24.45	1.041662592862249
24.55	1.0457216448977042
24.65	1.0541296349278346
24.75	1.0552389675410059
24.85	1.0586852071738297
24.95	1.0603962021658517
25.05	1.0613510263133166
25.15	1.0616932309159264
25.25	1.0628530555403624
25.35	1.0639054692457592
25.45	1.0628267505075921
25.55	1.0600446355461957
25.65	1.0595141785578326
25.75	1.05666726498293
25.85	1.052832297765547
25.95	1.048057488194823
26.05	1.043330138363245
26.15	1.0397812294361466
26.25	1.0319023187790126
26.35	1.0284189771458392
26.45	1.0236274548718456
26.55	1.01732081353288
26.65	1.0129470888140468
26.75	1.005501956302001
26.85	1.0005005913772584
26.95	0.993670093927992
27.05	0.9881548051703108
27.15	0.9839076063098139
27.25	0.9794239959502999
27.35	0.9754075071173248
27.45	0.9698126350040329
27.55	0.9678336346545231
27.65	0.9643160759506773
27.75	0.9607849909537287
27.85	0.9570214181009566
27.95	0.9569610394552875
28.05	0.9548361616182449
28.15	0.9514028359174934
28.25	0.9534170619191363
28.35	0.9522646345075516
28.45	0.9515500909227083
28.55	0.9532435027140038
28.65	0.9545216267572129
28.75	0.9533615632527587
28.85	0.9576224201661454
28.95	0.9589869049242509
29.05	0.9617461605326627
29.15	0.96399178680403
29.25	0.9681060115803184
29.35	0.9725869969083387
29.45	0.9763186835551652
29.55	0.9787237761393689
29.65	0.982552458540855
29.75	0.9866066551470271
29.85	0.9908201843365468
29.95	NaN
30.05	1.0009801264747085
30.15	1.0060127163901054
30.25	1.006689074361789
30.35	1.0142595067961713
30.45	1.0173783673331447
30.55	1.0228158956557645
30.65	1.0263231852557455
30.75	1.0283399809822125
30.85	1.0319432139064304
30.95	1.0340767365170442
31.05	1.036390776202399
31.15	1.0391870823841498
31.25	1.0406427589293448
31.35	1.0406095676329628
31.45	1.042082248016138
31.55	1.041300540906921
31.65	1.041739047862606
31.75	NaN
31.85	1.0390290959524988
31.95	1.0362604145571013
32.05	1.031888299884484
32.15	1.0330347481759488
32.25	1.0303995126540184
32.35	1.0289769939075855
32.45	1.0242082445075738
32.55	1.022675211476701
32.65	1.0167692892522093
32.75	1.0128232260199934
32.85	1.010038371641309
32.95	1.0034683623267022
33.05	1.0023570385125664
33.15	0.9975603876774337
33.25	0.9948776918853779
33.35	0.9931559049400276
33.45	0.9884736906390943
33.55	0.9853703680776295
33.65	0.9829797177931052
33.75	0.9791694169412993
33.85	0.975241824428062
33.95	0.9751106342614999
34.05	0.9749202892146233
34.15	0.9725360454923048
34.25	0.9708687293782267
34.35	0.967683970107539
34.45	0.9695728263417364
34.55	0.9663342953519659
34.65	0.966724748676279
34.75	0.9666235281329303
34.85	0.968671780124881
34.95	0.969133160412353
35.05	0.9680929321038088
35.15	0.9701557907384925
35.25	0.9709715435018171
35.35	0.9746458000580933
35.45	0.9770044805488565
35.55	0.9790319034138374
35.65	0.9816011437779022
35.75	0.9838962669154389
35.85	0.9884283531746778
35.95	0.9905983263982142
36.05	0.9946086216499902
36.15	0.9959556520779214
36.25	0.9991249013960953
36.35	1.0016366035045292
36.45	1.0066388159929731
36.55	1.0098887199933713
36.65	NaN
36.75	1.0128186472054077
36.85	1.0149860592605944
36.95	1.01801525432009
37.05	1.0193794638975058
37.15	1.0242215409811948
37.25	1.024527140671646
37.35	1.026383801945485
37.45	1.0283570276419132
37.55	1.0270750288940482
37.65	1.0304854268291823
37.75	1.0290732382745946
37.85	1.0259226713892868
37.95	1.0255009195765992
38.05	NaN
38.15	NaN
38.25	1.0227624854839645
38.35	1.02442411069361
38.45	1.0209850554032252
38.550000000000004	1.0212555885018293
38.65	1.0176762823840013
38.75	1.016147062325184
38.85	1.013400998903635
38.95	1.0119777142735453
39.050000000000004	1.0073370699070747
39.15	1.0074837268017807
39.25	1.0005988560253154
39.35	0.9997499935812112
39.45	0.9980345899458446
39.550000000000004	0.9958437572412584
39.65	NaN
39.75	0.9903926127953023
39.85	0.9889125631820975
39.95	0.986674813274419
40.050000000000004	0.9868162717123085
40.15	0.9820603075386872
40.25	0.9812985675544545
40.35	NaN
40.45	0.978359286665767
40.550000000000004	0.9779133939622129
40.65	0.9767656737206556
40.75	0.9785124035843586
40.85	0.975161193944656
40.95	0.9769041642049635
41.050000000000004	0.9756137499371497
41.15	0.9763453164677663
41.25	0.9779097591731966
41.35	0.9802997705620449
41.45	0.9794541420996603
41.550000000000004	0.9808625364729043
41.65	0.9825640175148742
41.75	0.9843462667329114
41.85	0.985437493603562
41.95	0.9881381015062086
42.050000000000004	0.9901434200880161
42.15	0.9922126844926488
42.25	0.9928172226288813
42.35	0.9960664767533665
42.45	1.0002191070756605
42.550000000000004	1.0008599780320806
42.65	1.001623510518782
42.75	1.0040458226632873
42.85	1.0050754726766746
42.95	1.0110087116965314
43.050000000000004	1.0100982729327506
43.15	NaN
43.25	1.0146655818484906
43.35	1.0168061924406415
43.45	1.0174447773428437
43.550000000000004	1.0205063033823387
43.65	NaN
43.75	NaN
43.85	1.021173451965337
43.95	1.0216204319332634
44.050000000000004	1.0197106194525194
44.15	1.0215244912791444
44.25	1.0218264236482641
44.35	1.018940501421264
44.45	NaN
44.550000000000004	1.016767100761867
44.65	1.0174422147656643
44.75	1.0168350133233706
44.85	1.014969521354153
44.95	1.0131059337091244
45.050000000000004	1.010663415170264
45.15	1.0089059821606605
45.25	1.0091579845000611
45.35	1.0055023188779046
45.45	1.0020616891083942
45.550000000000004	1.0033712717534673
45.65	1.0015589297565795
45.75	NaN
45.85	0.9956823128597753
45.95	NaN
46.050000000000004	0.9913469907442986
46.15	0.9934321502317403
46.25	0.9906463440928726
46.35	NaN
46.45	0.9867921540428894
46.550000000000004	0.9857425657354705
46.65	NaN
46.75	0.9848187832176964
46.85	0.9831188684353275
46.95	0.9837747819231862
47.050000000000004	0.9816969117374574
47.15	0.9821217890812236
47.25	0.9818773965991326
47.35	0.9842257983940248
47.45	NaN
47.550000000000004	0.9829384056007474
47.65	0.9846214860070382
47.75	0.9848704290416709
47.85	0.9855201293052813
47.95	0.9868715383670154
48.050000000000004	0.9871545483814352
48.15	0.9894470515718959
48.25	0.9916571279090637
48.35	0.9906967562649772
48.45	0.9938369635158524
48.550000000000004	0.9941957838904923
48.65	0.9960656272898558
48.75	0.9988714384153449
48.85	1.000695233668671
48.95	1.001845684736785
49.050000000000004	1.0051123353262201
49.15	1.0032988660493238
49.25	1.0060483905945288
49.35	1.0079582961780695
49.45	1.0113524449270344
49.550000000000004	1.0120851568585185
49.65	1.0122593846474393
49.75	NaN
49.85	1.0151953867829107
49.95	1.0166952048793574
50.050000000000004	1.0172758232389418
50.15	1.0153454762329284
50.25	1.0175485749081046
50.35	1.0160513130819655
50.45	1.0168838793827224
50.550000000000004	1.0149271545625613
50.65	1.0145092801883289
50.75	1.0152515226870062
50.85	1.0129463757695967
50.95	1.0135885138533
51.050000000000004	1.0119524486743012
51.15	1.0092836881803227
51.25	1.0092096171148284
51.35	1.0090881678020558
51.45	1.0066083448557186
51.550000000000004	1.0059769083955834
51.65	1.0040808075018053
51.75	1.0020337944899012
51.85	0.9997389682504616
51.95	0.9985766496457139
52.050000000000004	1.0008297272879052
52.15	NaN
52.25	0.9971104393944962
52.35	0.9946297377212227
52.45	0.9938876006916613
52.550000000000004	0.9916500178526062
52.65	0.989925922585212
52.75	0.9885368683117688
52.85	0.9898544541193564
52.95	0.9873832245728255
53.050000000000004	0.9862712879299658
53.15	0.987377993220099
53.25	0.9868733204555614
53.35	0.9870627402884435
53.45	0.9863472829468524
53.550000000000004	0.9854542810392554
53.65	0.988635361693083
53.75	0.9892821208827203
53.85	0.9863590393514408
53.95	0.9896998254158329
54.050000000000004	0.9877185684295965
54.15	0.989974376397589
54.25	0.9893758447568256
54.35	0.9902655413658755
54.45	0.9933182518754873
54.550000000000004	NaN
54.65	0.99538974213162
54.75	0.9968236736325058
54.85	0.9954053584334407
54.95	0.9977542612872901
55.050000000000004	1.0006724185580687
55.15	1.0006201206383276
55.25	1.0037100091277944
55.35	1.0040619193813134
55.45	1.003309578260554
55.550000000000004	1.0045750801024174
55.65	NaN
55.75	1.0093638130224893
55.85	1.0093839921860162
55.95	1.009514643719792
56.050000000000004	1.0130407519169977
56.15	1.0115176436593425
56.25	1.0102703962364203
56.35	1.0055019650334596
56.45	1.0120524037780778
56.550000000000004	1.0110532433356987
56.65	1.0124989725299025
56.75	1.0084923802861478
56.85	1.0114595063079042
56.95	1.0125973871154446
57.050000000000004	1.0113934892279475
57.15	1.0101276382566282
57.25	1.010954609077929
57.35	1.0098226122264509
57.45	1.0069194071860874
57.550000000000004	NaN
57.65	1.0062024538085113
57.75	1.0046851724918244
57.85	1.0037224988448687
57.95	1.0031237593751567
58.050000000000004	NaN
58.15	1.0011278168695865
58.25	1.000219240282365
58.35	1.0001578073165989
58.45	0.996579792200084
58.550000000000004	0.9959345870695536
58.65	0.9953188760005149
58.75	NaN
58.85	0.9928789934116061
58.95	0.9924156809577138
59.050000000000004	0.9901318652154552
59.15	0.9906686799367421
59.25	0.9891296151069259
59.35	0.9892198040386002
59.45	0.9887475459008637
59.550000000000004	0.9900043498750642
59.65	NaN
59.75	0.9895195955891838
59.85	0.9885338428339135
59.95	0.9888575202214602
60.050000000000004	0.9899227289643736
60.15	0.9897274674961065
60.25	0.9905543948839652
60.35	NaN
60.45	0.992532490593614
60.550000000000004	0.9909221188791952
60.65	0.9926959139956346
60.75	0.9925788506333515
60.85	NaN
60.95	0.9950419970404142
61.050000000000004	0.9977350245138183
61.15	0.9976379912297755
61.25	0.9992248332277935
61.35	1.0012484103860742
61.45	1.0021329558999772
61.550000000000004	1.0023157650119305
61.65	1.00337305583453
61.75	1.003265179871244
61.85	1.0062224266674047
61.95	NaN
62.050000000000004	1.0066182066941318
62.15	1.0090083977824162
62.25	1.0068268447136
62.35	1.0083828684017317
62.45	NaN
62.550000000000004	1.0097081746840197
62.65	NaN
62.75	NaN
62.85	1.0091844734444144
62.95	1.011164537679112
63.050000000000004	1.0093363407793536
63.15	1.008178630964754
63.25	1.0090692199923568
63.35	1.0094897349414438
63.45	1.0075790515560525
63.550000000000004	1.007295954794237
63.65	NaN
63.75	1.0073947327840036
63.85	NaN
63.95	1.0049688854260679
64.05	1.0035507098114953
64.14999999999999	1.0042332569421308
64.25	1.0014692489706718
64.35	NaN
64.44999999999999	0.9984937393122619
64.55	1.0001110844020318
64.64999999999999	0.9986635150137033
64.75	0.9985569493661569
64.85	0.9968780020717691
64.94999999999999	0.9942519488600537
65.05	0.9952315452620466
65.14999999999999	NaN
65.25	0.9926940132287906
65.35	0.9926384417384974
65.44999999999999	0.992171972983956
65.55	0.9915002123487909
65.64999999999999	NaN
65.75	0.99049116815684
65.85	0.9914928429781965
65.94999999999999	NaN
66.05	NaN
66.14999999999999	0.990921007489543
66.25	0.9900026019166813
66.35	0.9926047362635019
66.44999999999999	0.993002024454672
66.55	NaN
66.64999999999999	0.9918596120794532
66.75	0.991263975614183
66.85	NaN
66.94999999999999	NaN
67.05	NaN
67.14999999999999	NaN
67.25	0.9981230242089287
67.35	NaN
67.44999999999999	NaN
67.55	1.0006375707481319
67.64999999999999	1.002568691689899
67.75	1.0015415043060891
67.85	1.0025267735330703
67.94999999999999	NaN
68.05	1.004669987292039
68.14999999999999	1.0058637710528455
68.25	1.005126525566132
68.35	1.005700066547508
68.44999999999999	1.0068544946369382
68.55	1.005678825680963
68.64999999999999	NaN
68.75	1.0078303224390375
68.85	1.0076830015273652
68.94999999999999	1.0080402751301045
69.05	NaN
69.14999999999999	1.0065601590496587
69.25	NaN
69.35	1.009658669728205
69.44999999999999	1.0105337625710824
69.55	1.0066390042461408
69.64999999999999	1.0069156656315024
69.75	1.0056662657504345
69.85	1.0062955758340584
69.94999999999999	1.0067308194151203
70.05	NaN
70.14999999999999	1.0030723967766388
70.25	1.0048183708452776
70.35	1.0035221656412299
70.44999999999999	1.0017782573385228
70.55	1.0028024203387467
70.64999999999999	1.0005447155037466
70.75	1.001782841295795
70.85	0.9996803322722743
70.94999999999999	0.9985217433663848
71.05	0.9966806094076812
71.14999999999999	NaN
71.25	0.9958606517022384
71.35	NaN
71.44999999999999	0.9941483816087724
71.55	0.9937243726819762
71.64999999999999	0.9941633713352084
71.75	0.9922740621398599
71.85	NaN
71.94999999999999	NaN
72.05	0.9922354043534716
72.14999999999999	NaN
72.25	0.9919239741897581
72.35	0.9926761152457464
72.44999999999999	NaN
72.55	NaN
72.64999999999999	0.9925446533001802
72.75	0.992308417412671
72.85	0.9941259837872887
72.94999999999999	NaN
73.05	0.9953849160727158
73.14999999999999	0.9944262008390657
73.25	0.9965429273850699
73.35	0.9968817001121155
73.44999999999999	0.9963966862247589
73.55	0.9979006696945119
73.64999999999999	0.9995746805767651
73.75	1.0007202494129506
73.85	0.9990136092775187
73.94999999999999	NaN
74.05	NaN
74.14999999999999	1.0024950169635745
74.25	1.0041797636964187
74.35	1.0037148514093748
74.44999999999999	1.0037902039526008
74.55	1.0057450080729615
74.64999999999999	NaN
74.75	NaN
74.85	1.0060395417464707
74.94999999999999	1.0051174191659176
75.05	1.0067499781152431
75.14999999999999	1.008366053508058
75.25	1.006503523215537
75.35	1.0073117605108681
75.44999999999999	1.0073052495620296
75.55	1.0069827738145973
75.64999999999999	1.0074024107277542
75.75	NaN
75.85	1.0073352825623183
75.94999999999999	NaN
76.05	1.0090418540558421
76.14999999999999	1.0057987419486465
76.25	1.0047974905423913
76.35	1.0049734263858356
76.44999999999999	NaN
76.55	1.002456010401731
76.64999999999999	1.001173682935214
76.75	NaN
76.85	1.0018655403748171
76.95	1.0006946083661086
77.05	0.9979551767800667
77.14999999999999	0.9992228024045049
77.25	NaN
77.35	NaN
77.45	NaN
77.55	0.9956872547656022
77.64999999999999	NaN
77.75	0.994423591743085
77.85	0.9949333608750686
77.95	NaN
78.05	0.9933991078776829
78.14999999999999	NaN
78.25	0.9940148563504915
78.35	0.9936649920474169
78.45	NaN
78.55	NaN
78.64999999999999	NaN
78.75	0.9926871561149115
78.85	0.9947348020711926
78.95	0.9933311904067562
79.05	NaN
79.14999999999999	NaN
79.25	0.9942789524924993
79.35	0.994865653816118
79.45	NaN
79.55	0.9962780744240239
79.64999999999999	NaN
79.75	0.9963701546598038
79.85	0.9970577836132247
