0.15	0.01815249495178002
0.25	0.020010836517281454
0.35	0.0193383940008769
0.45	0.019259841928252596
0.55	0.019391715594283758
0.65	0.01948690406613098
0.7500000000000001	0.01971856853501029
0.85	0.01997367268748692
0.95	0.020250489816852103
1.05	0.020637406964154986
1.15	0.020901969182941068
1.25	0.02111739524482065
1.35	0.021475793679073374
1.45	0.021997801452028138
1.55	0.02251175103100686
1.65	0.023075043261343325
1.75	0.023623463829079733
1.85	0.024347140252609978
1.95	0.02508189917153378
2.05	0.02574613167712421
2.15	0.02668901843902425
2.25	0.027514621968005443
2.35	0.028560225365834798
2.45	0.029497337247990533
2.5500000000000003	0.030772964306668843
2.65	0.03207103045355156
2.75	0.03328917815564724
2.85	0.03489832149460818
2.95	0.03668438390520498
3.0500000000000003	0.0382915524400501
3.15	0.04036622976133518
3.25	0.04244516262344355
3.35	0.04501870837773015
3.45	0.04750866406455787
3.5500000000000003	0.050525539312689126
3.65	0.05386764980390253
3.75	0.05746298722759217
3.85	0.06099063583720433
3.95	0.06581316355190481
4.05	0.07074845004118557
4.1499999999999995	0.07636212780409618
4.25	0.08240292823291986
4.35	0.09032906571621185
4.449999999999999	0.09757795528291652
4.55	0.1066545138710346
4.6499999999999995	0.11662447118447748
4.75	0.1288530211681871
4.85	0.14312666955161502
4.95	0.15951097577119164
5.05	0.1772054133465633
5.1499999999999995	0.1996601379647061
5.25	0.22431211622474723
5.35	0.255130247522355
5.45	0.29238633381349066
5.55	0.33561301488425926
5.6499999999999995	0.3872641334768258
5.75	0.45356086420300634
5.85	0.528531621650521
5.95	0.624771879297002
6.05	0.746740285575039
6.1499999999999995	0.9001540251284535
6.25	1.0844901792891415
6.35	1.3023793258027911
6.45	1.5797573283894333
6.55	1.8887396974886055
6.6499999999999995	2.220406458247637
6.75	2.537299103308144
6.85	2.7922899208668497
6.95	2.925267950721033
7.05	2.913525835584517
7.1499999999999995	2.7744992153099117
7.25	2.550195726286294
7.35	2.2939345652912113
7.45	2.04220612997043
7.55	1.8171698577246778
7.6499999999999995	1.6033926396167408
7.75	1.4354108845378943
7.85	1.2819591225148657
7.95	1.1604062166047042
8.05	1.0598587857317863
8.15	0.973578281519573
8.25	0.9003129528543667
8.350000000000001	0.836543565156747
8.450000000000001	0.7887948773784538
8.55	0.7434214008997317
8.65	0.706097214099214
8.75	0.6766920783652187
8.850000000000001	0.6506801052908914
8.950000000000001	0.6297863526110697
9.05	0.6126098595629488
9.15	0.5978277471580022
9.25	0.5864931377286012
9.350000000000001	0.5780231602280095
9.450000000000001	0.5735124288410606
9.55	0.569596348354605
9.65	0.5682807038584186
9.750000000000002	0.5695875884721826
9.85	0.572969943529088
9.95	0.5776321316128762
10.049999999999999	0.5847674970877699
10.149999999999999	0.593623441966943
10.25	0.6062936042932435
10.35	0.6198424441234094
10.45	0.6345402114573074
10.549999999999999	0.6512805849088226
10.649999999999999	0.6727660260597753
10.75	0.6940298968792297
10.85	0.7206943630735206
10.95	0.7484216489675327
11.049999999999999	0.7779659523567949
11.149999999999999	0.8105553610279176
11.25	0.8447756983017914
11.35	0.8817021119291595
11.45	0.9212872299643434
11.549999999999999	0.9626541179686018
11.649999999999999	1.003136040529955
11.75	1.0428913979591115
11.85	1.0864654471794404
11.95	1.1256629259714555
12.049999999999999	1.1653516917808067
12.149999999999999	1.2003046402223856
12.25	1.2318438294176024
12.35	1.2597801265694049
12.45	1.2856965955875266
12.549999999999999	1.3025960005607562
12.649999999999999	1.3175705226411734
12.75	1.3295396879295494
12.85	1.3354244362658698
12.95	1.3400173752036075
13.049999999999999	1.3394945424789013
13.149999999999999	1.3347689746363762
13.25	1.3280542927364238
13.35	1.3194895649003444
13.45	1.3001316844329798
13.549999999999999	1.2866059539370647
13.649999999999999	1.2672199900932777
13.75	1.2413895403693571
13.85	1.2190812681628267
13.95	1.1876565021652952
14.049999999999999	1.159238087372972
14.149999999999999	1.127811543044158
14.25	1.096571725116952
14.35	1.0654901732037985
14.45	1.033202049629789
14.549999999999999	1.0020588973756746
14.649999999999999	0.9730019546073619
14.75	0.9451213000598917
14.85	0.9201936608330606
14.95	0.8979781961090234
15.049999999999999	0.8762002232688705
15.149999999999999	0.8570117827539458
15.25	0.8395934761527725
15.35	0.8251188521800032
15.45	0.8134613055510439
15.549999999999999	0.8035782856937612
15.649999999999999	0.7951034418331514
15.75	0.7890016828045118
15.85	0.7850114750512431
15.95	0.7828690459431016
16.05	0.7830504885587132
16.15	0.7820072264690311
16.25	0.7880513693227968
16.349999999999998	0.7915906644301527
16.45	0.7980361959834142
16.55	0.8058733710978528
16.65	0.8164846639010546
16.75	0.8264181817555551
16.849999999999998	0.8378779764891241
16.95	0.8542642210866171
17.05	0.8687281191440481
17.15	0.8854678279590715
17.25	0.9041064959738089
17.349999999999998	0.9239078612658304
17.45	0.9435734520051339
17.55	0.9625537265069319
17.65	0.983796317914607
17.75	1.0040363592504744
17.849999999999998	1.0263127845010886
17.95	1.0453372073753862
18.05	1.0660086309317942
18.15	1.0843275284588534
18.25	1.105449288852521
18.349999999999998	1.1193195920188022
18.45	1.133037485948559
18.55	1.147062835917261
18.65	1.1568095873319721
18.75	1.165266858862138
18.849999999999998	1.1717805201998532
18.95	1.1740375686001148
19.05	1.1775360412709968
19.15	1.1765177651242682
19.25	1.172787262063294
19.35	1.1675415973529624
19.45	1.162034920885338
19.55	1.1522248747431216
19.65	1.1439262971843762
19.75	1.131991913785289
19.85	1.119279026966011
19.95	1.1064881262850939
20.05	1.0960617492859583
20.15	1.0788818513843934
20.25	1.0661541967805677
20.35	1.052747369981951
20.45	1.0374470718653162
20.55	1.021666279926354
20.65	1.012249821738353
20.75	0.9970328076122053
20.85	0.9852999416454024
20.95	0.9710053468673702
21.05	0.9601998104194984
21.15	0.9462092350344
21.25	0.9375135948678148
21.35	0.9277155178192592
21.45	0.9185794626501671
21.55	0.9085358704136606
21.65	0.9023867910702311
21.75	0.8960606282122022
21.85	0.8892513891942458
21.95	0.8862254366821191
22.05	0.8855536337461842
22.15	0.8815374844157299
22.25	0.8804448774263871
22.35	0.8813925817715117
22.45	0.880620344802247
22.55	0.8830967311260616
22.65	0.8871177052435766
22.75	0.8909067773041504
22.85	0.8961227395630618
22.95	NaN
23.05	0.9092201254140774
23.15	0.9182066373366223
23.25	0.9252424125749692
23.35	0.9327998845586266
23.45	0.9461942769242913
23.55	0.9537196325332018
23.65	0.9658845474802238
23.75	0.9786685420298854
23.85	0.9898850894598596
23.95	1.0022279522049753
24.05	1.0150366530745347
24.15	1.0266835177601146
24.25	1.0381492035517264
24.35	1.0493509986652263
24.45	1.0581808857958672
24.55	1.0691067102880079
24.65	1.0784027643840293
24.75	1.0852932297819944
24.85	1.0913542987541358
24.95	1.0959302958485033
25.05	1.0996721152702142
25.15	1.1033733080615828
25.25	1.1036907756480474
25.35	1.1050104748461775
25.45	1.106650681769897
25.55	1.101200237490744
25.65	1.0973922976834005
25.75	1.094671055092445
25.85	1.0879986788684115
25.95	1.0824425518481664
26.05	1.075455642020283
26.15	1.0687687782445285
26.25	1.0589315957236047
26.35	1.0510258689357899
26.45	1.0416754541115538
26.55	1.034021817380463
26.65	1.0245058368452644
26.75	1.0136905167372017
26.85	1.0082011132563613
26.95	0.9992020112689853
27.05	0.9908153495480454
27.15	0.9841021413230707
27.25	0.9727542703610521
27.35	0.9669389524270436
27.45	0.9593627892813382
27.55	0.9551809510696065
27.65	0.9475167766405392
27.75	0.9444790844800605
27.85	0.9415560975130882
27.95	0.9343656280220393
28.05	0.9317475209081684
28.15	0.9284711243208762
28.25	0.9263888247643007
28.35	0.9269322548862464
28.45	0.9249117910296922
28.55	0.9246703975746441
28.65	0.9281155766426767
28.75	0.9258521118339539
28.85	0.9276581346577079
28.95	0.9310918575319097
29.05	0.9345405903849812
29.15	0.9367998549556126
29.25	0.9444503578331499
29.35	0.947327882474015
29.45	0.9536153494642321
29.55	0.96085794759661
29.65	0.9663195815011524
29.75	0.972646158778817
29.85	0.9779633304640111
29.95	0.9863586522870822
30.05	0.9924117376496177
30.15	0.996644882841379
30.25	1.0084911004618686
30.35	1.014190800646732
30.45	1.0226878818471172
30.55	1.0295391307067012
30.65	1.0356130964572294
30.75	1.0409232962745587
30.85	1.0554153139487028
30.95	1.0526593969454106
31.05	1.0532397545093184
31.15	1.0608392968688114
31.25	1.0632779160889165
31.35	1.0662344620495374
31.45	1.0671626144386506
31.55	1.0687970769827848
31.65	1.0672744933889429
31.75	1.0660697734929194
31.85	1.0659017008110354
31.95	1.0630400189341698
32.05	1.0607735288181157
32.15	1.0581340497253149
32.25	1.052696001973796
32.35	1.044596110103572
32.45	1.044170280452784
32.55	1.0376213495447586
32.65	1.0307694270406322
32.75	1.0225638013958827
32.85	1.0236097598888148
32.95	1.0123641275775872
33.05	1.0070484112911247
33.15	1.0026792379996727
33.25	0.997703186150223
33.35	0.992009589294278
33.45	0.9854317146479064
33.55	0.9830782842325265
33.65	0.974927320569695
33.75	0.9690446247514178
33.85	0.9658574388783308
33.95	0.9628508858628555
34.05	0.9583907224933556
34.15	0.9548148877116093
34.25	0.9523622844105064
34.35	0.9524899152106991
34.45	0.9490263541153661
34.55	0.9469046845341081
34.65	0.9498958098008414
34.75	0.9458376278536175
34.85	0.9466693627156593
34.95	0.9477462777278058
35.05	0.9497243138491107
35.15	0.9497903105503718
35.25	0.9546566784519105
35.35	0.9572214014888913
35.45	0.9595997322139621
35.55	0.96285774902764
35.65	0.9652430234055861
35.75	0.9716199673419741
35.85	0.9744211293687774
35.95	0.9795447352098611
36.05	0.9846410783076278
36.15	0.9902786591198404
36.25	0.9928916436707169
36.35	0.999010116039314
36.45	1.0036273916445877
36.55	NaN
36.65	1.0131740098781667
36.75	1.0185001587537899
36.85	1.0252999359317243
36.95	1.027320093406432
37.05	1.0303476417529962
37.15	1.033922761238651
37.25	1.0386793115950443
37.35	1.0430123773219064
37.45	1.0448475028835265
37.55	1.0447080150731827
37.65	NaN
37.75	1.0422539745727544
37.85	1.0467895822870517
37.95	1.0437722681754464
38.05	1.0465582502644297
38.15	1.0442228966086102
38.25	1.0409945392609459
38.35	1.0419246697691698
38.45	1.04009234990822
38.550000000000004	1.0336425787591508
38.65	1.0322345277112959
38.75	1.028876880869796
38.85	1.0242016406674934
38.95	1.0214526693389874
39.050000000000004	1.0153480428511268
39.15	NaN
39.25	NaN
39.35	NaN
39.45	NaN
39.550000000000004	0.9949113580796459
39.65	0.9917670220667453
39.75	0.9881233549397306
39.85	0.9844096772718876
39.95	0.9794990092602016
40.050000000000004	0.9772113623201756
40.15	NaN
40.25	0.9707388770420274
40.35	0.9694553335190664
40.45	0.9679650041865047
40.550000000000004	0.96518777588246
40.65	0.9641635468871521
40.75	0.962992204410375
40.85	0.9615560598874763
40.95	0.9618931632455963
41.050000000000004	0.960601739584121
41.15	0.9621091350556658
41.25	0.9628839385389258
41.35	0.9654663796720289
41.45	0.9640641813766587
41.550000000000004	NaN
41.65	0.9676384693358484
41.75	0.9726512918966065
41.85	0.9726098275542545
41.95	0.9780312617015223
42.050000000000004	0.9796910694372507
42.15	NaN
42.25	0.9871234791118646
42.35	0.9900407518720616
42.45	0.9936069515251537
42.550000000000004	0.99867738865083
42.65	1.002100501103515
42.75	1.0043066004609578
42.85	1.009932518126512
42.95	1.0130184545805616
43.050000000000004	1.015411804336747
43.15	1.0175645725255118
43.25	1.0209244776972117
43.35	1.0252246912092475
43.45	1.0289762941273781
43.550000000000004	1.0288165293611913
43.65	NaN
43.75	1.0327284862269162
43.85	1.0343265413863696
43.95	1.032657849999897
44.050000000000004	1.0347789733981139
44.15	1.0327221035689562
44.25	NaN
44.35	1.0324683720863987
44.45	1.0319840275861227
44.550000000000004	1.0320482583505972
44.65	1.029141498211846
44.75	1.02871202613483
44.85	1.026245111579552
44.95	1.0231859280978166
45.050000000000004	1.019286796516401
45.15	1.017866821460169
45.25	1.0137080680473554
45.35	NaN
45.45	1.008502936691556
45.550000000000004	1.0046052933964422
45.65	NaN
45.75	0.9992291666167163
45.85	0.9959089086990823
45.95	0.9913577939341589
46.050000000000004	0.9908516262278662
46.15	0.9866216323394172
46.25	0.9844191245175633
46.35	0.983374078290033
46.45	0.9794663783436237
46.550000000000004	0.9776568410763492
46.65	NaN
46.75	0.9739498303264975
46.85	0.9722407389216116
46.95	0.9696872861157869
47.050000000000004	0.969843350923033
47.15	0.971651464458279
47.25	0.9701967760248773
47.35	0.9719053661091486
47.45	0.9710241197862179
47.550000000000004	0.9704869261919136
47.65	0.9715401218416132
47.75	0.973639892880975
47.85	0.9744035359083704
47.95	0.9776448154591187
48.050000000000004	0.9791115737785608
48.15	0.9775815901080692
48.25	0.9838556578350077
48.35	0.9865730072614839
48.45	0.9875256035809878
48.550000000000004	0.990054500194268
48.65	0.9939713150577069
48.75	0.996752082872912
48.85	0.9989983037226544
48.95	1.0022782920549655
49.050000000000004	1.0051276476266844
49.15	NaN
49.25	1.011000205822056
49.35	1.0132739925763103
49.45	1.0155704677939716
49.550000000000004	1.0190136164706374
49.65	1.018769786130637
49.75	1.0241090015250884
49.85	1.0218787010747448
49.95	1.0242160255994937
50.050000000000004	1.025853299729466
50.15	1.024850751923694
50.25	1.0274712693977883
50.35	1.0253884156042854
50.45	1.0269411233625199
50.550000000000004	1.0265582270096354
50.65	1.0256012683198328
50.75	1.0244420336909825
50.85	1.02545275923148
50.95	NaN
51.050000000000004	1.0210344217342127
51.15	1.0202419708894357
51.25	1.017031404718489
51.35	1.0159062926264975
51.45	1.014382596395528
51.550000000000004	NaN
51.65	1.006591289386825
51.75	1.0059310151852465
51.85	1.0038247670587237
51.95	1.0011490588671128
52.050000000000004	NaN
52.15	0.9954106884024497
52.25	0.9926370506786882
52.35	0.992027637239731
52.45	0.9893729509822518
52.550000000000004	0.9866671382258358
52.65	0.9852044548116394
52.75	0.9832396727644309
52.85	0.9818442147734316
52.95	NaN
53.050000000000004	0.9792797090200458
53.15	NaN
53.25	0.9769675387541558
53.35	0.9782870676281394
53.45	0.980858944540442
53.550000000000004	NaN
53.65	0.9790148686808461
53.75	NaN
53.85	0.9757956148656985
53.95	0.9760725610262372
54.050000000000004	NaN
54.15	0.9810698559492996
54.25	NaN
54.35	0.9844029677290228
54.45	0.985333313365704
54.550000000000004	NaN
54.65	0.9882621749559364
54.75	0.991375398541353
54.85	0.9910784071277196
54.95	0.9953556139436943
55.050000000000004	0.9982163476108987
55.15	1.0007954345633974
55.25	1.0015066547586138
55.35	1.0081561129413912
55.45	1.0058128095735397
55.550000000000004	1.0066897617134918
55.65	1.0148688245451347
55.75	1.0104765641250966
55.85	1.013814880666808
55.95	1.0164892362449471
56.050000000000004	1.0162489008543454
56.15	1.017933114032486
56.25	1.0147638447127607
56.35	1.0194746640303736
56.45	1.0188095417679015
56.550000000000004	1.0186412704466035
56.65	1.0228723013221626
56.75	NaN
56.85	1.0206263392106523
56.95	1.0192504556935764
57.050000000000004	1.0188478776772887
57.15	1.0194730659198887
57.25	1.0145220569224396
57.35	NaN
57.45	1.0149153605363517
57.550000000000004	1.0126970858110236
57.65	1.013030780828812
57.75	1.0098460369510056
57.85	1.0078127421216518
57.95	1.0063931247546465
58.050000000000004	1.004144362364401
58.15	1.001793986450848
58.25	0.9986241174035889
58.35	0.9978827958750004
58.45	NaN
58.550000000000004	0.9953048843406385
58.65	0.9920021844831938
58.75	NaN
58.85	0.9885956522576603
58.95	NaN
59.050000000000004	0.9867620341383274
59.15	0.9844495787205672
59.25	0.9839485524182412
59.35	0.9844281063624851
59.45	0.9836088524004354
59.550000000000004	0.9818351377238838
59.65	0.9816526903816093
59.75	0.9783537462850509
59.85	NaN
59.95	0.984323664094801
60.050000000000004	NaN
60.15	0.9833177138079049
60.25	0.9815059376967423
60.35	NaN
60.45	0.9850431563106228
60.550000000000004	0.9885470904221827
60.65	0.9897725346759005
60.75	0.9888970073350354
60.85	0.990737614463273
60.95	0.9908106148476293
61.050000000000004	0.9946690435921582
61.15	0.9959988791415549
61.25	0.9983170337063197
61.35	0.9989262887399813
61.45	1.000238357918543
61.550000000000004	NaN
61.65	1.0047904886092411
61.75	NaN
61.85	NaN
61.95	1.0103121910972148
62.050000000000004	1.009359495278834
62.15	1.0117473970737687
62.25	1.0139019526050654
62.35	1.0150503234400012
62.45	1.0155815451600447
62.550000000000004	1.015123642605101
62.65	1.016092927545033
62.75	1.0163147804985182
62.85	1.0173445178622043
62.95	1.0166567380693785
63.050000000000004	1.0160392041632194
63.15	1.0164892873851505
63.25	NaN
63.35	1.016162537305913
63.45	1.015298725265885
63.550000000000004	1.0126819828698068
63.65	1.0129765885544737
63.75	1.0114843592126896
63.85	1.0104266034048368
63.95	1.0093533622139321
64.05	1.0057140548019727
64.14999999999999	1.0062876125177285
64.25	1.0058730083456309
64.35	1.0015504172744147
64.44999999999999	1.0000205332307825
64.55	0.9996404179592199
64.64999999999999	0.9998075757655356
64.75	0.9998078788946092
64.85	0.9953263651846078
64.94999999999999	0.992791974911168
65.05	0.9901773645713261
65.14999999999999	0.989704521990715
65.25	NaN
65.35	0.9877498133261959
65.44999999999999	NaN
65.55	0.9876610689679209
65.64999999999999	0.986743235588842
65.75	0.9858220388916094
65.85	0.9853509461385064
65.94999999999999	0.9846140555504662
66.05	NaN
66.14999999999999	0.9852703460790019
66.25	0.9846102073277161
66.35	0.9833610196964675
66.44999999999999	0.9859577199234559
66.55	0.9873097043357585
66.64999999999999	NaN
66.75	0.987443841117584
66.85	NaN
66.94999999999999	NaN
67.05	0.9922127679769029
67.14999999999999	0.9933335688808571
67.25	0.9954019006884047
67.35	0.9957423687494783
67.44999999999999	0.997351462066683
67.55	0.9986814382720035
67.64999999999999	NaN
67.75	NaN
67.85	1.0030064556158942
67.94999999999999	1.002622588578726
68.05	1.0066578639465542
68.14999999999999	1.0053093475984864
68.25	NaN
68.35	1.0076936385232549
68.44999999999999	1.009572977322689
68.55	1.0121293838306655
68.64999999999999	NaN
68.75	1.0123807095645398
68.85	1.014112701167614
68.94999999999999	1.015493210443492
69.05	1.0149428097797295
69.14999999999999	1.0145296607096543
69.25	1.0129298406810947
69.35	1.0142345127884418
69.44999999999999	NaN
69.55	1.0131401619688971
69.64999999999999	1.0115059293741242
69.75	NaN
69.85	1.012447800535088
69.94999999999999	NaN
70.05	1.0106561917414074
70.14999999999999	1.0072965379674306
70.25	NaN
70.35	1.0051890113718036
70.44999999999999	NaN
70.55	1.0029361780147406
70.64999999999999	1.0024199562812044
70.75	1.001790655719284
70.85	1.0006700754368636
70.94999999999999	0.9980434662205411
71.05	0.9964514836253587
71.14999999999999	0.9979795070313239
71.25	NaN
71.35	0.9923017174205245
71.44999999999999	0.9919978799386819
71.55	0.9911381571725958
71.64999999999999	0.990098806182102
71.75	0.9900124076839999
71.85	0.9885977467816971
71.94999999999999	0.9884950251572828
72.05	NaN
72.14999999999999	NaN
72.25	NaN
72.35	NaN
72.44999999999999	0.9854915457594488
72.55	0.9877528259172259
72.64999999999999	0.987368675856575
72.75	NaN
72.85	0.9875979859874354
72.94999999999999	0.9890633241298543
73.05	0.99059270428825
73.14999999999999	0.9908716633937944
73.25	0.9918894596888354
73.35	0.9918919031986609
73.44999999999999	NaN
73.55	0.9949689179250095
73.64999999999999	NaN
73.75	NaN
73.85	0.9991159208332697
73.94999999999999	0.9995295954758189
74.05	1.0010437311169311
74.14999999999999	1.003522356030287
74.25	1.0042714256672842
74.35	1.0051813839729993
74.44999999999999	1.0057889671113553
74.55	1.0054229372509036
74.64999999999999	1.0064797867733855
74.75	1.0102947218741065
74.85	1.0106731118021695
74.94999999999999	1.011317309798737
75.05	1.010924966825116
75.14999999999999	1.0106700536320086
75.25	NaN
75.35	NaN
75.44999999999999	NaN
75.55	1.0114892851546387
75.64999999999999	NaN
75.75	NaN
75.85	1.0105438919377843
75.94999999999999	1.0108748063636275
76.05	1.010397960815916
76.14999999999999	1.009610805451712
76.25	NaN
76.35	1.0077689486897863
76.44999999999999	NaN
76.55	1.0065145540753204
76.64999999999999	1.0064275878770574
76.75	NaN
76.85	NaN
76.95	NaN
77.05	NaN
77.14999999999999	0.9984286503206519
77.25	0.997766114869652
77.35	0.9960615820697184
77.45	0.99562962887888
77.55	0.9949905293195579
77.64999999999999	0.9935049564127596
77.75	0.9933023387866363
77.85	0.9921819764242533
77.95	0.9917876592135212
78.05	0.9902378537508502
78.14999999999999	0.9911681511189938
78.25	0.9902366058730612
78.35	0.9890382399869679
78.45	NaN
78.55	NaN
78.64999999999999	0.9880619753455813
78.75	0.9881266908817791
78.85	NaN
78.95	0.9885621187315832
79.05	NaN
79.14999999999999	NaN
79.25	0.9930930454549385
79.35	NaN
79.45	0.9935239448882364
79.55	0.9946245972466907
79.64999999999999	NaN
79.75	0.9961253053301783
79.85	0.9972953985537655
