0.15	0.03658370224964265
0.25	0.03739257680553841
0.35	0.03712178373250581
0.45	0.03712509436213985
0.55	0.037377093476515424
0.65	0.03773916545330668
0.7500000000000001	0.03834010909608902
0.85	0.03884768913525318
0.95	0.0390736085115311
1.05	0.0397944306696724
1.15	0.040408178906992144
1.25	0.04092789001400892
1.35	0.04188751960730798
1.45	0.0426597611620405
1.55	0.043793753897728
1.65	0.04482988161573322
1.75	0.04601805252249193
1.85	0.047594185056482705
1.95	0.04877873827324407
2.05	0.0504426165962162
2.15	0.05202788909819338
2.25	0.05405555417145925
2.35	0.05595110221358935
2.45	0.058027937072032174
2.5500000000000003	0.06025233160479043
2.65	0.06295959477021669
2.75	0.0661128509538013
2.85	0.06912100972926027
2.95	0.07241475579654688
3.0500000000000003	0.07613272520597726
3.15	0.08025785245678149
3.25	0.08477244921336319
3.35	0.0896927730467163
3.45	0.09548172446975049
3.5500000000000003	0.1014276701379318
3.65	0.10791363999310086
3.75	0.11603291419287294
3.85	0.12399249953031478
3.95	0.1337099232192029
4.05	0.143590240110044
4.1499999999999995	0.15514343923568974
4.25	0.16813571825481258
4.35	0.18298993649321105
4.449999999999999	0.20053936628568664
4.55	0.21999257714278253
4.6499999999999995	0.24163355010769882
4.75	0.2677837675619091
4.85	0.29564098803813255
4.95	0.3296619145465856
5.05	0.36882688881940523
5.1499999999999995	0.41300200094180206
5.25	0.46325792661942217
5.35	0.524157401569754
5.45	0.5982682267995475
5.55	0.6769158953198445
5.6499999999999995	0.7732128201668043
5.75	0.8862312116910588
5.85	1.0134382774208353
5.95	1.150163499030912
6.05	1.3081441594778456
6.1499999999999995	1.4797111633017204
6.25	1.6484673962057823
6.35	1.8115699269575511
6.45	1.9515435067780877
6.55	2.063668916896504
6.6499999999999995	2.126134686520137
6.75	2.137357675816481
6.85	2.1067861103882937
6.95	2.034036936408655
7.05	1.9305434845578273
7.1499999999999995	1.8173127466716557
7.25	1.7024532075019458
7.35	1.5864506855363079
7.45	1.4729673524952507
7.55	1.3725330087658025
7.6499999999999995	1.2798523796790477
7.75	1.1960280435642343
7.85	1.1226776439862176
7.95	1.0547972476517158
8.05	0.9974929546643617
8.15	0.9482429351650309
8.25	0.9023296174757698
8.350000000000001	0.863692589117237
8.450000000000001	0.8281341967305299
8.55	0.801060532258283
8.65	0.7765575103821056
8.75	0.7571660956261788
8.850000000000001	0.7373207120015403
8.950000000000001	0.7233114196161875
9.05	0.7123248297079274
9.15	0.701837609084336
9.25	0.6946662318870519
9.350000000000001	0.6899709833353616
9.450000000000001	0.6865188273978806
9.55	0.6854738987197332
9.65	0.6877080029196769
9.750000000000002	0.6896913168572051
9.85	0.6961420597871805
9.95	0.7023545932353967
10.049999999999999	0.7121647731132816
10.149999999999999	0.7220978678320186
10.25	0.7336469485319324
10.35	0.7481917575541568
10.45	0.7624173410496158
10.549999999999999	0.7795959466833604
10.649999999999999	0.7983214259269011
10.75	0.8167703850531338
10.85	0.8382456594383795
10.95	0.8614583808834378
11.049999999999999	0.8875934552450341
11.149999999999999	0.910476793297514
11.25	0.9356044948870638
11.35	0.9633223636220825
11.45	0.9888406248407322
11.549999999999999	1.0173801348321654
11.649999999999999	1.0455100344288808
11.75	1.0698370032256965
11.85	1.09488085540983
11.95	1.12155182251362
12.049999999999999	1.1461759214157188
12.149999999999999	1.1669200123261967
12.25	1.1848880834412323
12.35	1.2027109967658165
12.45	1.218114405347295
12.549999999999999	1.2291747600751615
12.649999999999999	1.2370213904625758
12.75	1.2403736458109653
12.85	1.2420981438486818
12.95	1.2393686775201056
13.049999999999999	1.2343844277455156
13.149999999999999	1.2262094590583896
13.25	1.2147642048016802
13.35	1.2007691856285996
13.45	1.1841102210510384
13.549999999999999	1.1692989408845138
13.649999999999999	1.1469530563964259
13.75	1.130108580219274
13.85	1.1075863944660382
13.95	1.087593356531346
14.049999999999999	1.0653289296198618
14.149999999999999	1.0455659836134927
14.25	1.0247605225951284
14.35	1.0066283767311124
14.45	0.9854179138073266
14.549999999999999	0.967834147546532
14.649999999999999	0.9531365130029567
14.75	0.9364586634558609
14.85	0.9245759281126407
14.95	0.911115332943304
15.049999999999999	0.8993981530844235
15.149999999999999	0.8894713777277911
15.25	0.8810635522080785
15.35	0.8744954560986895
15.45	0.8671735265549756
15.549999999999999	0.8622170748688069
15.649999999999999	0.8612792635590951
15.75	0.8602096113960516
15.85	0.8574906608849694
15.95	0.8590903880293032
16.05	0.8614906866416613
16.15	0.8620649118191415
16.25	0.8674035919983583
16.349999999999998	0.8719297269449983
16.45	0.881638119307872
16.55	0.8845397298300535
16.65	0.8954362372225215
16.75	0.9037770171997889
16.849999999999998	0.911414388718438
16.95	0.9241294940855244
17.05	0.9328709016318008
17.15	0.9454411342419956
17.25	0.9594829706589183
17.349999999999998	0.9702951106321016
17.45	0.9845347636885428
17.55	0.9946340039730048
17.65	1.006403324663815
17.75	1.0212281470535032
17.849999999999998	1.031690667441686
17.95	1.0444638100693704
18.05	1.0570240070880155
18.15	1.0654282759609504
18.25	1.0758815478146821
18.349999999999998	1.0852879279619185
18.45	1.0920462741227641
18.55	1.0985501036747427
18.65	1.1030986616619858
18.75	1.1073097496411894
18.849999999999998	1.109670456598643
18.95	1.112958591909591
19.05	1.1110411768443778
19.15	1.1081481856243944
19.25	1.1046096062280149
19.35	1.1026034391423434
19.45	1.098332274033808
19.55	1.0932020850177242
19.65	1.085275868158373
19.75	1.077364435045193
19.85	1.0701758075411512
19.95	1.0599425562773104
20.05	1.051842012508766
20.15	1.0434407972277444
20.25	1.0336017194441416
20.35	1.0256622042009225
20.45	1.0128798630124534
20.55	1.0050568621708433
20.65	0.9967333959818994
20.75	0.9878513890820573
20.85	0.9796509817196489
20.95	0.9693988875622794
21.05	0.9635637182842752
21.15	0.9567077974794557
21.25	0.9527838553366067
21.35	0.945314986458669
21.45	0.941263783877078
21.55	0.9340434044463906
21.65	0.9311113603842776
21.75	0.9289100776190177
21.85	0.9250850475071369
21.95	0.924947318217192
22.05	0.9249835267323271
22.15	0.9226513847475266
22.25	0.922920117473912
22.35	0.9266338331245171
22.45	0.9252113565926812
22.55	0.9292825530956446
22.65	0.9321432069008249
22.75	0.9354494655247616
22.85	0.9413246095729536
22.95	0.9468289648557533
23.05	0.9504825696165986
23.15	0.9556885830491026
23.25	0.9636264880738467
23.35	0.9717391228847373
23.45	0.9753905846351301
23.55	0.9846256184540828
23.65	0.9932579487209607
23.75	0.9968983473374831
23.85	1.0049791777621042
23.95	1.0107186136083366
24.05	1.0173775442274835
24.15	1.0225877025900283
24.25	1.0314706403897709
24.35	1.0370701638796478
24.45	1.0425561433518828
24.55	1.0454210091147744
24.65	1.052326062793553
24.75	1.0546188022070184
24.85	1.0581676846149686
24.95	1.0608571114708272
25.05	1.0668972878441427
25.15	1.0657555176730351
25.25	1.0642910294189252
25.35	1.0621018615216187
25.45	1.062143065995749
25.55	1.0591356389436193
25.65	1.0579851195172087
25.75	1.0552567385040559
25.85	1.0524886264519095
25.95	1.0464372827903545
26.05	1.0444515245293713
26.15	1.0384937512218653
26.25	1.0332373407791287
26.35	1.0277774305703162
26.45	1.0226480900695671
26.55	1.0161986867257282
26.65	1.0106770874944677
26.75	1.004802460485646
26.85	0.9995731095888435
26.95	0.9937216638186059
27.05	0.9875128445021673
27.15	0.9840048710927586
27.25	0.9788832057600552
27.35	0.9752233386077117
27.45	0.9687414411762395
27.55	0.9683817411595572
27.65	0.9616243053380019
27.75	0.9611380438736069
27.85	0.9615759397486222
27.95	0.955594371432493
28.05	0.9547980396726812
28.15	0.9538542644464413
28.25	0.9532195904872708
28.35	0.9530267358629512
28.45	0.9526799672879371
28.55	0.9552649573822107
28.65	0.9522673370303871
28.75	0.9557614470302827
28.85	0.9585266029857404
28.95	0.9594059124682414
29.05	0.9617534832320551
29.15	0.9652639877890987
29.25	0.9676866706171487
29.35	0.9711645955415149
29.45	0.9737914463100185
29.55	0.9793145185070016
29.65	0.9827160125880308
29.75	0.9878167561422131
29.85	0.9917470197851205
29.95	NaN
30.05	1.0001502650644245
30.15	1.0060287069772336
30.25	1.0085141645527735
30.35	1.0156978133006067
30.45	1.017877484652028
30.55	1.022122182081644
30.65	1.025386563584495
30.75	1.0292775864576014
30.85	1.0310493819107582
30.95	1.034330942436522
31.05	1.036539583445479
31.15	1.0377238236038848
31.25	1.0400653505806658
31.35	1.0396063645672526
31.45	1.0415763955433832
31.55	1.0411578312120418
31.65	1.0391509130919825
31.75	NaN
31.85	1.0390265230222733
31.95	1.0359856970858698
32.05	1.0349309050564695
32.15	1.033882926499312
32.25	1.0304417103768928
32.35	1.0277961722226412
32.45	1.0252780958037049
32.55	1.0195059294860611
32.65	1.016766161365003
32.75	1.0112837679373403
32.85	1.0086904052215055
32.95	1.0046600083520714
33.05	1.002587044948088
33.15	0.998083534249942
33.25	0.9939821155568785
33.35	0.989437023189735
33.45	0.9887783523025699
33.55	0.9839440684314558
33.65	0.9829208970508987
33.75	0.9798258457491136
33.85	0.9772416417045929
33.95	0.9739337216476741
34.05	0.9735352777450057
34.15	0.9717543386737738
34.25	0.9699505372763105
34.35	0.970443439120716
34.45	0.9710692454808003
34.55	0.9666352377280409
34.65	0.966302865212641
34.75	0.9671282919717492
34.85	0.9684589946062092
34.95	0.9688884644654078
35.05	0.9700242028276569
35.15	0.9709816037362121
35.25	0.9722753797638305
35.35	0.973440213236355
35.45	0.9778987729498471
35.55	0.9787760019167507
35.65	0.9853848884594194
35.75	0.9845882978904784
35.85	0.985905657996589
35.95	0.9913458028334342
36.05	0.9931151372437116
36.15	0.9951490618517875
36.25	0.9990776929866793
36.35	1.001819894112227
36.45	1.0049665903251037
36.55	1.0103170901549903
36.65	NaN
36.75	1.0161517520613124
36.85	1.0155962351730725
36.95	1.0171862966807892
37.05	1.0201050361614366
37.15	1.021755643819338
37.25	1.0243404775512084
37.35	1.0254510696792631
37.45	1.0271864711211012
37.55	1.0283687259925582
37.65	1.0255317590086828
37.75	1.0286547942349313
37.85	1.0282316104417986
37.95	1.0301853101954563
38.05	NaN
38.15	NaN
38.25	1.0251208143323778
38.35	1.0233780080915462
38.45	1.0237768398285279
38.550000000000004	1.0215019399879537
38.65	1.0173400690439687
38.75	1.0177900344384387
38.85	1.0130185644981984
38.95	1.0123777190178451
39.050000000000004	1.009196655529253
39.15	1.005773317551181
39.25	1.0002962025786828
39.35	1.0018928405417649
39.45	0.9974754403629751
39.550000000000004	0.9932074393697693
39.65	NaN
39.75	0.9898000246374061
39.85	0.9903193896586312
39.95	0.9863009918752313
40.050000000000004	0.9849169819802952
40.15	0.9834092755068647
40.25	0.9801395987956945
40.35	NaN
40.45	0.9782723544666667
40.550000000000004	0.9786080900163177
40.65	0.974736016247665
40.75	0.9777827205478655
40.85	0.9764829286528078
40.95	0.97591494311315
41.050000000000004	0.9766253705379445
41.15	0.9782276356717654
41.25	0.9777382398631813
41.35	0.9781660631614256
41.45	0.9790038802139808
41.550000000000004	0.9803497452907075
41.65	0.9834681288830539
41.75	0.984357934458563
41.85	0.986097212912786
41.95	0.9870855674386289
42.050000000000004	0.987725541788914
42.15	0.9906410720262845
42.25	0.9934878764499057
42.35	0.9948825415572654
42.45	0.9975645146335276
42.550000000000004	1.0008208362006656
42.65	1.0015412887000348
42.75	1.0063727683506016
42.85	1.0070659919415705
42.95	1.0106223430047905
43.050000000000004	1.0110797849918827
43.15	NaN
43.25	1.0134230308763446
43.35	1.0151691368200728
43.45	1.0171128778352903
43.550000000000004	1.021741600042974
43.65	NaN
43.75	NaN
43.85	1.0186757820437973
43.95	1.021875523577136
44.050000000000004	1.0196680217275471
44.15	1.0201798513044311
44.25	1.0201802643420652
44.35	1.020715897252774
44.45	NaN
44.550000000000004	1.0174138385822904
44.65	1.0167788033784588
44.75	1.0183521931322554
44.85	1.0140796099816707
44.95	1.0143196490188473
45.050000000000004	1.012944551671558
45.15	1.0095051823221468
45.25	1.0078693110819787
45.35	1.0053050079641117
45.45	1.004027519151353
45.550000000000004	1.0009217032825928
45.65	0.9997798338397965
45.75	NaN
45.85	0.9962944111621572
45.95	NaN
46.050000000000004	0.9931889424393233
46.15	0.9917129025835921
46.25	0.9924545109555181
46.35	NaN
46.45	0.9851851810951293
46.550000000000004	0.985646377906739
46.65	NaN
46.75	0.9837781964897612
46.85	0.9817943244105763
46.95	0.9815867567371355
47.050000000000004	0.9815761938498058
47.15	0.9818285606155208
47.25	0.981848582088958
47.35	0.983114825355432
47.45	NaN
47.550000000000004	0.9826293470955143
47.65	0.9837845495838365
47.75	0.984424135332304
47.85	0.9861563618387896
47.95	0.9869643189703348
48.050000000000004	0.9892248105320521
48.15	0.9891893184616386
48.25	0.9894221577419907
48.35	0.99301732444533
48.45	0.9952886191819138
48.550000000000004	0.9919572250721844
48.65	0.9971115019550999
48.75	0.9999650580968629
48.85	1.0008319206233933
48.95	1.0010520649656265
49.050000000000004	1.007178852061847
49.15	1.0065708790165986
49.25	1.0097736068815582
49.35	1.0083905139235254
49.45	1.01089673990345
49.550000000000004	1.0091533177637813
49.65	1.0126234720162672
49.75	NaN
49.85	1.0155711128374763
49.95	1.0155389829137915
50.050000000000004	1.0155259200667919
50.15	1.015703513532518
50.25	1.0172279830436532
50.35	1.0149355644586675
50.45	1.0147819891502343
50.550000000000004	1.0169053485662258
50.65	1.0143391490069096
50.75	1.0136828899156247
50.85	1.0123976278090652
50.95	1.0115239936929916
51.050000000000004	1.011240591711749
51.15	1.0113978407615183
51.25	1.0090922687334332
51.35	1.0091743107124285
51.45	1.007544441059799
51.550000000000004	1.0067983256631028
51.65	1.0031762478516577
51.75	0.9970879270932236
51.85	1.0007531148419107
51.95	0.9994301520812484
52.050000000000004	0.996493322660638
52.15	NaN
52.25	0.9968046829619256
52.35	0.9936188964252481
52.45	0.9927653736289166
52.550000000000004	0.9924098097375625
52.65	0.9897411152478357
52.75	0.9896988734061627
52.85	0.9870844600841651
52.95	0.987638167304427
53.050000000000004	0.9891029828986139
53.15	0.9855575045199749
53.25	0.9863717654673259
53.35	0.9842016262165758
53.45	0.9874074005345335
53.550000000000004	0.9885348600281813
53.65	0.9855374469474539
53.75	0.9871868383928557
53.85	0.9847066881528089
53.95	0.9859866271528496
54.050000000000004	0.9886008334189524
54.15	0.9881279095323843
54.25	0.9863765866482547
54.35	0.9908883779055321
54.45	0.9906605551194094
54.550000000000004	NaN
54.65	0.9924381497923347
54.75	0.9967699756253906
54.85	0.9957394791337391
54.95	0.9990516198815852
55.050000000000004	0.9996787224082171
55.15	1.0018106539840326
55.25	1.0027155843653521
55.35	1.0039830080776995
55.45	1.0035235533712894
55.550000000000004	1.0057431219470119
55.65	NaN
55.75	1.0091752586714589
55.85	1.0091336956234795
55.95	1.0099370494216613
56.050000000000004	1.0100947597680445
56.15	1.0126979101062068
56.25	1.011362493692579
56.35	1.006827928777399
56.45	1.0105206251267231
56.550000000000004	1.0125376723509152
56.65	1.0115541574071623
56.75	1.0153438534882984
56.85	1.0120860378487795
56.95	1.0119654807029663
57.050000000000004	1.010621330016778
57.15	1.0113835135544431
57.25	1.0119192670902515
57.35	1.007893033089162
57.45	1.0094303247899086
57.550000000000004	NaN
57.65	1.0064248716310233
57.75	1.0047889787555135
57.85	1.0039378376339885
57.95	1.0020477390491427
58.050000000000004	NaN
58.15	1.0006806023940384
58.25	0.9986368246057917
58.35	0.9993024863455795
58.45	0.9962876897355181
58.550000000000004	0.994981300320954
58.65	0.9943486774342747
58.75	NaN
58.85	0.993783044660737
58.95	0.991885191682177
59.050000000000004	0.9885700685815185
59.15	0.9887986089356832
59.25	0.9893914251863488
59.35	0.9910139566417444
59.45	0.9894766625802913
59.550000000000004	0.9894231960387061
59.65	NaN
59.75	0.98751871876378
59.85	0.9890357510558567
59.95	0.988158706801624
60.050000000000004	0.9898250424032127
60.15	0.9897767913501314
60.25	0.9906524483796623
60.35	NaN
60.45	0.992999014989051
60.550000000000004	0.9919051493015946
60.65	0.9929356140685465
60.75	0.9942682536237334
60.85	NaN
60.95	0.9956164183683771
61.050000000000004	0.9970856708917174
61.15	0.9979019385535701
61.25	0.9992592322107275
61.35	1.0026326451248848
61.45	1.0008773675985005
61.550000000000004	1.0023352827720529
61.65	1.0013159678361108
61.75	1.0040144769491566
61.85	1.0058172638278076
61.95	NaN
62.050000000000004	1.0044940490134728
62.15	1.0068623602730118
62.25	1.0105953934581298
62.35	1.008177003994765
62.45	NaN
62.550000000000004	1.010305851670287
62.65	NaN
62.75	NaN
62.85	1.0114565283954609
62.95	1.0102127313069353
63.050000000000004	1.0087812665337101
63.15	1.0080704709223025
63.25	1.0095370144359597
63.35	1.0082204805342965
63.45	1.0066656026396317
63.550000000000004	1.0075911543887772
63.65	NaN
63.75	1.0081443979766143
63.85	NaN
63.95	1.0060228697636109
64.05	1.0045512228807052
64.14999999999999	1.003468938616045
64.25	1.002964447201046
64.35	NaN
64.44999999999999	0.9990675222259563
64.55	0.9999642814132584
64.64999999999999	0.9990655041809282
64.75	0.9993405719486333
64.85	0.9951624039199557
64.94999999999999	0.9950883207733211
65.05	0.9935182031257214
65.14999999999999	NaN
65.25	0.9935988203332223
65.35	0.9916270155181863
65.44999999999999	0.9927188118412231
65.55	0.9910148678502265
65.64999999999999	NaN
65.75	0.9936307548857529
65.85	0.990594568831869
65.94999999999999	NaN
66.05	NaN
66.14999999999999	0.9907940007622199
66.25	0.9918112506613379
66.35	0.9917971023282494
66.44999999999999	0.9897417770026082
66.55	NaN
66.64999999999999	0.9934287076985876
66.75	0.9931159139715793
66.85	NaN
66.94999999999999	NaN
67.05	NaN
67.14999999999999	NaN
67.25	0.9960820330544361
67.35	NaN
67.44999999999999	NaN
67.55	0.9986444653396198
67.64999999999999	1.0003979115713966
67.75	1.000432664928963
67.85	1.0025824957942167
67.94999999999999	NaN
68.05	1.0039589883218345
68.14999999999999	1.0043875698606108
68.25	1.004394179403095
68.35	1.0051173520844054
68.44999999999999	1.0062417189145358
68.55	1.0075667625699962
68.64999999999999	NaN
68.75	1.0072210209035066
68.85	1.0079485324042021
68.94999999999999	1.0092069356022062
69.05	NaN
69.14999999999999	1.010616921767085
69.25	NaN
69.35	1.0093251173104267
69.44999999999999	1.007619656764299
69.55	1.008507314622006
69.64999999999999	1.0070394230660797
69.75	1.0077672990289686
69.85	1.006607802101591
69.94999999999999	1.006371343245076
70.05	NaN
70.14999999999999	1.0038321657888434
70.25	1.0040619345675919
70.35	1.0039583047489589
70.44999999999999	1.002815949694448
70.55	1.003261329777811
70.64999999999999	1.0015232568353636
70.75	1.0003710340189096
70.85	0.9988862162053622
70.94999999999999	0.998975459654609
71.05	0.9975771467174585
71.14999999999999	NaN
71.25	0.9957216732858407
71.35	NaN
71.44999999999999	0.993655499402533
71.55	0.9938511321009926
71.64999999999999	0.9929060561336992
71.75	0.9951693022839325
71.85	NaN
71.94999999999999	NaN
72.05	0.9916455121665322
72.14999999999999	NaN
72.25	0.9920293137031374
72.35	0.9926638397657735
72.44999999999999	NaN
72.55	NaN
72.64999999999999	0.9934305782726275
72.75	0.9931877418343457
72.85	0.9942555680737736
72.94999999999999	NaN
73.05	0.9954139962649603
73.14999999999999	0.9947075452976362
73.25	0.9974843794913193
73.35	0.99554003329586
73.44999999999999	0.9960851219169553
73.55	0.997915747882405
73.64999999999999	0.9971032650731269
73.75	0.9993306279346139
73.85	0.9999450321582408
73.94999999999999	NaN
74.05	NaN
74.14999999999999	1.001858723513095
74.25	1.0031226707900653
74.35	1.0044445729854017
74.44999999999999	1.0047007717636434
74.55	1.0045306950977846
74.64999999999999	NaN
74.75	NaN
74.85	1.006569759159923
74.94999999999999	1.005029319611192
75.05	1.0064233658120731
75.14999999999999	1.0065414852401535
75.25	1.0074985605755773
75.35	1.007333401767097
75.44999999999999	1.0097291233561445
75.55	1.0075159113107524
75.64999999999999	1.007311278688774
75.75	NaN
75.85	1.0061768124219923
75.94999999999999	NaN
76.05	1.0059950589568722
76.14999999999999	1.005657784819825
76.25	1.004736809093894
76.35	1.0045607190567998
76.44999999999999	NaN
76.55	1.0034753643907037
76.64999999999999	0.9981108521871925
76.75	NaN
76.85	1.0014906165144584
76.95	0.9997307684779949
77.05	0.9992939932410675
77.14999999999999	0.9998884797515121
77.25	NaN
77.35	NaN
77.45	NaN
77.55	0.9948450004255165
77.64999999999999	NaN
77.75	0.9961631593101131
77.85	0.9950957430459149
77.95	NaN
78.05	0.992853978099207
78.14999999999999	NaN
78.25	0.9941804988449093
78.35	0.9952306569160666
78.45	NaN
78.55	NaN
78.64999999999999	NaN
78.75	0.9934619126297947
78.85	0.9928425383260436
78.95	0.9934137020068498
79.05	NaN
79.14999999999999	NaN
79.25	0.9945123238536278
79.35	0.9950883329166952
79.45	NaN
79.55	0.996224448642788
79.64999999999999	NaN
79.75	0.9967801925929765
79.85	0.997142541371581
