0.15	0.018576438322165604
0.25	0.019084016311707988
0.35	0.018998493798410142
0.45	0.019311622236298495
0.55	0.019201099651577375
0.65	0.019496874197845463
0.7500000000000001	0.019530525648215592
0.85	0.0198264161632078
0.95	0.02007319345334653
1.05	0.02052983482562302
1.15	0.020781102437683656
1.25	0.021192268027273455
1.35	0.021589005448494986
1.45	0.02205141520272023
1.55	0.02254158436675331
1.65	0.0229609598831808
1.75	0.02362228479000689
1.85	0.024376556022333403
1.95	0.025160805004390566
2.05	0.02576846664792318
2.15	0.02659653660764243
2.25	0.02760162079824014
2.35	0.02863940740148132
2.45	0.029587626632130895
2.5500000000000003	0.030762993235981657
2.65	0.03205788541122527
2.75	0.033493863901315715
2.85	0.03487589562813873
2.95	0.0366648696547073
3.0500000000000003	0.03826557711925521
3.15	0.04025575684813828
3.25	0.04257794158652649
3.35	0.04499038804252621
3.45	0.047559382719952706
3.5500000000000003	0.05053484240838524
3.65	0.05372095280376924
3.75	0.057439313392264026
3.85	0.060874066383839756
3.95	0.06574593671596468
4.05	0.07076336975677995
4.1499999999999995	0.07635316091303934
4.25	0.08250078485106775
4.35	0.0898900659452399
4.449999999999999	0.09767589258115161
4.55	0.10648091484596436
4.6499999999999995	0.11664430122933071
4.75	0.1291938917730454
4.85	0.14298248382958395
4.95	0.15972707194797445
5.05	0.17707630035468525
5.1499999999999995	0.1997279304997928
5.25	0.22386100863743041
5.35	0.25519466508996325
5.45	0.2927068073401949
5.55	0.3360989570886418
5.6499999999999995	0.3868238343906614
5.75	0.45451731511661875
5.85	0.5292810315574488
5.95	0.6251724008423754
6.05	0.7481458280517937
6.1499999999999995	0.8993897693564056
6.25	1.0852221884027276
6.35	1.3050840334262865
6.45	1.5778020975442941
6.55	1.8866452329135879
6.6499999999999995	2.2237028604557305
6.75	2.5344858376303665
6.85	2.7898955468608957
6.95	2.9267584098676864
7.05	2.9124678044634735
7.1499999999999995	2.772440930482551
7.25	2.5567597824990833
7.35	2.296565521334967
7.45	2.0395157388977734
7.55	1.8164630524497882
7.6499999999999995	1.6068547299450358
7.75	1.431491361623626
7.85	1.2807653190216821
7.95	1.161076903199046
8.05	1.0598631551824698
8.15	0.9750372249523582
8.25	0.8995368621393758
8.350000000000001	0.8383268558538164
8.450000000000001	0.7873790129413665
8.55	0.7449247525412056
8.65	0.7067528283255102
8.75	0.6771807054375757
8.850000000000001	0.6511953966417545
8.950000000000001	0.6278604626237989
9.05	0.6126713805306129
9.15	0.5974229950322739
9.25	0.5866733105150659
9.350000000000001	0.5783526665390115
9.450000000000001	0.5728495474994805
9.55	0.5691947806003844
9.65	0.5675276856963658
9.750000000000002	0.5693990010901686
9.85	0.5724062795426746
9.95	0.5783579675268337
10.049999999999999	0.5853718314254355
10.149999999999999	0.5948170083013814
10.25	0.6051482169245949
10.35	0.6186866304464779
10.45	0.6358635771358708
10.549999999999999	0.6526456584164393
10.649999999999999	0.6715071018618243
10.75	0.6940021232612547
10.85	0.7197395975243089
10.95	0.7473341662669675
11.049999999999999	0.7762459062976129
11.149999999999999	0.811169812958541
11.25	0.8444197902169311
11.35	0.8823773625295338
11.45	0.9206797724883957
11.549999999999999	0.9613465645530614
11.649999999999999	1.0017210680281372
11.75	1.0448766644601641
11.85	1.0851683470055276
11.95	1.125577805551698
12.049999999999999	1.165668809532909
12.149999999999999	1.2001491974893472
12.25	1.2345719597966165
12.35	1.2593974692284515
12.45	1.284491367704475
12.549999999999999	1.3014545438102514
12.649999999999999	1.3179185120537331
12.75	1.331121637035629
12.85	1.3359706802358227
12.95	1.3384919642997022
13.049999999999999	1.3387641959386727
13.149999999999999	1.3354723883186246
13.25	1.3267121705831293
13.35	1.317942215205256
13.45	1.3045293820848307
13.549999999999999	1.2862261240810329
13.649999999999999	1.2649832906875011
13.75	1.2437052232114914
13.85	1.217279453434725
13.95	1.1904955808333781
14.049999999999999	1.1593426953755934
14.149999999999999	1.127975723176216
14.25	1.0955533093023426
14.35	1.062948147826212
14.45	1.0330806133710282
14.549999999999999	1.0009027144146265
14.649999999999999	0.9743412527180207
14.75	0.9478597387539451
14.85	0.9211403207065352
14.95	0.8968317353665409
15.049999999999999	0.8772427044632485
15.149999999999999	0.8571431022686176
15.25	0.84082318048819
15.35	0.8253490307960446
15.45	0.8163527118084059
15.549999999999999	0.8048934549885817
15.649999999999999	0.7958226716151442
15.75	0.7894331161332409
15.85	0.7846825562633789
15.95	0.7834817703982024
16.05	0.7815947700513145
16.15	0.7834064425324914
16.25	0.7848199903711266
16.349999999999998	0.7900660955950276
16.45	0.7977051653196601
16.55	0.8055990052562646
16.65	0.8147793456252306
16.75	0.8264730485612138
16.849999999999998	0.8397609980252567
16.95	0.8535004341206297
17.05	0.8686901023642536
17.15	0.885176868088369
17.25	0.906681638253489
17.349999999999998	0.9214400855795503
17.45	0.9417342387939871
17.55	0.9630191931713593
17.65	0.9818980729435497
17.75	1.003775024107531
17.849999999999998	1.0275548356570687
17.95	1.0470510878324755
18.05	1.0649786989587284
18.15	1.0855398800687295
18.25	1.1029982996153997
18.349999999999998	1.1192535823380072
18.45	1.1343348695482516
18.55	1.145544013211404
18.65	1.1570545028296009
18.75	1.1675562056919353
18.849999999999998	1.1722641857338707
18.95	1.174674699295083
19.05	1.1775719773680988
19.15	1.1738264405508556
19.25	1.169565151212594
19.35	1.167243319104099
19.45	1.1608443519552363
19.55	1.1534416876674112
19.65	1.1437927625034656
19.75	1.1306905654139152
19.85	1.1214431094311492
19.95	1.1069822570198784
20.05	1.0949727327566194
20.15	1.0786500827768488
20.25	1.0678654689315634
20.35	1.0535575121793601
20.45	1.0390799603155627
20.55	1.0237368781467793
20.65	1.0112469827990014
20.75	0.9971219083304019
20.85	0.9852074935826615
20.95	0.9703922639473936
21.05	0.9588199902865016
21.15	0.9487170674138213
21.25	0.9358056615100242
21.35	0.9264957165405093
21.45	0.9182066029730929
21.55	0.911775540702105
21.65	0.901868401646765
21.75	0.8969994070034951
21.85	0.892458869916549
21.95	0.8884635214966844
22.05	0.8823816099444426
22.15	0.8813017303196514
22.25	0.8812093411649011
22.35	0.8807437970578423
22.45	0.880103862371818
22.55	0.8838367417980305
22.65	0.8852574563471179
22.75	0.8895790848023978
22.85	0.8980103114997702
22.95	NaN
23.05	0.9082846862550847
23.15	0.9170836515364499
23.25	0.9255712023654677
23.35	0.9362435920407568
23.45	0.9450346567720951
23.55	0.9571534685501876
23.65	0.9659077450479601
23.75	0.9791518432205294
23.85	0.9901097886874541
23.95	1.0024018419457137
24.05	1.0133161108858275
24.15	1.0263128211047028
24.25	1.034890385201028
24.35	1.0476643380651445
24.45	1.0586850165541282
24.55	1.0665198726017302
24.65	1.0760929492678426
24.75	1.0843396565476962
24.85	1.0928593493120373
24.95	1.0970906264247309
25.05	1.1001767275379755
25.15	1.1034028402444844
25.25	1.103678546889594
25.35	1.1048801368175025
25.45	1.1033985963310826
25.55	1.1009248366297872
25.65	1.0985527770496235
25.75	1.0946443675247102
25.85	1.0881470460076845
25.95	1.0821711942273669
26.05	1.0759867229459625
26.15	1.0683766924059217
26.25	1.0586259604610355
26.35	1.0495487603872236
26.45	1.0431111744023776
26.55	1.033454688288712
26.65	1.0244125199938123
26.75	1.016419138662528
26.85	1.007919726647422
26.95	1.0004520746045076
27.05	0.9889684650796969
27.15	0.9819441676526329
27.25	0.9743663758139395
27.35	0.9661234318215257
27.45	0.9599533504527888
27.55	0.9565648956381225
27.65	0.9464460066412353
27.75	0.9429983397666647
27.85	0.9332497389060793
27.95	0.9354984414557708
28.05	0.9299374639928505
28.15	0.9283572679549401
28.25	0.9268476522735203
28.35	0.9254615177330084
28.45	0.9252276751715552
28.55	0.92476411176639
28.65	0.9259190026918377
28.75	0.9278609702290473
28.85	0.9277527746992661
28.95	0.9318242951052859
29.05	0.9354463318142502
29.15	0.9379418757858438
29.25	0.94191585407457
29.35	0.9507114107968239
29.45	0.9534230432154249
29.55	0.9598411717205386
29.65	0.9659971853903484
29.75	0.9715737411030374
29.85	0.979435400623184
29.95	0.9854062654604999
30.05	0.9929865789470115
30.15	0.9969146077852412
30.25	1.0085917821073884
30.35	1.0157350938323804
30.45	1.0221232457646914
30.55	1.028541785624349
30.65	1.033824815624756
30.75	1.0415631763670605
30.85	1.0458576010307432
30.95	1.0517386528314656
31.05	1.0521585046753834
31.15	1.060578874690313
31.25	1.0643470181939478
31.35	1.0667014258714473
31.45	1.0674409788210182
31.55	1.067018737387651
31.65	1.0690293481522
31.75	1.0695799074506565
31.85	1.0647231661059695
31.95	1.064832761503383
32.05	1.0610428633214235
32.15	1.0564419829311822
32.25	1.0531777804721552
32.35	1.0483799909903615
32.45	1.042461260582878
32.55	1.0383856996882004
32.65	1.031754824094459
32.75	1.0275489746088384
32.85	1.0190440720229355
32.95	1.0151563866790652
33.05	1.0074029209561548
33.15	1.0018161766268852
33.25	0.9944791336511106
33.35	0.990777946502941
33.45	0.983182459444806
33.55	0.9776950160491544
33.65	0.9755162747651062
33.75	0.9689067698868525
33.85	0.9651497437338018
33.95	0.9579937545273219
34.05	0.9590762470838121
34.15	0.9551227846722418
34.25	0.9529672268669799
34.35	0.9529304102813124
34.45	0.9490828402493113
34.55	0.9476630023334424
34.65	0.946162516995583
34.75	0.9465442310919135
34.85	0.9476118440560738
34.95	0.9471236078374214
35.05	0.9494807988143649
35.15	0.9500811048645008
35.25	0.954506384993992
35.35	0.9541175112885352
35.45	0.9617286702432674
35.55	0.9635290346523916
35.65	0.9663719028266827
35.75	0.9706248085229273
35.85	0.9730848720467172
35.95	0.97870055057599
36.05	0.9840226884582873
36.15	0.9893342319907762
36.25	0.9938593291148254
36.35	0.9981752150649172
36.45	1.0043826373818654
36.55	NaN
36.65	1.014188195846047
36.75	1.0182494892688423
36.85	1.0244017863175006
36.95	1.027444524583926
37.05	1.0327841434288507
37.15	1.0355439452350441
37.25	1.0368670306981524
37.35	1.0410684636060323
37.45	1.043615559846898
37.55	1.0421132405147022
37.65	NaN
37.75	1.0483778154263814
37.85	1.0468631840282911
37.95	1.0457172906469323
38.05	1.0455728949643075
38.15	1.0439943311245918
38.25	1.040971461855214
38.35	1.0396369013050504
38.45	1.0382172639389187
38.550000000000004	1.0370326144473765
38.65	1.0314002479435531
38.75	1.0298402804526758
38.85	1.0240229941628907
38.95	1.0208351477561246
39.050000000000004	1.0182637783256563
39.15	NaN
39.25	NaN
39.35	NaN
39.45	NaN
39.550000000000004	0.9970393609327343
39.65	0.9912198095363813
39.75	0.9873744684300405
39.85	0.9841161565830984
39.95	0.9808950644038192
40.050000000000004	0.9781228236908929
40.15	NaN
40.25	0.9714907778804308
40.35	0.9694892221612426
40.45	0.9681176911119562
40.550000000000004	0.96508728550382
40.65	0.9639855950044165
40.75	0.9638203088021028
40.85	0.9620964111065267
40.95	0.9625338282771156
41.050000000000004	0.9598999735265923
41.15	0.962694562060594
41.25	0.9629275005241791
41.35	0.9638455028914266
41.45	0.9656479786116811
41.550000000000004	NaN
41.65	0.9676239874771415
41.75	0.9709258704849758
41.85	0.9729543064070467
41.95	0.977371408946955
42.050000000000004	0.9807344536353708
42.15	NaN
42.25	0.9873697224357003
42.35	0.9903093363027344
42.45	0.9934656467869742
42.550000000000004	0.9964523784746657
42.65	1.002335913924002
42.75	1.0054124259832866
42.85	1.0078452233667334
42.95	1.0105202619665739
43.050000000000004	1.0153022664829292
43.15	1.018158312986989
43.25	1.0217794664883548
43.35	1.0239044197846305
43.45	1.0261953620129243
43.550000000000004	1.0280455415424803
43.65	NaN
43.75	1.0328929751402252
43.85	1.0331113258808453
43.95	1.033917829211332
44.050000000000004	1.0324854240076358
44.15	1.0344975523894684
44.25	NaN
44.35	1.0341813559077202
44.45	1.0332085892922556
44.550000000000004	1.0306795427695117
44.65	1.029651918694272
44.75	1.0273987191027187
44.85	1.0251979448454673
44.95	1.0236761752789947
45.050000000000004	1.0207745953412164
45.15	1.0184590614668605
45.25	1.0131798576950188
45.35	NaN
45.45	1.007200197274669
45.550000000000004	1.0069566982925795
45.65	NaN
45.75	1.0003386975825632
45.85	0.9968097966359121
45.95	0.9925736602840304
46.050000000000004	0.988514837883954
46.15	0.9864587258608877
46.25	0.9840560997177907
46.35	0.9821445946467974
46.45	0.97889394653072
46.550000000000004	0.9774786998479137
46.65	NaN
46.75	0.9734497335167869
46.85	0.9723095188548722
46.95	0.9718370978357221
47.050000000000004	0.971556551702971
47.15	0.96989839284544
47.25	0.9706669233391801
47.35	0.9698351923928303
47.45	0.9688442979282736
47.550000000000004	0.9723868491154367
47.65	0.9727990513232712
47.75	0.9737417544597909
47.85	0.9750209501616712
47.95	0.9778802339013729
48.050000000000004	0.9782172496373003
48.15	0.9804188402929814
48.25	0.9836075955590473
48.35	0.98520635883049
48.45	0.989406474893239
48.550000000000004	0.9914500773417758
48.65	0.9933266970582884
48.75	0.9962530120098646
48.85	0.9984981326219479
48.95	1.0027833952297034
49.050000000000004	1.0048560887610019
49.15	NaN
49.25	1.009973140951377
49.35	1.0129036106802853
49.45	1.0154016904823369
49.550000000000004	1.0179618468216296
49.65	1.0190633437505863
49.75	1.0190750528069648
49.85	1.0224921131397822
49.95	1.023187644260801
50.050000000000004	1.0258176028617074
50.15	1.0262999514794615
50.25	1.0272501709210045
50.35	1.0264987879250254
50.45	1.0275262233959455
50.550000000000004	1.0270246793217568
50.65	1.0269637283835307
50.75	1.0244333451025687
50.85	1.0231755877034416
50.95	NaN
51.050000000000004	1.0191845181841062
51.15	1.0176464066027788
51.25	1.0177162342057882
51.35	1.0148064558989465
51.45	1.0118509206035173
51.550000000000004	NaN
51.65	1.0070489022650555
51.75	1.004749524684746
51.85	1.005938621056218
51.95	0.9996974702256092
52.050000000000004	NaN
52.15	0.9969156163272354
52.25	0.9939615883213748
52.35	0.9902843111019134
52.45	0.9880781879665334
52.550000000000004	0.9861642275041261
52.65	0.9846503948226519
52.75	0.9833156304690472
52.85	0.9821964844258133
52.95	NaN
53.050000000000004	0.9810574281979678
53.15	NaN
53.25	0.9787966448362063
53.35	0.9778615621968484
53.45	0.9764623590079444
53.550000000000004	NaN
53.65	0.9760924675414874
53.75	NaN
53.85	0.9765748408835255
53.95	0.9792599732249396
54.050000000000004	NaN
54.15	0.9822509857706111
54.25	NaN
54.35	0.9847015996873099
54.45	0.9861246923842714
54.550000000000004	NaN
54.65	0.9889387552313808
54.75	0.9910233930423634
54.85	0.9935389998330489
54.95	0.9960052316374921
55.050000000000004	0.9985391360103647
55.15	1.0009645667855507
55.25	1.0035387348734175
55.35	1.0026972789361612
55.45	1.006615508737422
55.550000000000004	1.0070218147711367
55.65	1.0136321511439939
55.75	1.0133287092420622
55.85	1.0145054355741943
55.95	1.0163087798698334
56.050000000000004	1.0164648053084415
56.15	1.0190142212136957
56.25	1.0212691952838648
56.35	1.019694516129856
56.45	1.0217821410207095
56.550000000000004	1.0176480437478985
56.65	1.0215020209157573
56.75	NaN
56.85	1.020630654061251
56.95	1.0185360818021107
57.050000000000004	1.018831411202803
57.15	1.0176365085448282
57.25	1.0140902514334282
57.35	NaN
57.45	1.0177047609003
57.550000000000004	1.0137824216089775
57.65	1.0106078625753367
57.75	1.0079848055294491
57.85	1.0072215141130592
57.95	1.006167068113527
58.050000000000004	1.002849159757775
58.15	1.0027316307120635
58.25	0.9996087051764531
58.35	1.0003142605688016
58.45	NaN
58.550000000000004	0.9935866357707623
58.65	0.992546208008526
58.75	NaN
58.85	0.9890718348536046
58.95	NaN
59.050000000000004	0.9842255951220893
59.15	0.9863847328864002
59.25	0.9841540198820502
59.35	0.9835657733117948
59.45	0.9825079103288977
59.550000000000004	0.9832302308054806
59.65	0.982164038577598
59.75	0.980175457297557
59.85	NaN
59.95	0.9823938378326632
60.050000000000004	NaN
60.15	0.9816214337688599
60.25	0.9845410170871397
60.35	NaN
60.45	0.9846438648741804
60.550000000000004	0.9865245520936226
60.65	0.9860422658729396
60.75	0.9887883603114105
60.85	0.9877413632924378
60.95	0.9923618980078607
61.050000000000004	0.9932685432084931
61.15	0.9971947329613452
61.25	0.9978104142977171
61.35	0.9998389007982862
61.45	1.000397678359032
61.550000000000004	NaN
61.65	1.00532688427175
61.75	NaN
61.85	NaN
61.95	1.01019763215846
62.050000000000004	1.0112623152149873
62.15	1.0105416914977898
62.25	1.0130525622022242
62.35	1.014552133306735
62.45	1.0143547878595605
62.550000000000004	1.0159849834432757
62.65	1.0176129645095264
62.75	1.0188529217546045
62.85	1.0186527879175313
62.95	1.01694162575897
63.050000000000004	1.0169636025688449
63.15	1.0162109013908307
63.25	NaN
63.35	1.0156555144934132
63.45	1.013151044638213
63.550000000000004	1.015729110332927
63.65	1.0111112910370565
63.75	1.0124956952855122
63.85	1.011033410681318
63.95	1.010731637643867
64.05	1.0085006901044387
64.14999999999999	1.0048754058543
64.25	1.0058736696297033
64.35	1.0067992312465803
64.44999999999999	1.002277864254847
64.55	0.9975673920547279
64.64999999999999	0.9978857665611209
64.75	0.9936738494493053
64.85	0.9947349152409057
64.94999999999999	0.9927106727249747
65.05	0.9915993508382253
65.14999999999999	0.9895876224909015
65.25	NaN
65.35	0.9875447145901667
65.44999999999999	NaN
65.55	0.9852486352932027
65.64999999999999	0.9867157844364027
65.75	0.9832819762679923
65.85	0.9845765433361676
65.94999999999999	0.9854018114827616
66.05	NaN
66.14999999999999	0.9847754878228412
66.25	0.9858194747116503
66.35	0.9875044171131803
66.44999999999999	0.9868966038353059
66.55	0.9872559240981662
66.64999999999999	NaN
66.75	0.9880994580827915
66.85	NaN
66.94999999999999	NaN
67.05	0.9917336248514809
67.14999999999999	0.9932062200012223
67.25	0.994520313692332
67.35	0.9953718916589408
67.44999999999999	0.9964434562135116
67.55	0.9968418803209218
67.64999999999999	NaN
67.75	NaN
67.85	1.0043963246385006
67.94999999999999	1.0045915177625282
68.05	1.0055352447590735
68.14999999999999	1.006944897650198
68.25	NaN
68.35	1.0083542251791895
68.44999999999999	1.0096748726472478
68.55	1.010703158172262
68.64999999999999	NaN
68.75	1.0136507343022674
68.85	1.0133048069070532
68.94999999999999	1.0139651439639878
69.05	1.0139801906834485
69.14999999999999	1.0117200064383403
69.25	1.0140338613455995
69.35	1.013849921388246
69.44999999999999	NaN
69.55	1.0136383868999572
69.64999999999999	1.013203456398319
69.75	NaN
69.85	1.0107185417015556
69.94999999999999	NaN
70.05	1.007927379478565
70.14999999999999	1.0087041535158374
70.25	NaN
70.35	1.0044788178708592
70.44999999999999	NaN
70.55	1.0047758870018626
70.64999999999999	0.9997223013167735
70.75	1.0001282171241594
70.85	0.9992446638447136
70.94999999999999	0.9985678777730514
71.05	0.9957429437292681
71.14999999999999	0.9938227893742524
71.25	NaN
71.35	0.9923175934205243
71.44999999999999	0.9915568936124818
71.55	0.990220999823509
71.64999999999999	0.9912234101913215
71.75	0.9906511392938382
71.85	0.9896419174233684
71.94999999999999	0.9879847664559367
72.05	NaN
72.14999999999999	NaN
72.25	NaN
72.35	NaN
72.44999999999999	0.9867901886466379
72.55	0.9879281085577453
72.64999999999999	0.9864412278680614
72.75	NaN
72.85	0.9876586127325173
72.94999999999999	0.9904319569078903
73.05	0.9911139324547215
73.14999999999999	0.9907970323676466
73.25	0.9932714837116592
73.35	0.9928819472592364
73.44999999999999	NaN
73.55	0.995121549505836
73.64999999999999	NaN
73.75	NaN
73.85	0.9996414845206278
73.94999999999999	0.999706815582964
74.05	1.0019025302780882
74.14999999999999	0.9999423806209923
74.25	1.0036872115447522
74.35	1.005029772812011
74.44999999999999	1.0074209458460384
74.55	1.0057698178013084
74.64999999999999	1.0061688308808583
74.75	1.0106369556646209
74.85	1.009758075915216
74.94999999999999	1.0168917056699966
75.05	1.0110208695527803
75.14999999999999	1.0114734322743562
75.25	NaN
75.35	NaN
75.44999999999999	NaN
75.55	1.0121467715478203
75.64999999999999	NaN
75.75	NaN
75.85	1.0112906347576975
75.94999999999999	1.010695844466431
76.05	1.0114796884054575
76.14999999999999	1.0092241839774705
76.25	NaN
76.35	1.0081089631515707
76.44999999999999	NaN
76.55	1.0065858053407044
76.64999999999999	1.0041203813880284
76.75	NaN
76.85	NaN
76.95	NaN
77.05	NaN
77.14999999999999	0.996979404096798
77.25	0.9984496636987987
77.35	0.9964251145744216
77.45	0.9955397930461445
77.55	0.9950949345777731
77.64999999999999	0.9937776974594593
77.75	0.991725235347693
77.85	0.9921614787662547
77.95	0.9899929467911097
78.05	0.9891729548915349
78.14999999999999	0.9905762015344411
78.25	0.9902128305329454
78.35	0.9899572969858904
78.45	NaN
78.55	NaN
78.64999999999999	0.9895768003348846
78.75	0.9882358935640384
78.85	NaN
78.95	0.9891466642846235
79.05	NaN
79.14999999999999	NaN
79.25	0.9914193651584531
79.35	NaN
79.45	0.9922778799295316
79.55	0.9933508934509384
79.64999999999999	NaN
79.75	0.9936969667910621
79.85	0.9964405672472264
