0.15	0.01946952326965905
0.25	0.01926070429706233
0.35	0.019118683075057676
0.45	0.019032853005540955
0.55	0.019401369475350906
0.65	0.019616334236320435
0.7500000000000001	0.0195131756872171
0.85	0.019923036926122472
0.95	0.020187056421419623
1.05	0.020416520518820695
1.15	0.020849745642414097
1.25	0.021136168200990013
1.35	0.021488050661195416
1.45	0.02200211254733527
1.55	0.022513411269842153
1.65	0.02310449485697482
1.75	0.023628985986986394
1.85	0.024322437355838004
1.95	0.025048486334773246
2.05	0.025865846294302306
2.15	0.026694383821199746
2.25	0.027581851551676743
2.35	0.028617952380358212
2.45	0.02952937850304232
2.5500000000000003	0.030757305126111568
2.65	0.03206534908322756
2.75	0.03340609701256215
2.85	0.03482766865589431
2.95	0.03658887121799676
3.0500000000000003	0.0382883721291928
3.15	0.040245626936395565
3.25	0.04246482572565042
3.35	0.045032290244141286
3.45	0.047507302973159825
3.5500000000000003	0.05056266986495533
3.65	0.05374832787111575
3.75	0.05752463275677345
3.85	0.06095713711330372
3.95	0.06593465031903896
4.05	0.0706594617650472
4.1499999999999995	0.07631995713256197
4.25	0.08241424865086915
4.35	0.0899480317494562
4.449999999999999	0.09748481920985523
4.55	0.10639442727824427
4.6499999999999995	0.11666733956418622
4.75	0.12895001773673223
4.85	0.14286470433304718
4.95	0.15960162741353534
5.05	0.17735309387239923
5.1499999999999995	0.1997376068222879
5.25	0.22449062369941103
5.35	0.2547259080264694
5.45	0.2921588695234982
5.55	0.3363603038016603
5.6499999999999995	0.38737629325523726
5.75	0.453114462215745
5.85	0.528752072612465
5.95	0.6256540258006329
6.05	0.7466828043941834
6.1499999999999995	0.8978596604970616
6.25	1.0820227206505224
6.35	1.302581432062418
6.45	1.5787525097890667
6.55	1.8862995896453254
6.6499999999999995	2.229409450991286
6.75	2.5356033752594715
6.85	2.7808696182584827
6.95	2.929734035478665
7.05	2.915380934113209
7.1499999999999995	2.772476666046349
7.25	2.5479635245049623
7.35	2.295325974436789
7.45	2.0375776573554023
7.55	1.8177030531433422
7.6499999999999995	1.6067314252638363
7.75	1.4327809131030937
7.85	1.2818451077427493
7.95	1.161055278156324
8.05	1.061456190489958
8.15	0.9763873858880312
8.25	0.9011060902847141
8.350000000000001	0.8378937239214647
8.450000000000001	0.7873890277842106
8.55	0.7443770089347198
8.65	0.7059104144312076
8.75	0.6755266744423165
8.850000000000001	0.6518354026056928
8.950000000000001	0.6293786099266376
9.05	0.6126237530756966
9.15	0.5984521688615403
9.25	0.58758772368214
9.350000000000001	0.5793161670293845
9.450000000000001	0.5738904091684915
9.55	0.5704048793196741
9.65	0.5682540166808893
9.750000000000002	0.569347346095104
9.85	0.5732212060262297
9.95	0.5772841178161492
10.049999999999999	0.584873506665968
10.149999999999999	0.594797093468905
10.25	0.6046502821314909
10.35	0.618990914821185
10.45	0.634829440358446
10.549999999999999	0.6516147670776882
10.649999999999999	0.6720930903174032
10.75	0.6942320315849304
10.85	0.7197483053974746
10.95	0.7459911054082148
11.049999999999999	0.7773721080520856
11.149999999999999	0.8100517439902721
11.25	0.846151532203049
11.35	0.8808256287428815
11.45	0.9194865423649539
11.549999999999999	0.9610629538699719
11.649999999999999	1.0030025790671224
11.75	1.0430663087157195
11.85	1.0847185436275404
11.95	1.1280327037739102
12.049999999999999	1.1640381597547307
12.149999999999999	1.2013641415840124
12.25	1.2307000003638933
12.35	1.2612766651229963
12.45	1.28404461599302
12.549999999999999	1.3058508214773321
12.649999999999999	1.3189009848289226
12.75	1.331132603332097
12.85	1.3378764541587018
12.95	1.33824357371064
13.049999999999999	1.3394706182495775
13.149999999999999	1.333847434882162
13.25	1.327876655038247
13.35	1.3169815505957918
13.45	1.3049198265003799
13.549999999999999	1.2874158933477444
13.649999999999999	1.2692282042925576
13.75	1.2442358934898101
13.85	1.2173312288287859
13.95	1.1886172459544173
14.049999999999999	1.1570606762319207
14.149999999999999	1.1290485949774292
14.25	1.097877796697342
14.35	1.063753881669111
14.45	1.033933266093143
14.549999999999999	1.001890038404185
14.649999999999999	0.9745093348013077
14.75	0.9468967325609463
14.85	0.9203232558899075
14.95	0.8966004272849203
15.049999999999999	0.8771864366363883
15.149999999999999	0.857505483388071
15.25	0.8398201056051458
15.35	0.8268880046877427
15.45	0.8143310306552158
15.549999999999999	0.8022716172272203
15.649999999999999	0.7954504433622456
15.75	0.7888464531268624
15.85	0.7848025914176358
15.95	0.7842802329281173
16.05	0.7823454940565009
16.15	0.7829783725053947
16.25	0.7875310364253325
16.349999999999998	0.7932324665366713
16.45	0.7990054813548512
16.55	0.8051390616152677
16.65	0.815601024509797
16.75	0.8271677616609775
16.849999999999998	0.8383431422874461
16.95	0.8535001932746693
17.05	0.869505280439722
17.15	0.8850543409906608
17.25	0.9035903955463235
17.349999999999998	0.924123364351844
17.45	0.942328863996272
17.55	0.964255635423431
17.65	0.9843198672601164
17.75	1.0046724872672557
17.849999999999998	1.0273881792074935
17.95	1.0485770797171148
18.05	1.0617424442347043
18.15	1.0862737966008726
18.25	1.1028270495756929
18.349999999999998	1.1205199130436296
18.45	1.1319520568927084
18.55	1.146345883127727
18.65	1.1549479108490375
18.75	1.1657711480065738
18.849999999999998	1.172360211605786
18.95	1.1760893735465054
19.05	1.176067568882532
19.15	1.174717335147126
19.25	1.1727640037581089
19.35	1.1670384255140982
19.45	1.1605444026372496
19.55	1.1544915437564023
19.65	1.1419642068023814
19.75	1.131477085540536
19.85	1.1189803004478907
19.95	1.1081684576240554
20.05	1.0940005963817743
20.15	1.0817934557030364
20.25	1.066445265077366
20.35	1.05237771287777
20.45	1.037503261612844
20.55	1.0264476263944393
20.65	1.0119195650335622
20.75	0.9959141309123303
20.85	0.9836806757258004
20.95	0.9704592125734514
21.05	0.958148674215747
21.15	0.9472851507375778
21.25	0.9362928661231732
21.35	0.9269738851989707
21.45	0.917326462773579
21.55	0.9112671412239559
21.65	0.9034847115911109
21.75	0.8983997317633032
21.85	0.8897840291266628
21.95	0.885365106734836
22.05	0.8846724650506498
22.15	0.8812499464761672
22.25	0.8804855933064223
22.35	0.8808993608221667
22.45	0.8814830981482659
22.55	0.8834131086614405
22.65	0.8869115682819613
22.75	0.890304816001215
22.85	0.8974762056025171
22.95	NaN
23.05	0.909337287618626
23.15	0.9158912795188535
23.25	0.9271377763461592
23.35	0.9341718178310751
23.45	0.9448190341491105
23.55	0.9551621483387993
23.65	0.9665715732589094
23.75	0.9806508473090396
23.85	0.9916641933839975
23.95	1.0012610612730442
24.05	1.0147757037995278
24.15	1.0274229309534968
24.25	1.0358289883441592
24.35	1.0448688554661076
24.45	1.0589572311622872
24.55	1.070187092836426
24.65	1.0762087747721771
24.75	1.0836448844993836
24.85	1.0906166414063974
24.95	1.0958157976288263
25.05	1.100052797662709
25.15	1.102990532273302
25.25	1.1053913565216729
25.35	1.1055042857802218
25.45	1.10726071467277
25.55	1.102560863705803
25.65	1.0992085761227355
25.75	1.0962629603466856
25.85	1.0885801501050332
25.95	1.0821062260923553
26.05	1.076337492132287
26.15	1.0671625210593307
26.25	1.0612530177054325
26.35	1.0534333323819205
26.45	1.0428762318028222
26.55	1.0337541432205561
26.65	1.0247257717595055
26.75	1.0163686988291878
26.85	1.0074029486226523
26.95	0.9994386199097752
27.05	0.9904823892257306
27.15	0.9826251333075527
27.25	0.9735865785922407
27.35	0.9671163979753435
27.45	0.9596502390103958
27.55	0.9521592965656313
27.65	0.9453425639952423
27.75	0.9442294975276952
27.85	0.9366133577433601
27.95	0.9342834779530105
28.05	0.9325868585541559
28.15	0.9286751856397728
28.25	0.9253115308451869
28.35	0.9244862617900179
28.45	0.9243650649545674
28.55	0.924106394050769
28.65	0.9213069966737267
28.75	0.925384649836929
28.85	0.9283300682863771
28.95	0.9309513317057512
29.05	0.9335951937252694
29.15	0.9389564822763375
29.25	0.9434779625763535
29.35	0.948113284924962
29.45	0.9525691875133494
29.55	0.9601287317564277
29.65	0.965447535928382
29.75	0.9721441213843913
29.85	0.977430547987091
29.95	0.9877643849208565
30.05	0.9922367174828999
30.15	1.0019780227213786
30.25	1.006844509989842
30.35	1.0161108773464311
30.45	1.022636888956879
30.55	1.029706768087019
30.65	1.0360299398472692
30.75	1.0419129649599341
30.85	1.0512560117041214
30.95	1.0520666974144177
31.05	1.0581724282024334
31.15	1.0588633706897908
31.25	1.0641436968164202
31.35	1.065946935069578
31.45	1.0672123559855637
31.55	1.0698597009037205
31.65	1.0660538611791868
31.75	1.0672839227305626
31.85	1.0634836433683006
31.95	1.0625889263537935
32.05	1.059562349511061
32.15	1.0555469889053413
32.25	1.0528169603376163
32.35	1.0482900073352757
32.45	1.0444504331489268
32.55	1.0355590329816444
32.65	1.0307348434763417
32.75	1.026251388271024
32.85	1.0210671968178238
32.95	1.0139967929629727
33.05	1.007092624959234
33.15	1.0031826866410531
33.25	0.9952544403421227
33.35	0.9913178128899366
33.45	0.9866164835176543
33.55	0.9794682256441917
33.65	0.9740049257031816
33.75	0.9716565365148666
33.85	0.9658757010417838
33.95	0.9625876070900696
34.05	0.9576645474370465
34.15	0.9539972021844835
34.25	0.9531313148452557
34.35	0.9484605374353579
34.45	0.9504343446814713
34.55	0.948876602955286
34.65	0.9457934732148389
34.75	0.9457273202214177
34.85	0.9474346657006513
34.95	0.947892198808704
35.05	0.9500670586413963
35.15	0.9513702930013919
35.25	0.9540126069677133
35.35	0.9556905340559928
35.45	0.9619892703915485
35.55	0.962697676234015
35.65	0.966408817027224
35.75	0.9715007407408922
35.85	0.9752643548111101
35.95	0.9810101300466737
36.05	0.9845650216157871
36.15	0.9883818974203282
36.25	0.9933024299296273
36.35	0.9987954858430399
36.45	1.0044504126420757
36.55	NaN
36.65	1.0142974515075946
36.75	1.0208763207077798
36.85	1.0209209020738799
36.95	1.027521697446203
37.05	1.0309971820864088
37.15	1.0334807527176983
37.25	1.0375026076902327
37.35	1.0412859572366473
37.45	1.0423757192803005
37.55	1.0467213537904614
37.65	NaN
37.75	1.0453074185514328
37.85	1.0445675058566086
37.95	1.0466159192457165
38.05	1.0444396844130936
38.15	1.0444737242304518
38.25	1.040610394919183
38.35	1.0409325903088593
38.45	1.0372441735912667
38.550000000000004	1.035065138514509
38.65	1.0341067379808346
38.75	1.0285081186496536
38.85	1.0261726456478955
38.95	1.0191896090801926
39.050000000000004	1.0176074996498425
39.15	NaN
39.25	NaN
39.35	NaN
39.45	NaN
39.550000000000004	0.9953120801095414
39.65	0.9920372868765123
39.75	0.9866509025437362
39.85	0.9866378128332427
39.95	0.9787517314660112
40.050000000000004	0.9759083145930108
40.15	NaN
40.25	0.9707675048270915
40.35	0.9696040513072914
40.45	0.967000599007514
40.550000000000004	0.9668044452746836
40.65	0.9626711677726151
40.75	0.9621805268493374
40.85	0.961957452230032
40.95	0.9621446517297756
41.050000000000004	0.9604805350460208
41.15	0.964382902767096
41.25	0.9630266795847918
41.35	0.9640879640640503
41.45	0.965386577639268
41.550000000000004	NaN
41.65	0.9710748119212258
41.75	0.9709044530659384
41.85	0.9734967443899232
41.95	0.9766676651666039
42.050000000000004	0.9801999457517343
42.15	NaN
42.25	0.9877774629326396
42.35	0.990123262449012
42.45	0.9944558240113203
42.550000000000004	0.9988813822597886
42.65	1.0011955206366792
42.75	1.0049108967202132
42.85	1.0091010496859292
42.95	1.0112938455890301
43.050000000000004	1.0158172229078664
43.15	1.0200205331152574
43.25	1.0215004508048402
43.35	1.0235055881455575
43.45	1.0274670641171477
43.550000000000004	1.0284223850131204
43.65	NaN
43.75	1.0332125115615893
43.85	1.034404357989753
43.95	1.0355239209913205
44.050000000000004	1.0348597340594397
44.15	1.0359215904595176
44.25	NaN
44.35	1.0344092591053098
44.45	1.0315444927537634
44.550000000000004	1.033214294262437
44.65	1.0285951093246972
44.75	1.0277367726209563
44.85	1.0252169487151446
44.95	1.0238389861915747
45.050000000000004	1.0233756125551683
45.15	1.017386227362833
45.25	1.0131790530305729
45.35	NaN
45.45	1.0090198977839777
45.550000000000004	1.0028495277295955
45.65	NaN
45.75	0.9955708904591262
45.85	0.9953926685395212
45.95	0.9921107522090824
46.050000000000004	0.9900772351260981
46.15	0.9857580795551822
46.25	0.9851739498535889
46.35	0.9814533058785929
46.45	0.9796219232310791
46.550000000000004	0.9769187656014641
46.65	NaN
46.75	0.9746985852611854
46.85	0.9728859235171027
46.95	0.9714122030856649
47.050000000000004	0.9713830699896261
47.15	0.9711773006935728
47.25	0.9692173339484743
47.35	0.9718764265212966
47.45	0.9740127240568691
47.550000000000004	0.9713680024361234
47.65	0.9732137339583512
47.75	0.9749110016223946
47.85	0.9754990752564808
47.95	0.9767872589792979
48.050000000000004	0.980626271908686
48.15	0.9809268477605775
48.25	0.9837669958521549
48.35	0.9865915459320788
48.45	0.9874833333668963
48.550000000000004	0.9919971702153925
48.65	0.9934392869582219
48.75	0.9969568144919039
48.85	0.9971364078545247
48.95	1.0032703996416572
49.050000000000004	1.0046777024456917
49.15	NaN
49.25	1.0099054372547402
49.35	1.0121931524110495
49.45	1.0155617926526266
49.550000000000004	1.0175123399345698
49.65	1.0177044631589116
49.75	1.0223751163701582
49.85	1.0218729901147623
49.95	1.0207497758093622
50.050000000000004	1.023245909922493
50.15	1.026925635759261
50.25	1.0245676353117539
50.35	1.0281046550407262
50.45	1.0259302729059658
50.550000000000004	1.02781713762349
50.65	1.0249029848811362
50.75	1.024843345313912
50.85	1.0221256969421977
50.95	NaN
51.050000000000004	1.0202868889720493
51.15	1.0189378016010078
51.25	1.0173938845464683
51.35	1.014078625338923
51.45	1.0123029365013678
51.550000000000004	NaN
51.65	1.007887531524572
51.75	1.0041140053826676
51.85	1.0039819128105045
51.95	1.0005948059777652
52.050000000000004	NaN
52.15	0.994580400680678
52.25	0.9920756848260691
52.35	0.9910050107082226
52.45	0.9881728093204316
52.550000000000004	0.9883342426067505
52.65	0.9824384891563335
52.75	0.9835323527261493
52.85	0.9815622996911982
52.95	NaN
53.050000000000004	0.9782240758979126
53.15	NaN
53.25	0.9794722424520942
53.35	0.9770708790603848
53.45	0.9756482756566474
53.550000000000004	NaN
53.65	0.9753702972513759
53.75	NaN
53.85	0.9789699189256514
53.95	0.9794143672985729
54.050000000000004	NaN
54.15	0.9823860339493165
54.25	NaN
54.35	0.9854932426016262
54.45	0.9855201832183165
54.550000000000004	NaN
54.65	0.9893975413222428
54.75	0.9942212514007495
54.85	0.9933639873834673
54.95	0.9950164273778522
55.050000000000004	0.9986589845745453
55.15	1.0011973908578051
55.25	1.0042836666072712
55.35	1.0054453672961992
55.45	1.006908699145059
55.550000000000004	1.0101118843648988
55.65	1.0110234543496492
55.75	1.0121941186410646
55.85	1.0145065412645402
55.95	1.0148216194818762
56.050000000000004	1.0180565022645232
56.15	1.0174942793438673
56.25	1.0226520635948113
56.35	1.020227816111599
56.45	1.0203157209442022
56.550000000000004	1.0183839458144834
56.65	1.0222575989247153
56.75	NaN
56.85	1.0195379110638505
56.95	1.0199315629162118
57.050000000000004	1.019880423673935
57.15	1.0198864663899383
57.25	1.0160750975331876
57.35	NaN
57.45	1.0147058992479843
57.550000000000004	1.0129355621731797
57.65	1.013172924236051
57.75	1.0087867630463607
57.85	1.007170380782321
57.95	1.0046355204046593
58.050000000000004	1.003007410807781
58.15	1.0010170424307372
58.25	0.9987068804109922
58.35	0.9985717671024538
58.45	NaN
58.550000000000004	0.9945606509159095
58.65	0.9917111641041475
58.75	NaN
58.85	0.9884480671811342
58.95	NaN
59.050000000000004	0.9861755050842623
59.15	0.985736536029681
59.25	0.9847418786632958
59.35	0.9861325842593938
59.45	0.9821962130293345
59.550000000000004	0.9821153300469465
59.65	0.9814615959627359
59.75	0.9823765182222015
59.85	NaN
59.95	0.9799935840298043
60.050000000000004	NaN
60.15	0.9830217208401099
60.25	0.9829964724996113
60.35	NaN
60.45	0.9856717124609303
60.550000000000004	0.9868455255864397
60.65	0.987169970663273
60.75	0.9887339580158103
60.85	0.9886972558330577
60.95	0.9911652762480017
61.050000000000004	0.9937662091296053
61.15	0.9948319896591921
61.25	0.9969883149666151
61.35	1.0003993824196227
61.45	1.0006809722781944
61.550000000000004	NaN
61.65	1.0064495269926441
61.75	NaN
61.85	NaN
61.95	1.0088751493326358
62.050000000000004	1.0114013857546853
62.15	1.0131558598794372
62.25	1.0128969919059077
62.35	1.014298412541482
62.45	1.0142732618247217
62.550000000000004	1.0149132376592942
62.65	1.0191993264272168
62.75	1.0177905834144119
62.85	1.0161690776086136
62.95	1.0165458095029445
63.050000000000004	1.0176122794774833
63.15	1.018366265312025
63.25	NaN
63.35	1.0154918152009
63.45	1.01789889248346
63.550000000000004	1.017184681490272
63.65	1.0111669108893615
63.75	1.0110110817329006
63.85	1.010865713863923
63.95	1.010086907167171
64.05	1.0074078910110902
64.14999999999999	1.0060054294873375
64.25	1.0015960879278951
64.35	1.0034997791774556
64.44999999999999	0.9993133020461327
64.55	0.9998119505850976
64.64999999999999	0.9986257416913179
64.75	0.992992011150036
64.85	0.9961267262616808
64.94999999999999	0.9936751612013768
65.05	0.9941340707435131
65.14999999999999	0.9925243090101953
65.25	NaN
65.35	0.9868912696486523
65.44999999999999	NaN
65.55	0.9853384381779313
65.64999999999999	0.9858289580802267
65.75	0.9853184694711444
65.85	0.9852380286727377
65.94999999999999	0.9851731455680782
66.05	NaN
66.14999999999999	0.9830658759796019
66.25	0.985041992069732
66.35	0.9855662504928353
66.44999999999999	0.9848032200582951
66.55	0.9842580091343301
66.64999999999999	NaN
66.75	0.9878384140068528
66.85	NaN
66.94999999999999	NaN
67.05	0.9904628856612548
67.14999999999999	0.9923574920452256
67.25	0.9936870845409418
67.35	0.9952111225723137
67.44999999999999	0.9959593453954666
67.55	0.9972572627335632
67.64999999999999	NaN
67.75	NaN
67.85	1.0028849312979677
67.94999999999999	1.0031277787300146
68.05	1.005702050862915
68.14999999999999	1.0078238139697178
68.25	NaN
68.35	1.0110198562638495
68.44999999999999	1.0115611745415014
68.55	1.010507771609214
68.64999999999999	NaN
68.75	1.0130932274827882
68.85	1.0164778454381618
68.94999999999999	1.0142567137770035
69.05	1.0159345430476423
69.14999999999999	1.0119077594281611
69.25	1.0148646384635955
69.35	1.0124540286181067
69.44999999999999	NaN
69.55	1.0142223774316772
69.64999999999999	1.012700493896471
69.75	NaN
69.85	1.008695293388883
69.94999999999999	NaN
70.05	1.008775643272451
70.14999999999999	1.0082090281251177
70.25	NaN
70.35	1.0054215190384646
70.44999999999999	NaN
70.55	1.0017639494078976
70.64999999999999	1.0023887699772671
70.75	0.999397858075434
70.85	0.9982731218360549
70.94999999999999	0.9987942546422389
71.05	0.997208184810352
71.14999999999999	0.995424471359504
71.25	NaN
71.35	0.9937673019819413
71.44999999999999	0.9926131520128497
71.55	0.992418938066927
71.64999999999999	0.9912927030114034
71.75	0.9891839091819314
71.85	0.9896788768026825
71.94999999999999	0.9863740864027671
72.05	NaN
72.14999999999999	NaN
72.25	NaN
72.35	NaN
72.44999999999999	0.9870250364642074
72.55	0.9875541730943166
72.64999999999999	0.9878616030767788
72.75	NaN
72.85	0.9908946317864272
72.94999999999999	0.9900820377560882
73.05	0.9901072044869998
73.14999999999999	0.9906336153489578
73.25	0.9926035400901074
73.35	0.993154108885307
73.44999999999999	NaN
73.55	0.9948882322396307
73.64999999999999	NaN
73.75	NaN
73.85	0.9999883188806297
73.94999999999999	1.00096591933649
74.05	1.0020778904299865
74.14999999999999	1.0043272641862107
74.25	1.0036230740187668
74.35	1.0049797891235033
74.44999999999999	1.0055939595842514
74.55	1.0063355061265107
74.64999999999999	1.0071469309655756
74.75	1.0073805106807776
74.85	1.009815490921983
74.94999999999999	1.0104844079874196
75.05	1.0113533558484533
75.14999999999999	1.0111784702121602
75.25	NaN
75.35	NaN
75.44999999999999	NaN
75.55	1.0122668393927867
75.64999999999999	NaN
75.75	NaN
75.85	1.0113417450082758
75.94999999999999	1.0115322798423643
76.05	1.0100855820117125
76.14999999999999	1.0086829824635262
76.25	NaN
76.35	1.0057819274947386
76.44999999999999	NaN
76.55	1.0056023226504291
76.64999999999999	1.0043762649711176
76.75	NaN
76.85	NaN
76.95	NaN
77.05	NaN
77.14999999999999	0.9984580507697768
77.25	0.9982347092763851
77.35	0.9958800918735399
77.45	0.9958501124676334
77.55	0.9944277196190655
77.64999999999999	0.993202785018973
77.75	0.9921841734328368
77.85	0.9920019182546299
77.95	0.9924476298598538
78.05	0.9906900128638084
78.14999999999999	0.9901592230775185
78.25	0.9890783063735888
78.35	0.98771944779265
78.45	NaN
78.55	NaN
78.64999999999999	0.9886770295130332
78.75	0.9891208568125042
78.85	NaN
78.95	0.9897112833070046
79.05	NaN
79.14999999999999	NaN
79.25	0.9929664370326923
79.35	NaN
79.45	0.9931889394287338
79.55	0.9930416367878538
79.64999999999999	NaN
79.75	0.9957849155957679
79.85	0.9956011033015455
