0.15	0.03568756564743407
0.25	0.036903643559940316
0.35	0.03621197019979752
0.45	0.03711674043239804
0.55	0.03752882626653791
0.65	0.03779702155809394
0.7500000000000001	0.037836620520190205
0.85	0.03843446016783445
0.95	0.03924087303681359
1.05	0.03970758767892955
1.15	0.04034334168643876
1.25	0.04107457950627524
1.35	0.04192809586114814
1.45	0.04274903465587153
1.55	0.04369605505315997
1.65	0.04484805407695992
1.75	0.04619211282074865
1.85	0.04765119087670778
1.95	0.04881889937715513
2.05	0.0504394244671948
2.15	0.05209324403787108
2.25	0.05386102381717492
2.35	0.05573853409358306
2.45	0.05788024956253799
2.5500000000000003	0.0602112422247663
2.65	0.0632652502073029
2.75	0.06606863420161699
2.85	0.06922898820922457
2.95	0.07257330176281011
3.0500000000000003	0.0760918997182617
3.15	0.08020273859171924
3.25	0.08485692812261877
3.35	0.08987209076972648
3.45	0.09556403631146962
3.5500000000000003	0.10176279604774735
3.65	0.10791520166588144
3.75	0.11585167147726874
3.85	0.12364110116681398
3.95	0.13356785157407863
4.05	0.14363032999531924
4.1499999999999995	0.15511563041267412
4.25	0.1682812591276496
4.35	0.1835146331720159
4.449999999999999	0.20053541621696055
4.55	0.21986640190137635
4.6499999999999995	0.24183408257986247
4.75	0.26785190737718606
4.85	0.29522520789261986
4.95	0.3301144321335124
5.05	0.36937491279811974
5.1499999999999995	0.41247251326158413
5.25	0.4638947923934617
5.35	0.52412732242328
5.45	0.597787733523262
5.55	0.6763102567491107
5.6499999999999995	0.7732180023199337
5.75	0.8851371807679602
5.85	1.0141907958956156
5.95	1.1508495175738183
6.05	1.3122065022981901
6.1499999999999995	1.4811640254176734
6.25	1.6496761952785013
6.35	1.8172198348964281
6.45	1.9509559153662612
6.55	2.0610630394828786
6.6499999999999995	2.1213177733563566
6.75	2.1343508316226045
6.85	2.1022779231425366
6.95	2.0329683396410836
7.05	1.9301114418973497
7.1499999999999995	1.8200609309547813
7.25	1.7014855403615463
7.35	1.5881986893526243
7.45	1.4751716665284742
7.55	1.3718507314401416
7.6499999999999995	1.2794909341586882
7.75	1.1952912970617322
7.85	1.1231931172407417
7.95	1.0561838305666986
8.05	0.9961904048413497
8.15	0.9482005659510447
8.25	0.90242598673507
8.350000000000001	0.8648619965786266
8.450000000000001	0.8307393010626736
8.55	0.8017770716315761
8.65	0.7773443694933339
8.75	0.7559791903915218
8.850000000000001	0.7367644277894395
8.950000000000001	0.7230789117764459
9.05	0.711010885738189
9.15	0.7015602405082555
9.25	0.693609155922645
9.350000000000001	0.689107294132624
9.450000000000001	0.6863034508321473
9.55	0.6858570022598102
9.65	0.6873322664418667
9.750000000000002	0.6909333279432475
9.85	0.6960681075366686
9.95	0.702029343648352
10.049999999999999	0.7120462705700141
10.149999999999999	0.721592175314663
10.25	0.7329240891571898
10.35	0.7470625668203834
10.45	0.7614129800131949
10.549999999999999	0.7791836406725551
10.649999999999999	0.7976478038537475
10.75	0.8167494309262834
10.85	0.8386330804390433
10.95	0.8621112342496638
11.049999999999999	0.8855037618248723
11.149999999999999	0.9117235613228674
11.25	0.9372531570391401
11.35	0.9637759788414076
11.45	0.9925444420233964
11.549999999999999	1.0174293581339617
11.649999999999999	1.045298616644178
11.75	1.068206218103973
11.85	1.0977965162341095
11.95	1.1216014012316502
12.049999999999999	1.1439781904133464
12.149999999999999	1.167443645986896
12.25	1.1845143756282837
12.35	1.2031515683630674
12.45	1.2161728019989437
12.549999999999999	1.2292043065614373
12.649999999999999	1.2362725373159829
12.75	1.2412068862251515
12.85	1.241338459956745
12.95	1.239467337903623
13.049999999999999	1.2342200960482017
13.149999999999999	1.2267047602720549
13.25	1.2157338432991045
13.35	1.202679206957168
13.45	1.1867969499047726
13.549999999999999	1.166469707597201
13.649999999999999	1.1491850963777646
13.75	1.1295323569607616
13.85	1.1093776255904497
13.95	1.08716450797729
14.049999999999999	1.0664481927258778
14.149999999999999	1.0448110455839952
14.25	1.0237555913992038
14.35	1.0047310474565532
14.45	0.9885255923733515
14.549999999999999	0.9691263446551048
14.649999999999999	0.9527457562968518
14.75	0.9364709525975693
14.85	0.9220876145775165
14.95	0.9107860697234007
15.049999999999999	0.8981004205434596
15.149999999999999	0.8898257688177336
15.25	0.8811534307172786
15.35	0.8733638439447731
15.45	0.8675690104773297
15.549999999999999	0.8629217846639031
15.649999999999999	0.8609967307164222
15.75	0.8575711762068325
15.85	0.8595023514846566
15.95	0.8589546070909947
16.05	0.8600740804200979
16.15	0.8625624698600125
16.25	0.8669224769145759
16.349999999999998	0.8728884955213725
16.45	0.8784966926497163
16.55	0.8848976298104676
16.65	0.893616240794476
16.75	0.9034424777344838
16.849999999999998	0.912400063972086
16.95	0.9232448525127536
17.05	0.9355465926517783
17.15	0.9456998765827768
17.25	0.9585342212341074
17.349999999999998	0.9714883156983037
17.45	0.9848375121280263
17.55	0.9946657447632578
17.65	1.0071286310589742
17.75	1.022085342425977
17.849999999999998	1.0334378937290591
17.95	1.0449868863545773
18.05	1.0564179737523955
18.15	1.0661695551808033
18.25	1.0748061910182471
18.349999999999998	1.085451757653566
18.45	1.0918213590007875
18.55	1.0980992832476102
18.65	1.1035945193245968
18.75	1.108083209882365
18.849999999999998	1.1094158189400931
18.95	1.1094714343451402
19.05	1.1118813204972053
19.15	1.1099055351862601
19.25	1.1051876208525477
19.35	1.1024358661371878
19.45	1.0962126041876343
19.55	1.0933390966370935
19.65	1.0870733754388664
19.75	1.0760653640208362
19.85	1.0667646390984322
19.95	1.0623510707729804
20.05	1.0528753498436134
20.15	1.042806107070009
20.25	1.034451686424016
20.35	1.0226956898765756
20.45	1.0163061125169732
20.55	1.0042719527349557
20.65	0.9950880698117373
20.75	0.9877649333167712
20.85	0.9794777009392377
20.95	0.9736946470208361
21.05	0.9640199984149066
21.15	0.9582372783099153
21.25	0.9501316215911944
21.35	0.943145937231102
21.45	0.9381362746674238
21.55	0.9356512977439568
21.65	0.9304012701122439
21.75	0.9275058016701462
21.85	0.9251275305307931
21.95	0.9236717854925485
22.05	0.9231470101417385
22.15	0.9235946992636592
22.25	0.9237794871000101
22.35	0.9268246449825268
22.45	0.929025108023774
22.55	0.93033117312899
22.65	0.9332303545119359
22.75	0.9383659846911057
22.85	0.9410747057387115
22.95	0.9452774062563117
23.05	0.9507197156958737
23.15	0.956116508308829
23.25	0.9630594375353814
23.35	0.9682466918791548
23.45	0.9749601846578269
23.55	0.983714948880144
23.65	0.9898759073186812
23.75	0.9982418393605286
23.85	1.0014216584445648
23.95	1.0115517339507063
24.05	1.0183837110334932
24.15	1.024049336736189
24.25	1.0328802281823495
24.35	1.0377067312638033
24.45	1.0393652550094994
24.55	1.0472495164801288
24.65	1.0534271268342357
24.75	1.0552395141436317
24.85	1.0588984288754455
24.95	1.0597356142559826
25.05	1.0617736942569789
25.15	1.0607564199198765
25.25	1.062283678393695
25.35	1.0616214607341938
25.45	1.061921933533808
25.55	1.0617327987967784
25.65	1.0590364746404688
25.75	1.0555153924473808
25.85	1.0535909320457173
25.95	1.0489136859665429
26.05	1.0436637394959098
26.15	1.037205709940635
26.25	1.0327244843829573
26.35	1.0276064285116684
26.45	1.0229798017794274
26.55	1.0190672045855862
26.65	1.0109384990638848
26.75	1.005371451413315
26.85	1.000781673644808
26.95	0.9946059375577557
27.05	0.9903528913546302
27.15	0.9836204775603412
27.25	0.9776426722382068
27.35	0.9764275725818291
27.45	0.9706445779097678
27.55	0.9678764479354189
27.65	0.9652559792551355
27.75	0.9616937443101158
27.85	0.9604048340500171
27.95	0.95638665020476
28.05	0.9545599508387128
28.15	0.9534431675998201
28.25	0.9512953180024499
28.35	0.9502536593976265
28.45	0.9515571988298227
28.55	0.9532582556068451
28.65	0.9537626505815507
28.75	0.9545606285017038
28.85	0.9556693236042162
28.95	0.9569669447064622
29.05	0.9612290635725723
29.15	0.9651550141212765
29.25	0.9658146240436497
29.35	0.9731244184319334
29.45	0.9752958764384008
29.55	0.977880468418208
29.65	0.9834121267376614
29.75	0.9878584607369053
29.85	0.9927350026720237
29.95	NaN
30.05	0.9994133624324328
30.15	1.0063064008451992
30.25	1.0119078166198476
30.35	1.0146683477500478
30.45	1.017762436120673
30.55	1.0210726821748397
30.65	1.0260339770002573
30.75	1.0275597908881888
30.85	1.0310122793930028
30.95	1.031139590192428
31.05	1.0371956886868456
31.15	1.035168535500096
31.25	1.0377451859664044
31.35	1.0416003852781957
31.45	1.0426624148481536
31.55	1.0390784883721311
31.65	1.040565734600445
31.75	NaN
31.85	1.0393113376088148
31.95	1.0371123899066168
32.05	1.0352181550991193
32.15	1.03278132620718
32.25	1.0318807468535114
32.35	1.0263698584643668
32.45	1.0237922563831672
32.55	1.0214930933389543
32.65	1.017961326341346
32.75	1.0148120096123556
32.85	1.0104014043709322
32.95	1.0054719072578266
33.05	1.0014914590287214
33.15	0.9973208540878529
33.25	0.9955857509941949
33.35	0.9901225245586998
33.45	0.9880773630717411
33.55	0.9834424874163679
33.65	0.9820785132615133
33.75	0.9795089369791441
33.85	0.9774654406852623
33.95	0.9747937561034647
34.05	0.971033866267186
34.15	0.9723332006764743
34.25	0.9702777644996635
34.35	0.971086934220943
34.45	0.967806861223841
34.55	0.968063937852697
34.65	0.9690655065175431
34.75	0.967630990489874
34.85	0.9680298281226847
34.95	0.9693354093519687
35.05	0.9654652343541803
35.15	0.9707936719038518
35.25	0.9726993048643662
35.35	0.9733639370332619
35.45	0.9763992424202195
35.55	0.9805790122959566
35.65	0.978135688142145
35.75	0.9835426613322622
35.85	0.987413036092178
35.95	0.99364234052686
36.05	0.9934495427437509
36.15	0.9969633239223502
36.25	0.9980501254644283
36.35	1.0033387563653338
36.45	1.0064432297992585
36.55	1.0109196331560124
36.65	NaN
36.75	1.0120289682245291
36.85	1.0149968925372101
36.95	1.0181617222044557
37.05	1.0201573071347725
37.15	1.0223904759341256
37.25	1.024735160065642
37.35	1.0239631880108542
37.45	1.027569053329727
37.55	1.0277074937635862
37.65	1.0273863815444515
37.75	1.0293106316046363
37.85	1.030260870256614
37.95	1.0298984267035218
38.05	NaN
38.15	NaN
38.25	1.0202113566842517
38.35	1.023740320430283
38.45	1.0240285182506068
38.550000000000004	1.0199692200696562
38.65	1.0189881326637709
38.75	1.0144916003540998
38.85	1.0141482573402623
38.95	1.0105690559413878
39.050000000000004	1.0094691090793646
39.15	1.0059576160958454
39.25	1.0067654720760346
39.35	1.0025309304173593
39.45	0.9981590037549432
39.550000000000004	0.9964842245908838
39.65	NaN
39.75	0.9901120887617154
39.85	0.9888899553399304
39.95	0.9868816237079626
40.050000000000004	0.9862954538147654
40.15	0.982492578972691
40.25	0.983241702791461
40.35	NaN
40.45	0.9789760826027989
40.550000000000004	0.9776099506311327
40.65	0.9769916888414591
40.75	0.9766023823388152
40.85	0.9784686085260119
40.95	0.9765117094582073
41.050000000000004	0.9780299096094
41.15	0.9784446262276981
41.25	0.9782810247222827
41.35	0.9775417857930023
41.45	0.9789099808964049
41.550000000000004	0.9811484108987537
41.65	0.9833604163657403
41.75	0.9838751823809245
41.85	0.9880478072229395
41.95	0.9882965935549819
42.050000000000004	0.989459948469976
42.15	0.9906847875878151
42.25	0.9943763635773253
42.35	0.9960326637641103
42.45	0.9968335457986849
42.550000000000004	1.001367197935083
42.65	1.0025525887327953
42.75	1.0042189450332286
42.85	1.0042365356924674
42.95	1.0076630426714506
43.050000000000004	1.01183466417988
43.15	NaN
43.25	1.0147111058827583
43.35	1.0157646243940877
43.45	1.0172265796707791
43.550000000000004	1.0167670702520968
43.65	NaN
43.75	NaN
43.85	1.0199328564822838
43.95	1.0205760776185269
44.050000000000004	1.0204833260467565
44.15	1.021141945740176
44.25	1.0177092023406842
44.35	1.0217200293996074
44.45	NaN
44.550000000000004	1.0183875267157299
44.65	1.0174608479026017
44.75	1.0163632125794182
44.85	1.0156557484874869
44.95	1.012392496085544
45.050000000000004	1.012848090440207
45.15	1.0091416157318205
45.25	1.0030111704028366
45.35	1.0049081664001005
45.45	1.0051061479541215
45.550000000000004	1.0020862046243544
45.65	1.0000008666366562
45.75	NaN
45.85	0.9973502653604691
45.95	NaN
46.050000000000004	0.9936624254122293
46.15	0.989255374665686
46.25	0.9899713701538606
46.35	NaN
46.45	0.9870378539318221
46.550000000000004	0.9846922893277277
46.65	NaN
46.75	0.9824682329954563
46.85	0.9839734142374181
46.95	0.9833842976601462
47.050000000000004	0.9826362258917567
47.15	0.9812682986561855
47.25	0.9818664661381236
47.35	0.9821103244561051
47.45	NaN
47.550000000000004	0.9820659960098335
47.65	0.9846075865406873
47.75	0.9845178238029502
47.85	0.9852023475324125
47.95	0.9874703900299485
48.050000000000004	0.9882687755318942
48.15	0.9897127065038802
48.25	0.9907992532654119
48.35	0.9920229349151252
48.45	0.9924348908639931
48.550000000000004	0.9959867688126901
48.65	0.9961771182156706
48.75	1.0011736065351953
48.85	1.0004230307261524
48.95	1.004325519430942
49.050000000000004	1.0038521587322455
49.15	1.006770299347185
49.25	1.0065677637630273
49.35	1.0085068769284256
49.45	1.0101759572788436
49.550000000000004	1.0103744840828512
49.65	1.012710501866048
49.75	NaN
49.85	1.0122343561655336
49.95	1.0145262994780595
50.050000000000004	1.0172231440076904
50.15	1.017777543943915
50.25	1.014849397482357
50.35	1.0148241092130725
50.45	1.0149706037877975
50.550000000000004	1.0144930033692536
50.65	1.0161248454485712
50.75	1.0145067747177725
50.85	1.0137261927260226
50.95	1.0130994102419133
51.050000000000004	1.0123150540761339
51.15	1.0101906415411877
51.25	1.0105796067786854
51.35	1.0095165250516047
51.45	1.0073770553639976
51.550000000000004	1.0063139344686771
51.65	1.0017725519485747
51.75	1.0069783289647178
51.85	1.0027066676351613
51.95	0.9991487893546287
52.050000000000004	0.9978877691503856
52.15	NaN
52.25	0.9944690120020071
52.35	0.9924841192685786
52.45	0.990492652988582
52.550000000000004	0.9933535687732608
52.65	0.991176215570498
52.75	0.9901008126549795
52.85	0.9880454413065456
52.95	0.986852834632743
53.050000000000004	0.9874623539149864
53.15	0.9891293506961695
53.25	0.9854297130875745
53.35	0.9860181625798802
53.45	0.9861698161984276
53.550000000000004	0.9859070486252612
53.65	0.985701163697504
53.75	0.9834015751193055
53.85	0.9831003464258687
53.95	0.9900195151066075
54.050000000000004	0.9881817156327751
54.15	0.9898328757269909
54.25	0.989239492072081
54.35	0.9894144321459
54.45	0.9916390528955353
54.550000000000004	NaN
54.65	0.9934630596070118
54.75	0.9940306578935715
54.85	0.99747255868674
54.95	0.9979201307158805
55.050000000000004	0.9976966979336607
55.15	1.0002998430447845
55.25	1.0006706939627954
55.35	1.0036904292362812
55.45	1.0077735301632922
55.550000000000004	1.0089802501601264
55.65	NaN
55.75	1.0100953620174309
55.85	1.0107573837606545
55.95	1.0088980821915572
56.050000000000004	1.0120349185672854
56.15	1.0108740142414194
56.25	1.0124304949225047
56.35	1.0182872905446578
56.45	1.014263530641302
56.550000000000004	1.012555582879725
56.65	1.0120424095351463
56.75	1.0112912195407884
56.85	1.0117712974256152
56.95	1.0112293689089327
57.050000000000004	1.0108938501520564
57.15	1.0109105582269848
57.25	1.0090976266843574
57.35	1.0087446231017683
57.45	1.00584114560691
57.550000000000004	NaN
57.65	1.0062837488732415
57.75	1.0053613288336745
57.85	1.004170376916058
57.95	1.003007913561218
58.050000000000004	NaN
58.15	0.9998240809327775
58.25	0.9988958747868198
58.35	0.9975212911409443
58.45	0.9977127456734849
58.550000000000004	0.9960547421860224
58.65	0.997293683816801
58.75	NaN
58.85	0.9929884725374811
58.95	0.9914831398748527
59.050000000000004	0.9919245686235793
59.15	0.9906178593518459
59.25	0.9881944358274992
59.35	0.9892889320243428
59.45	0.9900882382959709
59.550000000000004	0.9891196004060113
59.65	NaN
59.75	0.9868153549237972
59.85	0.9888650180391838
59.95	0.9874981556988851
60.050000000000004	0.9884834698904176
60.15	0.9895063630171844
60.25	0.989483219398802
60.35	NaN
60.45	0.9894115988953212
60.550000000000004	0.9921883427832529
60.65	0.9915901467950405
60.75	0.9934560417730185
60.85	NaN
60.95	0.994916101954382
61.050000000000004	0.9978552411039813
61.15	0.9963798350808363
61.25	0.9989808756694702
61.35	0.9998836314540852
61.45	1.001254360716986
61.550000000000004	1.003447092711065
61.65	1.004090354589316
61.75	1.0045637739922992
61.85	1.0050569628614705
61.95	NaN
62.050000000000004	1.0072229286925214
62.15	1.009557861978181
62.25	1.0077218296573742
62.35	1.0084106247086781
62.45	NaN
62.550000000000004	1.0103522859939214
62.65	NaN
62.75	NaN
62.85	1.010425070913249
62.95	1.0097125800190012
63.050000000000004	1.0103871200515202
63.15	1.0092424708539427
63.25	1.009196724798254
63.35	1.0076110749828364
63.45	1.0095234847445924
63.550000000000004	1.0076662979562196
63.65	NaN
63.75	1.0083811935775928
63.85	NaN
63.95	1.0038605852848093
64.05	1.0050489460709109
64.14999999999999	1.0052265342962414
64.25	1.002153064654053
64.35	NaN
64.44999999999999	0.9975254264863538
64.55	1.0003044512669648
64.64999999999999	0.9980480802194888
64.75	0.9978167375076544
64.85	0.9982668328170478
64.94999999999999	0.9944086484862176
65.05	0.9943484578544127
65.14999999999999	NaN
65.25	0.9933492184368451
65.35	0.9940688508098433
65.44999999999999	0.9903550724580735
65.55	0.9922899601657917
65.64999999999999	NaN
65.75	0.9919003027147874
65.85	0.9914345768720494
65.94999999999999	NaN
66.05	NaN
66.14999999999999	0.9913921929319395
66.25	0.9915576417352016
66.35	0.9937718961378086
66.44999999999999	0.991353227591113
66.55	NaN
66.64999999999999	0.9925896421264458
66.75	0.9942113218469248
66.85	NaN
66.94999999999999	NaN
67.05	NaN
67.14999999999999	NaN
67.25	0.9973731909761574
67.35	NaN
67.44999999999999	NaN
67.55	0.9965419302389086
67.64999999999999	0.9994316551317242
67.75	1.0009628701154032
67.85	1.0022084419237236
67.94999999999999	NaN
68.05	1.0052660011159114
68.14999999999999	1.0063993529731592
68.25	1.005701838313731
68.35	1.005602397287767
68.44999999999999	1.0058830448520337
68.55	1.0074969818201551
68.64999999999999	NaN
68.75	1.0089227513330257
68.85	1.0077329893451734
68.94999999999999	1.0094561165419522
69.05	NaN
69.14999999999999	1.0071553654339547
69.25	NaN
69.35	1.0078389198436708
69.44999999999999	1.006953556931527
69.55	1.0084876189063214
69.64999999999999	1.0066774205764344
69.75	1.006647135298872
69.85	1.0072084520215543
69.94999999999999	1.0047791498463212
70.05	NaN
70.14999999999999	1.004418336482044
70.25	1.0031900825420554
70.35	1.0029879466716247
70.44999999999999	1.0023611711352804
70.55	1.0004902880164492
70.64999999999999	1.001744538145003
70.75	0.9995057024865501
70.85	0.9993591714822544
70.94999999999999	0.9972930933245101
71.05	0.9983566381050324
71.14999999999999	NaN
71.25	0.995294718836833
71.35	NaN
71.44999999999999	0.9973594769854152
71.55	0.9935815186051234
71.64999999999999	0.9944808382136188
71.75	0.9944158108602097
71.85	NaN
71.94999999999999	NaN
72.05	0.9931865605056415
72.14999999999999	NaN
72.25	0.9919050831671004
72.35	0.9920060817913167
72.44999999999999	NaN
72.55	NaN
72.64999999999999	0.990374828390146
72.75	0.9930500972028361
72.85	0.9942943059717543
72.94999999999999	NaN
73.05	0.9955872432369144
73.14999999999999	0.993352852381554
73.25	0.9944807160816147
73.35	0.9978338426005758
73.44999999999999	0.9967521120970705
73.55	0.9976717508323628
73.64999999999999	0.9955577617724611
73.75	1.0007184864274563
73.85	1.0006441195815703
73.94999999999999	NaN
74.05	NaN
74.14999999999999	1.0013288020619064
74.25	1.001531050287332
74.35	1.0015359688477061
74.44999999999999	1.0052801549703643
74.55	1.0034200889087448
74.64999999999999	NaN
74.75	NaN
74.85	1.0058567676834578
74.94999999999999	1.0066834692718316
75.05	1.0080210741474418
75.14999999999999	1.008061807630223
75.25	1.0064270141677196
75.35	1.0068773111055813
75.44999999999999	1.0068998730408447
75.55	1.0070708057459792
75.64999999999999	1.0073029336119037
75.75	NaN
75.85	1.0065255028472824
75.94999999999999	NaN
76.05	1.0064149755729979
76.14999999999999	1.0058880483928405
76.25	1.0057516941148104
76.35	1.0041833970874428
76.44999999999999	NaN
76.55	1.0038364873522236
76.64999999999999	1.0038376728443736
76.75	NaN
76.85	0.9998813692158475
76.95	1.0006438723762703
77.05	0.9983848222488289
77.14999999999999	0.9994401956408936
77.25	NaN
77.35	NaN
77.45	NaN
77.55	0.9961390725887579
77.64999999999999	NaN
77.75	0.9946892847349998
77.85	0.9952588786582988
77.95	NaN
78.05	0.9947148779384295
78.14999999999999	NaN
78.25	0.9948758782794129
78.35	0.9937675932721299
78.45	NaN
78.55	NaN
78.64999999999999	NaN
78.75	0.9945825766180173
78.85	0.9926804596902933
78.95	0.9931816137686107
79.05	NaN
79.14999999999999	NaN
79.25	0.9946323772258917
79.35	0.9956538277491948
79.45	NaN
79.55	0.9954036996206168
79.64999999999999	NaN
79.75	0.9972303445298875
79.85	0.9979615000650742
