0.15	0.038173155099838776
0.25	0.03727780815058915
0.35	0.036745137281179736
0.45	0.03701123951432025
0.55	0.037772869902176716
0.65	0.03789951176974036
0.7500000000000001	0.03805606486090585
0.85	0.03883175224430856
0.95	0.03899584049954815
1.05	0.03960886707368533
1.15	0.04021367008618751
1.25	0.04082418400561957
1.35	0.04181283350462626
1.45	0.04262402280624958
1.55	0.04371047167870088
1.65	0.04493480865936357
1.75	0.04609975187498098
1.85	0.04740743804645177
1.95	0.04861849608184644
2.05	0.050294889522652306
2.15	0.05212604432690733
2.25	0.05402069698184253
2.35	0.05594981928057011
2.45	0.05793209907340421
2.5500000000000003	0.0601211321993853
2.65	0.0631118362397433
2.75	0.06598184826388147
2.85	0.069088158374608
2.95	0.07242878622379999
3.0500000000000003	0.07614276686720327
3.15	0.08036590190845462
3.25	0.08496695578659604
3.35	0.08999692159609092
3.45	0.09559144287730027
3.5500000000000003	0.10150738677344305
3.65	0.10789398514172138
3.75	0.11571501910942918
3.85	0.12382903785097925
3.95	0.1334652104293639
4.05	0.14339921768326958
4.1499999999999995	0.15544406030093702
4.25	0.1681663354383477
4.35	0.18343020180437625
4.449999999999999	0.20060411897808655
4.55	0.21973713337072312
4.6499999999999995	0.24218826685630673
4.75	0.2676175995458719
4.85	0.29533761817527004
4.95	0.3299876526880162
5.05	0.36949406506578647
5.1499999999999995	0.4129822081613877
5.25	0.46458682493990977
5.35	0.5236656415200304
5.45	0.5987194786817011
5.55	0.6773121521068225
5.6499999999999995	0.7748334134041559
5.75	0.8840522756865271
5.85	1.0129837534063317
5.95	1.151351782705789
6.05	1.3078002306505918
6.1499999999999995	1.4813515735052503
6.25	1.6481441942525772
6.35	1.8121333894184202
6.45	1.9562385836301495
6.55	2.064121801992261
6.6499999999999995	2.1222455425646114
6.75	2.133540614880855
6.85	2.1031895594372223
6.95	2.0295209153800244
7.05	1.9314946097699202
7.1499999999999995	1.8192115440795869
7.25	1.7018549362225268
7.35	1.5860410116883255
7.45	1.4717233984616156
7.55	1.3704328205947691
7.6499999999999995	1.2802460563929423
7.75	1.1977907589102381
7.85	1.1218521361461873
7.95	1.054865143370817
8.05	0.9968783130564853
8.15	0.9482042691873744
8.25	0.9017269937931625
8.350000000000001	0.8630414022117879
8.450000000000001	0.830895672814916
8.55	0.8010843315590469
8.65	0.7762856737360504
8.75	0.7549577362375521
8.850000000000001	0.7367419035859204
8.950000000000001	0.7229260598452308
9.05	0.7104784933361096
9.15	0.7013026587552492
9.25	0.6941694768521596
9.350000000000001	0.6902022869666077
9.450000000000001	0.6866227653897744
9.55	0.6875231873255707
9.65	0.688381031292268
9.750000000000002	0.6911305241858188
9.85	0.6953541346079148
9.95	0.7028168627505386
10.049999999999999	0.7113431830812295
10.149999999999999	0.7210861560723776
10.25	0.7334201161320594
10.35	0.7476873893099373
10.45	0.7626399931623413
10.549999999999999	0.7808794459262955
10.649999999999999	0.7977286114601616
10.75	0.8163736350188027
10.85	0.8397940173838957
10.95	0.8626455675430652
11.049999999999999	0.8851478853421177
11.149999999999999	0.9101224777785728
11.25	0.936518257187678
11.35	0.9634035557122997
11.45	0.9875926291335114
11.549999999999999	1.0183710577084524
11.649999999999999	1.0438968062391882
11.75	1.0710661918799644
11.85	1.097751904357045
11.95	1.1215235260249783
12.049999999999999	1.1473710712138627
12.149999999999999	1.167083644552057
12.25	1.1873812687441088
12.35	1.2042576156133566
12.45	1.2169532950312207
12.549999999999999	1.2256790992286013
12.649999999999999	1.2343389699422587
12.75	1.2408607889570211
12.85	1.241586529358561
12.95	1.2391329760921952
13.049999999999999	1.2347194412529832
13.149999999999999	1.226446199911152
13.25	1.2144582979219651
13.35	1.20151263003662
13.45	1.187255546905074
13.549999999999999	1.1668736889710671
13.649999999999999	1.1498029902971714
13.75	1.1295492079249794
13.85	1.108752570736757
13.95	1.0882670844939168
14.049999999999999	1.0693479955590923
14.149999999999999	1.046193882282426
14.25	1.0246696829820656
14.35	1.0067494290028607
14.45	0.9860046582437891
14.549999999999999	0.9705996644073788
14.649999999999999	0.9541107212264064
14.75	0.937543030119231
14.85	0.9239932977395235
14.95	0.9112061941540308
15.049999999999999	0.8983856207912775
15.149999999999999	0.8878096157040541
15.25	0.8811099524534667
15.35	0.8740913037430307
15.45	0.8688063558213033
15.549999999999999	0.8631431590104311
15.649999999999999	0.8597180663637196
15.75	0.8581166724129451
15.85	0.8580135749218002
15.95	0.8586847514023349
16.05	0.8594383165035777
16.15	0.8641647333092005
16.25	0.867404248205024
16.349999999999998	0.8723423372241926
16.45	0.8799124180695783
16.55	0.8853817204096134
16.65	0.8938040521951777
16.75	0.901334929193224
16.849999999999998	0.9129005660957683
16.95	0.922953333286986
17.05	0.9341507711785064
17.15	0.9448248652162252
17.25	0.9590325693959374
17.349999999999998	0.9717285964584376
17.45	0.9837930537332941
17.55	0.9947413937085735
17.65	1.0094950896698875
17.75	1.0211924586811518
17.849999999999998	1.034464478464127
17.95	1.045897029161322
18.05	1.0555093763476209
18.15	1.068201262170859
18.25	1.0761050460974133
18.349999999999998	1.0822653313660833
18.45	1.0922808623205653
18.55	1.0981357570748924
18.65	1.103711035022622
18.75	1.10895807778952
18.849999999999998	1.11049832653098
18.95	1.112221626730002
19.05	1.1087922668665768
19.15	1.10927265074065
19.25	1.1083882133434544
19.35	1.1034210755028544
19.45	1.1008450705146
19.55	1.0930894348639912
19.65	1.084357001452805
19.75	1.0798846716775365
19.85	1.0712074893144221
19.95	1.0609429285726777
20.05	1.0526266791308865
20.15	1.0423930482554797
20.25	1.0330662040084355
20.35	1.0236625042587577
20.45	1.0135364941459801
20.55	1.0050403866779667
20.65	0.9964011502440133
20.75	0.9886163641291464
20.85	0.9808681338260143
20.95	0.9704133947506194
21.05	0.9620119287117422
21.15	0.9565806694887696
21.25	0.9488698947196891
21.35	0.9447971518250523
21.45	0.9400175106840185
21.55	0.9339946170216578
21.65	0.9314020143543162
21.75	0.9271075829859429
21.85	0.9264077772965502
21.95	0.9254081984188249
22.05	0.9242634468643842
22.15	0.9232607741956292
22.25	0.9236478270852763
22.35	0.9247577583967889
22.45	0.9270232443261779
22.55	0.9285931312846943
22.65	0.931128015184006
22.75	0.9361919552723704
22.85	0.9404809923136035
22.95	0.9464909042710435
23.05	0.9509849893839044
23.15	0.9557394061210867
23.25	0.9627952167672282
23.35	0.9677646340931404
23.45	0.97648700387031
23.55	0.9830304106454288
23.65	0.989242249302785
23.75	0.9995900144465963
23.85	1.0061461997162053
23.95	1.0102063902373344
24.05	1.0203550143849809
24.15	1.0247195891741132
24.25	1.0311102627610718
24.35	1.0369995325151615
24.45	1.042156749609202
24.55	1.046408234559619
24.65	1.045844307128771
24.75	1.05491108973797
24.85	1.0579287218294307
24.95	1.061954611170697
25.05	1.0649491653602499
25.15	1.0623770473537566
25.25	1.0618097376160227
25.35	1.0615964440297574
25.45	1.063614087547813
25.55	1.0595587824333084
25.65	1.0573351463743195
25.75	1.0543246466170288
25.85	1.051938067831404
25.95	1.0459314948151017
26.05	1.0431076750085537
26.15	1.0392877519372288
26.25	1.0361009012465041
26.35	1.0282012370891762
26.45	1.0225223016983398
26.55	1.0154988410516959
26.65	1.0146215060149044
26.75	1.0060827289247753
26.85	0.9993386997636592
26.95	0.9950505642268803
27.05	0.9895481767656102
27.15	0.9835794659024958
27.25	0.9808300584383267
27.35	0.9750697045188621
27.45	0.9731141686666035
27.55	0.9673102551656665
27.65	0.9611399116806684
27.75	0.9615039216782589
27.85	0.956725520258228
27.95	0.9556454547797221
28.05	0.9543287329619802
28.15	0.9550317602906957
28.25	0.9532848745774996
28.35	0.9533687334201756
28.45	0.9512825043553907
28.55	0.9504986661207235
28.65	0.9528296412009831
28.75	0.9544089297048316
28.85	0.9577437902836442
28.95	0.9589817848338903
29.05	0.9615427686284047
29.15	0.9630070915074243
29.25	0.9682777701790863
29.35	0.9703790365332406
29.45	0.9742351833262983
29.55	0.9799412558520277
29.65	0.9832577623397962
29.75	0.9863667312213936
29.85	0.9918074479407396
29.95	NaN
30.05	1.0026359907296254
30.15	1.005107236511357
30.25	1.0098332506321623
30.35	1.0134670699128627
30.45	1.0192632697730837
30.55	1.0244183787349441
30.65	1.0229973796457672
30.75	1.0285290328363392
30.85	1.0335898266388361
30.95	1.032140885367606
31.05	1.036066541329897
31.15	1.039058778995905
31.25	1.0388867723246933
31.35	1.0416336634689642
31.45	1.0401410344450455
31.55	1.0403714054759012
31.65	1.040766022852777
31.75	NaN
31.85	1.0387599542958192
31.95	1.0376900326533858
32.05	1.0356589740267443
32.15	1.0321521770544424
32.25	1.0298968701967361
32.35	1.0261349584272972
32.45	1.022457041091809
32.55	1.0217215110725317
32.65	1.018377290946002
32.75	1.014046325903189
32.85	1.008497591850781
32.95	1.008087304656262
33.05	1.003024188658855
33.15	0.9988554553365835
33.25	0.9954716682344897
33.35	0.9921346087598717
33.45	0.9897871471761543
33.55	0.9842061011235617
33.65	0.9831579560248078
33.75	0.9790144998930015
33.85	0.976600585092732
33.95	0.9746828060331304
34.05	0.9729724859008549
34.15	0.9704882722524734
34.25	0.969968965927026
34.35	0.9686483290266764
34.45	0.9681290322052682
34.55	0.9678261267540667
34.65	0.9679671119052685
34.75	0.9660481011774704
34.85	0.9677333158348421
34.95	0.9669060257060601
35.05	0.9685774818569894
35.15	0.9724301638057926
35.25	0.9735497907558672
35.35	0.9733524087143854
35.45	0.9774580823702655
35.55	0.9785376207491888
35.65	0.980808530333285
35.75	0.984195438748504
35.85	0.9876412596852066
35.95	0.9901053265206644
36.05	0.9923215409787979
36.15	0.9968911235341006
36.25	0.9984376225813593
36.35	1.0018878965261988
36.45	1.0051034798737708
36.55	1.0102464291901947
36.65	NaN
36.75	1.0156361907801201
36.85	1.0161788340567868
36.95	1.0193176552460694
37.05	1.0189470650635082
37.15	1.0216154781719424
37.25	1.0244562079576172
37.35	1.0249355807399645
37.45	1.028142192920831
37.55	1.0270475422478453
37.65	1.0301070594719224
37.75	1.0285361709068221
37.85	1.0240613178033933
37.95	1.0284735462007886
38.05	NaN
38.15	NaN
38.25	1.0220251863748733
38.35	1.024370586830242
38.45	1.0228465829307152
38.550000000000004	1.0203753768077275
38.65	1.0170182150407165
38.75	1.0142771014109615
38.85	1.0130672547476012
38.95	1.009887452584667
39.050000000000004	1.0107047123293385
39.15	1.0058471467697052
39.25	1.002967137469203
39.35	1.0012052808826557
39.45	0.9987418116281195
39.550000000000004	0.9956445516699803
39.65	NaN
39.75	0.9908709295876184
39.85	0.9875255943576594
39.95	0.9875908722587949
40.050000000000004	0.9842469823627281
40.15	0.9838664932342164
40.25	0.9801358806957678
40.35	NaN
40.45	0.97853475724198
40.550000000000004	0.9783726079662456
40.65	0.9755598474211405
40.75	0.9789562747099647
40.85	0.9739492341740889
40.95	0.9757162420547858
41.050000000000004	0.9777627439141787
41.15	0.9770754532916344
41.25	0.9770373837413153
41.35	0.9780202493442804
41.45	0.9789067706577341
41.550000000000004	0.9824114843211361
41.65	0.9813002648074124
41.75	0.9837238864155767
41.85	0.9891826891166341
41.95	0.987073126882879
42.050000000000004	0.9886134654047926
42.15	0.9914643537028512
42.25	0.9925532123389406
42.35	0.9946616326970863
42.45	0.9966311197687472
42.550000000000004	1.0019372241197169
42.65	1.005834185046857
42.75	1.0028336873811823
42.85	1.0070653363092732
42.95	1.0069293223942621
43.050000000000004	1.0112088717579113
43.15	NaN
43.25	1.0152948170325153
43.35	1.016489313898847
43.45	1.0160977432900387
43.550000000000004	1.0171794962026688
43.65	NaN
43.75	NaN
43.85	1.0185490415793388
43.95	1.018408844829642
44.050000000000004	1.0210787015718956
44.15	1.0213466743154216
44.25	1.0192202997592346
44.35	1.0189736598034533
44.45	NaN
44.550000000000004	1.01884690491109
44.65	1.0180692939992497
44.75	1.0158215813011806
44.85	1.0158644178399658
44.95	1.0135340407606337
45.050000000000004	1.0109722748659322
45.15	1.0098476350040486
45.25	1.0074179059935753
45.35	1.0054879169709825
45.45	1.0039561758461437
45.550000000000004	0.999912842501039
45.65	0.9992715491229652
45.75	NaN
45.85	0.9982189156877106
45.95	NaN
46.050000000000004	0.991992505489516
46.15	0.9909981581361254
46.25	0.9905350656936704
46.35	NaN
46.45	0.9871923372697315
46.550000000000004	0.9851531166156688
46.65	NaN
46.75	0.9826494552653487
46.85	0.9818029412666075
46.95	0.9844817000182163
47.050000000000004	0.9838405816918262
47.15	0.9820351091643946
47.25	0.9819024267502888
47.35	0.9826932853586217
47.45	NaN
47.550000000000004	0.9819185528914961
47.65	0.9832896688769047
47.75	0.9844245556096295
47.85	0.9868025447357928
47.95	0.9868550803653727
48.050000000000004	0.9876565849310234
48.15	0.9893312752341121
48.25	0.9912510236910992
48.35	0.9932913174460107
48.45	0.9927111218011692
48.550000000000004	0.9981524263102471
48.65	0.9979342018459891
48.75	0.9990545111781869
48.85	1.0009866821972748
48.95	1.0041858907685595
49.050000000000004	1.0060045670333335
49.15	1.0043517561351554
49.25	1.0074937474292063
49.35	1.0101929199166904
49.45	1.0098003388458778
49.550000000000004	1.0109479796408996
49.65	1.013922193107391
49.75	NaN
49.85	1.0134868549542433
49.95	1.0159716975902569
50.050000000000004	1.0171409887693208
50.15	1.0179824214724666
50.25	1.0173092988204555
50.35	1.0177145829899406
50.45	1.0166304897273821
50.550000000000004	1.0149817128190506
50.65	1.014411035459992
50.75	1.0131999021165292
50.85	1.015465939022796
50.95	1.014422119454877
51.050000000000004	1.0122882561092692
51.15	1.011129627644577
51.25	1.008681503271124
51.35	1.0077112569828621
51.45	1.0069695180992015
51.550000000000004	1.0050915450746358
51.65	1.0037264882071837
51.75	1.0079631308734485
51.85	1.002050159020719
51.95	0.9988409962073133
52.050000000000004	0.9981249821065623
52.15	NaN
52.25	0.9949475997868589
52.35	0.9944035000911006
52.45	0.9922370642932835
52.550000000000004	0.9902258715348753
52.65	0.9916666521065886
52.75	0.9898740994247027
52.85	0.9887176135850202
52.95	0.9876399517572376
53.050000000000004	0.9898188075167866
53.15	0.9868592567607167
53.25	0.9864481215245916
53.35	0.9850752960972543
53.45	0.9858088865452509
53.550000000000004	0.9861919106826675
53.65	0.985676488922649
53.75	0.9845779692913921
53.85	0.9868526186152556
53.95	0.9872903338252218
54.050000000000004	0.9878705431280848
54.15	0.9896854616810091
54.25	0.9893778334719296
54.35	0.9906840896994081
54.45	0.9898905550171379
54.550000000000004	NaN
54.65	0.9944516012496866
54.75	0.9962957872747858
54.85	0.9951805495376251
54.95	0.9984938445176451
55.050000000000004	0.9997218145732993
55.15	1.0018968970569102
55.25	1.0010352222411698
55.35	1.004173024901843
55.45	1.0054933262016765
55.550000000000004	1.0054557932868178
55.65	NaN
55.75	1.0060675941265598
55.85	1.009072279195552
55.95	1.0097845294774646
56.050000000000004	1.0099952821059899
56.15	1.0097232434311145
56.25	1.0111392938846608
56.35	1.0085645231558087
56.45	1.013115484401578
56.550000000000004	1.0123814657886234
56.65	1.0118128877578898
56.75	1.0141341688031462
56.85	1.0125758265370517
56.95	1.0112682129726631
57.050000000000004	1.0110676662676357
57.15	1.012784715124646
57.25	1.0099223545631526
57.35	1.0105692494172656
57.45	1.010581821998751
57.550000000000004	NaN
57.65	1.0067441427282826
57.75	1.0052205269337573
57.85	1.004360552033464
57.95	1.0019633825158438
58.050000000000004	NaN
58.15	1.00063168735023
58.25	0.999647023133683
58.35	0.997181091893307
58.45	0.9972529921065793
58.550000000000004	0.9966674502606137
58.65	0.9953264515086757
58.75	NaN
58.85	0.9926697183823963
58.95	0.9915634947874817
59.050000000000004	0.9898914555810023
59.15	0.9904855045452408
59.25	0.9894954371271649
59.35	0.989474447605876
59.45	0.9903964219573442
59.550000000000004	0.98816481397146
59.65	NaN
59.75	0.991204570062709
59.85	0.9889046742142289
59.95	0.9879966224124604
60.050000000000004	0.9910948065474744
60.15	0.9896913818248085
60.25	0.9908371757247839
60.35	NaN
60.45	0.9920479371804407
60.550000000000004	0.9914434529736785
60.65	0.9935368520342531
60.75	0.994225276251957
60.85	NaN
60.95	0.9953798403372672
61.050000000000004	0.9973714647435489
61.15	0.9966875330000962
61.25	0.997936573119838
61.35	0.9979897919549965
61.45	1.0022718913996702
61.550000000000004	1.003231333715063
61.65	1.0052140843696233
61.75	1.006006998247942
61.85	1.0051836419579974
61.95	NaN
62.050000000000004	1.00464867277737
62.15	1.0105058706213723
62.25	1.007020550109416
62.35	1.005843645195659
62.45	NaN
62.550000000000004	1.0093578418309852
62.65	NaN
62.75	NaN
62.85	1.0096966016354547
62.95	1.0108631114103142
63.050000000000004	1.0106841234326334
63.15	1.0113191454740869
63.25	1.0088947573773275
63.35	1.0082021409879443
63.45	1.0069182988015413
63.550000000000004	1.0075338914799055
63.65	NaN
63.75	1.0061956112466646
63.85	NaN
63.95	1.0046570603479563
64.05	1.0031342831802463
64.14999999999999	1.0022656277259077
64.25	1.0009045745772929
64.35	NaN
64.44999999999999	1.0002837115232572
64.55	0.9984398389950173
64.64999999999999	0.9988190139088073
64.75	0.9969029291098785
64.85	0.9951055170304925
64.94999999999999	0.9971905996635007
65.05	0.9942326792293011
65.14999999999999	NaN
65.25	0.9931610640510468
65.35	0.9899583918745105
65.44999999999999	0.9926652469637071
65.55	0.9925579501049585
65.64999999999999	NaN
65.75	0.993236461923089
65.85	0.9908402528592994
65.94999999999999	NaN
66.05	NaN
66.14999999999999	0.9918600973265822
66.25	0.9907214227443316
66.35	0.9923219864617805
66.44999999999999	0.9907693435345465
66.55	NaN
66.64999999999999	0.9921990704828497
66.75	0.991777458411524
66.85	NaN
66.94999999999999	NaN
67.05	NaN
67.14999999999999	NaN
67.25	0.9958974210778465
67.35	NaN
67.44999999999999	NaN
67.55	0.9988763592499812
67.64999999999999	0.9991399750183074
67.75	0.9998810475763367
67.85	1.0029362825361356
67.94999999999999	NaN
68.05	1.0035694288551587
68.14999999999999	1.0041393034758666
68.25	1.0054486179698967
68.35	1.0055107433548773
68.44999999999999	1.0055494321044087
68.55	1.0066117377117358
68.64999999999999	NaN
68.75	1.0079076099470197
68.85	1.0085566813286706
68.94999999999999	1.0069005184949185
69.05	NaN
69.14999999999999	1.0100527432491115
69.25	NaN
69.35	1.007461756644251
69.44999999999999	1.00780633202982
69.55	1.0087723754810476
69.64999999999999	1.0076625779322792
69.75	1.0075708131568228
69.85	1.006890678756984
69.94999999999999	1.0050215029042888
70.05	NaN
70.14999999999999	1.0044863522400598
70.25	1.0036523095089411
70.35	1.002653888878784
70.44999999999999	1.0018474488051199
70.55	1.0034512953693526
70.64999999999999	1.0008844273084039
70.75	1.0013980513395997
70.85	0.997375949098383
70.94999999999999	0.9982782745695628
71.05	0.9976105747031032
71.14999999999999	NaN
71.25	0.9971441963321936
71.35	NaN
71.44999999999999	0.9946219754047001
71.55	0.9956579930121638
71.64999999999999	0.9940670944939354
71.75	0.9954333740942065
71.85	NaN
71.94999999999999	NaN
72.05	0.9918251410853828
72.14999999999999	NaN
72.25	0.9924514265350571
72.35	0.992270031045471
72.44999999999999	NaN
72.55	NaN
72.64999999999999	0.9936478462821042
72.75	0.9918898358658226
72.85	0.9923084502961618
72.94999999999999	NaN
73.05	0.9944554918976164
73.14999999999999	0.9941748389697606
73.25	0.9940845176124868
73.35	0.9960746517765612
73.44999999999999	0.9969944189098874
73.55	0.9978957609786572
73.64999999999999	0.9986212765556862
73.75	1.0005377759209988
73.85	0.9986236959602048
73.94999999999999	NaN
74.05	NaN
74.14999999999999	1.0006045216275254
74.25	1.0013274422047436
74.35	1.0034857671394786
74.44999999999999	1.002309096077821
74.55	1.0046336124604078
74.64999999999999	NaN
74.75	NaN
74.85	1.0052825312509799
74.94999999999999	1.0050212702937347
75.05	1.0065395569599855
75.14999999999999	1.006114502389324
75.25	1.0064946574986884
75.35	1.0079547635128518
75.44999999999999	1.006397739025502
75.55	1.0060963323551266
75.64999999999999	1.0069721851695257
75.75	NaN
75.85	1.00647521433957
75.94999999999999	NaN
76.05	1.0050089872645593
76.14999999999999	1.0076443502620904
76.25	1.0048392826610244
76.35	1.0046173389975974
76.44999999999999	NaN
76.55	1.0023131547865967
76.64999999999999	1.0001693341212534
76.75	NaN
76.85	1.00172716916571
76.95	1.000337081342917
77.05	0.9989623891183932
77.14999999999999	0.9992363249311896
77.25	NaN
77.35	NaN
77.45	NaN
77.55	0.9956567426945989
77.64999999999999	NaN
77.75	0.9950445038045144
77.85	0.9940059496710837
77.95	NaN
78.05	0.9950947492536842
78.14999999999999	NaN
78.25	0.9943278298593022
78.35	0.9937983061554374
78.45	NaN
78.55	NaN
78.64999999999999	NaN
78.75	0.9929221184963495
78.85	0.9936825544356734
78.95	0.9926523146351852
79.05	NaN
79.14999999999999	NaN
79.25	0.9940279587787526
79.35	0.9948043688510332
79.45	NaN
79.55	0.9949565590871607
79.64999999999999	NaN
79.75	0.9975625808547416
79.85	0.9955933454948009
