0.15	0.036232236831155375
0.25	0.03748960478331581
0.35	0.03694009505283901
0.45	0.03717334569236948
0.55	0.03787117402595512
0.65	0.037535601672778224
0.7500000000000001	0.03801533271435737
0.85	0.03877157958422644
0.95	0.03932373723277279
1.05	0.0398468039718521
1.15	0.04035180029214958
1.25	0.04108094430437984
1.35	0.04204230273529785
1.45	0.04275943644017725
1.55	0.04380417909602896
1.65	0.044801609831989046
1.75	0.04592009734730606
1.85	0.047437111899852134
1.95	0.0488615834509759
2.05	0.050356427714935564
2.15	0.05209493646389141
2.25	0.05414752909670148
2.35	0.0559993252931557
2.45	0.057930816204173854
2.5500000000000003	0.060346042544129896
2.65	0.06311129959569639
2.75	0.0661485701376166
2.85	0.06908987349926499
2.95	0.07258640680608809
3.0500000000000003	0.07615367234651747
3.15	0.08038233461738861
3.25	0.08493850900323287
3.35	0.0899370801097177
3.45	0.09545834108350008
3.5500000000000003	0.10158112912731164
3.65	0.10793731797918221
3.75	0.11603694812404451
3.85	0.12385430810706244
3.95	0.13362462397562944
4.05	0.1437133893609046
4.1499999999999995	0.15492235634349813
4.25	0.16808897509474574
4.35	0.18347633190215226
4.449999999999999	0.20033078002679444
4.55	0.21993671127851355
4.6499999999999995	0.24200041940243427
4.75	0.26789267320701227
4.85	0.29525320313794035
4.95	0.33042564474775027
5.05	0.3693060636551725
5.1499999999999995	0.4124862285540852
5.25	0.4634778597081601
5.35	0.5237937445562408
5.45	0.5973656794244679
5.55	0.6763692190001545
5.6499999999999995	0.7755805204127677
5.75	0.886362552114646
5.85	1.0138228314137743
5.95	1.152782324174202
6.05	1.3082333212625932
6.1499999999999995	1.4823435426548717
6.25	1.6491498316220814
6.35	1.814575770128862
6.45	1.9564857273147627
6.55	2.065133653508898
6.6499999999999995	2.1207437368675506
6.75	2.136873255926176
6.85	2.1056965636860308
6.95	2.030686650794108
7.05	1.930073410960971
7.1499999999999995	1.816177746236759
7.25	1.6993348237729573
7.35	1.5877754825878418
7.45	1.4710186499559392
7.55	1.3722274392699152
7.6499999999999995	1.2805392946535457
7.75	1.195264401433516
7.85	1.1234496424940699
7.95	1.0546428524830067
8.05	0.9975440954602197
8.15	0.9468644595614243
8.25	0.9028029521383514
8.350000000000001	0.8641485856319513
8.450000000000001	0.83042377773201
8.55	0.800925473597174
8.65	0.7760787438402268
8.75	0.7555568652189616
8.850000000000001	0.736870221116407
8.950000000000001	0.7230845980000877
9.05	0.7103795569166304
9.15	0.7009672476441826
9.25	0.6945202595819929
9.350000000000001	0.6900671159212397
9.450000000000001	0.6870676340130512
9.55	0.6867867685670405
9.65	0.6876915147846303
9.750000000000002	0.6916380788591087
9.85	0.6953703189009264
9.95	0.7029341218735329
10.049999999999999	0.7118461406747133
10.149999999999999	0.7217292311458914
10.25	0.7335705320066157
10.35	0.7474170480435954
10.45	0.7630873148926938
10.549999999999999	0.7785877671356142
10.649999999999999	0.7977148028602494
10.75	0.81817159612215
10.85	0.838524830736636
10.95	0.8615050278198582
11.049999999999999	0.8851906134712036
11.149999999999999	0.9113685616980755
11.25	0.9366697508269042
11.35	0.9618208826724446
11.45	0.990673259543732
11.549999999999999	1.0168614814012347
11.649999999999999	1.044369647501588
11.75	1.0737850772400281
11.85	1.097622766822264
11.95	1.1199213286632894
12.049999999999999	1.1458129877692806
12.149999999999999	1.1692104278230144
12.25	1.184647723498525
12.35	1.2036938906975447
12.45	1.2147376739651554
12.549999999999999	1.2278239326395401
12.649999999999999	1.2349889440080872
12.75	1.2387006930478017
12.85	1.2399402132069561
12.95	1.238493329313305
13.049999999999999	1.234299462548299
13.149999999999999	1.227548710153417
13.25	1.2153640734676812
13.35	1.2002803142459662
13.45	1.1886009933949055
13.549999999999999	1.1684020561350774
13.649999999999999	1.1488022241600206
13.75	1.130478490583104
13.85	1.1106712432403383
13.95	1.0900722117280173
14.049999999999999	1.0665831384428754
14.149999999999999	1.0451867941960298
14.25	1.0251580226454649
14.35	1.0046590506096897
14.45	0.9863652043468907
14.549999999999999	0.9692486451107938
14.649999999999999	0.9536675872745983
14.75	0.9366954808182738
14.85	0.9230727854239238
14.95	0.9114476060462124
15.049999999999999	0.9004610516273154
15.149999999999999	0.8890254112429197
15.25	0.8812134471948588
15.35	0.8766835318128813
15.45	0.8687644832946201
15.549999999999999	0.8617988616597024
15.649999999999999	0.8607387453738221
15.75	0.8589445337651417
15.85	0.8578148107523083
15.95	0.8583901672316445
16.05	0.8607278623410114
16.15	0.8633682995414187
16.25	0.8661822747531399
16.349999999999998	0.8720150337352252
16.45	0.876403271881909
16.55	0.8851225379429686
16.65	0.8941106039708097
16.75	0.9035078927779986
16.849999999999998	0.9117683503218741
16.95	0.9232382748285527
17.05	0.934223375295844
17.15	0.9451157533889684
17.25	0.9562772983844143
17.349999999999998	0.9669650728163602
17.45	0.9852424361787425
17.55	0.9952844241046807
17.65	1.009542888448889
17.75	1.0200458509776469
17.849999999999998	1.0336925637165937
17.95	1.042587298989965
18.05	1.0542701441201037
18.15	1.065658282656169
18.25	1.0747703594346387
18.349999999999998	1.0847056844029574
18.45	1.093198946448305
18.55	1.0969318200832374
18.65	1.0988932418995396
18.75	1.1063756052856466
18.849999999999998	1.1112493116556454
18.95	1.1109380702269067
19.05	1.1092645718979395
19.15	1.1090477515304011
19.25	1.1083668227572558
19.35	1.1028372735182814
19.45	1.098915430670715
19.55	1.0924674578112448
19.65	1.0866012103535545
19.75	1.0779450130803352
19.85	1.0685790159232902
19.95	1.0601477602233498
20.05	1.0530722090579225
20.15	1.0435435040023968
20.25	1.0324857257664095
20.35	1.022951820382974
20.45	1.0153187435929871
20.55	1.005256481304064
20.65	0.9967096231213767
20.75	0.9875336494226942
20.85	0.9801878955775354
20.95	0.9694667319051372
21.05	0.9616749031523195
21.15	0.9587072560203825
21.25	0.9503847987150577
21.35	0.9444740778010199
21.45	0.9379491226566343
21.55	0.9333472527152145
21.65	0.9332646831362621
21.75	0.9282015981065388
21.85	0.9254750768735971
21.95	0.9253600870362038
22.05	0.9229127462690646
22.15	0.9227455269947252
22.25	0.9231376995364808
22.35	0.9236838221377255
22.45	0.9281651149031999
22.55	0.9287494231127262
22.65	0.9325620742658106
22.75	0.9353225937929388
22.85	0.9396051651425582
22.95	0.9440014801150287
23.05	0.9496725026489923
23.15	0.9555747974157717
23.25	0.9624064260966415
23.35	0.9694043949086714
23.45	0.9736101483314613
23.55	0.9844185887485527
23.65	0.9899881230657588
23.75	0.9958471949954718
23.85	1.002143108757749
23.95	1.0119238810047873
24.05	1.0190963077579094
24.15	1.0228460351723856
24.25	1.031914195317092
24.35	1.035041357626759
24.45	1.0429379101548206
24.55	1.0476946189448995
24.65	1.049691914758197
24.75	1.0540054797040899
24.85	1.0586314296457324
24.95	1.0605930298630788
25.05	1.0634104765367847
25.15	1.0651142137227974
25.25	1.0635661278080233
25.35	1.0636361440147502
25.45	1.0621936102241807
25.55	1.0616267525773273
25.65	1.0595837408080522
25.75	1.0552591027806775
25.85	1.0514243552061133
25.95	1.0467046083000955
26.05	1.0433339097359424
26.15	1.0376497435482332
26.25	1.0347100866640515
26.35	1.0277677168237758
26.45	1.022129258134903
26.55	1.0161664903294094
26.65	1.012659626949025
26.75	1.0059468496344832
26.85	0.9990473647321558
26.95	0.9947866195993871
27.05	0.9888916406693072
27.15	0.9844017811353309
27.25	0.979319003157845
27.35	0.9754195028170802
27.45	0.9706557066889111
27.55	0.9651762334041591
27.65	0.9654267696695099
27.75	0.9604966946636112
27.85	0.9571010227458887
27.95	0.9563824736395641
28.05	0.9541587073843952
28.15	0.9526908695092055
28.25	0.9528621604249958
28.35	0.9506197967793284
28.45	0.9507069749724243
28.55	0.9534566346579648
28.65	0.9542730533942568
28.75	0.9555851069676206
28.85	0.957352618611241
28.95	0.9591371233796225
29.05	0.9614181606903244
29.15	0.9643849872866195
29.25	0.9686003958036886
29.35	0.9724787097133426
29.45	0.9751816982604294
29.55	0.9794148076284395
29.65	0.9841336404494702
29.75	0.987931384330136
29.85	0.9927315968840079
29.95	NaN
30.05	1.0015463006225458
30.15	1.0044792601127241
30.25	1.010522604780792
30.35	1.012570183792004
30.45	1.0161364162434918
30.55	1.0223647113891174
30.65	1.0259395263711883
30.75	1.028873621494133
30.85	1.03199391511463
30.95	1.0328917673759332
31.05	1.0362420654490758
31.15	1.0382783048011286
31.25	1.0406885373368724
31.35	1.039871281371129
31.45	1.0393379902179514
31.55	1.0396061495159357
31.65	1.0387871065941896
31.75	NaN
31.85	1.0375171936659109
31.95	1.0375978591843074
32.05	1.0364886966899651
32.15	1.0328728407012155
32.25	1.0320205716403554
32.35	1.0274225982724146
32.45	1.0207232988911215
32.55	1.0197942609370558
32.65	1.0152917462019064
32.75	1.0134260835707172
32.85	1.010318880364058
32.95	1.0065645184220189
33.05	0.9998396429842742
33.15	0.9983730417724523
33.25	0.995612508971482
33.35	0.9928841942417967
33.45	0.9887823162281776
33.55	0.9834795688111613
33.65	0.9818745677465988
33.75	0.9789363407596605
33.85	0.9770637076678251
33.95	0.9744616899016875
34.05	0.9762866895155622
34.15	0.9695471352035552
34.25	0.9701669058162526
34.35	0.9678249763547913
34.45	0.9649344090608404
34.55	0.9673760999753127
34.65	0.9675155472231085
34.75	0.9669559059035734
34.85	0.9661683693611355
34.95	0.9699217020636455
35.05	0.9720880948611456
35.15	0.9719160011625437
35.25	0.9744491672650257
35.35	0.9755458922569935
35.45	0.9746738352559341
35.55	0.9783957702371043
35.65	0.9831096731779962
35.75	0.9853948705829586
35.85	0.989628143722081
35.95	0.9914664343056779
36.05	0.9910181564856045
36.15	0.9950844998985043
36.25	0.999292537760476
36.35	1.0030366068252592
36.45	1.0053019008047674
36.55	1.008701199766597
36.65	NaN
36.75	1.0140848585095716
36.85	1.0165968669114733
36.95	1.018320777969391
37.05	1.0227213382205733
37.15	1.020687447612569
37.25	1.0255441155949292
37.35	1.0267350964557482
37.45	1.0273122036191424
37.55	1.027777284748385
37.65	1.028388879764294
37.75	1.0288199803797382
37.85	1.0293529836358506
37.95	1.0291910623370482
38.05	NaN
38.15	NaN
38.25	1.0262944234312732
38.35	1.0240006429120063
38.45	1.0204011092848022
38.550000000000004	1.0201867421274904
38.65	1.0188803753579598
38.75	1.0167695936038126
38.85	1.015084440743479
38.95	1.012130337831512
39.050000000000004	1.0091655354682298
39.15	1.0071672399678173
39.25	1.0049802613683496
39.35	1.0012743514640352
39.45	0.9981637402670117
39.550000000000004	0.9965878591986282
39.65	NaN
39.75	0.9913623018670055
39.85	0.9888354337754589
39.95	0.9865399691632575
40.050000000000004	0.9849820155410112
40.15	0.9828172889131578
40.25	0.9805029179014073
40.35	NaN
40.45	0.9794223150889879
40.550000000000004	0.9781607389496934
40.65	0.9767536260096218
40.75	0.976017571087969
40.85	0.975506225638592
40.95	0.975187544735493
41.050000000000004	0.9757743127437598
41.15	0.9768993831672986
41.25	0.9784805080962024
41.35	0.9787695364918728
41.45	0.9790090455982003
41.550000000000004	0.9802741061299506
41.65	0.9824985936160996
41.75	0.984073648739649
41.85	0.9847694136942827
41.95	0.9860752652684881
42.050000000000004	0.9898911113753719
42.15	0.9924463038175568
42.25	0.991720244427839
42.35	0.9967308494400131
42.45	0.9978232875978679
42.550000000000004	1.0007234811381396
42.65	1.0017721028140292
42.75	1.0045562346893773
42.85	1.0066946134508032
42.95	1.0090480632665373
43.050000000000004	1.0118067830907347
43.15	NaN
43.25	1.0131658284614462
43.35	1.015525473247079
43.45	1.0157426157903509
43.550000000000004	1.0177165727824773
43.65	NaN
43.75	NaN
43.85	1.0210677465437514
43.95	1.0211320756418154
44.050000000000004	1.0217542267158155
44.15	1.0204162666343402
44.25	1.02095169335418
44.35	1.0209573546906936
44.45	NaN
44.550000000000004	1.0179552148456021
44.65	1.0178049538451397
44.75	1.015151631211373
44.85	1.012758992554252
44.95	1.0133372705317332
45.050000000000004	1.0111888901533235
45.15	1.0096325763111142
45.25	1.0086808394497695
45.35	1.0052079711687574
45.45	1.0034584628873995
45.550000000000004	1.0025442923911667
45.65	1.000942676703672
45.75	NaN
45.85	0.9960126355142005
45.95	NaN
46.050000000000004	0.9931190275975028
46.15	0.9908013980096539
46.25	0.9875798135027131
46.35	NaN
46.45	0.9868388939575606
46.550000000000004	0.9850757648497583
46.65	NaN
46.75	0.9837625794813668
46.85	0.9835746674258098
46.95	0.9824420505494411
47.050000000000004	0.9827309968541342
47.15	0.9823530933779739
47.25	0.9814766056684335
47.35	0.9810135117873391
47.45	NaN
47.550000000000004	0.9838811503326991
47.65	0.9856949551144223
47.75	0.9849492880769041
47.85	0.9839093064781606
47.95	0.9871779109424927
48.050000000000004	0.9867232304168678
48.15	0.9905936351068433
48.25	0.9886537630155123
48.35	0.9915793882397729
48.45	0.9943505035164527
48.550000000000004	0.9967234025136354
48.65	0.9936417173566355
48.75	0.9980970542355798
48.85	1.0003621403444276
48.95	1.001791889630628
49.050000000000004	1.0029266707224391
49.15	1.0033967713093244
49.25	1.0078510441419881
49.35	1.008442682951226
49.45	1.0098148030180105
49.550000000000004	1.0110987216594227
49.65	1.0123538054542451
49.75	NaN
49.85	1.0145348736833515
49.95	1.0142990243757468
50.050000000000004	1.0131748507307639
50.15	1.0168338563278512
50.25	1.014605737984956
50.35	1.018224208564537
50.45	1.0165120262786382
50.550000000000004	1.0146322746186256
50.65	1.0153808704633338
50.75	1.0139782095922576
50.85	1.014312286334778
50.95	1.0125326231205818
51.050000000000004	1.011677887733236
51.15	1.0113050196593367
51.25	1.0090184468833125
51.35	1.0058539521414231
51.45	1.0077349484405953
51.550000000000004	1.0047732585396298
51.65	1.007135034103225
51.75	1.0010831487400282
51.85	0.9988191541529503
51.95	1.0005211943719288
52.050000000000004	0.9967522958062774
52.15	NaN
52.25	0.9955030215755549
52.35	0.9921602735638371
52.45	0.9926117246722614
52.550000000000004	0.9896526763179346
52.65	0.9895252008611605
52.75	0.989493152175056
52.85	0.9887287049177842
52.95	0.9889867269954777
53.050000000000004	0.987159056721022
53.15	0.985781408437162
53.25	0.9879620447588049
53.35	0.9853369242399519
53.45	0.9857735591970467
53.550000000000004	0.9849689961197765
53.65	0.985679346002774
53.75	0.9863283563785759
53.85	0.9889141835806964
53.95	0.9912870914389701
54.050000000000004	0.9878147508041725
54.15	0.9887003028010128
54.25	0.9913273810491172
54.35	0.992209666190221
54.45	0.9933497933109904
54.550000000000004	NaN
54.65	0.9921371415027751
54.75	0.997214738264122
54.85	0.9976792569391197
54.95	0.9969394649630278
55.050000000000004	1.0005985231101222
55.15	1.0024727813833196
55.25	1.0016837485613794
55.35	1.0034827735447838
55.45	1.003346451628149
55.550000000000004	1.0049619988541982
55.65	NaN
55.75	1.00843171040292
55.85	1.00924268972469
55.95	1.0086823396038849
56.050000000000004	1.009783782258775
56.15	1.0108622734497457
56.25	1.0131532513864006
56.35	1.0010795582214103
56.45	1.0110026465098267
56.550000000000004	1.0114904350065896
56.65	1.0136910322902564
56.75	1.0141348835572968
56.85	1.0120859667778543
56.95	1.012395679200777
57.050000000000004	1.0104242277917312
57.15	1.010931451593781
57.25	1.0093591429697115
57.35	1.0090656373955789
57.45	1.0112333934746567
57.550000000000004	NaN
57.65	1.0053756382018735
57.75	1.0048198088853324
57.85	1.0031442636260635
57.95	0.9998231220668591
58.050000000000004	NaN
58.15	1.000383332324148
58.25	1.0009295619118868
58.35	0.9979356368169972
58.45	0.998178113305608
58.550000000000004	0.9961547132575144
58.65	0.9957589035511292
58.75	NaN
58.85	0.9930360714561376
58.95	0.9915120173361034
59.050000000000004	0.9911618873429124
59.15	0.9904228709316234
59.25	0.9899461892334719
59.35	0.9893660920722201
59.45	0.9894207117681907
59.550000000000004	0.9874183568260374
59.65	NaN
59.75	0.9891179397908029
59.85	0.9882871596069321
59.95	0.9897283356622554
60.050000000000004	0.9905158838520959
60.15	0.9891163380221317
60.25	0.9908345514383161
60.35	NaN
60.45	0.9900444577900454
60.550000000000004	0.9920126087500394
60.65	0.9933027920663737
60.75	0.9927340369308941
60.85	NaN
60.95	0.9963280502742378
61.050000000000004	0.9952868572195593
61.15	0.9983718063056664
61.25	1.0027257422236242
61.35	0.9993152649718454
61.45	1.0006420504072862
61.550000000000004	1.0020661533856414
61.65	1.0035323274830281
61.75	1.0062581999571025
61.85	1.0052659177105692
61.95	NaN
62.050000000000004	1.0065190968116724
62.15	1.0081494370485182
62.25	1.0081835541301656
62.35	1.0087362073716
62.45	NaN
62.550000000000004	1.0111908495516766
62.65	NaN
62.75	NaN
62.85	1.0095889708703178
62.95	1.010117158227683
63.050000000000004	1.009530260996875
63.15	1.0095720464270221
63.25	1.0097478628736736
63.35	1.009356090363098
63.45	1.0097908297100024
63.550000000000004	1.0099944852458287
63.65	NaN
63.75	1.0082591632589823
63.85	NaN
63.95	1.0065962596124796
64.05	1.0043604656130243
64.14999999999999	1.0032586139955137
64.25	1.0016358598479589
64.35	NaN
64.44999999999999	0.9993820223574869
64.55	0.999570825978606
64.64999999999999	0.9990926435572243
64.75	0.9967911795591604
64.85	0.9958689035963186
64.94999999999999	0.992890679648108
65.05	0.9955649714629623
65.14999999999999	NaN
65.25	0.9930415780038097
65.35	0.9937347676808712
65.44999999999999	0.9934764374012598
65.55	0.9912856924420876
65.64999999999999	NaN
65.75	0.9912113553149211
65.85	0.9906022661508203
65.94999999999999	NaN
66.05	NaN
66.14999999999999	0.9909879734018427
66.25	0.9907431648423286
66.35	0.991671458633137
66.44999999999999	0.9923161466801366
66.55	NaN
66.64999999999999	0.9920123404221353
66.75	0.9926440410471741
66.85	NaN
66.94999999999999	NaN
67.05	NaN
67.14999999999999	NaN
67.25	0.9969076221213066
67.35	NaN
67.44999999999999	NaN
67.55	0.9989536728475658
67.64999999999999	1.0003776741387584
67.75	1.0016121079090297
67.85	0.9990462238377964
67.94999999999999	NaN
68.05	1.003595801818703
68.14999999999999	1.0040165175774478
68.25	1.0058321223862075
68.35	1.0057055149692546
68.44999999999999	1.0064804196004464
68.55	1.0069186137937887
68.64999999999999	NaN
68.75	1.007988617616955
68.85	1.007955787965548
68.94999999999999	1.0076604981157968
69.05	NaN
69.14999999999999	1.0083716919774495
69.25	NaN
69.35	1.0086132307676845
69.44999999999999	1.006520163196918
69.55	1.0083907798104723
69.64999999999999	1.0076747814278788
69.75	1.0076958835224241
69.85	1.0070034335208766
69.94999999999999	1.0065206719206172
70.05	NaN
70.14999999999999	1.0048619281601305
70.25	1.0049970821777872
70.35	1.0034982582464642
70.44999999999999	1.0027931968719586
70.55	1.0015490957549185
70.64999999999999	1.0001584130782326
70.75	1.0005652266278582
70.85	0.9992755581344136
70.94999999999999	0.9998584728121627
71.05	0.9983241530383224
71.14999999999999	NaN
71.25	0.9963967345481676
71.35	NaN
71.44999999999999	0.9937650619479756
71.55	0.995279897755704
71.64999999999999	0.9932115818902361
71.75	0.9941604433045086
71.85	NaN
71.94999999999999	NaN
72.05	0.9923589573823393
72.14999999999999	NaN
72.25	0.9921775091620706
72.35	0.9923307280143829
72.44999999999999	NaN
72.55	NaN
72.64999999999999	0.9918823705494526
72.75	0.9917618598603564
72.85	0.9938175626038125
72.94999999999999	NaN
73.05	0.9957906768332877
73.14999999999999	0.99505650423752
73.25	0.9954096167806176
73.35	0.9975200253682308
73.44999999999999	0.9961640795880102
73.55	0.9994921099204769
73.64999999999999	1.0000996958203334
73.75	1.0000637086984203
73.85	0.9992972428028598
73.94999999999999	NaN
74.05	NaN
74.14999999999999	1.0037283919566802
74.25	1.0011971222715461
74.35	1.003424053436772
74.44999999999999	1.004153660205244
74.55	1.0036365274907502
74.64999999999999	NaN
74.75	NaN
74.85	1.0040355382320654
74.94999999999999	1.0067867885218698
75.05	1.0065973128326722
75.14999999999999	1.0059998346324535
75.25	1.006614810218434
75.35	1.0077690494381597
75.44999999999999	1.007446236489431
75.55	1.0063605039474968
75.64999999999999	1.0068019541782576
75.75	NaN
75.85	1.0057104465303168
75.94999999999999	NaN
76.05	1.0067913773130115
76.14999999999999	1.0059460811981873
76.25	1.0058736878142487
76.35	1.0045978186636741
76.44999999999999	NaN
76.55	1.0022601610045974
76.64999999999999	1.0006740786947388
76.75	NaN
76.85	1.0002248736940345
76.95	1.0007504201639874
77.05	1.0005724298256338
77.14999999999999	0.9991800559708156
77.25	NaN
77.35	NaN
77.45	NaN
77.55	0.9967255001932674
77.64999999999999	NaN
77.75	0.9940292069101266
77.85	0.9957899976879899
77.95	NaN
78.05	0.9935727707023772
78.14999999999999	NaN
78.25	0.9939494095286785
78.35	0.9939719100798787
78.45	NaN
78.55	NaN
78.64999999999999	NaN
78.75	0.9925218242139547
78.85	0.9939277835733041
78.95	0.9938014484261267
79.05	NaN
79.14999999999999	NaN
79.25	0.9933011276967446
79.35	0.9942318709311849
79.45	NaN
79.55	0.996417201719155
79.64999999999999	NaN
79.75	0.9970358606177868
79.85	0.9992779422435727
