0.15	0.03771114360771594
0.25	0.03670150338958878
0.35	0.03651955699406001
0.45	0.036867474077968136
0.55	0.037683946976942675
0.65	0.03815817304181066
0.7500000000000001	0.03835408737257295
0.85	0.038491173895282706
0.95	0.03904350891708608
1.05	0.03973748813301145
1.15	0.040294676572779554
1.25	0.04098071801310569
1.35	0.041843929781285503
1.45	0.0427533508984536
1.55	0.04387018979346633
1.65	0.0448069959035021
1.75	0.04608269986376779
1.85	0.04760648625637825
1.95	0.04863736308904636
2.05	0.05046834224892253
2.15	0.051978546679374356
2.25	0.05407037174553658
2.35	0.05609806570623217
2.45	0.05794574064655496
2.5500000000000003	0.06024931346479382
2.65	0.06316646214023866
2.75	0.06590236923717452
2.85	0.06914269699955386
2.95	0.0725627310770772
3.0500000000000003	0.0760967038652331
3.15	0.08032717404681945
3.25	0.0848676983809403
3.35	0.08988727907014375
3.45	0.0955938629499972
3.5500000000000003	0.10138021307795951
3.65	0.10773399818380436
3.75	0.11562327435467981
3.85	0.12399820550836325
3.95	0.13372363912872745
4.05	0.14345467970172068
4.1499999999999995	0.15529233447973972
4.25	0.1682242365680693
4.35	0.18358856837351345
4.449999999999999	0.20036948850404562
4.55	0.22027936442779555
4.6499999999999995	0.24207577826294607
4.75	0.26729336892639893
4.85	0.29505771882429943
4.95	0.3303140817930683
5.05	0.3694627101265864
5.1499999999999995	0.4131777609223077
5.25	0.4644183544362535
5.35	0.5228710538182393
5.45	0.5970818198141055
5.55	0.6758203729281137
5.6499999999999995	0.7740359261642149
5.75	0.8864499716167598
5.85	1.0146822477020938
5.95	1.1507876060429014
6.05	1.3076954142069899
6.1499999999999995	1.48197558687651
6.25	1.6480087157485506
6.35	1.8119107421929683
6.45	1.9563457220012523
6.55	2.06087602943294
6.6499999999999995	2.1242784744637704
6.75	2.137766154105743
6.85	2.1054291039405038
6.95	2.0292846235205957
7.05	1.9283180421952268
7.1499999999999995	1.8164658294212461
7.25	1.7033578130384042
7.35	1.5862265244291982
7.45	1.4735562066633727
7.55	1.3707505453801394
7.6499999999999995	1.2809996170695255
7.75	1.1944764697450523
7.85	1.1228441799438098
7.95	1.056355249344386
8.05	0.9962404767493177
8.15	0.9459989430811439
8.25	0.9023707970465465
8.350000000000001	0.8645069591659301
8.450000000000001	0.8312101322145622
8.55	0.8021668473695793
8.65	0.7759293538002628
8.75	0.7552109336880606
8.850000000000001	0.7379585428271058
8.950000000000001	0.7230320813112121
9.05	0.711097037644646
9.15	0.7011331546113537
9.25	0.6946970354429858
9.350000000000001	0.689887210338374
9.450000000000001	0.6865441655690109
9.55	0.6870337994941069
9.65	0.6873778020753499
9.750000000000002	0.691560084078256
9.85	0.6954083986070045
9.95	0.7015351260408086
10.049999999999999	0.7110808289887945
10.149999999999999	0.7215116592507776
10.25	0.7328998385157149
10.35	0.7466191857884592
10.45	0.7625415532329
10.549999999999999	0.7778417251199657
10.649999999999999	0.7976065395671078
10.75	0.8170948334577998
10.85	0.8392492841801412
10.95	0.8630946814195035
11.049999999999999	0.8846950083780767
11.149999999999999	0.9111141898231125
11.25	0.9383536846901792
11.35	0.9643759528559733
11.45	0.9928947043260697
11.549999999999999	1.0178840740610953
11.649999999999999	1.0454346907055174
11.75	1.0727134918166241
11.85	1.0971332837391148
11.95	1.1223973096390436
12.049999999999999	1.1458099755564923
12.149999999999999	1.1666221335447262
12.25	1.1860401996351442
12.35	1.2041068082774764
12.45	1.218188911722993
12.549999999999999	1.2296827664100196
12.649999999999999	1.2357240874428823
12.75	1.2430025225347356
12.85	1.2424022343076868
12.95	1.2403819878575824
13.049999999999999	1.2367783100090626
13.149999999999999	1.2258572721023075
13.25	1.2165438022324326
13.35	1.2023578743689194
13.45	1.1888823069952297
13.549999999999999	1.1692856962984441
13.649999999999999	1.1493985534757873
13.75	1.1287823146499765
13.85	1.1085381022409562
13.95	1.0885482454165707
14.049999999999999	1.0657456119216058
14.149999999999999	1.0452645926006185
14.25	1.0258878635184916
14.35	1.006595505387908
14.45	0.9882974658733964
14.549999999999999	0.9695119895616634
14.649999999999999	0.9515645043631326
14.75	0.938249765044895
14.85	0.9235249323195571
14.95	0.9107046064636173
15.049999999999999	0.9009601924602144
15.149999999999999	0.8911528117596575
15.25	0.880836238129668
15.35	0.8738304257826037
15.45	0.8684211096885976
15.549999999999999	0.8641888662143049
15.649999999999999	0.8613575498089985
15.75	0.8580705053933705
15.85	0.8579076155180874
15.95	0.8607015641812347
16.05	0.8601393572486125
16.15	0.8639352666752371
16.25	0.8661012080107918
16.349999999999998	0.8718630613054315
16.45	0.8779672990262329
16.55	0.8847099909667212
16.65	0.8947486299967529
16.75	0.9023236510101671
16.849999999999998	0.9119305488656892
16.95	0.922286060784717
17.05	0.9330403791507189
17.15	0.9439096001841003
17.25	0.9563369604128149
17.349999999999998	0.9718786109179643
17.45	0.982489050419398
17.55	0.9953770117120746
17.65	1.0089712571583862
17.75	1.0212381703715139
17.849999999999998	1.0351330278924535
17.95	1.0429095350399
18.05	1.0551140942960686
18.15	1.067029896633075
18.25	1.0753236970732825
18.349999999999998	1.087273909955803
18.45	1.0927478751802024
18.55	1.0979692522034394
18.65	1.1007707669676545
18.75	1.1060137560543308
18.849999999999998	1.1117118653040932
18.95	1.1093361440693073
19.05	1.1080231168369155
19.15	1.109636287128969
19.25	1.1064582399721286
19.35	1.1024388658839992
19.45	1.0994294585692037
19.55	1.0926842807866188
19.65	1.0859743190578515
19.75	1.0792619411268118
19.85	1.0729639573994265
19.95	1.0619750782566741
20.05	1.0527575151514366
20.15	1.045318186959218
20.25	1.032862226905187
20.35	1.0245713291018723
20.45	1.0146937488036472
20.55	1.0054071096139972
20.65	0.9954294017393619
20.75	0.9874316572443046
20.85	0.9795193179735423
20.95	0.972077518778576
21.05	0.9638473125310142
21.15	0.9589480220632474
21.25	0.9478261920758893
21.35	0.9416745621331168
21.45	0.9377887134986533
21.55	0.9349865282998199
21.65	0.9299351940938051
21.75	0.9272553508003735
21.85	0.9255883240898837
21.95	0.9229145770828839
22.05	0.9217236674017982
22.15	0.9241812404341426
22.25	0.923921534345792
22.35	0.9258941231601052
22.45	0.927788297328552
22.55	0.929882585919671
22.65	0.9328274388197632
22.75	0.9367129328993621
22.85	0.9408083252137115
22.95	0.9465691229325085
23.05	0.952147783024055
23.15	0.9563631232406162
23.25	0.9631170533617759
23.35	0.9694475446597566
23.45	0.9756033819006507
23.55	0.9827524903618999
23.65	0.9915612506296768
23.75	1.000741513739922
23.85	1.0012980301566152
23.95	1.0108779384100617
24.05	1.0164091096034036
24.15	1.0255448782455359
24.25	1.0316703556880729
24.35	1.0361582502702145
24.45	1.0413916639179464
24.55	1.0470462027756033
24.65	1.0512174766087008
24.75	1.0542208226570495
24.85	1.0611021785008645
24.95	1.0595586818910723
25.05	1.0592666701135924
25.15	1.0620145474336433
25.25	1.0648216815306661
25.35	1.063648065192008
25.45	1.0622161378990962
25.55	1.0587464943596294
25.65	1.0597681226023508
25.75	1.0559540500669875
25.85	1.0527480818235049
25.95	1.0475347999392335
26.05	1.0441971766153664
26.15	1.0378788337613452
26.25	1.031787569657028
26.35	1.028678055546183
26.45	1.0228220073145646
26.55	1.0172392420949647
26.65	1.0128920211634307
26.75	1.005972101097866
26.85	1.0007992420083751
26.95	0.9942454656938966
27.05	0.9878535589231144
27.15	0.9830216336123015
27.25	0.9795860952217804
27.35	0.9750953237856653
27.45	0.971362488094759
27.55	0.9670563138036139
27.65	0.9620953349218745
27.75	0.9615501246328764
27.85	0.9572384805613897
27.95	0.9560627975266502
28.05	0.9554629784366111
28.15	0.9553379704554036
28.25	0.9529705074183257
28.35	0.952689022085512
28.45	0.9530239362220885
28.55	0.952933665205301
28.65	0.9536792042734016
28.75	0.954691657949473
28.85	0.9563317211040097
28.95	0.960852958121506
29.05	0.9610010476591601
29.15	0.9646076422290422
29.25	0.9677414083213223
29.35	0.9722294777872714
29.45	0.9739726056384244
29.55	0.9815694945940829
29.65	0.9835531603528136
29.75	0.9876435884204811
29.85	0.9922081228199648
29.95	NaN
30.05	1.0017037600614842
30.15	1.0062528848008412
30.25	1.0100400550543855
30.35	1.012701448062848
30.45	1.018150009096504
30.55	1.0212612735260842
30.65	1.0245597855035042
30.75	1.0293714931815057
30.85	1.03006927766489
30.95	1.0330244275025993
31.05	1.0375651390848502
31.15	1.037287456162113
31.25	1.0406274736035985
31.35	1.0398260411148563
31.45	1.0408387903596705
31.55	1.0399376301583052
31.65	1.0404201327766636
31.75	NaN
31.85	1.0395075853129199
31.95	1.0355732287875383
32.05	1.0343711916397533
32.15	1.0325604666114956
32.25	1.029882674049883
32.35	1.0267624587417299
32.45	1.0243840069446348
32.55	1.0203822087820318
32.65	1.0161918015301228
32.75	1.016053532126398
32.85	1.009585621644834
32.95	1.0046893385952893
33.05	1.0028527089341752
33.15	0.9998421665422124
33.25	0.9968960020982321
33.35	0.9925304183790336
33.45	0.988333401361389
33.55	0.9834749201330013
33.65	0.98462865433182
33.75	0.9810228879942519
33.85	0.9771301612740427
33.95	0.9729254775049891
34.05	0.9745273673799882
34.15	0.9684677830135604
34.25	0.9700856774767046
34.35	0.9682137475123245
34.45	0.967724108122512
34.55	0.9672542679033611
34.65	0.9680094916892213
34.75	0.9673435057035653
34.85	0.9689210038294019
34.95	0.9681430992495496
35.05	0.9682843691142206
35.15	0.9728805703228719
35.25	0.9727545184011538
35.35	0.9740199919327359
35.45	0.979378031319591
35.55	0.978441557271987
35.65	0.9815815335376751
35.75	0.9847883503375956
35.85	0.9875794197702225
35.95	0.9911245285516644
36.05	0.99345141711078
36.15	0.9953474866871235
36.25	1.0011505196274295
36.35	1.0003137712724752
36.45	1.0052194285719342
36.55	1.0086390775754197
36.65	NaN
36.75	1.0142175663884985
36.85	1.0152962585243173
36.95	1.01663814614814
37.05	1.0223405060763158
37.15	1.0225897848808576
37.25	1.0239860443654965
37.35	1.0258731392962845
37.45	1.0280076430683442
37.55	1.0268632614162352
37.65	1.0283739683798174
37.75	1.029093983483211
37.85	1.0291522464518383
37.95	1.0256679126955992
38.05	NaN
38.15	NaN
38.25	1.0220791928700108
38.35	1.0223513247912974
38.45	1.0236216852771352
38.550000000000004	1.0199520009273404
38.65	1.0193113197167656
38.75	1.0160781063576023
38.85	1.0122768710031396
38.95	1.0110074954585613
39.050000000000004	1.0085395994805089
39.15	1.0048422160403114
39.25	1.0030087549116786
39.35	1.0009228966154238
39.45	0.9965499812947228
39.550000000000004	0.9953479392682167
39.65	NaN
39.75	0.991000022377942
39.85	0.9877812046633493
39.95	0.9867673175749625
40.050000000000004	0.9879721275832359
40.15	0.9849195477877363
40.25	0.9810144171571308
40.35	NaN
40.45	0.9772728830918962
40.550000000000004	0.9791614163343859
40.65	0.9759421839410558
40.75	0.976081857623562
40.85	0.9766279779067696
40.95	0.9783739183078225
41.050000000000004	0.9780057769470546
41.15	0.9779905970378171
41.25	0.977289877355528
41.35	0.9783149680047959
41.45	0.9795426997582984
41.550000000000004	0.9797410300199448
41.65	0.9818576979299639
41.75	0.9837312677567794
41.85	0.9875774259193905
41.95	0.9867833125952908
42.050000000000004	0.9890043257446922
42.15	0.9914539539862878
42.25	0.9942954032438204
42.35	0.9948796140729101
42.45	1.0007675440743908
42.550000000000004	1.001447415589607
42.65	1.0027297959561343
42.75	1.0055319018634084
42.85	1.0069132366937699
42.95	1.0089845576278331
43.050000000000004	1.0109013381335101
43.15	NaN
43.25	1.013345204488842
43.35	1.015608785678948
43.45	1.0156258712148498
43.550000000000004	1.0141639606742179
43.65	NaN
43.75	NaN
43.85	1.0190505184347598
43.95	1.0208574919355222
44.050000000000004	1.020715289140322
44.15	1.02141671918835
44.25	1.019413374347166
44.35	1.0189702066328623
44.45	NaN
44.550000000000004	1.0178072294975966
44.65	1.0182921460912722
44.75	1.0116440623264622
44.85	1.015558494122838
44.95	1.0132180171573004
45.050000000000004	1.0117110914929879
45.15	1.0089577357271517
45.25	1.0069413582198272
45.35	1.0052931162591172
45.45	1.0035047863901931
45.550000000000004	1.0017860168908355
45.65	1.001135145217099
45.75	NaN
45.85	0.9948080606574473
45.95	NaN
46.050000000000004	0.9905615815489318
46.15	0.9907330996452532
46.25	0.9877811304144822
46.35	NaN
46.45	0.98618606464891
46.550000000000004	0.9874876325254587
46.65	NaN
46.75	0.9826041234659498
46.85	0.9837078413489696
46.95	0.9819217996268873
47.050000000000004	0.9836676742496686
47.15	0.9827724803687754
47.25	0.9809057472015484
47.35	0.9818699817389231
47.45	NaN
47.550000000000004	0.9830658841257114
47.65	0.9834703529029966
47.75	0.9861729912572005
47.85	0.9850341687305356
47.95	0.9877033887904694
48.050000000000004	0.9882089741802873
48.15	0.987504250573058
48.25	0.992107225612127
48.35	0.992476819443329
48.45	0.9927216694932207
48.550000000000004	0.9929130268435432
48.65	1.0007621974212573
48.75	0.9984998858765098
48.85	0.9995446961768961
48.95	1.0032436548554613
49.050000000000004	1.0048082842297763
49.15	1.0067573943223294
49.25	1.007916637229322
49.35	1.008155173189346
49.45	1.0093202814591047
49.550000000000004	1.0140278235629034
49.65	1.013031110901206
49.75	NaN
49.85	1.0128726251800826
49.95	1.0149961544470916
50.050000000000004	1.0176652453923247
50.15	1.016877471217416
50.25	1.0161976447143248
50.35	1.0147959433217904
50.45	1.0145935822282293
50.550000000000004	1.0174879275035948
50.65	1.0160277893731609
50.75	1.0136510428860417
50.85	1.0125662520375842
50.95	1.0131583292931374
51.050000000000004	1.012847523598009
51.15	1.0104344571497434
51.25	1.0102995424288568
51.35	1.0093174184381928
51.45	1.008511215146298
51.550000000000004	1.0072928560470116
51.65	1.0034210788215747
51.75	1.0056009285495058
51.85	1.0001819187154548
51.95	0.9994366283172921
52.050000000000004	0.99769142416824
52.15	NaN
52.25	0.9955372093244712
52.35	0.9946855183759832
52.45	0.990904021643672
52.550000000000004	0.9923461799768264
52.65	0.9917196381395985
52.75	0.9888941423716207
52.85	0.988790333186873
52.95	0.9887391160197317
53.050000000000004	0.986828183920507
53.15	0.9863697508501199
53.25	0.9872189960111437
53.35	0.9865809804430907
53.45	0.9863598583208115
53.550000000000004	0.9873172312645708
53.65	0.9846145760043741
53.75	0.9862797888456714
53.85	0.9850840601288926
53.95	0.9894977745111093
54.050000000000004	0.9883744175719507
54.15	0.9899282885883913
54.25	0.990020654702167
54.35	0.9907704286480918
54.45	0.9920743199211519
54.550000000000004	NaN
54.65	0.9924140174426546
54.75	0.9962480987197547
54.85	0.9974364017770653
54.95	0.9969605792819135
55.050000000000004	0.9995635405908778
55.15	1.0005782234582947
55.25	1.003575042001257
55.35	1.005091167835768
55.45	1.0037567388048971
55.550000000000004	1.0064165162154879
55.65	NaN
55.75	1.0083181611404466
55.85	1.0102077576130377
55.95	1.0104536648265332
56.050000000000004	1.011911407283736
56.15	1.0104370320281866
56.25	1.0166541352121405
56.35	1.0145147780461823
56.45	1.014239980488234
56.550000000000004	1.0133025406326372
56.65	1.0146794765191793
56.75	1.0102966220152292
56.85	1.0120807225923378
56.95	1.0135164756777457
57.050000000000004	1.0082130188411826
57.15	1.0112283752471045
57.25	1.008238617985943
57.35	1.0087025586091045
57.45	1.0101610946011057
57.550000000000004	NaN
57.65	1.0060563225542587
57.75	1.0049626101154134
57.85	1.0034094809780882
57.95	1.0049430312819552
58.050000000000004	NaN
58.15	1.0005829997242488
58.25	0.9993061489000087
58.35	0.999543743656831
58.45	0.9963391048290996
58.550000000000004	0.9951880798728587
58.65	0.9934442205375287
58.75	NaN
58.85	0.9945502301021402
58.95	0.9932312149742942
59.050000000000004	0.9908040525576289
59.15	0.9903728387573781
59.25	0.9898573699727082
59.35	0.9901541625633811
59.45	0.9886352734107878
59.550000000000004	0.9889130943788145
59.65	NaN
59.75	0.9883656188176662
59.85	0.9888737494315762
59.95	0.9891851569417853
60.050000000000004	0.9890700818732773
60.15	0.9899791144189871
60.25	0.9899385564946227
60.35	NaN
60.45	0.9919921153090421
60.550000000000004	0.993075648029134
60.65	0.9925738832805866
60.75	0.9927288103357367
60.85	NaN
60.95	0.9962101811021103
61.050000000000004	0.996728395402824
61.15	0.9972051824085124
61.25	0.9996330203966667
61.35	0.999818748988768
61.45	1.0013612850227513
61.550000000000004	1.0011580079321392
61.65	1.0025894198146552
61.75	1.0020834846908229
61.85	1.003719365839476
61.95	NaN
62.050000000000004	1.0041370473913627
62.15	1.0073587568709315
62.25	1.0079057966951752
62.35	1.0094611579088513
62.45	NaN
62.550000000000004	1.009267394372727
62.65	NaN
62.75	NaN
62.85	1.0108643242599202
62.95	1.0097569837217601
63.050000000000004	1.0098154148467935
63.15	1.0098967371746275
63.25	1.0096993982314606
63.35	1.009347534371761
63.45	1.010110832993714
63.550000000000004	1.0089527366459414
63.65	NaN
63.75	1.0069164038339296
63.85	NaN
63.95	1.0039242058934774
64.05	1.004043137933251
64.14999999999999	1.005816061359097
64.25	1.001093005276173
64.35	NaN
64.44999999999999	1.0001136184030877
64.55	0.9981352040469327
64.64999999999999	0.9975997742478058
64.75	0.9968537791820683
64.85	0.996869199482181
64.94999999999999	0.9930907832403781
65.05	0.9951842835659049
65.14999999999999	NaN
65.25	0.9929737111616602
65.35	0.9930762312151699
65.44999999999999	0.9918946302774394
65.55	0.9921510722013365
65.64999999999999	NaN
65.75	0.9928121896692731
65.85	0.9911551576823564
65.94999999999999	NaN
66.05	NaN
66.14999999999999	0.990455380157495
66.25	0.991894742233726
66.35	0.990375894846009
66.44999999999999	0.9921806342749352
66.55	NaN
66.64999999999999	0.9928383578937581
66.75	0.9920075654701858
66.85	NaN
66.94999999999999	NaN
67.05	NaN
67.14999999999999	NaN
67.25	0.9952790734182138
67.35	NaN
67.44999999999999	NaN
67.55	1.0000409690330225
67.64999999999999	1.0005267271794787
67.75	1.00037618821543
67.85	1.0026632278370664
67.94999999999999	NaN
68.05	1.0038211858422879
68.14999999999999	1.0041281740191683
68.25	1.0039320194488195
68.35	1.0064950388446183
68.44999999999999	1.0069332376892501
68.55	1.0066915134582823
68.64999999999999	NaN
68.75	1.0085880361033945
68.85	1.0087293243874582
68.94999999999999	1.0093721933913535
69.05	NaN
69.14999999999999	1.0104668603624662
69.25	NaN
69.35	1.0077733663053197
69.44999999999999	1.0091793765372248
69.55	1.0073403429940504
69.64999999999999	1.0080877349995083
69.75	1.0059958636943387
69.85	1.0060466216894488
69.94999999999999	1.0066155300234196
70.05	NaN
70.14999999999999	1.0049483463441373
70.25	1.0027793263709004
70.35	1.0025554766168687
70.44999999999999	1.0026122836159461
70.55	1.0017940900827915
70.64999999999999	1.0003023891469842
70.75	1.0009008585243238
70.85	0.9990301351989687
70.94999999999999	1.0001793065166338
71.05	0.9989816459073351
71.14999999999999	NaN
71.25	0.995875492119029
71.35	NaN
71.44999999999999	0.9963372017096245
71.55	0.9946237280975976
71.64999999999999	0.9935289698340731
71.75	0.9917710724131918
71.85	NaN
71.94999999999999	NaN
72.05	0.9922920140743312
72.14999999999999	NaN
72.25	0.9920852674313616
72.35	0.9934621179371512
72.44999999999999	NaN
72.55	NaN
72.64999999999999	0.9927611388450464
72.75	0.9931340570061554
72.85	0.9907055228677208
72.94999999999999	NaN
73.05	0.9947282319785441
73.14999999999999	0.9973672935757111
73.25	0.9987261351446152
73.35	0.9955550548024295
73.44999999999999	0.9967476466531104
73.55	0.9979684684243412
73.64999999999999	0.9979199718872956
73.75	0.9998504692395632
73.85	1.000508009182182
73.94999999999999	NaN
74.05	NaN
74.14999999999999	1.001644717533487
74.25	1.0026095201332341
74.35	1.002510294432696
74.44999999999999	1.0029873943509762
74.55	1.0049994025423956
74.64999999999999	NaN
74.75	NaN
74.85	1.0065522613445008
74.94999999999999	1.0049455203846442
75.05	1.0069428122926323
75.14999999999999	1.0075829462190597
75.25	1.00750501252598
75.35	1.006914086269145
75.44999999999999	1.0063180454999168
75.55	1.0069755424809705
75.64999999999999	1.0073556132583792
75.75	NaN
75.85	1.006616598149128
75.94999999999999	NaN
76.05	1.00433066736035
76.14999999999999	1.0065905435031375
76.25	1.0061287906697565
76.35	1.0044197145376572
76.44999999999999	NaN
76.55	1.002748987652205
76.64999999999999	1.0012483092190165
76.75	NaN
76.85	1.0021242117609093
76.95	1.0010598188728739
77.05	0.9981849495187998
77.14999999999999	0.9995646919224269
77.25	NaN
77.35	NaN
77.45	NaN
77.55	0.9969559695860325
77.64999999999999	NaN
77.75	0.9962704390225207
77.85	0.9951116807536494
77.95	NaN
78.05	0.996719136199746
78.14999999999999	NaN
78.25	0.9935052502709331
78.35	0.9946643074881187
78.45	NaN
78.55	NaN
78.64999999999999	NaN
78.75	0.9942369763825746
78.85	0.996224073731781
78.95	0.9926327263877851
79.05	NaN
79.14999999999999	NaN
79.25	0.9960020232170168
79.35	0.9964335167307914
79.45	NaN
79.55	0.9958355494156881
79.64999999999999	NaN
79.75	0.997391307781418
79.85	0.9988259496014144
