0.15	0.01870351460749101
0.25	0.018589858180785804
0.35	0.018852475575537528
0.45	0.018978999188871117
0.55	0.019446545687080895
0.65	0.01904512879458233
0.7500000000000001	0.019623574570510418
0.85	0.019819000103966516
0.95	0.020201441057696713
1.05	0.020502227040594408
1.15	0.020818256734133105
1.25	0.021218405783751428
1.35	0.021592445800730886
1.45	0.022033936165093554
1.55	0.022626249098626455
1.65	0.023182636417793348
1.75	0.023623763716189246
1.85	0.024266161201454424
1.95	0.02510893615267794
2.05	0.02580942153430026
2.15	0.026598649011420644
2.25	0.027467148582449755
2.35	0.028493887444037896
2.45	0.02954962090937564
2.5500000000000003	0.030703092418363265
2.65	0.03202697367456918
2.75	0.033406999820574365
2.85	0.034848891828847144
2.95	0.03666544547352407
3.0500000000000003	0.038425997778259724
3.15	0.04025297998874528
3.25	0.04243691927270423
3.35	0.04506183378683311
3.45	0.047437782138116495
3.5500000000000003	0.05049666916160831
3.65	0.05375205840352392
3.75	0.057459443829329784
3.85	0.0609654124566666
3.95	0.06574630421227418
4.05	0.07073790569240548
4.1499999999999995	0.07644610301029886
4.25	0.08252048829412076
4.35	0.08996570745329144
4.449999999999999	0.09754919685894442
4.55	0.10666265328251702
4.6499999999999995	0.11649480682325705
4.75	0.12915317211356886
4.85	0.14266792088397817
4.95	0.15907900963931892
5.05	0.1771282072971705
5.1499999999999995	0.19983090338781526
5.25	0.22443983199310913
5.35	0.25522209852791694
5.45	0.29182984208122253
5.55	0.33569695360603463
5.6499999999999995	0.3876248647081245
5.75	0.45345087593903105
5.85	0.5289353136669545
5.95	0.6257458294684207
6.05	0.74720965398582
6.1499999999999995	0.9007003617516234
6.25	1.0835226240997573
6.35	1.3018636220676318
6.45	1.5779841777616075
6.55	1.8944955992719226
6.6499999999999995	2.226986486161809
6.75	2.5332342673046657
6.85	2.7892715912356945
6.95	2.92530992044861
7.05	2.9066623114953636
7.1499999999999995	2.7750612670391996
7.25	2.5507661436079028
7.35	2.290702555458005
7.45	2.0411056391260307
7.55	1.8151170098078682
7.6499999999999995	1.605583988792069
7.75	1.4324797179359847
7.85	1.2815504286047057
7.95	1.1622112789735757
8.05	1.0588116286362044
8.15	0.9735543057013472
8.25	0.900374680922099
8.350000000000001	0.8364442110380046
8.450000000000001	0.7872553342753441
8.55	0.7432257575934206
8.65	0.7072894941915696
8.75	0.6768994348240163
8.850000000000001	0.6514101703470452
8.950000000000001	0.6289667502591733
9.05	0.612476561769701
9.15	0.5978578107860272
9.25	0.5864313986716919
9.350000000000001	0.5781878978559295
9.450000000000001	0.5731453055537433
9.55	0.5702623186305901
9.65	0.5686284990115138
9.750000000000002	0.5695623570935777
9.85	0.5728146375826892
9.95	0.577462933763064
10.049999999999999	0.5848686829046745
10.149999999999999	0.593318375876491
10.25	0.6040264167343949
10.35	0.6188152964461717
10.45	0.6352076325821341
10.549999999999999	0.6515599455454391
10.649999999999999	0.6700422707663454
10.75	0.6936969942600001
10.85	0.7203745670832492
10.95	0.7458713817615793
11.049999999999999	0.7772870138937519
11.149999999999999	0.8103627054537996
11.25	0.845609986357911
11.35	0.8820322177924544
11.45	0.9227471818926889
11.549999999999999	0.9599057338724906
11.649999999999999	1.0027472920838634
11.75	1.0434217641171781
11.85	1.085209408209209
11.95	1.1258280503315525
12.049999999999999	1.1640631037216185
12.149999999999999	1.1993591300844237
12.25	1.2326156644152333
12.35	1.2583580601290212
12.45	1.2846367938910346
12.549999999999999	1.3034011949276323
12.649999999999999	1.319832733636599
12.75	1.3289751725892094
12.85	1.337115868667658
12.95	1.3389224633920727
13.049999999999999	1.3384901679101329
13.149999999999999	1.3356400884762936
13.25	1.3268327461089735
13.35	1.316626803156459
13.45	1.3055535220058534
13.549999999999999	1.2903225466701647
13.649999999999999	1.266853471754286
13.75	1.2462930450491172
13.85	1.215496042808147
13.95	1.1894495610336864
14.049999999999999	1.160432057153889
14.149999999999999	1.129232217970099
14.25	1.0961691446711586
14.35	1.0651010017186893
14.45	1.0341466781436315
14.549999999999999	1.0022906802705494
14.649999999999999	0.9724047392720291
14.75	0.946153167718887
14.85	0.9214917734824164
14.95	0.8973166555292668
15.049999999999999	0.8763314805033365
15.149999999999999	0.8567900613390226
15.25	0.8392778855223572
15.35	0.8258487655552822
15.45	0.8141913746528368
15.549999999999999	0.8047519250601065
15.649999999999999	0.7957890526963537
15.75	0.7877416807159705
15.85	0.7847051368576403
15.95	0.7835378651830163
16.05	0.780787910763509
16.15	0.7828995607154886
16.25	0.7857847028621602
16.349999999999998	0.7917414874164428
16.45	0.7986983906785627
16.55	0.804194138116551
16.65	0.8154384196540246
16.75	0.8277927492196869
16.849999999999998	0.8418014430032102
16.95	0.8538831861972614
17.05	0.8695599493151329
17.15	0.8833647559793688
17.25	0.9034531227722021
17.349999999999998	0.9236733241425216
17.45	0.9434436741247317
17.55	0.9617859671426622
17.65	0.9839104494798937
17.75	1.004440833257857
17.849999999999998	1.0267273937514907
17.95	1.0470616937364219
18.05	1.0692520056715817
18.15	1.0855718334181033
18.25	1.1045927233101092
18.349999999999998	1.1187351758881794
18.45	1.134575442163532
18.55	1.1476081778354033
18.65	1.1564069621541335
18.75	1.1666742749489336
18.849999999999998	1.170168997775947
18.95	1.1792415864847319
19.05	1.1766725406802094
19.15	1.1749249469327918
19.25	1.1733385845958033
19.35	1.1679136272904374
19.45	1.1610920559554039
19.55	1.1524731981893204
19.65	1.1438632641125364
19.75	1.131419350237001
19.85	1.1205475261180262
19.95	1.1090378644186731
20.05	1.0936851303160549
20.15	1.0791021684273066
20.25	1.0659387020821498
20.35	1.0531506603021525
20.45	1.0388439840962387
20.55	1.0245776573640335
20.65	1.0097911730606814
20.75	0.9980750344379192
20.85	0.9853311520667168
20.95	0.9704821969553292
21.05	0.9596827777518135
21.15	0.9470931962509402
21.25	0.9358357188475673
21.35	0.924471157366125
21.45	0.9175093071907793
21.55	0.9110033937344085
21.65	0.9028888254921901
21.75	0.8966615524471835
21.85	0.8904184446493315
21.95	0.8838680659527829
22.05	0.8826583359513219
22.15	0.882240617922615
22.25	0.8793212719909513
22.35	0.8797853853166445
22.45	0.881555453790935
22.55	0.8835975875755144
22.65	0.8849907022571286
22.75	0.8907795998386273
22.85	0.895560352733862
22.95	NaN
23.05	0.9082306065035143
23.15	0.9161608774480192
23.25	0.9266584039677148
23.35	0.9364208774875308
23.45	0.9446402661944958
23.55	0.9567051528838543
23.65	0.9679345654817215
23.75	0.9771622038179504
23.85	0.9908557854039068
23.95	1.0030997066378695
24.05	1.015324326053801
24.15	1.0257360493010816
24.25	1.039661423482842
24.35	1.0485922211345526
24.45	1.0587255920236638
24.55	1.0688949466318278
24.65	1.0769487978243784
24.75	1.0853171842456426
24.85	1.0918727286955996
24.95	1.0960505137530043
25.05	1.100530721184408
25.15	1.1036584348136194
25.25	1.1042041967232026
25.35	1.1042774486596716
25.45	1.1058505732160804
25.55	1.1016449829379245
25.65	1.0984873902286045
25.75	1.094006105724837
25.85	1.0888035614335376
25.95	1.081871514348318
26.05	1.0742180649413613
26.15	1.067507167354376
26.25	1.061522062992627
26.35	1.0494153251684646
26.45	1.0418361109819594
26.55	1.0318337160853253
26.65	1.0245004578789823
26.75	1.0165269637146832
26.85	1.0079347596030752
26.95	1.0006880382655516
27.05	0.9915105817947604
27.15	0.9815234767567844
27.25	0.9729264099122092
27.35	0.9671326670240324
27.45	0.9607407832336022
27.55	0.9557915306918143
27.65	0.9452012479930745
27.75	0.942912619595717
27.85	0.9375802199707914
27.95	0.9347520084846117
28.05	0.9317593340307935
28.15	0.9293947550755421
28.25	0.9261682363449626
28.35	0.9239129040014411
28.45	0.9244114768992169
28.55	0.9246485272443047
28.65	0.9226474471169765
28.75	0.9266412682990047
28.85	0.9285206360760557
28.95	0.9286497693859312
29.05	0.9375535944059471
29.15	0.9377423979955117
29.25	0.941910147014136
29.35	0.94666705119127
29.45	0.9538326035276851
29.55	0.9593976932052226
29.65	0.9659865910699121
29.75	0.9709927049953393
29.85	0.9801809890845711
29.95	0.9858844186385272
30.05	0.9934557128990852
30.15	1.0029632451337935
30.25	1.007639535618129
30.35	1.016345562939382
30.45	1.0216282801099836
30.55	1.029842172344056
30.65	1.0357678639438739
30.75	1.0428624684081664
30.85	1.0487671522647553
30.95	1.0529588561861924
31.05	1.052908003371726
31.15	1.0586743534436565
31.25	1.0623033350599165
31.35	1.0660627988606683
31.45	1.0657639552940976
31.55	1.066615234346988
31.65	1.0675184595692158
31.75	1.06677859971012
31.85	1.064004711089133
31.95	1.0643361818394004
32.05	1.0600164417366076
32.15	1.0553868927205503
32.25	1.0530929458844265
32.35	1.0499739038080311
32.45	1.0418467854464
32.55	1.0384275691633873
32.65	1.0286776940220421
32.75	1.0285675145350595
32.85	1.016640466416628
32.95	1.0109543966229637
33.05	1.008631563970618
33.15	1.004440022603969
33.25	0.9942036130551394
33.35	0.989723903622222
33.45	0.9849145696371234
33.55	0.9766016588418345
33.65	0.9736028212000053
33.75	0.9715617664994483
33.85	0.9672683529940507
33.95	0.9590609450510118
34.05	0.9595899119654059
34.15	0.9546225030113501
34.25	0.9513378684888675
34.35	0.9535281406955931
34.45	0.9483648431643109
34.55	0.9477217591818414
34.65	0.9483360692276459
34.75	0.9480774354322817
34.85	0.9477448917113847
34.95	0.946914202302386
35.05	0.9492300977688334
35.15	0.9510754345182156
35.25	0.95330464481817
35.35	0.9564756816047337
35.45	0.9593574992203895
35.55	0.9626807901213199
35.65	0.9672002877617324
35.75	0.9699744656229151
35.85	0.97494305453139
35.95	0.9802212345613169
36.05	0.9843737469852428
36.15	0.9881140642276052
36.25	0.9941322345187972
36.35	1.0005366795774315
36.45	1.0042587246444667
36.55	NaN
36.65	1.0138820159751343
36.75	1.0193090852377074
36.85	1.0208340092892954
36.95	1.028046277365475
37.05	1.0315544390173577
37.15	1.035002833421387
37.25	1.039525879659538
37.35	1.0412650271936448
37.45	1.0435573967871152
37.55	1.0454046233681322
37.65	NaN
37.75	1.0476481242372089
37.85	1.0467692085920604
37.95	1.0446592511040833
38.05	1.0437556614664696
38.15	1.0450598375435471
38.25	1.0469567484541404
38.35	1.039754673394353
38.45	1.0420375662602386
38.550000000000004	1.0339981496105306
38.65	1.0320603945647786
38.75	1.0291901493635125
38.85	1.0270473243116203
38.95	1.0212522828678874
39.050000000000004	1.014580475018808
39.15	NaN
39.25	NaN
39.35	NaN
39.45	NaN
39.550000000000004	0.9958376118849832
39.65	0.9903405565310335
39.75	0.9867768707447605
39.85	0.9844299939808429
39.95	0.9815387895519406
40.050000000000004	0.9746850037887972
40.15	NaN
40.25	0.9707440224733609
40.35	0.9685147002973545
40.45	0.9672918506215631
40.550000000000004	0.9653485690511643
40.65	0.9637684465660649
40.75	0.9609639544414602
40.85	0.9627912056379805
40.95	0.9601461788910012
41.050000000000004	0.9628775194684013
41.15	0.9649574586045881
41.25	0.9634868082867749
41.35	0.962887034231414
41.45	0.9670103450238483
41.550000000000004	NaN
41.65	0.9694246628018315
41.75	0.969979253084559
41.85	0.9730469674968947
41.95	0.977205544896725
42.050000000000004	0.9809482693855898
42.15	NaN
42.25	0.9864809415675901
42.35	0.9895139754936121
42.45	0.9934302651375531
42.550000000000004	0.9989015930009068
42.65	1.001962351006887
42.75	1.0041097305598723
42.85	1.0093487024054169
42.95	1.0105907485412837
43.050000000000004	1.0162005734546298
43.15	1.0170061981959166
43.25	1.0214587951806775
43.35	1.023228430200532
43.45	1.0249875612292512
43.550000000000004	1.0304819396932927
43.65	NaN
43.75	1.0315716214104327
43.85	1.0323982569203878
43.95	1.034887336176937
44.050000000000004	1.0348506215145148
44.15	1.0382591682671716
44.25	NaN
44.35	1.0337820418697135
44.45	1.0313727555410994
44.550000000000004	1.0330024428125704
44.65	1.031372172087049
44.75	1.0278027569100652
44.85	1.0238904013341943
44.95	1.0241496074460776
45.050000000000004	1.0190584452517706
45.15	1.0177499666661047
45.25	1.0160777500678622
45.35	NaN
45.45	1.00927733637411
45.550000000000004	1.0027400134491027
45.65	NaN
45.75	0.9992970347380981
45.85	0.9958635847167192
45.95	0.9917648635182535
46.050000000000004	0.9900447679421289
46.15	0.9855123563871969
46.25	0.9867034493988291
46.35	0.9821497694587449
46.45	0.9788108386087135
46.550000000000004	0.977577674936522
46.65	NaN
46.75	0.9732856993897794
46.85	0.9725285476885415
46.95	0.9708710889062125
47.050000000000004	0.971930731687195
47.15	0.9705488742788597
47.25	0.9688585917836265
47.35	0.971558276029221
47.45	0.971019502618918
47.550000000000004	0.9702804058157878
47.65	0.9738195417899672
47.75	0.9745851989365502
47.85	0.9761311652199537
47.95	0.977009372433643
48.050000000000004	0.9784556252996507
48.15	0.98052289158543
48.25	0.9837818240105096
48.35	0.983262759460823
48.45	0.9867286708210368
48.550000000000004	0.9907193185096433
48.65	0.9937196149353912
48.75	0.9967993623077065
48.85	0.9993860030017525
48.95	1.0010410968730803
49.050000000000004	1.0040720412122957
49.15	NaN
49.25	1.0088872907076993
49.35	1.0119443918012263
49.45	1.0141311638908612
49.550000000000004	1.0176951724063381
49.65	1.0178708175314075
49.75	1.0209893792189693
49.85	1.0224383660749117
49.95	1.0232180981292707
50.050000000000004	1.0260285595678282
50.15	1.024950395995476
50.25	1.0260562694289652
50.35	1.0261206735854713
50.45	1.0286177723591834
50.550000000000004	1.0261655529093467
50.65	1.0248406187867243
50.75	1.0249341700979802
50.85	1.0243493298026864
50.95	NaN
51.050000000000004	1.0204068126435266
51.15	1.0200319647654843
51.25	1.0173088111689979
51.35	1.0171226332924332
51.45	1.0121384356211354
51.550000000000004	NaN
51.65	1.007698913760018
51.75	1.005676148560033
51.85	1.0045625768351083
51.95	0.9987827075660891
52.050000000000004	NaN
52.15	0.9962315715493627
52.25	0.9936490838643974
52.35	0.9903232764513488
52.45	0.9924862143186448
52.550000000000004	0.9861225919858262
52.65	0.9855150725703438
52.75	0.9833167909414704
52.85	0.9825799184471787
52.95	NaN
53.050000000000004	0.9800717337488539
53.15	NaN
53.25	0.979150077299719
53.35	0.9759527347855278
53.45	0.9767765694093326
53.550000000000004	NaN
53.65	0.9748834683118531
53.75	NaN
53.85	0.9791263596564895
53.95	0.9775170620066226
54.050000000000004	NaN
54.15	0.9823262964831375
54.25	NaN
54.35	0.9818713477857062
54.45	0.9857513137604702
54.550000000000004	NaN
54.65	0.9893588333870388
54.75	0.9914889805760335
54.85	0.9953438303032484
54.95	0.9945209588489389
55.050000000000004	0.9961424471532572
55.15	1.0010683528334496
55.25	1.0019837697546012
55.35	1.0072465104016517
55.45	1.0060017490198858
55.550000000000004	1.0083847290871488
55.65	1.0081209195663368
55.75	1.0146313475961475
55.85	1.015839163696403
55.95	1.016559260908007
56.050000000000004	1.013286007796278
56.15	1.0202678296814145
56.25	1.0194715737680051
56.35	1.0194165933649628
56.45	1.020583674947547
56.550000000000004	1.0202159980354546
56.65	1.0194821665855704
56.75	NaN
56.85	1.0199501152488504
56.95	1.0189957974486041
57.050000000000004	1.0202991263961056
57.15	1.0187680828708627
57.25	1.0170163031578967
57.35	NaN
57.45	1.0146316349953017
57.550000000000004	1.0143986121085378
57.65	1.011527290041783
57.75	1.0092358766594105
57.85	1.0089600046693592
57.95	1.0061185238334895
58.050000000000004	1.0028486904194074
58.15	1.0006192728341161
58.25	0.998802837962642
58.35	0.9962295576272896
58.45	NaN
58.550000000000004	0.9929918533716114
58.65	0.9914243251974222
58.75	NaN
58.85	0.9894063447178618
58.95	NaN
59.050000000000004	0.9869237354909836
59.15	0.9841584237375502
59.25	0.9833303636669568
59.35	0.9833399235974926
59.45	0.9831518073020812
59.550000000000004	0.9820510730450516
59.65	0.9812457366274022
59.75	0.9811441116741758
59.85	NaN
59.95	0.9832163635521607
60.050000000000004	NaN
60.15	0.9830853737363227
60.25	0.9833766206963186
60.35	NaN
60.45	0.9833294579375156
60.550000000000004	0.98627397886588
60.65	0.9864198785683542
60.75	0.9891807615613497
60.85	0.9893756332008764
60.95	0.9923495881883047
61.050000000000004	0.993396944306299
61.15	0.9955944805385744
61.25	0.9966219735785378
61.35	0.9998053091824297
61.45	0.9994151769649956
61.550000000000004	NaN
61.65	1.004906632094985
61.75	NaN
61.85	NaN
61.95	1.0103837661990884
62.050000000000004	1.0106011033271574
62.15	1.0128835966124643
62.25	1.013772524509846
62.35	1.0117894327058805
62.45	1.015285970793249
62.550000000000004	1.0160391786406853
62.65	1.0151877086582228
62.75	1.0161928691225592
62.85	1.0169921165943525
62.95	1.0184227072578131
63.050000000000004	1.0169871070490772
63.15	1.015160988826801
63.25	NaN
63.35	1.0157883373272834
63.45	1.013741302035457
63.550000000000004	1.0143400632251738
63.65	1.0168631092663178
63.75	1.011309074333323
63.85	1.010208639111875
63.95	1.0103239033921019
64.05	1.0094523523912204
64.14999999999999	1.0065015757939995
64.25	1.0047038678460016
64.35	1.004323913831847
64.44999999999999	1.0018471546016616
64.55	1.0000568248032058
64.64999999999999	0.999452738262531
64.75	0.9988591175828064
64.85	0.993818901883287
64.94999999999999	0.9931809546865062
65.05	0.9908748074777461
65.14999999999999	0.9912898910623743
65.25	NaN
65.35	0.9876756417726353
65.44999999999999	NaN
65.55	0.9867130797066567
65.64999999999999	0.9860017660491242
65.75	0.9849892246539962
65.85	0.9841035029802031
65.94999999999999	0.9845834171126596
66.05	NaN
66.14999999999999	0.9858464588325052
66.25	0.9845128322123353
66.35	0.9868542487230032
66.44999999999999	0.9850713662767703
66.55	0.9874171433836313
66.64999999999999	NaN
66.75	0.9877606948501633
66.85	NaN
66.94999999999999	NaN
67.05	0.991013905745012
67.14999999999999	0.9919796758344674
67.25	0.9947777995441482
67.35	0.9940743217136343
67.44999999999999	0.9976447329615971
67.55	0.9988382149732646
67.64999999999999	NaN
67.75	NaN
67.85	1.0050842901975319
67.94999999999999	1.0040490064075112
68.05	1.00551408093379
68.14999999999999	1.0118545394679497
68.25	NaN
68.35	1.0080995342817212
68.44999999999999	1.0084706701782904
68.55	1.0120224685978902
68.64999999999999	NaN
68.75	1.012391081215367
68.85	1.0152286060265445
68.94999999999999	1.0131798565909726
69.05	1.0151314607143744
69.14999999999999	1.016867838949574
69.25	1.0131782155811697
69.35	1.0142106788712546
69.44999999999999	NaN
69.55	1.0138751637007382
69.64999999999999	1.0119699497056942
69.75	NaN
69.85	1.010936911478474
69.94999999999999	NaN
70.05	1.0092300956594644
70.14999999999999	1.0087643089791298
70.25	NaN
70.35	1.0064011381013573
70.44999999999999	NaN
70.55	1.0034285628074608
70.64999999999999	1.0037694064204123
70.75	1.0000447997793014
70.85	1.0026918368102027
70.94999999999999	0.9982711150675996
71.05	0.9947917971128498
71.14999999999999	0.9970463653013962
71.25	NaN
71.35	0.9939237551324149
71.44999999999999	0.9920195962365532
71.55	0.9902943020949794
71.64999999999999	0.9899264487372428
71.75	0.9900728780892888
71.85	0.9899835084910171
71.94999999999999	0.9886504750739016
72.05	NaN
72.14999999999999	NaN
72.25	NaN
72.35	NaN
72.44999999999999	0.9883437252246664
72.55	0.9871853827309932
72.64999999999999	0.9871330236270657
72.75	NaN
72.85	0.9873808210300805
72.94999999999999	0.9879626662030393
73.05	0.9895566743696385
73.14999999999999	0.9916278191405754
73.25	0.9913732901333091
73.35	0.9928404460770885
73.44999999999999	NaN
73.55	0.9967434501252815
73.64999999999999	NaN
73.75	NaN
73.85	0.9978227223859734
73.94999999999999	1.0005188418190107
74.05	1.0028166306166657
74.14999999999999	1.0016072568426722
74.25	1.0048784932087425
74.35	1.0047306277766677
74.44999999999999	1.0071935578877265
74.55	1.0075132619213931
74.64999999999999	1.007734511545259
74.75	1.0075884045622252
74.85	1.0098220363929604
74.94999999999999	1.012630971671917
75.05	1.010210961719209
75.14999999999999	1.0103746549994443
75.25	NaN
75.35	NaN
75.44999999999999	NaN
75.55	1.011698288300219
75.64999999999999	NaN
75.75	NaN
75.85	1.00950643691997
75.94999999999999	1.0105979632777424
76.05	1.0094688838219945
76.14999999999999	1.0095777410752895
76.25	NaN
76.35	1.0075453308173337
76.44999999999999	NaN
76.55	1.0048598032180203
76.64999999999999	1.004357014180195
76.75	NaN
76.85	NaN
76.95	NaN
77.05	NaN
77.14999999999999	0.9994590242405873
77.25	0.9964816423476253
77.35	0.9973312964002405
77.45	0.9960136592264911
77.55	0.9954464083160289
77.64999999999999	0.9935925230609772
77.75	0.99308949904632
77.85	0.9925164849695945
77.95	0.9903475354187801
78.05	0.9903568134064981
78.14999999999999	0.9904417904774718
78.25	0.9901385427183016
78.35	0.990045339403263
78.45	NaN
78.55	NaN
78.64999999999999	0.9890788923146862
78.75	0.9895164779947685
78.85	NaN
78.95	0.9896497201266016
79.05	NaN
79.14999999999999	NaN
79.25	0.9927644528243952
79.35	NaN
79.45	0.9920085757981243
79.55	0.9929761655857076
79.64999999999999	NaN
79.75	0.9964522708757415
79.85	0.9967026368942742
