0.15	0.03636353358790725
0.25	0.03826391757700976
0.35	0.03757964925493647
0.45	0.03733583227370979
0.55	0.03754227848148503
0.65	0.03743872680827244
0.7500000000000001	0.03793621063190583
0.85	0.03878757928616744
0.95	0.039391821765244056
1.05	0.039997192466203896
1.15	0.04025978696882784
1.25	0.041032535828048895
1.35	0.04181009823562977
1.45	0.04276643888736803
1.55	0.04379171620338614
1.65	0.04495766622529013
1.75	0.046246407372330385
1.85	0.04753717010666497
1.95	0.04881921633141319
2.05	0.05035630009819395
2.15	0.05201302986935418
2.25	0.05407814768715206
2.35	0.05594304324111153
2.45	0.05794898728227266
2.5500000000000003	0.06024465745935737
2.65	0.0631557171073833
2.75	0.06593232928362429
2.85	0.06912880077149174
2.95	0.07247457250869424
3.0500000000000003	0.07619791576925923
3.15	0.08026902572620158
3.25	0.08479737715190881
3.35	0.08992333534259789
3.45	0.09561701266755916
3.5500000000000003	0.1015721499304953
3.65	0.10777332837403387
3.75	0.115850415944161
3.85	0.12392575964860493
3.95	0.1337354596151437
4.05	0.14361861103878662
4.1499999999999995	0.1552076458035086
4.25	0.168242493604908
4.35	0.18365962243257322
4.449999999999999	0.20090558206044737
4.55	0.2197854312114806
4.6499999999999995	0.24176754706368725
4.75	0.2675018125152533
4.85	0.29497351009922346
4.95	0.330799930687333
5.05	0.36923167274967744
5.1499999999999995	0.4132224333840153
5.25	0.4643838562041514
5.35	0.5238742865862573
5.45	0.5976463147735228
5.55	0.6755360323035838
5.6499999999999995	0.773494754586752
5.75	0.88476819625595
5.85	1.0140494061959826
5.95	1.1501719335648248
6.05	1.307481255549142
6.1499999999999995	1.4816136018604984
6.25	1.650580568857596
6.35	1.815267692303859
6.45	1.9565430737310103
6.55	2.062370266385357
6.6499999999999995	2.124966551381172
6.75	2.140799917675974
6.85	2.1047845361029727
6.95	2.0277749356603834
7.05	1.93131839570194
7.1499999999999995	1.8187807364484252
7.25	1.7015797035859181
7.35	1.5860541157327213
7.45	1.4740281057443565
7.55	1.3712919119327314
7.6499999999999995	1.2793207125990405
7.75	1.194167039236227
7.85	1.1237707448803662
7.95	1.0543719594401053
8.05	0.9966704497410466
8.15	0.9462375088215832
8.25	0.901678034012717
8.350000000000001	0.8630990926466061
8.450000000000001	0.8287794412544368
8.55	0.8023970283326471
8.65	0.7774347827422166
8.75	0.754855964042917
8.850000000000001	0.7379295225925891
8.950000000000001	0.7229730234116826
9.05	0.711390755195476
9.15	0.7016806364180705
9.25	0.693662247580144
9.350000000000001	0.6892333275228151
9.450000000000001	0.6872408887909448
9.55	0.6870608051152681
9.65	0.6888791095304303
9.750000000000002	0.6906637767646993
9.85	0.6958935231002628
9.95	0.7025836941369002
10.049999999999999	0.7104120984971296
10.149999999999999	0.7222719059900444
10.25	0.7334473148375253
10.35	0.7463580005490876
10.45	0.7625563050544008
10.549999999999999	0.7776020936566043
10.649999999999999	0.797459167253119
10.75	0.8172470747209077
10.85	0.840071907240859
10.95	0.8611782671342553
11.049999999999999	0.8850965846278938
11.149999999999999	0.9104412519734457
11.25	0.9351729092176845
11.35	0.9629555399842696
11.45	0.9903493079707832
11.549999999999999	1.0171108401112205
11.649999999999999	1.044569305129226
11.75	1.069301248342476
11.85	1.0984604237120472
11.95	1.1228680915479587
12.049999999999999	1.1453472137487186
12.149999999999999	1.1656865771054357
12.25	1.1865646226414939
12.35	1.2033962569887158
12.45	1.2151655403192356
12.549999999999999	1.2274067669034217
12.649999999999999	1.2355821898942225
12.75	1.2417493560726363
12.85	1.2413784477644774
12.95	1.2385953752645482
13.049999999999999	1.2334761737043158
13.149999999999999	1.2254538527438632
13.25	1.2180549387097364
13.35	1.2014194866324759
13.45	1.1866608022393932
13.549999999999999	1.1681631918917454
13.649999999999999	1.150569819126198
13.75	1.1304269505873195
13.85	1.1106323591114136
13.95	1.0880049431583065
14.049999999999999	1.0663125705947614
14.149999999999999	1.045021611759726
14.25	1.0243464887147988
14.35	1.0056355499065741
14.45	0.9873316226929613
14.549999999999999	0.9697759228029049
14.649999999999999	0.953110174445351
14.75	0.9377000985983864
14.85	0.9224704792578299
14.95	0.9114301284355396
15.049999999999999	0.9013417559791053
15.149999999999999	0.8900740779857433
15.25	0.879944159161098
15.35	0.8737402828845674
15.45	0.8671326268126461
15.549999999999999	0.8635192535359222
15.649999999999999	0.8615152205428966
15.75	0.8602300190809605
15.85	0.8576742883619557
15.95	0.8569599975782722
16.05	0.8605678813422922
16.15	0.8634359329893251
16.25	0.8676773058566916
16.349999999999998	0.8716309688501644
16.45	0.8768978981404083
16.55	0.8849329679215677
16.65	0.8951133745134501
16.75	0.9022459556419344
16.849999999999998	0.9098826364736762
16.95	0.9229129973161083
17.05	0.9331696893348942
17.15	0.9463506284251382
17.25	0.9578062779824099
17.349999999999998	0.9684889304849781
17.45	0.982876306469503
17.55	0.9957932632367045
17.65	1.0075254459717098
17.75	1.020844293755523
17.849999999999998	1.0336194854815945
17.95	1.0433456057637498
18.05	1.0568945049687026
18.15	1.0654618824234867
18.25	1.0782651234317504
18.349999999999998	1.0842886757223797
18.45	1.0931730793508987
18.55	1.098398991098522
18.65	1.103109330823203
18.75	1.1068995229209837
18.849999999999998	1.109721821766557
18.95	1.106651814390401
19.05	1.110202142985341
19.15	1.1108013557656147
19.25	1.105866022817941
19.35	1.1019492124677885
19.45	1.0999479738701483
19.55	1.0921106475332203
19.65	1.0853224926128189
19.75	1.0790421590842243
19.85	1.0701279665008685
19.95	1.060081100531778
20.05	1.0511599072802604
20.15	1.0449699114263395
20.25	1.0329890084595061
20.35	1.0240033386651768
20.45	1.0130590533788828
20.55	1.0065403903307408
20.65	0.9955048986162502
20.75	0.9865751796508321
20.85	0.9787289774674827
20.95	0.9703996982996411
21.05	0.9652195223235447
21.15	0.9585045255528984
21.25	0.9497790715698846
21.35	0.9441975753189021
21.45	0.9392667198777882
21.55	0.9337815668956212
21.65	0.930129681959576
21.75	0.9270944192345767
21.85	0.9271330263933906
21.95	0.9233608953304261
22.05	0.9227726411691137
22.15	0.9226229079954326
22.25	0.9233790783714836
22.35	0.9254600230786765
22.45	0.927819532091103
22.55	0.9289413801820329
22.65	0.9310474070138243
22.75	0.9356099125825934
22.85	0.9396848258668102
22.95	0.9464710076134162
23.05	0.9502192284338573
23.15	0.9562730267889228
23.25	0.9627032591764816
23.35	0.9703691627515775
23.45	0.9765464746073546
23.55	0.9855795995110058
23.65	0.9901116027547878
23.75	0.9961187944381245
23.85	1.0033537452253434
23.95	1.0117303817683292
24.05	1.018050269810916
24.15	1.0227541003029792
24.25	1.0309977927803813
24.35	1.0357342088656485
24.45	1.043085917383948
24.55	1.045376597455842
24.65	1.0499882492594594
24.75	1.055737800343562
24.85	1.0589309983233448
24.95	1.0596685333688058
25.05	1.057011054204909
25.15	1.062476046623968
25.25	1.063213492058073
25.35	1.065404858396928
25.45	1.062502442372786
25.55	1.0598746702936899
25.65	1.0564783934397697
25.75	1.0545611567205586
25.85	1.0508764191444355
25.95	1.0471464618982003
26.05	1.0416345158389908
26.15	1.0383753563844833
26.25	1.0338545548427258
26.35	1.0262529032475212
26.45	1.0234869389693568
26.55	1.0167846483832446
26.65	1.0108727327216231
26.75	1.0055815643394392
26.85	1.0001738203699768
26.95	0.9950320395438266
27.05	0.9898984332338211
27.15	0.9830036586690178
27.25	0.9802062669862045
27.35	0.974129557371423
27.45	0.9703402387973823
27.55	0.9679941098700987
27.65	0.9625349056547691
27.75	0.9610632398935878
27.85	0.9578240641254406
27.95	0.9558514570065298
28.05	0.9550140475945685
28.15	0.9519042104449418
28.25	0.9509819635862837
28.35	0.9507962258758724
28.45	0.9524987495392876
28.55	0.952369219938816
28.65	0.9534544443706737
28.75	0.9559988428795149
28.85	0.9558842409440239
28.95	0.9596632893368983
29.05	0.9630406420734294
29.15	0.9644783080164131
29.25	0.9718752662402612
29.35	0.9721094709116228
29.45	0.9735456551912118
29.55	0.979285043944804
29.65	0.9860043938671075
29.75	0.9889459056446754
29.85	0.9934453284657382
29.95	NaN
30.05	0.9995693364746728
30.15	1.0031242465775
30.25	1.0100247136499738
30.35	1.015894539079655
30.45	1.0168131857999834
30.55	1.0204005173226345
30.65	1.0252022873528976
30.75	1.0278282204599352
30.85	1.0323031020554827
30.95	1.0332034858152932
31.05	1.0339866087151697
31.15	1.0382763999670102
31.25	1.040015594572022
31.35	1.0402787536957794
31.45	1.0405084943387322
31.55	1.039685168150952
31.65	1.0398358607419393
31.75	NaN
31.85	1.037717249844761
31.95	1.036869311081092
32.05	1.0348602266476152
32.15	1.0323587080969718
32.25	1.0309882459722162
32.35	1.0282798592623599
32.45	1.022112029120158
32.55	1.0192607879124667
32.65	1.0168416245944276
32.75	1.0131353637992093
32.85	1.0098656878802008
32.95	1.0031964546798127
33.05	1.0008012673905848
33.15	0.9973612464803451
33.25	0.9940269762072049
33.35	0.9932720538219969
33.45	0.9886472887180293
33.55	0.9823128653040141
33.65	0.9832259004939098
33.75	0.9810364803020465
33.85	0.9765952728303506
33.95	0.9749568097553128
34.05	0.9744423637307172
34.15	0.9713557942245277
34.25	0.9683526110590671
34.35	0.9686012772127461
34.45	0.966952513674164
34.55	0.9678844776644563
34.65	0.9674947363708217
34.75	0.9676307146355688
34.85	0.9687124669244963
34.95	0.9697219132004379
35.05	0.9684102030942244
35.15	0.9727471209932013
35.25	0.9740136001362948
35.35	0.975631281375564
35.45	0.9795286739497979
35.55	0.979207312337688
35.65	0.9807632482788177
35.75	0.9849861454024498
35.85	0.9858519243990668
35.95	0.9887541355593272
36.05	0.9925931792242261
36.15	0.9978983619403232
36.25	1.0016019629618085
36.35	1.0018887198584772
36.45	1.0049312219630557
36.55	1.0091787819885585
36.65	NaN
36.75	1.0148504092318786
36.85	1.0174173553493715
36.95	1.018496102055527
37.05	1.0230971548954209
37.15	1.024352907209028
37.25	1.0243990546443211
37.35	1.026045923584223
37.45	1.0272831764320234
37.55	1.0278025158524686
37.65	1.026361134540938
37.75	1.0279595531231958
37.85	1.0301455998469413
37.95	1.0294486679966661
38.05	NaN
38.15	NaN
38.25	1.0252963846090557
38.35	1.024457456352558
38.45	1.0210308554017749
38.550000000000004	1.0197271676682933
38.65	1.0188448010084015
38.75	1.0170902367459382
38.85	1.0134625348917656
38.95	1.0098968463014053
39.050000000000004	1.0105177619101946
39.15	1.0043800832567655
39.25	1.0036124128823292
39.35	1.0002081608543196
39.45	0.9990641241281475
39.550000000000004	0.9951582417564239
39.65	NaN
39.75	0.9901370891009887
39.85	0.9896195927314269
39.95	0.9860551332893446
40.050000000000004	0.9879430059478348
40.15	0.9841985770653437
40.25	0.9810915687432975
40.35	NaN
40.45	0.9796007137100761
40.550000000000004	0.9782119706154229
40.65	0.9795832589611271
40.75	0.9751828831882394
40.85	0.976617044971608
40.95	0.9770147201049769
41.050000000000004	0.9772848367604459
41.15	0.9757097283417294
41.25	0.9771647508272494
41.35	0.980036148321709
41.45	0.9797685041008471
41.550000000000004	0.9813309004368496
41.65	0.9823212627204857
41.75	0.9839607548930664
41.85	0.9829697621729157
41.95	0.9882309408874419
42.050000000000004	0.9904935925825998
42.15	0.9919344283640634
42.25	0.9943218160193151
42.35	0.9964705996303329
42.45	0.9985669107181805
42.550000000000004	1.0002160721780256
42.65	1.0036864286853775
42.75	1.0059785859210861
42.85	1.0060334721104505
42.95	1.0082860804264009
43.050000000000004	1.01239613668906
43.15	NaN
43.25	1.015019073920696
43.35	1.0165027501713395
43.45	1.0177772192324117
43.550000000000004	1.0206571297696698
43.65	NaN
43.75	NaN
43.85	1.0202930769682554
43.95	1.0203127773788994
44.050000000000004	1.021252326770634
44.15	1.021534640243941
44.25	1.0217185660477592
44.35	1.018290023216751
44.45	NaN
44.550000000000004	1.016942894798294
44.65	1.0152830670064226
44.75	1.0156027848681295
44.85	1.014557511306031
44.95	1.01449642648002
45.050000000000004	1.014555841850526
45.15	1.0098304098953892
45.25	1.0067560498374408
45.35	1.0053424342107926
45.45	1.00495926117651
45.550000000000004	1.0017663792161775
45.65	0.9998065353494402
45.75	NaN
45.85	0.9976854160554174
45.95	NaN
46.050000000000004	0.9934766507025861
46.15	0.9902902900930751
46.25	0.9911709324401003
46.35	NaN
46.45	0.9856083658746928
46.550000000000004	0.9848255659878185
46.65	NaN
46.75	0.983448653400859
46.85	0.9827043690067775
46.95	0.9826410582145216
47.050000000000004	0.982083977957186
47.15	0.9810044364077474
47.25	0.9833814384947195
47.35	0.982381458849666
47.45	NaN
47.550000000000004	0.9840286410440159
47.65	0.9862975813864369
47.75	0.9837753308814082
47.85	0.9856271735123985
47.95	0.9876358332129209
48.050000000000004	0.9876426970472766
48.15	0.9903525607424398
48.25	0.9929797377236532
48.35	0.9937974854353875
48.45	0.9944525480309698
48.550000000000004	0.9933007648774549
48.65	0.9998761654606398
48.75	0.9988781178887408
48.85	1.0002945714556926
48.95	1.0020495605107593
49.050000000000004	1.0042219208955074
49.15	1.0063577868772877
49.25	1.0062940577311008
49.35	1.0087444288287932
49.45	1.0087796474938435
49.550000000000004	1.00659670757059
49.65	1.0119159375202849
49.75	NaN
49.85	1.0128600016328326
49.95	1.0153955640564394
50.050000000000004	1.0168363195303582
50.15	1.0158445659097382
50.25	1.0168141029664333
50.35	1.0149423702565148
50.45	1.0161959887818295
50.550000000000004	1.0160069121712243
50.65	1.0170492968593272
50.75	1.0147740030933807
50.85	1.0136140550209374
50.95	1.0144168744079116
51.050000000000004	1.0114183595472839
51.15	1.0083852906739954
51.25	1.0085394809486325
51.35	1.0089884268410454
51.45	1.00713420475925
51.550000000000004	1.0048760060161233
51.65	1.003262775584535
51.75	1.001254798324241
51.85	0.9998592660184318
51.95	0.9999571567434307
52.050000000000004	0.9982841213511764
52.15	NaN
52.25	0.9973520640716993
52.35	0.9943051329273644
52.45	0.9925427638757227
52.550000000000004	0.9877030902049615
52.65	0.9919487577534281
52.75	0.9895617031413182
52.85	0.98840444616803
52.95	0.9873631182854957
53.050000000000004	0.9865062578153411
53.15	0.9880129430334595
53.25	0.9867641368935609
53.35	0.9862081177881553
53.45	0.9860561575776078
53.550000000000004	0.9838800020606675
53.65	0.9867703293552567
53.75	0.9879363449637597
53.85	0.9862212925991755
53.95	0.986524289959544
54.050000000000004	0.9877624092640241
54.15	0.9898912704300047
54.25	0.9901134640539189
54.35	0.9908528609476123
54.45	0.9912447284206608
54.550000000000004	NaN
54.65	0.9913184379326737
54.75	0.9965629870120508
54.85	0.9961994625609092
54.95	0.9989416596994859
55.050000000000004	0.9987191646499747
55.15	0.999760670460567
55.25	0.9998469004555285
55.35	1.0044879638597688
55.45	1.0042636199150776
55.550000000000004	1.005706606756501
55.65	NaN
55.75	1.007236911884881
55.85	1.0088360703963106
55.95	1.010645440478464
56.050000000000004	1.009313881217495
56.15	1.01052772203336
56.25	1.010503954986793
56.35	1.0155920074892952
56.45	1.0143455167234368
56.550000000000004	1.0110882311517022
56.65	1.0137164858700116
56.75	1.012963336716941
56.85	1.0120735709447446
56.95	1.012882818870442
57.050000000000004	1.0131565546362948
57.15	1.0102220661701458
57.25	1.0118982267429721
57.35	1.0076152682105475
57.45	1.0081292107795694
57.550000000000004	NaN
57.65	1.0054845439305125
57.75	1.0048361709663052
57.85	1.006430444386624
57.95	1.0010648062394856
58.050000000000004	NaN
58.15	1.0006536828695052
58.25	1.0000490110694649
58.35	0.9978595084382991
58.45	0.9964691676122132
58.550000000000004	0.995443123658292
58.65	0.9947746160175361
58.75	NaN
58.85	0.9920175692008082
58.95	0.9929976529606708
59.050000000000004	0.990601328769415
59.15	0.9904638846187446
59.25	0.9901509640041974
59.35	0.9897908620368773
59.45	0.9895094906859828
59.550000000000004	0.9890548219814129
59.65	NaN
59.75	0.9887450452384603
59.85	0.9898939257470506
59.95	0.9904302255022076
60.050000000000004	0.9901736552685947
60.15	0.9886758971771005
60.25	0.9894925665131571
60.35	NaN
60.45	0.9917796851811974
60.550000000000004	0.9937263275352305
60.65	0.9926805014126953
60.75	0.9945218224323431
60.85	NaN
60.95	0.9957816319462526
61.050000000000004	0.9968932771670763
61.15	0.9979646716981941
61.25	0.9997279228909038
61.35	1.001254571616776
61.45	1.0010745852086054
61.550000000000004	1.001703338101691
61.65	1.004080940138609
61.75	1.0046292870882207
61.85	1.0059004989613576
61.95	NaN
62.050000000000004	1.005746322610672
62.15	1.0074812723637256
62.25	1.0097247850672713
62.35	1.0066110465291482
62.45	NaN
62.550000000000004	1.010699398723668
62.65	NaN
62.75	NaN
62.85	1.0100602390721527
62.95	1.0096518358602398
63.050000000000004	1.0088462266776679
63.15	1.0088796216824967
63.25	1.008905457707933
63.35	1.0086813313343048
63.45	1.0084334012539946
63.550000000000004	1.0065988619457373
63.65	NaN
63.75	1.0061683868325182
63.85	NaN
63.95	1.0052584687503765
64.05	1.004958513770812
64.14999999999999	1.004621384051514
64.25	1.0028542767887765
64.35	NaN
64.44999999999999	0.9993554143570232
64.55	1.0003177552404428
64.64999999999999	0.9984613645797719
64.75	0.9960282051425314
64.85	0.9965915394986782
64.94999999999999	0.9947263672609318
65.05	0.9929430623956952
65.14999999999999	NaN
65.25	0.9929457500186182
65.35	0.9924837579135167
65.44999999999999	0.9929837023020839
65.55	0.9910579018746212
65.64999999999999	NaN
65.75	0.9921217474843493
65.85	0.9909471573526446
65.94999999999999	NaN
66.05	NaN
66.14999999999999	0.9915610154320132
66.25	0.9907902263274394
66.35	0.9912103543114842
66.44999999999999	0.9914225073019761
66.55	NaN
66.64999999999999	0.9930561626377649
66.75	0.9919792784824047
66.85	NaN
66.94999999999999	NaN
67.05	NaN
67.14999999999999	NaN
67.25	0.9957987772365351
67.35	NaN
67.44999999999999	NaN
67.55	0.9985728460540086
67.64999999999999	0.9992604960140515
67.75	1.0020138659476197
67.85	1.002065137637432
67.94999999999999	NaN
68.05	1.003852475267614
68.14999999999999	1.0032811336669165
68.25	1.0040196935804386
68.35	1.0060560333390447
68.44999999999999	1.0063144295648765
68.55	1.0065038996825193
68.64999999999999	NaN
68.75	1.0090465754630242
68.85	1.007586788139783
68.94999999999999	1.0082466027465444
69.05	NaN
69.14999999999999	1.0084646952407692
69.25	NaN
69.35	1.0065112417036617
69.44999999999999	1.0067659359901187
69.55	1.0085831348135375
69.64999999999999	1.0069619377682104
69.75	1.00813495997829
69.85	1.0066315831562276
69.94999999999999	1.0062111666169682
70.05	NaN
70.14999999999999	1.0055383051784001
70.25	1.0033190505167227
70.35	1.0031289816500315
70.44999999999999	1.0024553305334671
70.55	1.0010550715914717
70.64999999999999	1.0002510162022706
70.75	1.0001191108113252
70.85	0.9997077630392034
70.94999999999999	0.9967012024293443
71.05	0.9967228618210828
71.14999999999999	NaN
71.25	0.9962090051134417
71.35	NaN
71.44999999999999	0.9940436801880439
71.55	0.9941029293741904
71.64999999999999	0.993334187860894
71.75	0.9937234905693189
71.85	NaN
71.94999999999999	NaN
72.05	0.9912881032623777
72.14999999999999	NaN
72.25	0.991738860245231
72.35	0.9915029143300437
72.44999999999999	NaN
72.55	NaN
72.64999999999999	0.9933271492879003
72.75	0.9931293722559698
72.85	0.9933068112665685
72.94999999999999	NaN
73.05	0.994460210881703
73.14999999999999	0.9956223006255751
73.25	0.9967038649598612
73.35	0.9950269428760191
73.44999999999999	0.9967624930053403
73.55	0.9979899102784651
73.64999999999999	0.9976730708508237
73.75	0.9991046672575493
73.85	0.998095085302346
73.94999999999999	NaN
74.05	NaN
74.14999999999999	1.002145022666763
74.25	1.002938078723109
74.35	1.002414405315072
74.44999999999999	1.0035865052597317
74.55	1.0046400334412684
74.64999999999999	NaN
74.75	NaN
74.85	1.0058568560342687
74.94999999999999	1.0058693838126391
75.05	1.0060345553718377
75.14999999999999	1.0066431937947935
75.25	1.0071587011940941
75.35	1.0058696790052215
75.44999999999999	1.0066489720918776
75.55	1.0086285233396524
75.64999999999999	1.0059292774007165
75.75	NaN
75.85	1.0062519004095396
75.94999999999999	NaN
76.05	1.0047673859265784
76.14999999999999	1.0057426896361517
76.25	1.006093841162999
76.35	1.0044886388656757
76.44999999999999	NaN
76.55	1.0029164378592101
76.64999999999999	1.004556888969798
76.75	NaN
76.85	1.0010473256524544
76.95	1.0003209727867768
77.05	1.0001186584559731
77.14999999999999	0.9991084555039571
77.25	NaN
77.35	NaN
77.45	NaN
77.55	0.9968155462603236
77.64999999999999	NaN
77.75	0.9995154387324581
77.85	0.9947408246745034
77.95	NaN
78.05	0.9955530191643868
78.14999999999999	NaN
78.25	0.9924486197112541
78.35	0.9934248818412648
78.45	NaN
78.55	NaN
78.64999999999999	NaN
78.75	0.9926119390288347
78.85	0.9942982034297944
78.95	0.994494049515478
79.05	NaN
79.14999999999999	NaN
79.25	0.9954486365035944
79.35	0.9947106534379045
79.45	NaN
79.55	0.9949284192592082
79.64999999999999	NaN
79.75	0.9973658541365886
79.85	0.9983569471399555
