0.15	0.037532034912010244
0.25	0.03645421119860259
0.35	0.036301806512384176
0.45	0.03721125633044863
0.55	0.03756077816698814
0.65	0.03782248196072429
0.7500000000000001	0.038237672406256425
0.85	0.0385806712494453
0.95	0.03908994653724173
1.05	0.03969692628743829
1.15	0.0402658159581915
1.25	0.0409911200605997
1.35	0.04181465052200007
1.45	0.042699842205468796
1.55	0.043654767559835155
1.65	0.04476683290599801
1.75	0.0461405625574857
1.85	0.047739700100670364
1.95	0.04892347474348409
2.05	0.05024051327642223
2.15	0.05198236083862326
2.25	0.05402781207315718
2.35	0.0558741514660141
2.45	0.0580390018174994
2.5500000000000003	0.06033957760702683
2.65	0.06326637447231939
2.75	0.06600383114421106
2.85	0.06913608496897469
2.95	0.07228574172671352
3.0500000000000003	0.07610148234418966
3.15	0.08025479046836202
3.25	0.08476045294674829
3.35	0.08983437364139751
3.45	0.09564899853616246
3.5500000000000003	0.10145355740929074
3.65	0.10792253320070573
3.75	0.11578683483133313
3.85	0.12379053320967351
3.95	0.13353788927714255
4.05	0.14372672556325677
4.1499999999999995	0.15524490147913028
4.25	0.1685225323711948
4.35	0.18378777886672837
4.449999999999999	0.20010540004345398
4.55	0.2202320588423825
4.6499999999999995	0.24167756146788552
4.75	0.2681058282410955
4.85	0.29510035973985255
4.95	0.3300925692587456
5.05	0.3698808072160639
5.1499999999999995	0.41381962280088047
5.25	0.4639310078779672
5.35	0.5221492672559747
5.45	0.5978247212107718
5.55	0.6762470277257221
5.6499999999999995	0.7748337218180035
5.75	0.8852746821423426
5.85	1.0134361584045535
5.95	1.1500825929973921
6.05	1.3085612392776995
6.1499999999999995	1.4784638153086338
6.25	1.6485428229061108
6.35	1.814620084833672
6.45	1.9570512614532858
6.55	2.0642371579472556
6.6499999999999995	2.1208757920567383
6.75	2.1340349240339114
6.85	2.104985362835995
6.95	2.026151208618265
7.05	1.9298828299582877
7.1499999999999995	1.8194788991624025
7.25	1.7019342293950157
7.35	1.5886988718630557
7.45	1.474248249894977
7.55	1.3729260888471624
7.6499999999999995	1.2810431426687168
7.75	1.1952100665511531
7.85	1.1238817151440472
7.95	1.0541175908798293
8.05	0.9980025569463011
8.15	0.946556806016298
8.25	0.9010788608962592
8.350000000000001	0.8639142648038363
8.450000000000001	0.8303008219500645
8.55	0.8004724269738307
8.65	0.7755058098511922
8.75	0.7552751091267061
8.850000000000001	0.7371944642269329
8.950000000000001	0.7235997145423222
9.05	0.7110873705367171
9.15	0.7009471442243663
9.25	0.6951246375032722
9.350000000000001	0.6894496411792911
9.450000000000001	0.6869525792812937
9.55	0.6863934189053964
9.65	0.6878651379250197
9.750000000000002	0.6912178780470616
9.85	0.6960713499361244
9.95	0.7023236282511119
10.049999999999999	0.7117904316645374
10.149999999999999	0.7222985354543919
10.25	0.7337332906729954
10.35	0.7473380396532355
10.45	0.7623972494760373
10.549999999999999	0.779240281040876
10.649999999999999	0.7983363266720195
10.75	0.817460563628908
10.85	0.8402353850124007
10.95	0.862296110916514
11.049999999999999	0.8870428644481605
11.149999999999999	0.91192214745313
11.25	0.9364220472289945
11.35	0.9636581487939107
11.45	0.9925100256381395
11.549999999999999	1.0185354574754015
11.649999999999999	1.0447753861723759
11.75	1.0715253698317313
11.85	1.095373730871654
11.95	1.1228744047879282
12.049999999999999	1.1451142736390936
12.149999999999999	1.169850050113799
12.25	1.1861742300871678
12.35	1.202866539562096
12.45	1.2161043728022545
12.549999999999999	1.2271562648255618
12.649999999999999	1.237068851092069
12.75	1.2402151845611078
12.85	1.2437160685516064
12.95	1.2417002474053933
13.049999999999999	1.2326417896120296
13.149999999999999	1.2271869270749203
13.25	1.2151858090086736
13.35	1.2025752608332576
13.45	1.1869538769620276
13.549999999999999	1.1667729662419442
13.649999999999999	1.1500836529609553
13.75	1.1295834666318236
13.85	1.1091068453983892
13.95	1.0879801545912318
14.049999999999999	1.0677762956675818
14.149999999999999	1.044565917933086
14.25	1.0255659227865124
14.35	1.0065977893485407
14.45	0.986966150661985
14.549999999999999	0.9696800419226768
14.649999999999999	0.9537530333788362
14.75	0.9373134365755454
14.85	0.9241631403216949
14.95	0.9118238492759599
15.049999999999999	0.8993398247890605
15.149999999999999	0.8900400390182203
15.25	0.8827705854908402
15.35	0.8741948117605567
15.45	0.8676595042084764
15.549999999999999	0.86452820804635
15.649999999999999	0.8599260636156861
15.75	0.8578285386761285
15.85	0.8586692802313407
15.95	0.8587166108629459
16.05	0.8606386861307722
16.15	0.8623955300247369
16.25	0.8674288604615912
16.349999999999998	0.8732082149867276
16.45	0.8775179386674782
16.55	0.8850270334386348
16.65	0.8905355334504326
16.75	0.9039948890753197
16.849999999999998	0.9132129027833887
16.95	0.9241476501551456
17.05	0.9340907952274566
17.15	0.945050211426312
17.25	0.9575100644930888
17.349999999999998	0.9707750974640458
17.45	0.982702371910979
17.55	0.9939058272841412
17.65	1.007763328838276
17.75	1.0207505673637005
17.849999999999998	1.035180465790973
17.95	1.0456819380058855
18.05	1.0559101381424496
18.15	1.0656823405642308
18.25	1.0763224487797747
18.349999999999998	1.0834756702166675
18.45	1.0919128871904489
18.55	1.0970957437837217
18.65	1.1029991151582499
18.75	1.11113629980042
18.849999999999998	1.1111393964708915
18.95	1.110483325309319
19.05	1.1099452639082306
19.15	1.1102129415550623
19.25	1.1071329887697912
19.35	1.102737644441053
19.45	1.0979691915495446
19.55	1.0925765604534088
19.65	1.0859836507149316
19.75	1.0788882276656067
19.85	1.0718924851745517
19.95	1.0598095958908096
20.05	1.0519915187746194
20.15	1.043684478837897
20.25	1.0345463492732494
20.35	1.024071731267298
20.45	1.0147281584924985
20.55	1.004912869303089
20.65	0.9955952342787034
20.75	0.9873316589108717
20.85	0.979388675633787
20.95	0.9685961439842908
21.05	0.9635936395624084
21.15	0.9564028098967569
21.25	0.9503186076992947
21.35	0.9438481685025897
21.45	0.9373708201139062
21.55	0.934900765160331
21.65	0.9312899244943755
21.75	0.928469457590961
21.85	0.9246686926355255
21.95	0.925701966895361
22.05	0.9238000318499773
22.15	0.9228431718429174
22.25	0.9232696906655528
22.35	0.9250724296807925
22.45	0.9270182494222412
22.55	0.9298152977691483
22.65	0.9339784816556942
22.75	0.9350953841438109
22.85	0.9404269287442059
22.95	0.9459127270384577
23.05	0.9500250474904192
23.15	0.9572469013278863
23.25	0.9620004280380006
23.35	0.9697679348280954
23.45	0.9761256644012788
23.55	0.9833321020747688
23.65	0.9882558616123681
23.75	0.9949973372022682
23.85	1.0036291539797264
23.95	1.0103310768708225
24.05	1.013495897773022
24.15	1.02379601368907
24.25	1.0287635443966288
24.35	1.0366361615977397
24.45	1.0421894439529817
24.55	1.0476143733217895
24.65	1.0517532765419744
24.75	1.0551414322012904
24.85	1.0592945133928888
24.95	1.0595646853296243
25.05	1.0575424126166393
25.15	1.0612778977330086
25.25	1.0627164574930856
25.35	1.0646048264612895
25.45	1.0617905859611745
25.55	1.059700166062908
25.65	1.0598999250729348
25.75	1.054593744543594
25.85	1.0522833570091075
25.95	1.0466401818178166
26.05	1.0426507436906758
26.15	1.0408088339392076
26.25	1.0320033564514852
26.35	1.0295465053232906
26.45	1.0233110567244073
26.55	1.017153398469848
26.65	1.0113274212303591
26.75	1.0041673537719076
26.85	1.0012263788712967
26.95	0.995074342952877
27.05	0.9916302969734164
27.15	0.9836429403210608
27.25	0.9802210113615356
27.35	0.9747312256153486
27.45	0.9718605129273538
27.55	0.9681898602702017
27.65	0.9650881832230294
27.75	0.9603447265605082
27.85	0.9578087823887091
27.95	0.9557355980601038
28.05	0.9545603319823871
28.15	0.9529128580235234
28.25	0.9522454683099848
28.35	0.9530454157866272
28.45	0.9523852128660887
28.55	0.952795592744243
28.65	0.9547713656387784
28.75	0.9551153217480041
28.85	0.9582918548464588
28.95	0.9598637002363727
29.05	0.9623717481498302
29.15	0.9650821170778837
29.25	0.9714489239238112
29.35	0.9738708610131197
29.45	0.974947659447252
29.55	0.9800440706789559
29.65	0.9814692472635442
29.75	0.9867866491107418
29.85	0.9907689633246742
29.95	NaN
30.05	1.000941250829267
30.15	1.0053847419708135
30.25	1.0107056843001399
30.35	1.0135062327974886
30.45	1.018375355608946
30.55	1.0226955847126442
30.65	1.0240568975115307
30.75	1.0286067258265124
30.85	1.0325772838368337
30.95	1.0337848329393635
31.05	1.0374949902780892
31.15	1.0404064086948668
31.25	1.038541130378275
31.35	1.041165691824286
31.45	1.040544872860755
31.55	1.038620955574661
31.65	1.041627977601206
31.75	NaN
31.85	1.0387412015471453
31.95	1.036474291615961
32.05	1.033677212752097
32.15	1.0348483325301585
32.25	1.0302941884612797
32.35	1.026190594958025
32.45	1.023829313635046
32.55	1.0212402615971066
32.65	1.019804450000797
32.75	1.0147698923741129
32.85	1.0090628434525808
32.95	1.0069546075850655
33.05	1.002611688578319
33.15	0.9983797953481636
33.25	0.9941623440403001
33.35	0.9900910550567731
33.45	0.988520902483504
33.55	0.9855897446233404
33.65	0.9824130049204967
33.75	0.9789836129906714
33.85	0.9746750980639282
33.95	0.9742571739142015
34.05	0.9740320257421398
34.15	0.9708426095488093
34.25	0.9697854332688386
34.35	0.9694648569543307
34.45	0.9670136626433685
34.55	0.9672544192846859
34.65	0.9669947165609271
34.75	0.9661860601327701
34.85	0.9684848679833906
34.95	0.9689311535282027
35.05	0.965614330950976
35.15	0.9683698143196758
35.25	0.9743146900892404
35.35	0.9732567454377908
35.45	0.9763855117297425
35.55	0.9789975675098508
35.65	0.9828797835475703
35.75	0.9828525722818255
35.85	0.9865548499462308
35.95	0.9908491282626659
36.05	0.9938226376496121
36.15	0.9959405133257704
36.25	0.9997904233837752
36.35	1.0025216546550675
36.45	1.0059130644248075
36.55	1.0061641758833413
36.65	NaN
36.75	1.0110843314134625
36.85	1.0154534361482093
36.95	1.0176851184136173
37.05	1.020557603883067
37.15	1.024570790160049
37.25	1.0244430931783612
37.35	1.0264455356163538
37.45	1.0273471475455382
37.55	1.027133193540517
37.65	1.0294527426124593
37.75	1.0285405711894378
37.85	1.03064101832281
37.95	1.0277749815812176
38.05	NaN
38.15	NaN
38.25	1.0283900347611608
38.35	1.022811122589775
38.45	1.0210867255609413
38.550000000000004	1.019619384024258
38.65	1.016641615143855
38.75	1.0154569893556307
38.85	1.0145287976134745
38.95	1.0113511534545372
39.050000000000004	1.0083971062997985
39.15	1.00606100010055
39.25	1.0027171506665375
39.35	1.0006815245659573
39.45	0.9963270152949464
39.550000000000004	0.9969801977302749
39.65	NaN
39.75	0.9912428135301241
39.85	0.9897534405505625
39.95	0.9862119442660777
40.050000000000004	0.9831895988403125
40.15	0.9823791318971064
40.25	0.9781256510846453
40.35	NaN
40.45	0.9787163844359461
40.550000000000004	0.9788012633488535
40.65	0.9778971887850614
40.75	0.9760026849757039
40.85	0.978006474767125
40.95	0.9769350059967196
41.050000000000004	0.9770495680938532
41.15	0.9795194155325299
41.25	0.9783407193840727
41.35	0.9757244641464068
41.45	0.9792599938757423
41.550000000000004	0.9799811542584206
41.65	0.9819187962630557
41.75	0.9855221314553037
41.85	0.9860476752784226
41.95	0.9879408408148136
42.050000000000004	0.9903700826140452
42.15	0.9910072985124143
42.25	0.991874309723919
42.35	0.9955879757421443
42.45	0.9980561248958282
42.550000000000004	0.9998218418226007
42.65	1.0039459541422295
42.75	1.0052290707336256
42.85	1.0067966408771436
42.95	1.009787392437851
43.050000000000004	1.011005188792507
43.15	NaN
43.25	1.0149256385727528
43.35	1.0168585812499642
43.45	1.0171468988919976
43.550000000000004	1.0176659306315168
43.65	NaN
43.75	NaN
43.85	1.023772746325117
43.95	1.0194451527224866
44.050000000000004	1.0209062566110576
44.15	1.0201370040312787
44.25	1.0189817243933939
44.35	1.018885781047634
44.45	NaN
44.550000000000004	1.0183906497990722
44.65	1.0179345932317367
44.75	1.0151801078988456
44.85	1.0141405831622676
44.95	1.014177031889933
45.050000000000004	1.012468729433981
45.15	1.009263439423526
45.25	1.0037520781002252
45.35	1.006395846309839
45.45	1.0038606621755704
45.550000000000004	1.0014873523029104
45.65	0.9972898547930769
45.75	NaN
45.85	0.9959472566647073
45.95	NaN
46.050000000000004	0.990638050465246
46.15	0.9928767448415182
46.25	0.9892895413611242
46.35	NaN
46.45	0.9873156671908407
46.550000000000004	0.985847516908487
46.65	NaN
46.75	0.9826901820416897
46.85	0.9836347933848342
46.95	0.9816190908798309
47.050000000000004	0.9816484632998911
47.15	0.9813815555370152
47.25	0.9835808726713887
47.35	0.9815664704816248
47.45	NaN
47.550000000000004	0.9833084923676891
47.65	0.9826087589112702
47.75	0.9848491844407616
47.85	0.9853871744677145
47.95	0.9871439649638776
48.050000000000004	0.9879612365011012
48.15	0.9897821972904358
48.25	0.9926139862950606
48.35	0.9924462873159492
48.45	0.9933808866303862
48.550000000000004	0.9980736690148378
48.65	0.9969112813077621
48.75	1.0021187161259772
48.85	1.000788727251336
48.95	1.0037713345714434
49.050000000000004	1.0022102126059986
49.15	1.0055786108289542
49.25	1.0083574607722385
49.35	1.0099980286609371
49.45	1.009685583972707
49.550000000000004	1.0105340021711104
49.65	1.0122344124813758
49.75	NaN
49.85	1.012728905516807
49.95	1.0125911470496738
50.050000000000004	1.0158289909903384
50.15	1.016282010245463
50.25	1.015857815141107
50.35	1.0143280319016252
50.45	1.0169000180436254
50.550000000000004	1.01678330520356
50.65	1.0150618659059614
50.75	1.0153728608373167
50.85	1.011805364925477
50.95	1.0143182277639093
51.050000000000004	1.011899916639
51.15	1.0125541052487461
51.25	1.008459130326516
51.35	1.0099950732018403
51.45	1.0059690301956523
51.550000000000004	1.005396052017502
51.65	1.0057602841954973
51.75	1.0022979444783395
51.85	1.0012250250301997
51.95	0.998688206379975
52.050000000000004	0.997208489333945
52.15	NaN
52.25	0.9940895745398386
52.35	0.9938834020534341
52.45	0.9912753740824087
52.550000000000004	0.9923269731817527
52.65	0.9877976817435158
52.75	0.9893908933289008
52.85	0.9883676876694913
52.95	0.9892717254675859
53.050000000000004	0.9876170545313137
53.15	0.9858463544372775
53.25	0.9869109156378517
53.35	0.9870437548176167
53.45	0.9854118822719957
53.550000000000004	0.986669994342053
53.65	0.9867974784783643
53.75	0.9844549108324918
53.85	0.9875914481141117
53.95	0.9863976036168176
54.050000000000004	0.9872689748244661
54.15	0.9903437474401364
54.25	0.9902170870269634
54.35	0.9910882854068508
54.45	0.9916340934591632
54.550000000000004	NaN
54.65	0.9933834635208983
54.75	0.9952080163397107
54.85	0.9947992174161805
54.95	0.9981064551302982
55.050000000000004	1.0001740513470287
55.15	0.9986873135648996
55.25	1.0063598320655596
55.35	1.0039768892482066
55.45	1.0038604884948577
55.550000000000004	1.0069866790229764
55.65	NaN
55.75	1.0076096870949744
55.85	1.0097980225528966
55.95	1.009121707502359
56.050000000000004	1.0094154904904609
56.15	1.0129904460133963
56.25	1.0131946724162224
56.35	1.0234203123810888
56.45	1.009034593083487
56.550000000000004	1.0134866460253789
56.65	1.0117329987640573
56.75	1.0122873024776367
56.85	1.0123079518211096
56.95	1.0123498602248884
57.050000000000004	1.0120404085134638
57.15	1.0125299946739543
57.25	1.0115219771024928
57.35	1.0093358856526073
57.45	1.0098421992360043
57.550000000000004	NaN
57.65	1.007925942493709
57.75	1.005691941858196
57.85	1.0039210706393233
57.95	1.0044319375514439
58.050000000000004	NaN
58.15	1.0022395848752657
58.25	0.9993788582384647
58.35	1.0002552345079023
58.45	0.998081056855883
58.550000000000004	0.9971376777047725
58.65	0.9941917877100404
58.75	NaN
58.85	0.9931374569281778
58.95	0.9924310887053331
59.050000000000004	0.9901269260397033
59.15	0.9894127667533325
59.25	0.988892906201477
59.35	0.9892277690637211
59.45	0.9885210186079132
59.550000000000004	0.988955437755298
59.65	NaN
59.75	0.9890526671598001
59.85	0.9894903307292457
59.95	0.989524067124198
60.050000000000004	0.9891101853442222
60.15	0.9900814358484828
60.25	0.991706872374504
60.35	NaN
60.45	0.991196473320477
60.550000000000004	0.9926987927437861
60.65	0.9925861716768091
60.75	0.9944248728102962
60.85	NaN
60.95	0.9956188749875414
61.050000000000004	0.9972404033900792
61.15	0.9979196007136598
61.25	0.9972639987179331
61.35	1.0004589273836906
61.45	1.0013920786712223
61.550000000000004	1.0003976549166205
61.65	1.0024363292028688
61.75	1.0053432805784128
61.85	1.0052476362801936
61.95	NaN
62.050000000000004	1.0048660478593758
62.15	1.007734865509618
62.25	1.0097394338434582
62.35	1.010712874105466
62.45	NaN
62.550000000000004	1.009916998100795
62.65	NaN
62.75	NaN
62.85	1.0118125948574528
62.95	1.0103180855676195
63.050000000000004	1.0107214844769201
63.15	1.0097348119830747
63.25	1.009303249415127
63.35	1.0100823135034256
63.45	1.007915305210135
63.550000000000004	1.0086347938485845
63.65	NaN
63.75	1.0081346431447238
63.85	NaN
63.95	1.0056133344910985
64.05	1.0065297139724028
64.14999999999999	1.0046888526290878
64.25	1.003616694528301
64.35	NaN
64.44999999999999	1.0007237898276264
64.55	0.9996916851585762
64.64999999999999	0.9985963364985745
64.75	0.9985215190295228
64.85	0.9969987439266215
64.94999999999999	0.9924221535492357
65.05	0.9958471015889135
65.14999999999999	NaN
65.25	0.9929255440174849
65.35	0.9935679355802132
65.44999999999999	0.9907938143091558
65.55	0.9912376571216603
65.64999999999999	NaN
65.75	0.9899893959892335
65.85	0.991235019207392
65.94999999999999	NaN
66.05	NaN
66.14999999999999	0.9916693917228064
66.25	0.9902985651704422
66.35	0.9901997819128487
66.44999999999999	0.9919854619593729
66.55	NaN
66.64999999999999	0.9932399106135944
66.75	0.9935057577302302
66.85	NaN
66.94999999999999	NaN
67.05	NaN
67.14999999999999	NaN
67.25	0.9971609040576422
67.35	NaN
67.44999999999999	NaN
67.55	0.9969210852747292
67.64999999999999	0.99971108629638
67.75	1.000510788205113
67.85	1.004269221060539
67.94999999999999	NaN
68.05	1.0034239957588902
68.14999999999999	1.0034482502953006
68.25	1.0046095356942895
68.35	1.0065142022130253
68.44999999999999	1.006242097387559
68.55	1.0078996697965925
68.64999999999999	NaN
68.75	1.008010125054576
68.85	1.0080619917563838
68.94999999999999	1.0087371738410362
69.05	NaN
69.14999999999999	1.0098367438112081
69.25	NaN
69.35	1.0081155554147745
69.44999999999999	1.0072135344860156
69.55	1.0090185379240755
69.64999999999999	1.0072963985892556
69.75	1.005989589476183
69.85	1.0037432435740272
69.94999999999999	1.006638407922466
70.05	NaN
70.14999999999999	1.004122314890331
70.25	1.0020671549439666
70.35	1.0024610373527425
70.44999999999999	1.0031227295119123
70.55	1.000919126651952
70.64999999999999	0.9990513820627044
70.75	0.9974547691034515
70.85	0.998988786582665
70.94999999999999	0.9984264480183904
71.05	0.9969980615983416
71.14999999999999	NaN
71.25	0.9962161301948708
71.35	NaN
71.44999999999999	0.9953113750321302
71.55	0.9944795270224527
71.64999999999999	0.9943160978891205
71.75	0.9948510867236485
71.85	NaN
71.94999999999999	NaN
72.05	0.9921764776120867
72.14999999999999	NaN
72.25	0.9925406902572901
72.35	0.9918308683462677
72.44999999999999	NaN
72.55	NaN
72.64999999999999	0.991804413766965
72.75	0.9926211040740064
72.85	0.9940421723002558
72.94999999999999	NaN
73.05	0.9944833721280707
73.14999999999999	0.9937533927196721
73.25	0.9946250235734027
73.35	0.9969805927241946
73.44999999999999	0.9976147618648409
73.55	0.9981638379343348
73.64999999999999	0.9985244982510754
73.75	0.9990072328417191
73.85	0.9992906233886061
73.94999999999999	NaN
74.05	NaN
74.14999999999999	1.0018423522624589
74.25	1.0012733016680757
74.35	1.002662514739849
74.44999999999999	1.003250810733895
74.55	1.004412341090459
74.64999999999999	NaN
74.75	NaN
74.85	1.004611693651152
74.94999999999999	1.007047181829118
75.05	1.0070574399293288
75.14999999999999	1.0069427511949598
75.25	1.0074146863541589
75.35	1.007469073407543
75.44999999999999	1.0063026256987548
75.55	1.007941308419802
75.64999999999999	1.007738574643618
75.75	NaN
75.85	1.0059896281205365
75.94999999999999	NaN
76.05	1.0055167822094793
76.14999999999999	1.0075581880309816
76.25	1.005012047034474
76.35	1.004181907062245
76.44999999999999	NaN
76.55	1.0022579063855959
76.64999999999999	1.0020036214706178
76.75	NaN
76.85	1.0017796199842435
76.95	0.9998414758695607
77.05	0.9994849459256497
77.14999999999999	0.9985796293764956
77.25	NaN
77.35	NaN
77.45	NaN
77.55	0.9966804888460723
77.64999999999999	NaN
77.75	0.9962834077842497
77.85	0.9950276418986399
77.95	NaN
78.05	0.9952696284080544
78.14999999999999	NaN
78.25	0.9938691551373063
78.35	0.9922140607640093
78.45	NaN
78.55	NaN
78.64999999999999	NaN
78.75	0.9938965597136029
78.85	0.9929197274713736
78.95	0.9929537546271333
79.05	NaN
79.14999999999999	NaN
79.25	0.9944995049149593
79.35	0.9947970076063264
79.45	NaN
79.55	0.996038311103073
79.64999999999999	NaN
79.75	0.9972908829796019
79.85	0.9967521986058189
