0.15	0.03547302342422424
0.25	0.037272335447308375
0.35	0.037008155640278734
0.45	0.037335306245910214
0.55	0.0379271568577395
0.65	0.03785567983911282
0.7500000000000001	0.038237801884156396
0.85	0.03835790946623615
0.95	0.03907817352782796
1.05	0.03975412840865573
1.15	0.040238947613625356
1.25	0.040977570823062866
1.35	0.041894629373660376
1.45	0.04285334654039365
1.55	0.043699589412558124
1.65	0.044754942691650285
1.75	0.045997947402628483
1.85	0.047399321823011396
1.95	0.04893427366701766
2.05	0.05044921448322951
2.15	0.05206401174687929
2.25	0.05403322640745149
2.35	0.05574416894050145
2.45	0.05803298687678549
2.5500000000000003	0.06024021833710739
2.65	0.06307948758833878
2.75	0.0660044441281922
2.85	0.06905164110755788
2.95	0.07242717818791236
3.0500000000000003	0.0762376822309624
3.15	0.08033409857612024
3.25	0.08475084152077828
3.35	0.08991253631657296
3.45	0.09548383525754368
3.5500000000000003	0.1014529068990124
3.65	0.10791744398379251
3.75	0.11588672335567263
3.85	0.12394714413199402
3.95	0.13348531584272608
4.05	0.14341626464401397
4.1499999999999995	0.15522130230554304
4.25	0.16863248442751952
4.35	0.1838522641821387
4.449999999999999	0.2005338146251061
4.55	0.22011941250405517
4.6499999999999995	0.24208663080838883
4.75	0.2678152438780622
4.85	0.29502095816776475
4.95	0.3304319154194193
5.05	0.3692235106655572
5.1499999999999995	0.4129639320736739
5.25	0.46435838756789805
5.35	0.5219336268487262
5.45	0.5960994881035482
5.55	0.6764392554345845
5.6499999999999995	0.7739822486021698
5.75	0.8846327586640979
5.85	1.0132978193991327
5.95	1.149788237757816
6.05	1.3096456248730108
6.1499999999999995	1.4829067083333136
6.25	1.6500821771983245
6.35	1.8125464914548808
6.45	1.952204129812469
6.55	2.0648544932915898
6.6499999999999995	2.122116492190502
6.75	2.138170683019469
6.85	2.0998607968435308
6.95	2.0313346442609737
7.05	1.9299934339216271
7.1499999999999995	1.818267821618962
7.25	1.7037411683720731
7.35	1.5899293302027115
7.45	1.475416464297937
7.55	1.3715306615155836
7.6499999999999995	1.2811390942240695
7.75	1.193711515144896
7.85	1.1218968476425413
7.95	1.0543679859023147
8.05	0.9963982965913156
8.15	0.9459452345398209
8.25	0.902028547531183
8.350000000000001	0.8628878875797561
8.450000000000001	0.8302447827444752
8.55	0.8006610819667646
8.65	0.7783390454883092
8.75	0.755484612447744
8.850000000000001	0.7374212708633725
8.950000000000001	0.7208578815706255
9.05	0.7106916523026854
9.15	0.7010465421991098
9.25	0.6948235571614858
9.350000000000001	0.6895127406258129
9.450000000000001	0.6883076095989106
9.55	0.6854297130291662
9.65	0.6880155409869636
9.750000000000002	0.6914917644605039
9.85	0.6953220444797199
9.95	0.7024934432550667
10.049999999999999	0.711751138222293
10.149999999999999	0.7214597473882123
10.25	0.7331962070376198
10.35	0.747269566459742
10.45	0.7623050030844912
10.549999999999999	0.7790122523013722
10.649999999999999	0.7989547639482278
10.75	0.8187747197110128
10.85	0.839903057143269
10.95	0.8621003680239671
11.049999999999999	0.8868764369428561
11.149999999999999	0.9095331311011345
11.25	0.9382977881398582
11.35	0.963062876390836
11.45	0.9904784869910711
11.549999999999999	1.0169016267491058
11.649999999999999	1.0451887776564512
11.75	1.0731190595474316
11.85	1.0972289797731662
11.95	1.1231449216917644
12.049999999999999	1.1455196693281076
12.149999999999999	1.1671429782522849
12.25	1.1867323275482469
12.35	1.2038173560174048
12.45	1.215859752840253
12.549999999999999	1.2258839102672732
12.649999999999999	1.2344357673352753
12.75	1.24104011222402
12.85	1.2431422670178462
12.95	1.2377952018718912
13.049999999999999	1.2325813285386367
13.149999999999999	1.2266047548332364
13.25	1.2146526108611768
13.35	1.2031383953058568
13.45	1.1868300400460354
13.549999999999999	1.170726433958861
13.649999999999999	1.1510252163535355
13.75	1.1298691549340687
13.85	1.1100442658059673
13.95	1.0876431575356305
14.049999999999999	1.067585944225542
14.149999999999999	1.0469387708687221
14.25	1.0238706477032526
14.35	1.0074302929675862
14.45	0.9878800051265173
14.549999999999999	0.9694551740519989
14.649999999999999	0.9527210438245536
14.75	0.9367181210682896
14.85	0.9240134311642435
14.95	0.9113067408993203
15.049999999999999	0.8989146877578872
15.149999999999999	0.890537634466986
15.25	0.8824537646113227
15.35	0.8723271434739281
15.45	0.8679055140525658
15.549999999999999	0.8640765513982211
15.649999999999999	0.8614347253232103
15.75	0.8577646930131886
15.85	0.8590936038602787
15.95	0.8586880325389907
16.05	0.859964719835091
16.15	0.8632903161529145
16.25	0.8662175034129636
16.349999999999998	0.8740326222308797
16.45	0.8800867338968436
16.55	0.8854707414313511
16.65	0.8924558596408868
16.75	0.9036292379480896
16.849999999999998	0.9126578018329773
16.95	0.9231802871594956
17.05	0.9337314724324168
17.15	0.9445715961622386
17.25	0.9574936708607633
17.349999999999998	0.9706943374302116
17.45	0.9824128893573656
17.55	0.9949863543450432
17.65	1.0086207256440634
17.75	1.0212604907263907
17.849999999999998	1.033041209691834
17.95	1.0444119307961175
18.05	1.0545817138953264
18.15	1.065687723133893
18.25	1.0743162059585054
18.349999999999998	1.0847561657767375
18.45	1.0897387720146037
18.55	1.0995792944642446
18.65	1.1055092300691909
18.75	1.1082446483913069
18.849999999999998	1.10897072414732
18.95	1.1094882886585091
19.05	1.1109159365806451
19.15	1.1089755149423444
19.25	1.1077376506166392
19.35	1.103188199293697
19.45	1.0982643467674007
19.55	1.093337655150513
19.65	1.0879701962097041
19.75	1.0779175328568067
19.85	1.070248230918287
19.95	1.0613434440842255
20.05	1.054050050994405
20.15	1.0425423255247697
20.25	1.0336859653733483
20.35	1.0246056913580583
20.45	1.0167799181152417
20.55	1.0064197025642285
20.65	0.9955017380946152
20.75	0.9889483058967964
20.85	0.9799426792950633
20.95	0.9724915502051747
21.05	0.9630953762969059
21.15	0.9564168188494582
21.25	0.9498294477529914
21.35	0.9456991036883748
21.45	0.9391962915471617
21.55	0.934177414555728
21.65	0.9315365174674552
21.75	0.9281206818763532
21.85	0.9255895768324545
21.95	0.9241702072422732
22.05	0.9229834240282733
22.15	0.9227021878982483
22.25	0.9229637340250724
22.35	0.9231257629030514
22.45	0.9256711200666682
22.55	0.9303833559166229
22.65	0.9336457727993173
22.75	0.9339046551176029
22.85	0.9399078489238719
22.95	0.94614048351329
23.05	0.9504288891458066
23.15	0.9570283783566992
23.25	0.9619215588537077
23.35	0.9692088346800486
23.45	0.9768566108720692
23.55	0.9850226190478687
23.65	0.9895978692170171
23.75	0.9963885849343755
23.85	1.0015706498088528
23.95	1.011108726524866
24.05	1.0179342222053767
24.15	1.0249165149676933
24.25	1.0295248326482132
24.35	1.0362858886477082
24.45	1.0422550935634771
24.55	1.046397851625748
24.65	1.0509940997247358
24.75	1.0550063850181786
24.85	1.0606733204994965
24.95	1.060291551785331
25.05	1.0695888055115483
25.15	1.063942397672752
25.25	1.0652305245868754
25.35	1.0641129869995438
25.45	1.0626337743829908
25.55	1.0607663318136902
25.65	1.0551216044585143
25.75	1.0554198629714848
25.85	1.0520206367029572
25.95	1.047679180191794
26.05	1.0421147227007306
26.15	1.0373505361579733
26.25	1.0332831522071384
26.35	1.027618867211873
26.45	1.0218338602752746
26.55	1.0170336368242836
26.65	1.0134486698693685
26.75	1.0046960426396223
26.85	0.9989869003400854
26.95	0.9961043598532369
27.05	0.9891261133063867
27.15	0.9840175753217099
27.25	0.9798707437736973
27.35	0.9746721528413008
27.45	0.9712173951291186
27.55	0.9677285113187192
27.65	0.9635698664721315
27.75	0.9603096687052829
27.85	0.9600726297927448
27.95	0.9559093516118973
28.05	0.9527448387194765
28.15	0.9525130170329955
28.25	0.9529228065001174
28.35	0.9509178833096457
28.45	0.9531688940419265
28.55	0.9541912322119138
28.65	0.9537034856331341
28.75	0.9550794577274104
28.85	0.9582259303437494
28.95	0.9598409631207697
29.05	0.961060773265224
29.15	0.9656462742288245
29.25	0.9700290424035471
29.35	0.9720438495821634
29.45	0.9755410251158129
29.55	0.9779531405029194
29.65	0.9834300030583141
29.75	0.9872987926913946
29.85	0.9924719234179618
29.95	NaN
30.05	1.000700259148682
30.15	1.004508221445904
30.25	1.0097160319901817
30.35	1.0138076810394367
30.45	1.017487655153035
30.55	1.0224858279350357
30.65	1.024339126538966
30.75	1.0289502520177247
30.85	1.0308995164359613
30.95	1.0328862312395946
31.05	1.0366152192595377
31.15	1.0379448838627316
31.25	1.0398133620937615
31.35	1.039997100820646
31.45	1.0403558264596737
31.55	1.0413759812087464
31.65	1.0407277365010663
31.75	NaN
31.85	1.0384769897184067
31.95	1.0358703354342338
32.05	1.0355323343406908
32.15	1.0316171249814678
32.25	1.0310670324849789
32.35	1.0274870207420064
32.45	1.0206318104809655
32.55	1.0193084118787106
32.65	1.0187274841707907
32.75	1.014134199428488
32.85	1.0104378676123913
32.95	1.0048146058403218
33.05	1.002853987100126
33.15	1.000622022647426
33.25	0.9944528919950149
33.35	0.9914026823499013
33.45	0.9891509626663011
33.55	0.9837213514964248
33.65	0.9815541475585354
33.75	0.9800166746231153
33.85	0.9772165687687802
33.95	0.975005403786515
34.05	0.9701477149845353
34.15	0.9693093790068529
34.25	0.9705941027884972
34.35	0.9674722507906511
34.45	0.9691391817168392
34.55	0.9650821589356771
34.65	0.9675810392734279
34.75	0.9684051839546262
34.85	0.9680677902213516
34.95	0.9678794668417425
35.05	0.9714271836421103
35.15	0.9729191839244922
35.25	0.97153838156315
35.35	0.9752531187950694
35.45	0.9784484495526201
35.55	0.9796232470088779
35.65	0.9816904704911459
35.75	0.9835155087424111
35.85	0.9870401208706416
35.95	0.9879298566063065
36.05	0.9921214040602988
36.15	0.9954507389143248
36.25	1.0001713820769031
36.35	1.0030075737627069
36.45	1.0068531456087286
36.55	1.0100840284457415
36.65	NaN
36.75	1.0141901425594784
36.85	1.0151263694049373
36.95	1.0199843679176173
37.05	1.0210597563154924
37.15	1.0230048838292125
37.25	1.0250334474094998
37.35	1.026068887739898
37.45	1.027190308369308
37.55	1.0263011606336658
37.65	1.0304113673541269
37.75	1.0283656313818075
37.85	1.0290339306028704
37.95	1.031152786855448
38.05	NaN
38.15	NaN
38.25	1.0278676723449014
38.35	1.0233354909500312
38.45	1.021497058494226
38.550000000000004	1.0209717318354643
38.65	1.0201155631798187
38.75	1.0154231911469143
38.85	1.0105356036533009
38.95	1.010700266658834
39.050000000000004	1.0089172455216864
39.15	1.005652927688137
39.25	1.0035425751475648
39.35	1.0027850787279784
39.45	0.9981568046141753
39.550000000000004	0.9951288839178543
39.65	NaN
39.75	0.989957167691232
39.85	0.9884564162215577
39.95	0.9868829044051995
40.050000000000004	0.9836662694581245
40.15	0.9814762751026189
40.25	0.9819351217564503
40.35	NaN
40.45	0.9786020929800741
40.550000000000004	0.9796384979851431
40.65	0.978978647609021
40.75	0.9785424346709733
40.85	0.9776525593518244
40.95	0.9756000577327704
41.050000000000004	0.9770883238041989
41.15	0.9763706516495194
41.25	0.9774563392039225
41.35	0.9818503590629462
41.45	0.979513472363775
41.550000000000004	0.9815159283562823
41.65	0.9813419502355446
41.75	0.9837535814736749
41.85	0.9850976618031206
41.95	0.9867268800361543
42.050000000000004	0.9886311158021367
42.15	0.9914807550426339
42.25	0.9930959932289299
42.35	0.9952156557559693
42.45	0.9966431319557466
42.550000000000004	0.9995960242444537
42.65	1.0033441118865891
42.75	1.004970611082435
42.85	1.0064811642619973
42.95	1.0108754785769964
43.050000000000004	1.0095189129072561
43.15	NaN
43.25	1.015601962245256
43.35	1.0152422107593346
43.45	1.017534134703934
43.550000000000004	1.0140061466611014
43.65	NaN
43.75	NaN
43.85	1.0188250048360068
43.95	1.0219188365743535
44.050000000000004	1.0207641081958132
44.15	1.0198749607706152
44.25	1.0226454291827132
44.35	1.0214419926670169
44.45	NaN
44.550000000000004	1.01913423845502
44.65	1.0168194694400112
44.75	1.0153171085598531
44.85	1.014539104165301
44.95	1.0139181302631333
45.050000000000004	1.0131697754057813
45.15	1.0112614806815157
45.25	1.009210427591143
45.35	1.0072846528837365
45.45	1.0029524650664954
45.550000000000004	1.0016824664467237
45.65	1.0006436578536433
45.75	NaN
45.85	0.9951357378726688
45.95	NaN
46.050000000000004	0.9920180720120096
46.15	0.9915714480398705
46.25	0.9898485893868562
46.35	NaN
46.45	0.9871556586160948
46.550000000000004	0.9858522912395313
46.65	NaN
46.75	0.9839144669187588
46.85	0.9839803330544065
46.95	0.9820179000543439
47.050000000000004	0.9809767113199913
47.15	0.981045271436496
47.25	0.9827384888367657
47.35	0.9831559073379988
47.45	NaN
47.550000000000004	0.9835407587301752
47.65	0.9825074464820113
47.75	0.9838332256851703
47.85	0.985341422728824
47.95	0.9869625257789592
48.050000000000004	0.9871928094271503
48.15	0.9896786405367411
48.25	0.990102975660542
48.35	0.9916246135143857
48.45	0.9947187804474663
48.550000000000004	0.9968248956422898
48.65	0.9953303770855301
48.75	1.0016872522840186
48.85	1.0009946793109925
48.95	1.0019882151088795
49.050000000000004	1.0021125279802217
49.15	1.004002826524921
49.25	1.007762069087292
49.35	1.0090515402154672
49.45	1.0110417309306294
49.550000000000004	1.012626536216156
49.65	1.0131162205394615
49.75	NaN
49.85	1.015241127664741
49.95	1.0153396982908
50.050000000000004	1.0147643136730142
50.15	1.0162592936219343
50.25	1.0147248681518521
50.35	1.016502395000112
50.45	1.017524772760681
50.550000000000004	1.0167774808324483
50.65	1.0154615713237762
50.75	1.0144984891433908
50.85	1.0147148076927455
50.95	1.0123332491930794
51.050000000000004	1.0124690175047109
51.15	1.0092199304450318
51.25	1.0089997658183354
51.35	1.0090444299331627
51.45	1.007799472480254
51.550000000000004	1.0063670381406613
51.65	1.005413434961971
51.75	1.0001545816069977
51.85	1.0015936483265746
51.95	0.99985738418162
52.050000000000004	0.9977624826185424
52.15	NaN
52.25	0.9952688930873926
52.35	0.9950555093338956
52.45	0.990516365515939
52.550000000000004	0.9910899710632655
52.65	0.9901715641722253
52.75	0.9894613471866229
52.85	0.9875550928035044
52.95	0.9892324056855514
53.050000000000004	0.986308912746265
53.15	0.9884420972702177
53.25	0.9866602617088154
53.35	0.9850335046734854
53.45	0.9863615052242082
53.550000000000004	0.9845309390975011
53.65	0.9862815203625807
53.75	0.9872068788792683
53.85	0.9849804614895711
53.95	0.9886529297962133
54.050000000000004	0.987170504249639
54.15	0.9882984312042717
54.25	0.9890241142727372
54.35	0.9905493053067005
54.45	0.9912028754243921
54.550000000000004	NaN
54.65	0.9933951090165297
54.75	0.996598636914458
54.85	0.9970348940242775
54.95	0.9962837622068651
55.050000000000004	0.9986580950616835
55.15	0.9991218719216263
55.25	0.9988486657509498
55.35	1.0034485453650521
55.45	1.003339816271859
55.550000000000004	1.0057843671805484
55.65	NaN
55.75	1.0095098169472798
55.85	1.009174266065108
55.95	1.0091376777514447
56.050000000000004	1.0104724553419422
56.15	1.0138382208877519
56.25	1.0103476437868921
56.35	1.0077899133694557
56.45	1.013769418790894
56.550000000000004	1.0111617565848388
56.65	1.0133585785042036
56.75	1.0111933677035785
56.85	1.0119050096459943
56.95	1.011228921375484
57.050000000000004	1.0118789744313725
57.15	1.009854514982061
57.25	1.0104534516002475
57.35	1.008185595048033
57.45	1.0094764569641301
57.550000000000004	NaN
57.65	1.005027246615242
57.75	1.0053189908910842
57.85	1.0019745697949858
57.95	1.0028047859767335
58.050000000000004	NaN
58.15	0.9993218879468982
58.25	1.0001104670868062
58.35	0.9964231389029411
58.45	0.9966548642472518
58.550000000000004	0.9954826932605034
58.65	0.9963990495896252
58.75	NaN
58.85	0.9944048199388095
58.95	0.9909848012043249
59.050000000000004	0.9921012255626149
59.15	0.9907709591045853
59.25	0.9904919398232885
59.35	0.9886190423485698
59.45	0.9892927773172068
59.550000000000004	0.9880528249431499
59.65	NaN
59.75	0.986742751620472
59.85	0.9892731174027309
59.95	0.9894621794553897
60.050000000000004	0.9884112376191398
60.15	0.9890048682012917
60.25	0.9895258198186441
60.35	NaN
60.45	0.9916909159472
60.550000000000004	0.9926679885110186
60.65	0.9925300771300033
60.75	0.9938754451971742
60.85	NaN
60.95	0.9971211056415907
61.050000000000004	0.9984210289667792
61.15	0.9984370262437562
61.25	0.9990271263987103
61.35	1.0006139188066192
61.45	1.0013911196438725
61.550000000000004	1.0025510720166382
61.65	1.0034365601653659
61.75	1.00250478086016
61.85	1.0040982317473495
61.95	NaN
62.050000000000004	1.005694655162573
62.15	1.006777169420081
62.25	1.0084019870302756
62.35	1.0080778583619798
62.45	NaN
62.550000000000004	1.0088980736785824
62.65	NaN
62.75	NaN
62.85	1.01148035513236
62.95	1.0115236457553671
63.050000000000004	1.0088949807063732
63.15	1.0088638982429947
63.25	1.0107967065981984
63.35	1.0099304977563621
63.45	1.0098800530766865
63.550000000000004	1.0079474214740531
63.65	NaN
63.75	1.0071160333011688
63.85	NaN
63.95	1.0043012802427258
64.05	1.0030649628273896
64.14999999999999	1.0033760832059953
64.25	1.0006018426580312
64.35	NaN
64.44999999999999	0.9995249854617362
64.55	1.0009293952932181
64.64999999999999	0.9983253576444314
64.75	0.9972697227589679
64.85	0.9978831053540168
64.94999999999999	0.9957954994788049
65.05	0.9934412741633055
65.14999999999999	NaN
65.25	0.9930855674045908
65.35	0.9934628597460208
65.44999999999999	0.991987106242569
65.55	0.9918473833476065
65.64999999999999	NaN
65.75	0.9890905178203017
65.85	0.9899192461231809
65.94999999999999	NaN
66.05	NaN
66.14999999999999	0.9907569207831297
66.25	0.989500348558375
66.35	0.9909348148682172
66.44999999999999	0.9926261587296348
66.55	NaN
66.64999999999999	0.9929636820022812
66.75	0.9933293730124936
66.85	NaN
66.94999999999999	NaN
67.05	NaN
67.14999999999999	NaN
67.25	0.996159683268287
67.35	NaN
67.44999999999999	NaN
67.55	1.0012255880688425
67.64999999999999	1.0028207691338322
67.75	1.0010569984033206
67.85	1.0021090691113799
67.94999999999999	NaN
68.05	1.0024017161811856
68.14999999999999	1.001518110863169
68.25	1.0053168227894065
68.35	1.005149259682718
68.44999999999999	1.0056712982943707
68.55	1.0072127612199546
68.64999999999999	NaN
68.75	1.0080770747333025
68.85	1.0078820210801656
68.94999999999999	1.0071972808881098
69.05	NaN
69.14999999999999	1.0085879213074036
69.25	NaN
69.35	1.0085698703071753
69.44999999999999	1.008687880532751
69.55	1.0079095046650184
69.64999999999999	1.0072980909520766
69.75	1.0063213523773131
69.85	1.0065164323125935
69.94999999999999	1.005166784597239
70.05	NaN
70.14999999999999	1.0058681613553075
70.25	1.0040504955556893
70.35	1.0025042507883288
70.44999999999999	1.001869210856722
70.55	1.0017085081077692
70.64999999999999	1.0010754825063004
70.75	1.0013490222222767
70.85	0.9997126196014302
70.94999999999999	0.9985400375775637
71.05	0.9980506289590406
71.14999999999999	NaN
71.25	0.9958990154593936
71.35	NaN
71.44999999999999	0.9956116777118048
71.55	0.9937930846178037
71.64999999999999	0.9940886102451159
71.75	0.9923284934251901
71.85	NaN
71.94999999999999	NaN
72.05	0.9922447021414338
72.14999999999999	NaN
72.25	0.9925453768069937
72.35	0.9926129875964472
72.44999999999999	NaN
72.55	NaN
72.64999999999999	0.9912779086553319
72.75	0.9928385668063971
72.85	0.9926832344132481
72.94999999999999	NaN
73.05	0.9942317182938147
73.14999999999999	0.9947243055335105
73.25	0.9965345056452837
73.35	0.9965485829402023
73.44999999999999	0.9968434822560417
73.55	0.9959219332282788
73.64999999999999	0.9978039061597251
73.75	0.9988032021229735
73.85	0.9974146240935576
73.94999999999999	NaN
74.05	NaN
74.14999999999999	1.0027209970082263
74.25	1.0040735062965014
74.35	1.001860823583074
74.44999999999999	1.002929455790387
74.55	1.004540698708885
74.64999999999999	NaN
74.75	NaN
74.85	1.0059988855538156
74.94999999999999	1.007175473622554
75.05	1.0036968679645788
75.14999999999999	1.0057096601887219
75.25	1.0061042695416205
75.35	1.0078143651663622
75.44999999999999	1.0048152417115601
75.55	1.006929242851767
75.64999999999999	1.0071834505698574
75.75	NaN
75.85	1.0068927982839186
75.94999999999999	NaN
76.05	1.0075172014513152
76.14999999999999	1.0046726070546754
76.25	1.0044494972254054
76.35	1.0040120358286755
76.44999999999999	NaN
76.55	1.0030953288915445
76.64999999999999	1.0036367244290452
76.75	NaN
76.85	1.0011389600338565
76.95	0.9996437924937609
77.05	0.9988921291644121
77.14999999999999	0.9992052238475227
77.25	NaN
77.35	NaN
77.45	NaN
77.55	0.9972656585039334
77.64999999999999	NaN
77.75	0.9973647755793053
77.85	0.996560097552934
77.95	NaN
78.05	0.9950920346619391
78.14999999999999	NaN
78.25	0.9953310621734159
78.35	0.9930580751940052
78.45	NaN
78.55	NaN
78.64999999999999	NaN
78.75	0.9931781917944645
78.85	0.9964526203429144
78.95	0.9929048155372175
79.05	NaN
79.14999999999999	NaN
79.25	0.9947190780651896
79.35	0.9955482236395883
79.45	NaN
79.55	0.9961350249424952
79.64999999999999	NaN
79.75	0.9971918109723324
79.85	0.9990442108077457
