0.15	0.03522950594119202
0.25	0.03738159961957881
0.35	0.037207151830159844
0.45	0.03705624555244314
0.55	0.03736504358761667
0.65	0.03804718778652478
0.7500000000000001	0.03813545691118033
0.85	0.038705741381994965
0.95	0.039171449863424586
1.05	0.03978326699101534
1.15	0.04062521419314945
1.25	0.040810505565886945
1.35	0.04182570647888541
1.45	0.04283986670744107
1.55	0.04360430612607898
1.65	0.04489625990429552
1.75	0.046333557222080796
1.85	0.04759317676588665
1.95	0.04876704032230226
2.05	0.05033418665863789
2.15	0.05207787662912378
2.25	0.05396186258535031
2.35	0.055913681826036156
2.45	0.05797016121553624
2.5500000000000003	0.06036387382467768
2.65	0.06308494336460017
2.75	0.06597657549412007
2.85	0.06901243352006753
2.95	0.07253450149838363
3.0500000000000003	0.0762785715818988
3.15	0.08019878478139104
3.25	0.08481725054345919
3.35	0.08992862204220432
3.45	0.09558036145096228
3.5500000000000003	0.10157182719097767
3.65	0.10773893934480894
3.75	0.11578927057263542
3.85	0.12391094675977057
3.95	0.13364210733742243
4.05	0.14362599042937235
4.1499999999999995	0.15548015670777254
4.25	0.16835431783138277
4.35	0.18333260301116808
4.449999999999999	0.20096777560709714
4.55	0.2197628418699442
4.6499999999999995	0.2421874606697231
4.75	0.2677083850289019
4.85	0.29486767815251674
4.95	0.3299135742234936
5.05	0.3686899438139855
5.1499999999999995	0.4132465428421841
5.25	0.46417508954485054
5.35	0.5240611304573481
5.45	0.5971583189633383
5.55	0.6766975023473577
5.6499999999999995	0.7743683393848997
5.75	0.8859261184234047
5.85	1.0139707801601365
5.95	1.1520875880473416
6.05	1.309660105483774
6.1499999999999995	1.48099717733205
6.25	1.648518041000046
6.35	1.813776918633955
6.45	1.9527632659101355
6.55	2.0628484061788197
6.6499999999999995	2.1213777084145513
6.75	2.137893841924438
6.85	2.1000774347087265
6.95	2.0285103730407417
7.05	1.9316584838770223
7.1499999999999995	1.8181333981271592
7.25	1.700107388739904
7.35	1.5874423237197972
7.45	1.4774233268393557
7.55	1.3709052494418408
7.6499999999999995	1.2798214967806267
7.75	1.1972537414451938
7.85	1.1211412616683027
7.95	1.0563554409513356
8.05	0.9967760892165453
8.15	0.9438572605279482
8.25	0.9010275688666666
8.350000000000001	0.8645614488629267
8.450000000000001	0.8300347388617574
8.55	0.8006821348398542
8.65	0.7757743851747692
8.75	0.7546774671893623
8.850000000000001	0.7375137458119866
8.950000000000001	0.7225395818121132
9.05	0.7110659691943862
9.15	0.7012400268262672
9.25	0.693693344001346
9.350000000000001	0.6900994435562866
9.450000000000001	0.6864037885759493
9.55	0.6859479088318818
9.65	0.6885611449714889
9.750000000000002	0.6915296907173335
9.85	0.6952804744351484
9.95	0.7022214479433466
10.049999999999999	0.7109322886572775
10.149999999999999	0.7212372430379037
10.25	0.7341701438159822
10.35	0.7484585650947547
10.45	0.7637426889803605
10.549999999999999	0.7803869638754307
10.649999999999999	0.7968174527216862
10.75	0.8175790678153135
10.85	0.8393757683619624
10.95	0.8618975482311245
11.049999999999999	0.8858552175059461
11.149999999999999	0.9094496013441291
11.25	0.9345690364322323
11.35	0.9650412715210475
11.45	0.9892698373932917
11.549999999999999	1.0176551534629912
11.649999999999999	1.046953880242695
11.75	1.0709012931386175
11.85	1.0971760984706518
11.95	1.1223445346138168
12.049999999999999	1.1479220413129336
12.149999999999999	1.1650823118473206
12.25	1.1856577157826629
12.35	1.2030449225621367
12.45	1.2154485054912798
12.549999999999999	1.227020736864435
12.649999999999999	1.2365871366079937
12.75	1.2391193329884473
12.85	1.2413827925184675
12.95	1.2404556652677148
13.049999999999999	1.2346816051828167
13.149999999999999	1.2255657970587353
13.25	1.216552522237973
13.35	1.2031139182541852
13.45	1.1853924706465453
13.549999999999999	1.168248521055452
13.649999999999999	1.1475101783860941
13.75	1.1278683151521904
13.85	1.1096147354915156
13.95	1.085788114352423
14.049999999999999	1.0667452207699732
14.149999999999999	1.046440128286137
14.25	1.028070401375796
14.35	1.004960328488929
14.45	0.9882015188226183
14.549999999999999	0.9698655917325257
14.649999999999999	0.9538180843447507
14.75	0.9364825347024596
14.85	0.9247191152139032
14.95	0.9097089119700336
15.049999999999999	0.8985736292756332
15.149999999999999	0.8908782689259661
15.25	0.8818937840817778
15.35	0.8744738330694146
15.45	0.8675372222926431
15.549999999999999	0.8635662810238816
15.649999999999999	0.8613365772682159
15.75	0.8581562666651904
15.85	0.8583315667595833
15.95	0.8585233491403788
16.05	0.8608977382945661
16.15	0.8635482391472028
16.25	0.8664143450695775
16.349999999999998	0.8722702028647797
16.45	0.8779878372789589
16.55	0.8848812074841461
16.65	0.8934857531938242
16.75	0.9025236074749947
16.849999999999998	0.9135621314038864
16.95	0.9227627161762637
17.05	0.9332369383522603
17.15	0.9450032178617861
17.25	0.957383843194358
17.349999999999998	0.9707485487109513
17.45	0.9835149901071676
17.55	0.9952203213042337
17.65	1.0078051757886646
17.75	1.0201664901797936
17.849999999999998	1.0349334344637506
17.95	1.046230073828457
18.05	1.055003363394382
18.15	1.0667102294392248
18.25	1.0753801942348766
18.349999999999998	1.083682150034729
18.45	1.0916771599479658
18.55	1.096947590200125
18.65	1.1020144295877135
18.75	1.1074445262670067
18.849999999999998	1.1102740216790652
18.95	1.1079218571794134
19.05	1.1100986612938293
19.15	1.1108224744443171
19.25	1.1068236616770868
19.35	1.1019999558410576
19.45	1.0948609702981835
19.55	1.0938336607124242
19.65	1.086123876026381
19.75	1.0790999623182758
19.85	1.07189121844099
19.95	1.0622073693024774
20.05	1.0522696556995532
20.15	1.0430300093478686
20.25	1.0347753994727737
20.35	1.0238962858778748
20.45	1.0141680098225172
20.55	1.006550792440123
20.65	0.9962093389260304
20.75	0.9872920518880784
20.85	0.9786752877963159
20.95	0.9718887946249068
21.05	0.9616828626714814
21.15	0.9560860830813271
21.25	0.9495461253952436
21.35	0.9464163727188318
21.45	0.9392741723423923
21.55	0.9343221141107045
21.65	0.9313806137943714
21.75	0.9272159249608715
21.85	0.927089118246962
21.95	0.9238580930678265
22.05	0.9252645103565159
22.15	0.9235908400547578
22.25	0.9230159388766047
22.35	0.9257764416295693
22.45	0.9236295699087235
22.55	0.9297876309477356
22.65	0.9302601938854507
22.75	0.935706015440647
22.85	0.9410281966927629
22.95	0.9465667353514765
23.05	0.9504754088249823
23.15	0.9558232299397755
23.25	0.961227773645312
23.35	0.9679686147713922
23.45	0.9754195784527014
23.55	0.9833796562551654
23.65	0.9908177715996005
23.75	0.9989790732157843
23.85	1.0040365156588635
23.95	1.0116231010911023
24.05	1.0180516759053002
24.15	1.023336488627125
24.25	1.0306738287580663
24.35	1.0379648586751782
24.45	1.0439010247941858
24.55	1.0463331619079517
24.65	1.0509728290635634
24.75	1.0547609880786917
24.85	1.0566234501280456
24.95	1.0608999547198246
25.05	1.06684822384128
25.15	1.0656573114259533
25.25	1.0630643586959845
25.35	1.0623983827086825
25.45	1.0611488793516919
25.55	1.0598160688625962
25.65	1.0606244831601577
25.75	1.0560471254055603
25.85	1.0521767229945227
25.95	1.0462006321263697
26.05	1.0444613082690852
26.15	1.0397254338843678
26.25	1.0316241331430194
26.35	1.0286848319617419
26.45	1.0226305039762702
26.55	1.0176022982310977
26.65	1.0117596008283276
26.75	1.0063542885713492
26.85	1.000329542835988
26.95	0.9928003019577635
27.05	0.9890590400221145
27.15	0.9850631351078104
27.25	0.9807405534258236
27.35	0.9751781940399595
27.45	0.9724103722230014
27.55	0.9689998613976295
27.65	0.9646459619244276
27.75	0.9608743257484964
27.85	0.9574340188660719
27.95	0.956027811759509
28.05	0.9548111726017138
28.15	0.9538557263919695
28.25	0.9517036837904116
28.35	0.9515273216848753
28.45	0.952637205940042
28.55	0.9531588951236722
28.65	0.9549663429524432
28.75	0.9548623984347827
28.85	0.9569218617438316
28.95	0.958949181942093
29.05	0.9614535988686408
29.15	0.9664964269331923
29.25	0.9680503513561061
29.35	0.9706339493334087
29.45	0.9756349230504036
29.55	0.9790315503986255
29.65	0.9838934804889566
29.75	0.9881451834401122
29.85	0.9904447569123379
29.95	NaN
30.05	1.0011826232442902
30.15	1.0049901328151485
30.25	1.0095156443681426
30.35	1.013709626266006
30.45	1.0190858223062063
30.55	1.0213050358601485
30.65	1.0256512752996805
30.75	1.029630317811421
30.85	1.0322480359956496
30.95	1.0343382883311234
31.05	1.0361727626977286
31.15	1.0384365228835164
31.25	1.0398218120621059
31.35	1.0402143068984053
31.45	1.0412955302620728
31.55	1.0406243780595228
31.65	1.0393130225800302
31.75	NaN
31.85	1.037900766611341
31.95	1.0368508593725423
32.05	1.035733262425217
32.15	1.0320311349427658
32.25	1.0292838549112902
32.35	1.026892227716976
32.45	1.0212975034149487
32.55	1.0199234775635309
32.65	1.0151374564717255
32.75	1.0109573330852217
32.85	1.009731826000593
32.95	1.005123992817412
33.05	1.002815144578697
33.15	0.9986107486897464
33.25	0.9943634531061064
33.35	0.9918748160358443
33.45	0.9872424970712373
33.55	0.9852318637202705
33.65	0.9833040891253092
33.75	0.9790305298996352
33.85	0.975132639223877
33.95	0.9750450533713998
34.05	0.9721953928612119
34.15	0.969960286733985
34.25	0.9703843749137511
34.35	0.9663333683955413
34.45	0.9664266129606375
34.55	0.9690322067740589
34.65	0.9664426683678297
34.75	0.9672605002717145
34.85	0.9685382634493054
34.95	0.9691565044731622
35.05	0.9725285305450557
35.15	0.9719432544171152
35.25	0.9719617373329464
35.35	0.9755161766729785
35.45	0.9758098994667097
35.55	0.980157180883121
35.65	0.9817568415010215
35.75	0.9839554647908975
35.85	0.9878055467128098
35.95	0.9907443887175201
36.05	0.9942750236367442
36.15	0.9953418877070351
36.25	1.001546582321557
36.35	1.0019446210049265
36.45	1.0053896144087338
36.55	1.0109974133757693
36.65	NaN
36.75	1.0135733435037186
36.85	1.0170633051562774
36.95	1.0190742836070024
37.05	1.0249238407151409
37.15	1.0225465945870091
37.25	1.0242366084619619
37.35	1.0261118124478095
37.45	1.0262494883084317
37.55	1.0281875118518993
37.65	1.0279244942038472
37.75	1.0289482589700243
37.85	1.0295539961280422
37.95	1.027536640598258
38.05	NaN
38.15	NaN
38.25	1.0258966671027303
38.35	1.0229939738159788
38.45	1.0231820834988388
38.550000000000004	1.0193794162555885
38.65	1.015383194120183
38.75	1.0163026659790677
38.85	1.0148268800814835
38.95	1.0103741098551837
39.050000000000004	1.0061892281264788
39.15	1.0053509847339592
39.25	1.0030257127997761
39.35	1.0004168680862386
39.45	0.9976898076615336
39.550000000000004	0.9964142080884544
39.65	NaN
39.75	0.9902819973182475
39.85	0.9885630195889218
39.95	0.9860765121539474
40.050000000000004	0.9857926604139321
40.15	0.9813846482474401
40.25	0.981090277261737
40.35	NaN
40.45	0.9774514248393579
40.550000000000004	0.9783835069782842
40.65	0.976894959742169
40.75	0.9754555890568158
40.85	0.9761363577428576
40.95	0.9771062564114977
41.050000000000004	0.9767640700929574
41.15	0.9771975805529575
41.25	0.9782047448713606
41.35	0.976782648474947
41.45	0.9788198737979706
41.550000000000004	0.9779446473589689
41.65	0.9824553820532518
41.75	0.9837174945541047
41.85	0.9868365809352336
41.95	0.9878106856790853
42.050000000000004	0.9890604729771646
42.15	0.9903566919991316
42.25	0.9923907136759114
42.35	0.9965595608771387
42.45	1.000075702562309
42.550000000000004	1.000501686827449
42.65	1.0035942744258168
42.75	1.003968071948102
42.85	1.006342853050027
42.95	1.0084428654212843
43.050000000000004	1.010517046559149
43.15	NaN
43.25	1.014018696262728
43.35	1.0159555218914025
43.45	1.017811522157432
43.550000000000004	1.0199351234251373
43.65	NaN
43.75	NaN
43.85	1.0195771705679293
43.95	1.0218148742828668
44.050000000000004	1.0216376847643183
44.15	1.0205384516699014
44.25	1.0187349396517562
44.35	1.020085485888466
44.45	NaN
44.550000000000004	1.019358296027759
44.65	1.0187492724318352
44.75	1.016483475229739
44.85	1.0143852247873713
44.95	1.0136179799145304
45.050000000000004	1.012458906555506
45.15	1.0101685502581825
45.25	1.0079658533926363
45.35	1.0060214591464283
45.45	1.0026546177247273
45.550000000000004	1.002062318104601
45.65	1.0013674989135517
45.75	NaN
45.85	0.9968735604705087
45.95	NaN
46.050000000000004	0.9913158198514211
46.15	0.9891336711506452
46.25	0.9870885272556044
46.35	NaN
46.45	0.9859629280351792
46.550000000000004	0.9856004276691893
46.65	NaN
46.75	0.9842096895313319
46.85	0.9837718692627454
46.95	0.98158424700252
47.050000000000004	0.9826242056936372
47.15	0.9826303169440767
47.25	0.9824120854868119
47.35	0.9815861145076451
47.45	NaN
47.550000000000004	0.9845984019753494
47.65	0.9855672704995264
47.75	0.9844046362200989
47.85	0.9866630612403857
47.95	0.9861224854681064
48.050000000000004	0.987627349020909
48.15	0.9901499430834049
48.25	0.9928992792865187
48.35	0.9949849610640089
48.45	0.9935705705726684
48.550000000000004	0.9905037574899052
48.65	0.9993470364201065
48.75	0.9993852217069815
48.85	0.9996313458609766
48.95	1.0030079331307729
49.050000000000004	1.0025642812196978
49.15	1.0058611312250154
49.25	1.007696218771035
49.35	1.0089197239382284
49.45	1.0104831971126642
49.550000000000004	1.0111044893924028
49.65	1.0108853323649187
49.75	NaN
49.85	1.0128100530421824
49.95	1.0150968775581335
50.050000000000004	1.0162781907279987
50.15	1.0140415711005877
50.25	1.0149649331747481
50.35	1.0155455833490807
50.45	1.016752750853397
50.550000000000004	1.0144465312423578
50.65	1.01613922532172
50.75	1.0137640364070941
50.85	1.012749929829883
50.95	1.011844887887021
51.050000000000004	1.0123141058336558
51.15	1.0101138379688168
51.25	1.01010554260005
51.35	1.0086254912508879
51.45	1.0081882093910006
51.550000000000004	1.0046606077845193
51.65	1.0039680584416641
51.75	1.0010740224219894
51.85	1.0011797047222935
51.95	0.9993212769305816
52.050000000000004	0.9984017479709612
52.15	NaN
52.25	0.9950437461208556
52.35	0.9938556188518647
52.45	0.9939796505274301
52.550000000000004	0.9921433916950003
52.65	0.9909983380467535
52.75	0.9892950647627237
52.85	0.9877858672340597
52.95	0.985270851190358
53.050000000000004	0.9878292141464365
53.15	0.9856989498000326
53.25	0.9857728860347573
53.35	0.9878818257948491
53.45	0.9861256941439838
53.550000000000004	0.9848596857692472
53.65	0.9866387726275925
53.75	0.984362867164774
53.85	0.988585284441485
53.95	0.9871068980915646
54.050000000000004	0.9888519984358645
54.15	0.9894072498863353
54.25	0.9922174819633711
54.35	0.990492548070891
54.45	0.9918210992491252
54.550000000000004	NaN
54.65	0.9953397351342562
54.75	0.9949232254605826
54.85	0.9962949418707745
54.95	0.9969545074573628
55.050000000000004	0.999912723159617
55.15	1.0013192179659487
55.25	1.002489753684516
55.35	1.0043237001774217
55.45	1.004551676663909
55.550000000000004	1.0059591158077987
55.65	NaN
55.75	1.0081814895821777
55.85	1.0092282625459024
55.95	1.0085119801823303
56.050000000000004	1.010193114053075
56.15	1.0118708369480414
56.25	1.0152729341968012
56.35	1.0331314627481365
56.45	1.0136517146497235
56.550000000000004	1.0108291897065727
56.65	1.0143220210876598
56.75	1.0132346618831742
56.85	1.0116978035702622
56.95	1.012779198339994
57.050000000000004	1.0111903785645426
57.15	1.0103788783297745
57.25	1.0109316173417981
57.35	1.0083317761601314
57.45	1.0096631308752744
57.550000000000004	NaN
57.65	1.003986699243678
57.75	1.0041435235193614
57.85	1.0024846918778654
57.95	1.003299880597567
58.050000000000004	NaN
58.15	1.0008333118100798
58.25	0.9981030074974085
58.35	0.9954195360090337
58.45	0.9960368505323475
58.550000000000004	0.9954034306655545
58.65	0.9959518148963326
58.75	NaN
58.85	0.9939604952348808
58.95	0.9915247779413408
59.050000000000004	0.9911160250451664
59.15	0.9910675152102768
59.25	0.9893165980666122
59.35	0.9891918965676542
59.45	0.9895490041429058
59.550000000000004	0.9892716710865707
59.65	NaN
59.75	0.987248105327887
59.85	0.9886568916959527
59.95	0.9884086760955655
60.050000000000004	0.9898726975578335
60.15	0.9895920242823721
60.25	0.9912177602498146
60.35	NaN
60.45	0.9917587848341247
60.550000000000004	0.992519506534685
60.65	0.9925369920634958
60.75	0.9938808402183217
60.85	NaN
60.95	0.9960269599453473
61.050000000000004	0.995913179655065
61.15	0.9974245120758142
61.25	0.9994814299836015
61.35	0.9993425416428509
61.45	1.00085314063279
61.550000000000004	1.0010822968706286
61.65	1.002827204503309
61.75	1.0048677327198594
61.85	1.0051566287028075
61.95	NaN
62.050000000000004	1.00985872462834
62.15	1.0085881364830522
62.25	1.007481770514483
62.35	1.0074473962617594
62.45	NaN
62.550000000000004	1.0104195981558681
62.65	NaN
62.75	NaN
62.85	1.0097532965107203
62.95	1.0096349701584368
63.050000000000004	1.0103129560445707
63.15	1.011192072470338
63.25	1.0113399880246068
63.35	1.0101936767421957
63.45	1.0081594747918234
63.550000000000004	1.008086654129018
63.65	NaN
63.75	1.0059586717443358
63.85	NaN
63.95	1.0061654288067008
64.05	1.0035112993786475
64.14999999999999	1.004716786522595
64.25	1.0010881395771374
64.35	NaN
64.44999999999999	1.0010834098538817
64.55	0.9981170006937208
64.64999999999999	0.9987362005465802
64.75	0.9967742420246701
64.85	0.9958729570800028
64.94999999999999	0.9951100536332322
65.05	0.9959506384353792
65.14999999999999	NaN
65.25	0.9927270174792052
65.35	0.9911636207382807
65.44999999999999	0.9929261413114622
65.55	0.9910667009945401
65.64999999999999	NaN
65.75	0.9928445343193889
65.85	0.9908060822905512
65.94999999999999	NaN
66.05	NaN
66.14999999999999	0.990394459017989
66.25	0.9915530123275135
66.35	0.9911556520704653
66.44999999999999	0.9898655164241448
66.55	NaN
66.64999999999999	0.9930778399406824
66.75	0.9924519399369409
66.85	NaN
66.94999999999999	NaN
67.05	NaN
67.14999999999999	NaN
67.25	0.9968180091329797
67.35	NaN
67.44999999999999	NaN
67.55	0.9985296548275377
67.64999999999999	1.0011299650938759
67.75	1.0008198199465677
67.85	1.002771477517964
67.94999999999999	NaN
68.05	1.0036655921259598
68.14999999999999	1.0054388323008077
68.25	1.006068799314486
68.35	1.00516089624478
68.44999999999999	1.0056831856258588
68.55	1.0074718149398292
68.64999999999999	NaN
68.75	1.0070229941950068
68.85	1.007565800867005
68.94999999999999	1.0080033859744917
69.05	NaN
69.14999999999999	1.0080535060523712
69.25	NaN
69.35	1.0085963900487342
69.44999999999999	1.008495855638057
69.55	1.008362749724051
69.64999999999999	1.0068046186516164
69.75	1.0075206407299748
69.85	1.0074387546133938
69.94999999999999	1.0086818637811974
70.05	NaN
70.14999999999999	1.0063222978286968
70.25	1.003116144117785
70.35	1.0028702648056516
70.44999999999999	1.001625312337618
70.55	1.000724402267803
70.64999999999999	1.0002349769351813
70.75	0.9985734522683816
70.85	0.9977994070320374
70.94999999999999	0.9967015784486916
71.05	0.9984997264020532
71.14999999999999	NaN
71.25	0.995941098463624
71.35	NaN
71.44999999999999	0.9953668671050057
71.55	0.9956670182625701
71.64999999999999	0.9929985635018655
71.75	0.993406899417708
71.85	NaN
71.94999999999999	NaN
72.05	0.9932473969518852
72.14999999999999	NaN
72.25	0.9923314785697925
72.35	0.9922277760588565
72.44999999999999	NaN
72.55	NaN
72.64999999999999	0.9946671035957949
72.75	0.9931148575447585
72.85	0.9914344271281409
72.94999999999999	NaN
73.05	0.9940455976941461
73.14999999999999	0.9940623484597869
73.25	0.9955793830634908
73.35	0.9960173052438929
73.44999999999999	0.9975301846779948
73.55	0.997838624719532
73.64999999999999	0.9978796439140507
73.75	0.9987181357991578
73.85	0.9985248679293846
73.94999999999999	NaN
74.05	NaN
74.14999999999999	1.0024089282753534
74.25	1.002099637850691
74.35	1.0043159012717375
74.44999999999999	1.002840793763126
74.55	1.003360944134641
74.64999999999999	NaN
74.75	NaN
74.85	1.0069606849405017
74.94999999999999	1.006405391151286
75.05	1.0073034524790723
75.14999999999999	1.0068858166646846
75.25	1.0068848073206842
75.35	1.0064309744864661
75.44999999999999	1.0099225100914169
75.55	1.0074071856595552
75.64999999999999	1.0061385592387444
75.75	NaN
75.85	1.004844068072101
75.94999999999999	NaN
76.05	1.0056014169831222
76.14999999999999	1.004535005553288
76.25	1.005306328983443
76.35	1.0043497723610517
76.44999999999999	NaN
76.55	1.0040079169991383
76.64999999999999	1.0026714699719537
76.75	NaN
76.85	1.001411321650918
76.95	0.9998473196156338
77.05	1.000803262797808
77.14999999999999	0.9992260260541863
77.25	NaN
77.35	NaN
77.45	NaN
77.55	0.9974305534626541
77.64999999999999	NaN
77.75	0.9955281518388628
77.85	0.9940871462394012
77.95	NaN
78.05	0.9937392232717235
78.14999999999999	NaN
78.25	0.9940416362317778
78.35	0.993556946914249
78.45	NaN
78.55	NaN
78.64999999999999	NaN
78.75	0.99421152020344
78.85	0.9947077572975802
78.95	0.9937447128265231
79.05	NaN
79.14999999999999	NaN
79.25	0.9960599822084322
79.35	0.9956929506377242
79.45	NaN
79.55	0.9973746137521035
79.64999999999999	NaN
79.75	0.9980502412121123
79.85	0.9960204060611122
