0.15	0.018575545452140962
0.25	0.019048259450769968
0.35	0.01864633870953384
0.45	0.019413954175612758
0.55	0.019258524192661258
0.65	0.019653386542839678
0.7500000000000001	0.01966189388323134
0.85	0.01988189397879354
0.95	0.020104883631669315
1.05	0.020418529334729447
1.15	0.02075531908510282
1.25	0.021163976932751103
1.35	0.021629382709601647
1.45	0.02194647397156721
1.55	0.022413470315345015
1.65	0.02301236125753868
1.75	0.02367153401501985
1.85	0.024338618667802927
1.95	0.025031281364788254
2.05	0.02580329645493389
2.15	0.02667521713792147
2.25	0.027536816174520463
2.35	0.028510420383893443
2.45	0.029598326447221376
2.5500000000000003	0.03084509063797713
2.65	0.03211880477487951
2.75	0.0334042361677667
2.85	0.03496767543996647
2.95	0.03666708682646844
3.0500000000000003	0.03825246818924906
3.15	0.04024847397259457
3.25	0.04247669298531446
3.35	0.04504212325472761
3.45	0.047565213273107074
3.5500000000000003	0.05053512589942532
3.65	0.053717886381398156
3.75	0.05743552050487612
3.85	0.06106649768057651
3.95	0.06580052834423976
4.05	0.07082041355306687
4.1499999999999995	0.0763199224208178
4.25	0.08241498526700633
4.35	0.09002962458313729
4.449999999999999	0.09761149377975954
4.55	0.1065761500684539
4.6499999999999995	0.1165982750949724
4.75	0.1289900957100195
4.85	0.14293098338907442
4.95	0.15931213551714948
5.05	0.17723228303343075
5.1499999999999995	0.1996899046487288
5.25	0.2246072785934937
5.35	0.255556376517414
5.45	0.2920435966743093
5.55	0.33564423615241645
5.6499999999999995	0.3877751524017171
5.75	0.4523877142181125
5.85	0.5297621542736258
5.95	0.6245276954164342
6.05	0.7462063055271356
6.1499999999999995	0.9002162757367469
6.25	1.0812056627106454
6.35	1.30061957160637
6.45	1.5798570588984873
6.55	1.8894298163553875
6.6499999999999995	2.225269977819035
6.75	2.5379863333831194
6.85	2.7901242885206594
6.95	2.92194524711266
7.05	2.9136883031471874
7.1499999999999995	2.772262202454875
7.25	2.557410066183229
7.35	2.2958449885466963
7.45	2.0455059363989183
7.55	1.8159625826562302
7.6499999999999995	1.6067293765980035
7.75	1.4334903049285372
7.85	1.2824382551655664
7.95	1.1604909165519703
8.05	1.0609714725257535
8.15	0.9741161469590095
8.25	0.900297923525061
8.350000000000001	0.8364529553104008
8.450000000000001	0.7887650312389703
8.55	0.7449060103574727
8.65	0.7058711963865654
8.75	0.6754309609011486
8.850000000000001	0.6503231365817848
8.950000000000001	0.6297736080872242
9.05	0.6128310339596266
9.15	0.5988220935537723
9.25	0.5877283233086606
9.350000000000001	0.5786151613877341
9.450000000000001	0.5728936594014742
9.55	0.5699140134219731
9.65	0.5685809649501541
9.750000000000002	0.5693991138622725
9.85	0.5705931995371359
9.95	0.577723988023424
10.049999999999999	0.5859575066659253
10.149999999999999	0.5922350474809955
10.25	0.6052182929110097
10.35	0.6193828429836055
10.45	0.635719971539562
10.549999999999999	0.6515879255457034
10.649999999999999	0.6730887183114311
10.75	0.6951457144365436
10.85	0.7197951180476295
10.95	0.7466303460228673
11.049999999999999	0.7774638176197155
11.149999999999999	0.8100307605882672
11.25	0.8461273329459222
11.35	0.8825159056375232
11.45	0.9202354583462332
11.549999999999999	0.9615912821465784
11.649999999999999	1.0031997166279056
11.75	1.0445224353738112
11.85	1.0847066088234893
11.95	1.127007553809226
12.049999999999999	1.1640077989438473
12.149999999999999	1.2012044727771543
12.25	1.2318096542037125
12.35	1.2590457695236428
12.45	1.2832545725093754
12.549999999999999	1.3047638719013974
12.649999999999999	1.3186962316722683
12.75	1.3297967019473915
12.85	1.3351483559594017
12.95	1.3418832237140756
13.049999999999999	1.3379314130229438
13.149999999999999	1.3358142008813427
13.25	1.325783619435686
13.35	1.3171509292232841
13.45	1.3013857154909143
13.549999999999999	1.2859049438930192
13.649999999999999	1.26406614818205
13.75	1.2441580217155483
13.85	1.2172101719607273
13.95	1.189707981363635
14.049999999999999	1.162521144075814
14.149999999999999	1.1287341609496178
14.25	1.0971445348160356
14.35	1.065111565821989
14.45	1.0334724790944951
14.549999999999999	1.0030011874606464
14.649999999999999	0.9725788245981575
14.75	0.9446309712070275
14.85	0.9217479266185077
14.95	0.897696211065832
15.049999999999999	0.8767137878635927
15.149999999999999	0.857378119746931
15.25	0.8414928078597688
15.35	0.8265556572074454
15.45	0.8152180563958648
15.549999999999999	0.8031074428073874
15.649999999999999	0.7953838515629075
15.75	0.7886321542203001
15.85	0.7852772939191229
15.95	0.783687184332818
16.05	0.7821850203467068
16.15	0.7830156374701369
16.25	0.7872000976370608
16.349999999999998	0.7896992686078755
16.45	0.797348499769461
16.55	0.8065793494774159
16.65	0.8171443804221044
16.75	0.8267158309773265
16.849999999999998	0.8401109124671099
16.95	0.8548806880012703
17.05	0.8686270220532621
17.15	0.8858852027048431
17.25	0.9022855402694212
17.349999999999998	0.9261726015564061
17.45	0.9418736525270295
17.55	0.963675914507012
17.65	0.9827874249442928
17.75	1.0037309786802875
17.849999999999998	1.026858266864188
17.95	1.0479127302894131
18.05	1.0677662854577923
18.15	1.085116968365296
18.25	1.102936202918215
18.349999999999998	1.1204502801524
18.45	1.1358524142511481
18.55	1.1466231935972175
18.65	1.158234909232311
18.75	1.1629022860027007
18.849999999999998	1.174655355025016
18.95	1.1779223368746636
19.05	1.1788142560322594
19.15	1.1770279231148473
19.25	1.1732018245624924
19.35	1.1668579902592837
19.45	1.1593266124722783
19.55	1.1518243968530302
19.65	1.141579822666666
19.75	1.1313402662509224
19.85	1.1197190293527863
19.95	1.1088673934167865
20.05	1.0948427818227817
20.15	1.0804444060365312
20.25	1.0676161616231123
20.35	1.0536816576174792
20.45	1.0381689910003373
20.55	1.024103925776297
20.65	1.0124102750757078
20.75	0.9962525375044549
20.85	0.9861144729715637
20.95	0.9701469706983218
21.05	0.9588206495215007
21.15	0.9490023944982531
21.25	0.9362306613783659
21.35	0.9281658277106702
21.45	0.9182337250369536
21.55	0.9096302085062299
21.65	0.9021841152510063
21.75	0.895331803597487
21.85	0.8913644478903969
21.95	0.8884093728266342
22.05	0.8845384775550141
22.15	0.87954450942762
22.25	0.8786094368186584
22.35	0.8790004125631133
22.45	0.881428800554469
22.55	0.8843731160532373
22.65	0.8881207695169611
22.75	0.8923041291463001
22.85	0.8961554959494645
22.95	NaN
23.05	0.9097165704345449
23.15	0.9188953002928729
23.25	0.9270029672259539
23.35	0.9354848729631012
23.45	0.9466901190658078
23.55	0.9582936594263582
23.65	0.9661864842369484
23.75	0.9795148766050306
23.85	0.9920469590228749
23.95	1.0031133511609474
24.05	1.0143816632662774
24.15	1.0251859571082615
24.25	1.03607323244207
24.35	1.0489319348870432
24.45	1.0591644899056654
24.55	1.0671425700512027
24.65	1.0765725181605088
24.75	1.0844210685514153
24.85	1.091171261032866
24.95	1.0965429375531432
25.05	1.0998981524292224
25.15	1.1038991199413233
25.25	1.106454235463586
25.35	1.1054679691794351
25.45	1.104382070662986
25.55	1.1010932052697298
25.65	1.0972407030742617
25.75	1.0942958896976631
25.85	1.0902364015890686
25.95	1.0819423158237769
26.05	1.0752525751358053
26.15	1.0680402792285981
26.25	1.0587498516516125
26.35	1.0488800875225173
26.45	1.0414739194684355
26.55	1.0349737622810113
26.65	1.0253922788952041
26.75	1.0158940952980018
26.85	1.0079998050803187
26.95	1.0001637579212994
27.05	0.9881199919911342
27.15	0.9819465023699454
27.25	0.9738870859275214
27.35	0.9664529612000772
27.45	0.9589670130005853
27.55	0.954057736833399
27.65	0.947815687077281
27.75	0.9423179469642551
27.85	0.9364127521364858
27.95	0.9333651953565133
28.05	0.9302994200161303
28.15	0.9287821246559567
28.25	0.9259157954911604
28.35	0.9259770219306168
28.45	0.9234672271454669
28.55	0.9243037882823915
28.65	0.9253148590270273
28.75	0.9265121195079188
28.85	0.9289807878503032
28.95	0.9288632040007224
29.05	0.9333703743334922
29.15	0.9377409835490018
29.25	0.9437260616081348
29.35	0.9477668608097581
29.45	0.9524526738684883
29.55	0.9594083175764587
29.65	0.9655814780675337
29.75	0.9742261280393748
29.85	0.9786522677052484
29.95	0.9862714954115591
30.05	0.9943931218959363
30.15	1.0042501028231838
30.25	1.0074615693484217
30.35	1.0170683463056283
30.45	1.022606545067689
30.55	1.0289982932278061
30.65	1.034110347344069
30.75	1.0407026727205282
30.85	1.0405336387862851
30.95	1.0511549515666512
31.05	1.054864966440102
31.15	1.0614345169583899
31.25	1.0634633202792514
31.35	1.066427426214084
31.45	1.067300277255933
31.55	1.068364641369457
31.65	1.066309214726648
31.75	1.0681269522358918
31.85	1.0640081901098257
31.95	1.0610787180124779
32.05	1.060977972943049
32.15	1.0557409111265308
32.25	1.051399054537301
32.35	1.0514825600998496
32.45	1.0429040730485273
32.55	1.037574353199881
32.65	1.0324023430959461
32.75	1.0265250335221894
32.85	1.020646697745645
32.95	1.0120278573683987
33.05	1.0083669788345997
33.15	1.0001162957407115
33.25	0.9958275533154959
33.35	0.990559948751956
33.45	0.9869031538710628
33.55	0.9788757621784427
33.65	0.9748194565373287
33.75	0.9700735612892663
33.85	0.9664502681109913
33.95	0.9607890284640372
34.05	0.9583884030917545
34.15	0.955708399838174
34.25	0.9546385916213803
34.35	0.9470536974908729
34.45	0.9488613450024789
34.55	0.9462340277782679
34.65	0.9464591785207328
34.75	0.9471605461093717
34.85	0.9475128214610021
34.95	0.9498747202028394
35.05	0.9504029706169088
35.15	0.9476511637895754
35.25	0.950943403644999
35.35	0.959048669290602
35.45	0.9596812575496745
35.55	0.962428743718227
35.65	0.9651778161085216
35.75	0.969029258601621
35.85	0.9762597503824185
35.95	0.9802128553443944
36.05	0.9849792301682663
36.15	0.9887586524130683
36.25	0.9947185245678917
36.35	0.9978044961856886
36.45	1.0041665379933042
36.55	NaN
36.65	1.0129148924404638
36.75	1.018284023279773
36.85	1.0227213957594659
36.95	1.0265735918931316
37.05	1.0312636786490061
37.15	1.0357099182328549
37.25	1.0376237090923073
37.35	1.040976455077995
37.45	1.0433738204878922
37.55	1.0450458270644536
37.65	NaN
37.75	1.0461312852018942
37.85	1.045648409771125
37.95	1.046200113691147
38.05	1.0451979766539248
38.15	1.0464168009965884
38.25	1.0443082674833362
38.35	1.0418253371411565
38.45	1.0389305402897877
38.550000000000004	1.034264787347007
38.65	1.0290430046477668
38.75	1.0297390185289512
38.85	1.0254538284247614
38.95	1.0212373266187826
39.050000000000004	1.015917492806996
39.15	NaN
39.25	NaN
39.35	NaN
39.45	NaN
39.550000000000004	0.9951732468985979
39.65	0.9910363051085267
39.75	0.9873489125086362
39.85	0.9836230007862237
39.95	0.9800059574928148
40.050000000000004	0.976138510593653
40.15	NaN
40.25	0.970031840383137
40.35	0.9704531168173904
40.45	0.9676676422554498
40.550000000000004	0.9656725776432936
40.65	0.9631843372954854
40.75	0.9628611454531001
40.85	0.9594206899310292
40.95	0.9612510831055153
41.050000000000004	0.9610328009568175
41.15	0.9656833896627588
41.25	0.9632494731867695
41.35	0.9634932662150616
41.45	0.9639133450006716
41.550000000000004	NaN
41.65	0.9666791945985244
41.75	0.9720735081508989
41.85	0.9740454954543318
41.95	0.9776764152484825
42.050000000000004	0.9807761762676732
42.15	NaN
42.25	0.9866718134968652
42.35	0.991022240794248
42.45	0.9945714144136507
42.550000000000004	0.9991826320359082
42.65	1.0053818361466564
42.75	1.006259415096773
42.85	1.01088596536882
42.95	1.0124640357865247
43.050000000000004	1.015488802074838
43.15	1.018395394657461
43.25	1.022620715178782
43.35	1.0229419901925467
43.45	1.0285620423418822
43.550000000000004	1.0292983204723891
43.65	NaN
43.75	1.0327943517175777
43.85	1.0316706584787212
43.95	1.0342482771102648
44.050000000000004	1.034496565432605
44.15	1.0337538729922027
44.25	NaN
44.35	1.033916142000013
44.45	1.0329859635105525
44.550000000000004	1.0309316027865931
44.65	1.0294480634592074
44.75	1.028575655803278
44.85	1.02524213388946
44.95	1.0219772801210667
45.050000000000004	1.0205784401553404
45.15	1.018954396759477
45.25	1.0170640216317186
45.35	NaN
45.45	1.007224777834168
45.550000000000004	1.006447879362215
45.65	NaN
45.75	0.9999507500937562
45.85	0.9956590725556034
45.95	0.993227771130497
46.050000000000004	0.9902832178245257
46.15	0.98559511515049
46.25	0.9852373659519006
46.35	0.9812702724554537
46.45	0.9790576352706181
46.550000000000004	0.9776112746207242
46.65	NaN
46.75	0.9741583245174268
46.85	0.972831593300068
46.95	0.9708084023417096
47.050000000000004	0.9713407920679676
47.15	0.9706631234176303
47.25	0.969178417359539
47.35	0.9711481984595788
47.45	0.9719268236962177
47.550000000000004	0.9709405069464256
47.65	0.9720381827744848
47.75	0.9749190855272958
47.85	0.9767735600453911
47.95	0.9785348067493835
48.050000000000004	0.9786557711333829
48.15	0.9844794476680998
48.25	0.9838565055325804
48.35	0.9856442594016653
48.45	0.9870809461792902
48.550000000000004	0.9935846835423159
48.65	0.9938707085411981
48.75	0.9972477371210431
48.85	0.9999229014764329
48.95	1.0010734696873245
49.050000000000004	1.004964198396021
49.15	NaN
49.25	1.0093932395121412
49.35	1.012880422875355
49.45	1.0151378589524418
49.550000000000004	1.0172780095466831
49.65	1.017673367543312
49.75	1.0217321443753087
49.85	1.022770452360583
49.95	1.0234824947926553
50.050000000000004	1.0253906659133216
50.15	1.0256655656641163
50.25	1.027213696708323
50.35	1.0273816191846927
50.45	1.03043152875864
50.550000000000004	1.026415043634453
50.65	1.0268626380489643
50.75	1.0241793634882166
50.85	1.0236439197325617
50.95	NaN
51.050000000000004	1.0208875842179002
51.15	1.0207566169837412
51.25	1.016996520694778
51.35	1.0139992937140723
51.45	1.013901981816707
51.550000000000004	NaN
51.65	1.0082637188459267
51.75	1.0045985775817947
51.85	1.002595425840906
51.95	1.0017014768675927
52.050000000000004	NaN
52.15	0.9955306369688969
52.25	0.9940202482559343
52.35	0.9907485994905532
52.45	0.9883994836774205
52.550000000000004	0.9868859617248843
52.65	0.9867471474377935
52.75	0.9826664477921174
52.85	0.9827834714891605
52.95	NaN
53.050000000000004	0.9797281050564925
53.15	NaN
53.25	0.9774013386817849
53.35	0.9767217682363553
53.45	0.9757831575396814
53.550000000000004	NaN
53.65	0.9776746608037787
53.75	NaN
53.85	0.976904215083489
53.95	0.9798613342146913
54.050000000000004	NaN
54.15	0.9797550981902953
54.25	NaN
54.35	0.9845813114475372
54.45	0.985233066968243
54.550000000000004	NaN
54.65	0.9924231219336758
54.75	0.9896532298908365
54.85	0.9946647974171551
54.95	0.9967987540071802
55.050000000000004	0.9991918548854057
55.15	1.0015794675035403
55.25	1.0031677762777527
55.35	1.0062775995479079
55.45	1.0062786284920922
55.550000000000004	1.010144199860512
55.65	1.008935807934835
55.75	1.0130166336215043
55.85	1.0138457794493545
55.95	1.0148244395370347
56.050000000000004	1.0164341871922806
56.15	1.0192036933138267
56.25	1.0187684418241494
56.35	1.0188972996872356
56.45	1.0213264001967564
56.550000000000004	1.020017363424878
56.65	1.022033670202078
56.75	NaN
56.85	1.0193665732147454
56.95	1.0204306088854302
57.050000000000004	1.0196358072611906
57.15	1.018389071380745
57.25	1.01452137620452
57.35	NaN
57.45	1.0140683791252
57.550000000000004	1.0130318447785684
57.65	1.0128462600075947
57.75	1.0100391554094654
57.85	1.0079736261862569
57.95	1.0069914818126264
58.050000000000004	1.002134564402244
58.15	1.0003563666203081
58.25	1.0026127591541363
58.35	0.9983356582053659
58.45	NaN
58.550000000000004	0.9946625418562525
58.65	0.9938808316310724
58.75	NaN
58.85	0.9888425584660295
58.95	NaN
59.050000000000004	0.9858359339628185
59.15	0.9843849781042167
59.25	0.9847165346854827
59.35	0.9815712781004831
59.45	0.983066958093415
59.550000000000004	0.9805546414450081
59.65	0.9807533017882646
59.75	0.9806355702256327
59.85	NaN
59.95	0.9803015035788769
60.050000000000004	NaN
60.15	0.982678795996192
60.25	0.9831839319798772
60.35	NaN
60.45	0.9848181874223665
60.550000000000004	0.9829097846283826
60.65	0.9869086420946995
60.75	0.9894020169633241
60.85	0.990980830645604
60.95	0.9917070255664201
61.050000000000004	0.9945308473994008
61.15	0.9967133288178945
61.25	0.9969225666718067
61.35	0.9989064315517079
61.45	1.000033787765236
61.550000000000004	NaN
61.65	1.006341555628641
61.75	NaN
61.85	NaN
61.95	1.0101983039267186
62.050000000000004	1.0107446101508837
62.15	1.0120844782060368
62.25	1.0127932030089117
62.35	1.013795350349885
62.45	1.0143132256464353
62.550000000000004	1.0169222737401762
62.65	1.0188868640462432
62.75	1.0174150942200415
62.85	1.0192900747146294
62.95	1.0172026207316252
63.050000000000004	1.016573792241647
63.15	1.016827174333593
63.25	NaN
63.35	1.0141932614843203
63.45	1.0131290979041416
63.550000000000004	1.0122336761157218
63.65	1.0106263717786248
63.75	1.011503924331937
63.85	1.0089681973996005
63.95	1.0077481958660206
64.05	1.0076763354641796
64.14999999999999	1.0053862676056098
64.25	1.0053680148878772
64.35	0.9984102076837986
64.44999999999999	0.9997850911892124
64.55	0.9987793335678223
64.64999999999999	0.9968402892681185
64.75	0.9974863672495515
64.85	0.9949756030053973
64.94999999999999	0.9937417302618663
65.05	0.9921696853345932
65.14999999999999	0.9899843054137174
65.25	NaN
65.35	0.9874484873240192
65.44999999999999	NaN
65.55	0.9874537386452854
65.64999999999999	0.9841798751850397
65.75	0.9849669101822933
65.85	0.9861621414675272
65.94999999999999	0.9848661587295611
66.05	NaN
66.14999999999999	0.985563700158696
66.25	0.9851928266818435
66.35	0.9849473290468529
66.44999999999999	0.9847870924820483
66.55	0.9866800836845335
66.64999999999999	NaN
66.75	0.988889276207988
66.85	NaN
66.94999999999999	NaN
67.05	0.9915966582409705
67.14999999999999	0.9930852266015059
67.25	0.9937123495627782
67.35	0.9947610749648929
67.44999999999999	0.9975607273788296
67.55	0.9979836907641267
67.64999999999999	NaN
67.75	NaN
67.85	1.0040282706941424
67.94999999999999	1.0047396355931169
68.05	1.005592249538506
68.14999999999999	1.0087278952141558
68.25	NaN
68.35	1.0084787666594317
68.44999999999999	1.0096570167816161
68.55	1.01016493215191
68.64999999999999	NaN
68.75	1.0119198817785258
68.85	1.0116359295611264
68.94999999999999	1.013560719736908
69.05	1.0133389015773657
69.14999999999999	1.015920404254369
69.25	1.0129040728775869
69.35	1.0143176012855029
69.44999999999999	NaN
69.55	1.0138905523079407
69.64999999999999	1.011656951005183
69.75	NaN
69.85	1.0117764756877585
69.94999999999999	NaN
70.05	1.0100848645465332
70.14999999999999	1.0071594074702999
70.25	NaN
70.35	1.0058140292341773
70.44999999999999	NaN
70.55	1.0029591643000455
70.64999999999999	1.0043169596540693
70.75	0.9996374135965677
70.85	0.9973521456034962
70.94999999999999	0.9975484594529405
71.05	0.9924127095052148
71.14999999999999	0.9969667467846958
71.25	NaN
71.35	0.9916860266150829
71.44999999999999	0.9908103359558246
71.55	0.990373199196625
71.64999999999999	0.9902166006005748
71.75	0.9881261144639099
71.85	0.9890790336710158
71.94999999999999	0.9869750222022547
72.05	NaN
72.14999999999999	NaN
72.25	NaN
72.35	NaN
72.44999999999999	0.9886144156846183
72.55	0.9881054018317532
72.64999999999999	0.9871274512958861
72.75	NaN
72.85	0.9888689949927301
72.94999999999999	0.9894932423995119
73.05	0.990003314865905
73.14999999999999	0.9912949180240528
73.25	0.9901170213840275
73.35	0.9937728342854043
73.44999999999999	NaN
73.55	0.9951993771027091
73.64999999999999	NaN
73.75	NaN
73.85	0.9997541980183484
73.94999999999999	0.9997888546043472
74.05	1.0012747084300424
74.14999999999999	1.00200164304317
74.25	1.0019048388083287
74.35	1.0048746270418019
74.44999999999999	1.0053766933756416
74.55	1.0069069845273442
74.64999999999999	1.0067420011215882
74.75	1.0101923664779646
74.85	1.0113471407596506
74.94999999999999	1.0101686522239621
75.05	1.0109635726199915
75.14999999999999	1.0113889706111272
75.25	NaN
75.35	NaN
75.44999999999999	NaN
75.55	1.0114798375102834
75.64999999999999	NaN
75.75	NaN
75.85	1.0107068021906416
75.94999999999999	1.0114683959305655
76.05	1.0105601732831409
76.14999999999999	1.008366003973026
76.25	NaN
76.35	1.0068706543302062
76.44999999999999	NaN
76.55	1.0051096232736125
76.64999999999999	1.0067014965254006
76.75	NaN
76.85	NaN
76.95	NaN
77.05	NaN
77.14999999999999	0.9979360400126143
77.25	0.9973794744542789
77.35	0.9959390965548819
77.45	0.9948548247755238
77.55	0.9949522311384483
77.64999999999999	0.9944765674383224
77.75	0.9928473564401956
77.85	0.9913678247560851
77.95	0.9930359355333813
78.05	0.9918879675877552
78.14999999999999	0.9895742909337378
78.25	0.9902902516693136
78.35	0.9896883068884386
78.45	NaN
78.55	NaN
78.64999999999999	0.9884118463133821
78.75	0.987834544483536
78.85	NaN
78.95	0.9894906402401694
79.05	NaN
79.14999999999999	NaN
79.25	0.9911538448886095
79.35	NaN
79.45	0.9918355722076094
79.55	0.9941839648305677
79.64999999999999	NaN
79.75	0.994571090316093
79.85	0.9966404892113153
