0.15	0.03601123528044276
0.25	0.03758228963578453
0.35	0.037283135755842814
0.45	0.03662620498714254
0.55	0.0374352483980868
0.65	0.03784949946501236
0.7500000000000001	0.03817612836251301
0.85	0.03896801463947383
0.95	0.03931129093383829
1.05	0.039682170904152915
1.15	0.04015099059744757
1.25	0.04074871573382691
1.35	0.04200660963722283
1.45	0.042759400381773366
1.55	0.04383022341667875
1.65	0.04503368224386508
1.75	0.04620366925435892
1.85	0.04755905491689945
1.95	0.04892931168200641
2.05	0.05039146833820267
2.15	0.05202589557980014
2.25	0.05406241501213577
2.35	0.05599940606681925
2.45	0.058030937069934126
2.5500000000000003	0.06022963361750442
2.65	0.06314973059063572
2.75	0.06609408614958713
2.85	0.0691523592983521
2.95	0.07241714735637722
3.0500000000000003	0.07624177970703304
3.15	0.0802893045403114
3.25	0.0848393143558245
3.35	0.08990378934645675
3.45	0.09553322058956103
3.5500000000000003	0.10181002604964437
3.65	0.10793356508002104
3.75	0.11567108145916637
3.85	0.123982583066784
3.95	0.1337984866247368
4.05	0.1435958404793626
4.1499999999999995	0.1552500928660879
4.25	0.1684885778380173
4.35	0.1836431562385778
4.449999999999999	0.20050764454958356
4.55	0.21974725855668167
4.6499999999999995	0.24172806551065074
4.75	0.26772375729120873
4.85	0.2946031207069558
4.95	0.3300569303399483
5.05	0.36869558362205657
5.1499999999999995	0.41273563085448695
5.25	0.4636142973492542
5.35	0.5228778968623944
5.45	0.5979289363116286
5.55	0.6765315167249824
5.6499999999999995	0.7749323984744169
5.75	0.8862895291916102
5.85	1.0154045765049597
5.95	1.150809851683774
6.05	1.3072371997230188
6.1499999999999995	1.4814230289596337
6.25	1.647865744743854
6.35	1.8146852893949115
6.45	1.9600397347196672
6.55	2.0609397125439552
6.6499999999999995	2.1257472615831046
6.75	2.1387159191259397
6.85	2.103577259810001
6.95	2.0362991387072147
7.05	1.9328048312845618
7.1499999999999995	1.8164338462348109
7.25	1.701715025795576
7.35	1.5867458488534822
7.45	1.4731284303878565
7.55	1.3712968701214547
7.6499999999999995	1.2808762758405479
7.75	1.196241340579876
7.85	1.1225126909068242
7.95	1.055393090895339
8.05	0.9977095894682466
8.15	0.9463453037978135
8.25	0.9022251459606268
8.350000000000001	0.861907686493803
8.450000000000001	0.8301328455556475
8.55	0.7998697861168979
8.65	0.776039342912559
8.75	0.7533987065345662
8.850000000000001	0.7368443143802004
8.950000000000001	0.7237097519297698
9.05	0.7104203118635285
9.15	0.7012387294167455
9.25	0.6944167786955261
9.350000000000001	0.6896033742624107
9.450000000000001	0.6881103445516267
9.55	0.6861327177483421
9.65	0.6873540930990605
9.750000000000002	0.6914483464164667
9.85	0.6965025194742955
9.95	0.7025326684426038
10.049999999999999	0.7115816636959702
10.149999999999999	0.7207297446971395
10.25	0.732565988310779
10.35	0.7471374294149132
10.45	0.7625622940601661
10.549999999999999	0.7781665276297746
10.649999999999999	0.7979688995468959
10.75	0.8166970684592612
10.85	0.8402062096051995
10.95	0.8617096749152526
11.049999999999999	0.8855076844906323
11.149999999999999	0.910684310486061
11.25	0.9393305796559444
11.35	0.9649002164777575
11.45	0.9918621484617212
11.549999999999999	1.019198909849851
11.649999999999999	1.044853371001925
11.75	1.0716079557311287
11.85	1.0971957379924973
11.95	1.121710663056736
12.049999999999999	1.1462799209808492
12.149999999999999	1.16934235520274
12.25	1.1858582285802712
12.35	1.2017553721386252
12.45	1.2162222045561781
12.549999999999999	1.225432028188877
12.649999999999999	1.2367944371370398
12.75	1.2399445468395642
12.85	1.2419450651556911
12.95	1.2393372225546058
13.049999999999999	1.2354199642482593
13.149999999999999	1.22923012047691
13.25	1.2171539075513649
13.35	1.2005523822504236
13.45	1.1843436588930376
13.549999999999999	1.168295912182117
13.649999999999999	1.1479933460869614
13.75	1.130117888056681
13.85	1.1080030946185215
13.95	1.0874220057403665
14.049999999999999	1.0649134244767022
14.149999999999999	1.044829182604626
14.25	1.0250428369117486
14.35	1.0063809672102493
14.45	0.9870298070338125
14.549999999999999	0.9695852626461231
14.649999999999999	0.95279199002617
14.75	0.9380046457369285
14.85	0.9246256241571236
14.95	0.9105452098215134
15.049999999999999	0.9005006836226175
15.149999999999999	0.8906208600302472
15.25	0.8806270881373996
15.35	0.8759797084153441
15.45	0.8686582241261632
15.549999999999999	0.8646666142383016
15.649999999999999	0.860676745414537
15.75	0.8583856258292546
15.85	0.8581430755983143
15.95	0.8578270911266341
16.05	0.8595794750158927
16.15	0.8632381515487535
16.25	0.8679228619312699
16.349999999999998	0.8726288692627563
16.45	0.879449159160682
16.55	0.8866926723119902
16.65	0.8947759810939242
16.75	0.9017437320954319
16.849999999999998	0.9132520826904275
16.95	0.9223122881905382
17.05	0.933733097887023
17.15	0.9457550650010029
17.25	0.9566020244331351
17.349999999999998	0.971615840265169
17.45	0.9827641576860704
17.55	0.9957649443113147
17.65	1.008075660859498
17.75	1.0207476974448415
17.849999999999998	1.0329965217844486
17.95	1.0451428185547462
18.05	1.0541293728677332
18.15	1.0658537215130317
18.25	1.0738418341129157
18.349999999999998	1.0859116453657607
18.45	1.0915949148740725
18.55	1.1005522507691425
18.65	1.1018897409593782
18.75	1.1077951997150859
18.849999999999998	1.1105391119958763
18.95	1.1103958449564282
19.05	1.1144446207632936
19.15	1.1056050635735153
19.25	1.1057271909076902
19.35	1.1028696879435638
19.45	1.098369041207403
19.55	1.0931065859699065
19.65	1.0862943335144908
19.75	1.0773574690435672
19.85	1.0716539667730411
19.95	1.0607249545261233
20.05	1.0503121583820045
20.15	1.0435387434762282
20.25	1.033369999182582
20.35	1.0260370911994603
20.45	1.0141566235167139
20.55	1.0040857799945084
20.65	0.995121143959253
20.75	0.9875687378741869
20.85	0.9798976055120626
20.95	0.9714870197134765
21.05	0.9636120752498635
21.15	0.9564974717718636
21.25	0.9526793031478308
21.35	0.946198336949897
21.45	0.9392698283297719
21.55	0.9373742273628439
21.65	0.9300166208674023
21.75	0.929702111041849
21.85	0.9253057940693228
21.95	0.9242315150038259
22.05	0.9225165340937441
22.15	0.923352238691954
22.25	0.9218360670015734
22.35	0.9263565401172833
22.45	0.9251980188678329
22.55	0.9301928708977312
22.65	0.9321304175757219
22.75	0.9350507646183512
22.85	0.943191235770558
22.95	0.9455362055211347
23.05	0.9511880675385505
23.15	0.9568752954918
23.25	0.9607840506624125
23.35	0.967189734912447
23.45	0.9756433802421228
23.55	0.9824800124955935
23.65	0.9904304846345335
23.75	0.9976263230576952
23.85	1.0012557911737534
23.95	1.009910723312092
24.05	1.0196382557886097
24.15	1.022810201266904
24.25	1.0302090555185957
24.35	1.038363651740629
24.45	1.0422469516122128
24.55	1.048212076309396
24.65	1.0497740298013916
24.75	1.0550444209910146
24.85	1.0581042903439977
24.95	1.0613330678773125
25.05	1.0632495425306996
25.15	1.064526113370021
25.25	1.063065664967271
25.35	1.0658980810049634
25.45	1.0630740584766858
25.55	1.0600194305522366
25.65	1.0606938959674284
25.75	1.0538292423974038
25.85	1.0508717890170556
25.95	1.048363934778737
26.05	1.0431160478498436
26.15	1.0386702084849522
26.25	1.033706321553352
26.35	1.029297414604175
26.45	1.022509478823314
26.55	1.0152210693740944
26.65	1.0098829033828542
26.75	1.0057698162642554
26.85	1.0021807662741322
26.95	0.9921133551988783
27.05	0.9903109325987383
27.15	0.9858399082272287
27.25	0.9803756672473005
27.35	0.9761852024460129
27.45	0.9707490866901449
27.55	0.9681858349849104
27.65	0.9626726191255424
27.75	0.9609909757125988
27.85	0.9589359525601006
27.95	0.9553531157700326
28.05	0.9545004586192495
28.15	0.9535477510897722
28.25	0.9540713577807733
28.35	0.9513018212517177
28.45	0.9527291986933756
28.55	0.9486283860992052
28.65	0.9537558259870142
28.75	0.9549895412604186
28.85	0.9583994574362835
28.95	0.9599435085263651
29.05	0.9622011553384251
29.15	0.9633837877706581
29.25	0.9696415813128141
29.35	0.9706382366380774
29.45	0.9746372851080879
29.55	0.9796738870775638
29.65	0.9854942542656672
29.75	0.9870826994649103
29.85	0.9908634211214659
29.95	NaN
30.05	1.000861561513674
30.15	1.0067872303877752
30.25	1.008725874297992
30.35	1.0129988496996747
30.45	1.017997655216896
30.55	1.0210017869224397
30.65	1.0248890777274844
30.75	1.0288049242582384
30.85	1.0305866965762085
30.95	1.0347921433845175
31.05	1.0381937887612116
31.15	1.036335251720719
31.25	1.038931458853803
31.35	1.0403114419321642
31.45	1.0411498005881188
31.55	1.0415891717378765
31.65	1.039700401430017
31.75	NaN
31.85	1.0385051725008072
31.95	1.0376279117118905
32.05	1.0353504473509605
32.15	1.033719760291344
32.25	1.0286283734967303
32.35	1.027500256848827
32.45	1.0221255354328267
32.55	1.0211135460583345
32.65	1.0171599850158246
32.75	1.015082793193612
32.85	1.0104789716010754
32.95	1.0070411398662749
33.05	1.0012968718831352
33.15	0.9991247037866495
33.25	0.9958429180253245
33.35	0.9917984654882009
33.45	0.9882828956361136
33.55	0.9816860703558709
33.65	0.9823967057462515
33.75	0.9808099366347279
33.85	0.9772073132371788
33.95	0.9760616914920285
34.05	0.9715851802048507
34.15	0.9710766100468959
34.25	0.9697291110421319
34.35	0.969760064664836
34.45	0.9677106237912955
34.55	0.9667185986802104
34.65	0.9685659248977276
34.75	0.9669559863218138
34.85	0.9680429670346066
34.95	0.9684767414526065
35.05	0.9624450612855655
35.15	0.971059053980607
35.25	0.9736986013702996
35.35	0.9767379321167005
35.45	0.977358891048336
35.55	0.980637451796007
35.65	0.9795689450651928
35.75	0.9847493849891398
35.85	0.9883505400292912
35.95	0.9892479660439668
36.05	0.9931118468558414
36.15	0.9966652611344868
36.25	0.9992933983704105
36.35	1.003002454215505
36.45	1.00554112523354
36.55	1.0130189277029475
36.65	NaN
36.75	1.0122783077322084
36.85	1.0165215346021979
36.95	1.0194801875965285
37.05	1.0203082226433136
37.15	1.0239216136040505
37.25	1.024228152797122
37.35	1.0256940676560995
37.45	1.027342081011074
37.55	1.0274906340871113
37.65	1.0268153948370893
37.75	1.0284056770760008
37.85	1.0295570717821552
37.95	1.0292944263102184
38.05	NaN
38.15	NaN
38.25	1.0215367232026047
38.35	1.0239565950946943
38.45	1.0220934560686883
38.550000000000004	1.0210724653684715
38.65	1.014630854026839
38.75	1.017221723294541
38.85	1.0130657451584097
38.95	1.0097473517077304
39.050000000000004	1.005131898057297
39.15	1.0043945156273366
39.25	1.0001121050197468
39.35	1.0005602073421889
39.45	0.9971374368141395
39.550000000000004	0.9958665542841536
39.65	NaN
39.75	0.9902661782104246
39.85	0.9883784947816255
39.95	0.9856553546081627
40.050000000000004	0.9808786015873541
40.15	0.9827717817192911
40.25	0.9804840243601374
40.35	NaN
40.45	0.9783050924091214
40.550000000000004	0.9778248809553731
40.65	0.976745975745419
40.75	0.9790700480513519
40.85	0.9755389540959647
40.95	0.9761153182986952
41.050000000000004	0.9763763513102205
41.15	0.9771917889428797
41.25	0.9764145275374833
41.35	0.9794024716105826
41.45	0.980063057342733
41.550000000000004	0.9810468099568398
41.65	0.982166139576723
41.75	0.9829052124373466
41.85	0.9863749230900586
41.95	0.9888561660651501
42.050000000000004	0.9910049934698887
42.15	0.9925629976650984
42.25	0.9935207285663917
42.35	0.9943669161428632
42.45	0.9969331090192783
42.550000000000004	1.0004782618309571
42.65	1.0042240980847448
42.75	1.0046085091352481
42.85	1.0062980795911816
42.95	1.0093563129007752
43.050000000000004	1.0120459942082145
43.15	NaN
43.25	1.0148992549155207
43.35	1.0137269274826046
43.45	1.01775711957062
43.550000000000004	1.017480577902696
43.65	NaN
43.75	NaN
43.85	1.0204753470973253
43.95	1.0198891547274966
44.050000000000004	1.0217998667007562
44.15	1.0208784939711804
44.25	1.0248571585169206
44.35	1.0206894997463418
44.45	NaN
44.550000000000004	1.0168918354643324
44.65	1.0170096346624806
44.75	1.0164177865496633
44.85	1.013713355710714
44.95	1.013088480873423
45.050000000000004	1.010795108865895
45.15	1.0093842427922992
45.25	1.0086197174323115
45.35	1.0068476118982996
45.45	1.003442338307197
45.550000000000004	1.0029663052514002
45.65	1.0004663636619646
45.75	NaN
45.85	0.9967798827430975
45.95	NaN
46.050000000000004	0.9950799557325125
46.15	0.9932497520786798
46.25	0.9900563128519645
46.35	NaN
46.45	0.987712167646776
46.550000000000004	0.9842025823885945
46.65	NaN
46.75	0.9836370405905972
46.85	0.9832474951026767
46.95	0.9818436249723239
47.050000000000004	0.9824579224735058
47.15	0.9824969198223115
47.25	0.9829944978517012
47.35	0.9822909330083881
47.45	NaN
47.550000000000004	0.9818535190874861
47.65	0.9836868432210171
47.75	0.9845675083915519
47.85	0.9865853361837813
47.95	0.9861859189628566
48.050000000000004	0.9891660133684492
48.15	0.9901764749739272
48.25	0.9915677784164927
48.35	0.99567939239203
48.45	0.9942391546164627
48.550000000000004	0.9949217612724932
48.65	0.99762529149731
48.75	1.0002847655808143
48.85	1.000359173572463
48.95	1.0014403650332138
49.050000000000004	1.0024259950728827
49.15	1.0047812036624149
49.25	1.0084302731956907
49.35	1.009577547061767
49.45	1.0094150292799784
49.550000000000004	1.0126278751803441
49.65	1.0131462618327751
49.75	NaN
49.85	1.01447236374991
49.95	1.0141802970808607
50.050000000000004	1.0162997306528094
50.15	1.0156083934130322
50.25	1.0146354132340154
50.35	1.0149627271738795
50.45	1.0172248124347194
50.550000000000004	1.0155667207338275
50.65	1.0162662365987836
50.75	1.0156639893202073
50.85	1.014589753753789
50.95	1.0124223005220256
51.050000000000004	1.011304543388243
51.15	1.0123594164460676
51.25	1.0106910356568037
51.35	1.0072545470992236
51.45	1.0085715730053324
51.550000000000004	1.005651856336733
51.65	1.0044866511164339
51.75	1.0020075261988601
51.85	1.0011509588160226
51.95	0.9987546621417418
52.050000000000004	0.9975728986703158
52.15	NaN
52.25	0.9960267179039204
52.35	0.9933410749261389
52.45	0.9914917394808875
52.550000000000004	0.9894184340494845
52.65	0.9908408548659462
52.75	0.9888077674058533
52.85	0.9875360000022715
52.95	0.986362079246549
53.050000000000004	0.9886824478863967
53.15	0.987226242876305
53.25	0.985932838711931
53.35	0.9850841204814378
53.45	0.9835376465999897
53.550000000000004	0.9853680521580273
53.65	0.9868331276702714
53.75	0.9867988246762761
53.85	0.9875890258918819
53.95	0.9870843802228457
54.050000000000004	0.9882205127222966
54.15	0.990662991849006
54.25	0.9895770135164308
54.35	0.9902074764175416
54.45	0.9902626562926813
54.550000000000004	NaN
54.65	0.9943883485083338
54.75	0.9931386510897545
54.85	0.9966349460602136
54.95	0.997934122433348
55.050000000000004	1.0000737810772609
55.15	1.0008115014235588
55.25	1.0036379968931881
55.35	1.0047148524413698
55.45	1.0054784936854897
55.550000000000004	1.0058801046379848
55.65	NaN
55.75	1.0079810465743897
55.85	1.0101863654691492
55.95	1.0105454458696246
56.050000000000004	1.0104881934366434
56.15	1.0115586129650591
56.25	1.0121103535864044
56.35	1.0177962935186975
56.45	1.0159304667510407
56.550000000000004	1.0117827115111948
56.65	1.0148832603560956
56.75	1.010764159767287
56.85	1.0115079940451217
56.95	1.011631385351437
57.050000000000004	1.0111603989178517
57.15	1.0101269558018358
57.25	1.0091970214229855
57.35	1.0091680024730998
57.45	1.009763780897658
57.550000000000004	NaN
57.65	1.0051543031865322
57.75	1.0069269580564786
57.85	1.0072638745057796
57.95	1.004362167937753
58.050000000000004	NaN
58.15	1.0001919769330394
58.25	1.0002074146065079
58.35	0.9960107523585334
58.45	0.9976538138605231
58.550000000000004	0.9959718193124141
58.65	0.9955823197201473
58.75	NaN
58.85	0.994199848204517
58.95	0.9939509120489309
59.050000000000004	0.991805478172841
59.15	0.9907791578799198
59.25	0.990156960150209
59.35	0.9880921110374365
59.45	0.9881797907540982
59.550000000000004	0.988745589556204
59.65	NaN
59.75	0.9886105713170565
59.85	0.9887007594246714
59.95	0.9889303943535331
60.050000000000004	0.9878628866397311
60.15	0.9882543029031016
60.25	0.9903145516487674
60.35	NaN
60.45	0.9916071652782326
60.550000000000004	0.9921055414946429
60.65	0.993474989318028
60.75	0.9947106234235787
60.85	NaN
60.95	0.9964422915709146
61.050000000000004	0.9974847526152888
61.15	0.9979446737980334
61.25	0.9971799193382886
61.35	0.9986599380209404
61.45	1.0004720001686551
61.550000000000004	1.0022003589865556
61.65	1.004862441969428
61.75	1.0045576952872635
61.85	1.0049305646140045
61.95	NaN
62.050000000000004	1.006850785935438
62.15	1.0065912644876944
62.25	1.0081130631497337
62.35	1.0087303505206542
62.45	NaN
62.550000000000004	1.0111832002327126
62.65	NaN
62.75	NaN
62.85	1.011925615349709
62.95	1.0104259285603765
63.050000000000004	1.0105168297169567
63.15	1.0106828030526076
63.25	1.0097429823077115
63.35	1.0081125199231784
63.45	1.0079495520562831
63.550000000000004	1.0076081827591803
63.65	NaN
63.75	1.00389011264947
63.85	NaN
63.95	1.0044434838441234
64.05	1.0034634947878913
64.14999999999999	1.0045615134183254
64.25	1.0038496325052162
64.35	NaN
64.44999999999999	1.000429946818589
64.55	0.9997765748204802
64.64999999999999	0.9970826235920701
64.75	0.9972512458614534
64.85	0.9972583145613187
64.94999999999999	0.9966807194668926
65.05	0.9942073001675313
65.14999999999999	NaN
65.25	0.9927928444567776
65.35	0.9930673504012164
65.44999999999999	0.9918188553042933
65.55	0.9916333364436539
65.64999999999999	NaN
65.75	0.9908955707482009
65.85	0.9914567269896662
65.94999999999999	NaN
66.05	NaN
66.14999999999999	0.9895406391295356
66.25	0.9902240945825627
66.35	0.991825725683858
66.44999999999999	0.9931557487067013
66.55	NaN
66.64999999999999	0.9928706285205852
66.75	0.9927557936583493
66.85	NaN
66.94999999999999	NaN
67.05	NaN
67.14999999999999	NaN
67.25	0.9960413505691552
67.35	NaN
67.44999999999999	NaN
67.55	1.0017667259387497
67.64999999999999	0.9995264700716661
67.75	1.001282046630938
67.85	1.001835318945515
67.94999999999999	NaN
68.05	1.0034333308233265
68.14999999999999	1.003334254941876
68.25	1.004933971377695
68.35	1.0062830744994335
68.44999999999999	1.0082482819858818
68.55	1.008603599924643
68.64999999999999	NaN
68.75	1.0090873430333354
68.85	1.008044037035887
68.94999999999999	1.0076542194883142
69.05	NaN
69.14999999999999	1.0073704352087272
69.25	NaN
69.35	1.0080356930663985
69.44999999999999	1.0086913086666176
69.55	1.0077218131239667
69.64999999999999	1.0082253062948665
69.75	1.006251373148661
69.85	1.0065008359452574
69.94999999999999	1.0050221730097935
70.05	NaN
70.14999999999999	1.0043788502231465
70.25	1.0039515684807716
70.35	1.004114051077481
70.44999999999999	1.002302910509322
70.55	1.000397334811065
70.64999999999999	1.0012234507070994
70.75	1.0008056656363438
70.85	0.9991715269466033
70.94999999999999	0.998187899408046
71.05	0.9969459776243337
71.14999999999999	NaN
71.25	0.9958167619254348
71.35	NaN
71.44999999999999	0.9947521764653312
71.55	0.9951339064595913
71.64999999999999	0.9935218074523579
71.75	0.9941434570222232
71.85	NaN
71.94999999999999	NaN
72.05	0.9920986392370967
72.14999999999999	NaN
72.25	0.9921291645892557
72.35	0.9926127288124763
72.44999999999999	NaN
72.55	NaN
72.64999999999999	0.9937545084491904
72.75	0.993524024305498
72.85	0.9936317411710761
72.94999999999999	NaN
73.05	0.9933222225910375
73.14999999999999	0.9947267191915821
73.25	0.9956966096992037
73.35	0.9958729211058618
73.44999999999999	0.9966467817263001
73.55	0.9971103531080606
73.64999999999999	0.9977910963059327
73.75	0.9984321418069713
73.85	0.9992880463892819
73.94999999999999	NaN
74.05	NaN
74.14999999999999	1.0011775107776761
74.25	1.001671696418275
74.35	1.0022440817584217
74.44999999999999	1.0027771296051409
74.55	1.0032175953043834
74.64999999999999	NaN
74.75	NaN
74.85	1.0055767530751558
74.94999999999999	1.0056139331187075
75.05	1.0055754747573626
75.14999999999999	1.006953542205903
75.25	1.0077743348720403
75.35	1.0063156312659618
75.44999999999999	1.0052953801050792
75.55	1.0073310208917394
75.64999999999999	1.0066800427859672
75.75	NaN
75.85	1.0061077400613236
75.94999999999999	NaN
76.05	1.0065476523525196
76.14999999999999	1.005264152479099
76.25	1.0048543330939352
76.35	1.0042946605635537
76.44999999999999	NaN
76.55	1.0037501972343637
76.64999999999999	1.002764677142492
76.75	NaN
76.85	1.0013896326677139
76.95	1.0012465749650008
77.05	0.9986678054265294
77.14999999999999	0.9992311023684274
77.25	NaN
77.35	NaN
77.45	NaN
77.55	0.9969743317725942
77.64999999999999	NaN
77.75	0.995192331530283
77.85	0.9955824657919414
77.95	NaN
78.05	0.9951399337864537
78.14999999999999	NaN
78.25	0.9938421750706261
78.35	0.9950752183473648
78.45	NaN
78.55	NaN
78.64999999999999	NaN
78.75	0.9941653347653407
78.85	0.9938227963935257
78.95	0.9923643503504501
79.05	NaN
79.14999999999999	NaN
79.25	0.9938869747521534
79.35	0.9950254010543772
79.45	NaN
79.55	0.996951595500311
79.64999999999999	NaN
79.75	0.9981848676040239
79.85	0.9993818032913716
