0.15	0.036400758927378166
0.25	0.03676040505026858
0.35	0.036800542029135484
0.45	0.037265995544406835
0.55	0.03763734928244786
0.65	0.03785037021255657
0.7500000000000001	0.038335227119994104
0.85	0.03856532697803012
0.95	0.03943146316068565
1.05	0.03976708801992563
1.15	0.04039745023941507
1.25	0.040839936957421503
1.35	0.04201121594134481
1.45	0.04293105862697982
1.55	0.043714066516457685
1.65	0.044984961917681296
1.75	0.04620409654638776
1.85	0.047449708549961285
1.95	0.048803131361771675
2.05	0.050378842552256
2.15	0.052000312935095314
2.25	0.0540136792110234
2.35	0.055887591495582284
2.45	0.05797925684311068
2.5500000000000003	0.06033903985477644
2.65	0.06303486025741163
2.75	0.06592889276488924
2.85	0.06920801119146715
2.95	0.07240103944373455
3.0500000000000003	0.0761813769929755
3.15	0.0802470016251111
3.25	0.08475382890833622
3.35	0.09002453654520584
3.45	0.0954876897678563
3.5500000000000003	0.10178862528987226
3.65	0.10785299129253703
3.75	0.11566033998195045
3.85	0.12384784911927225
3.95	0.13365363652113246
4.05	0.1435723467520091
4.1499999999999995	0.1551626074667233
4.25	0.16840550506870036
4.35	0.18326788964477542
4.449999999999999	0.20059569652522868
4.55	0.22011189912415866
4.6499999999999995	0.2420259618127833
4.75	0.2675773537185906
4.85	0.29457684214357377
4.95	0.330286462071848
5.05	0.3691508599927374
5.1499999999999995	0.41298467327390026
5.25	0.46383602291545406
5.35	0.523815854886507
5.45	0.5981669506346791
5.55	0.6775597478596787
5.6499999999999995	0.7737023682917478
5.75	0.8872179500768833
5.85	1.0140999430751092
5.95	1.1493416351411925
6.05	1.3119840317261053
6.1499999999999995	1.4806869780630652
6.25	1.6480618658571418
6.35	1.8124495804208998
6.45	1.9549667751328428
6.55	2.060871978357117
6.6499999999999995	2.128067660235404
6.75	2.1359880342199205
6.85	2.101117504421787
6.95	2.0300260836334094
7.05	1.929597522534509
7.1499999999999995	1.8176510549389548
7.25	1.7030098030031977
7.35	1.5848295834183679
7.45	1.4723296869329248
7.55	1.3707931661003148
7.6499999999999995	1.280387942554907
7.75	1.1955052305734073
7.85	1.1222661556099252
7.95	1.055635569012004
8.05	0.9968970631478005
8.15	0.9461524261942689
8.25	0.9021971270260948
8.350000000000001	0.8635346067929452
8.450000000000001	0.8294489656889837
8.55	0.7993216252306136
8.65	0.7757637616472991
8.75	0.7550698571918397
8.850000000000001	0.7370987012090966
8.950000000000001	0.7240925992159749
9.05	0.7110832286655331
9.15	0.701578821455576
9.25	0.6941427097280304
9.350000000000001	0.690177381120851
9.450000000000001	0.6879808602191704
9.55	0.6863993441924154
9.65	0.6866169972560082
9.750000000000002	0.6908772137540174
9.85	0.6965703186660854
9.95	0.7006291662804736
10.049999999999999	0.7128692562721203
10.149999999999999	0.7209280714330077
10.25	0.7326184064404768
10.35	0.7469645755926639
10.45	0.7635075246008568
10.549999999999999	0.7797216726743322
10.649999999999999	0.7980324338669731
10.75	0.8170493405414461
10.85	0.8379730024405165
10.95	0.8623133556137105
11.049999999999999	0.8860974959349911
11.149999999999999	0.9120110689321342
11.25	0.9370302176901383
11.35	0.963359655539241
11.45	0.9919309247075568
11.549999999999999	1.018254684454694
11.649999999999999	1.0443898922349686
11.75	1.0719714718306237
11.85	1.0959615055946321
11.95	1.1219097392627613
12.049999999999999	1.1460783222408955
12.149999999999999	1.1690142551441713
12.25	1.1846523040025274
12.35	1.2043472001010618
12.45	1.2166751094942394
12.549999999999999	1.22723490983952
12.649999999999999	1.2347347006483143
12.75	1.2399334574008054
12.85	1.241877266916928
12.95	1.2405169006378558
13.049999999999999	1.2330273157249447
13.149999999999999	1.2271533176018876
13.25	1.216520259844756
13.35	1.2025000909651775
13.45	1.1846728199904968
13.549999999999999	1.1686713379954305
13.649999999999999	1.1504321270607105
13.75	1.129480954429827
13.85	1.1098474013779374
13.95	1.088419100448598
14.049999999999999	1.064849398632401
14.149999999999999	1.047258645220818
14.25	1.0242791155235622
14.35	1.0050940501948549
14.45	0.988840804962196
14.549999999999999	0.9692403386485646
14.649999999999999	0.9529353102690763
14.75	0.9376792776733173
14.85	0.923600593991856
14.95	0.9107191964304103
15.049999999999999	0.8981903977079322
15.149999999999999	0.8900455752541714
15.25	0.8797311279111991
15.35	0.8745051801511992
15.45	0.8686145099986932
15.549999999999999	0.8645498343917305
15.649999999999999	0.8619056524963999
15.75	0.857728736453193
15.85	0.8562590353164298
15.95	0.8592498845026164
16.05	0.862697770855949
16.15	0.8623576816099663
16.25	0.8679989434853319
16.349999999999998	0.8735527440766565
16.45	0.8799574269925019
16.55	0.8851778848796104
16.65	0.8932723896472996
16.75	0.9018631943971364
16.849999999999998	0.912468682084455
16.95	0.9235092819062726
17.05	0.9341045339891307
17.15	0.9474601990737366
17.25	0.9574034181894058
17.349999999999998	0.9697928076595926
17.45	0.9826265661030487
17.55	0.9958445935713042
17.65	1.0091426979932625
17.75	1.0207200367808342
17.849999999999998	1.032479164461994
17.95	1.044116183892843
18.05	1.0561843856296513
18.15	1.0657352380513125
18.25	1.0738744319491114
18.349999999999998	1.0841322614004154
18.45	1.0925852521880954
18.55	1.0970766543081152
18.65	1.103511447824293
18.75	1.1075870228122193
18.849999999999998	1.1099776704061235
18.95	1.110993592971722
19.05	1.109671820641856
19.15	1.1104921029484003
19.25	1.1087842822567335
19.35	1.1030046736845596
19.45	1.0986553115012108
19.55	1.0929970312475197
19.65	1.0857642778172452
19.75	1.0784154991186605
19.85	1.0697720631022725
19.95	1.0628491759391359
20.05	1.0547174479203807
20.15	1.0425583910600118
20.25	1.0338013759295692
20.35	1.0237893205087214
20.45	1.0148439073101725
20.55	1.0058003904717685
20.65	0.9963903796628849
20.75	0.98897705859692
20.85	0.9783866103342621
20.95	0.9714776683883077
21.05	0.9653338329731219
21.15	0.958659903455452
21.25	0.9508793697724767
21.35	0.9447817457410762
21.45	0.9379277756585263
21.55	0.9337384524602734
21.65	0.9309722233680333
21.75	0.9275346042716766
21.85	0.9261630639230085
21.95	0.9242460637004903
22.05	0.9235352665081037
22.15	0.923599240244581
22.25	0.9230765940352974
22.35	0.9237432198789476
22.45	0.9270028530830903
22.55	0.9286177820355583
22.65	0.9336607655366109
22.75	0.9354809207962828
22.85	0.9394252308166068
22.95	0.9444101405373185
23.05	0.9498384964307949
23.15	0.9573352118867454
23.25	0.9617949923363868
23.35	0.9701753438027371
23.45	0.9759479011843415
23.55	0.9831412963007564
23.65	0.9894322614299267
23.75	0.9990755015463542
23.85	1.003817818784153
23.95	1.0102776509729718
24.05	1.0164599467100697
24.15	1.0257863863484742
24.25	1.0317713919385538
24.35	1.036459576853317
24.45	1.0422727316888778
24.55	1.0465188387234894
24.65	1.048053145914101
24.75	1.0556547485056735
24.85	1.0580636330062445
24.95	1.058875099898679
25.05	1.0655729604762516
25.15	1.061599488027577
25.25	1.0650603685130546
25.35	1.0639921995094643
25.45	1.0621386912744848
25.55	1.0612507295827043
25.65	1.057317690476354
25.75	1.0541795621050183
25.85	1.0524519874049676
25.95	1.048158688441311
26.05	1.0423999673081914
26.15	1.0389064817847833
26.25	1.0330977186367418
26.35	1.0282473029983985
26.45	1.0211766881361137
26.55	1.015895468187264
26.65	1.0087704022296589
26.75	1.0063349795447851
26.85	1.0006709759280552
26.95	0.9936194252936703
27.05	0.9886436798872053
27.15	0.9851394661829761
27.25	0.9811715596405596
27.35	0.9743769802219666
27.45	0.9727105956437179
27.55	0.9665939475607258
27.65	0.9642823909231135
27.75	0.9594257347282327
27.85	0.9585577326910846
27.95	0.9573026587820285
28.05	0.9536281351508238
28.15	0.9512064807393054
28.25	0.9524686640265501
28.35	0.9524607686057021
28.45	0.9520855814455107
28.55	0.9540929582207031
28.65	0.9540150060508599
28.75	0.9553696725863913
28.85	0.9578428705412948
28.95	0.9580633609814198
29.05	0.9615603519365653
29.15	0.9649219173814667
29.25	0.972043277850262
29.35	0.9733593465425694
29.45	0.9764200248682001
29.55	0.9782583213012109
29.65	0.9812910804383504
29.75	0.9862016759497558
29.85	0.9936643592794521
29.95	NaN
30.05	0.9996908607615963
30.15	1.006592391189776
30.25	1.0095155161350888
30.35	1.0141446084652994
30.45	1.0172854605960824
30.55	1.0232326405617653
30.65	1.0236284035608685
30.75	1.030156762792019
30.85	1.0309161463135026
30.95	1.0332224406540689
31.05	1.035624279104884
31.15	1.0384020471815962
31.25	1.0387884271363679
31.35	1.0407785874211424
31.45	1.0405333626091438
31.55	1.038055272397107
31.65	1.0401574359626822
31.75	NaN
31.85	1.0382540257650978
31.95	1.0358590756300978
32.05	1.0356271286273722
32.15	1.032363607482554
32.25	1.0298306052592692
32.35	1.0271479321852863
32.45	1.0226490820564853
32.55	1.0189639058387616
32.65	1.0162294082015388
32.75	1.0130460915100608
32.85	1.0087154580631514
32.95	1.0041529583547073
33.05	1.0018068470129544
33.15	0.9987910673085549
33.25	0.9954095482015373
33.35	0.9921607474832168
33.45	0.9885915905153505
33.55	0.9849397071780575
33.65	0.9855083057917181
33.75	0.979078018244572
33.85	0.9761830016754542
33.95	0.975720615483039
34.05	0.9718523144447315
34.15	0.9721006792369791
34.25	0.9700887816478055
34.35	0.9672097470716122
34.45	0.9672146830927772
34.55	0.9666764948248775
34.65	0.9674050690713997
34.75	0.9676631291496331
34.85	0.9684175871315515
34.95	0.9696204006004534
35.05	0.9682337512731288
35.15	0.9723152857154042
35.25	0.9732383243254984
35.35	0.9741371159701983
35.45	0.9750151192419915
35.55	0.9802391379666431
35.65	0.981961526036923
35.75	0.983855671367713
35.85	0.9884077033517521
35.95	0.9914790622321117
36.05	0.9932019122562512
36.15	0.9956331795530332
36.25	0.9995966897805757
36.35	1.0014878777225533
36.45	1.004091034932795
36.55	1.0078712841533397
36.65	NaN
36.75	1.01440212935471
36.85	1.016351658881658
36.95	1.0196374913585537
37.05	1.0210965399437826
37.15	1.0217677573425377
37.25	1.0262780649101682
37.35	1.0249110396546732
37.45	1.0274661803349356
37.55	1.026978799749502
37.65	1.027281148669008
37.75	1.028754869314967
37.85	1.0278009439447764
37.95	1.0272498023783851
38.05	NaN
38.15	NaN
38.25	1.0249843428565188
38.35	1.022501581170498
38.45	1.0222143671254618
38.550000000000004	1.0198120686206735
38.65	1.0193801806374676
38.75	1.0175803109743184
38.85	1.0140220942911053
38.95	1.0111238265076146
39.050000000000004	1.0102064756187044
39.15	1.0059991891137663
39.25	1.0064153182991082
39.35	1.0003523264408716
39.45	0.9978357971606364
39.550000000000004	0.9969900345250252
39.65	NaN
39.75	0.9914505324257838
39.85	0.9870584301511837
39.95	0.9871869425887806
40.050000000000004	0.9813051467326964
40.15	0.9832595521294271
40.25	0.9822235290891395
40.35	NaN
40.45	0.9792470086512335
40.550000000000004	0.9764811313217732
40.65	0.9755897799082054
40.75	0.9789799375063026
40.85	0.9770281182764665
40.95	0.9768232076779704
41.050000000000004	0.9728739138846119
41.15	0.9770883733763076
41.25	0.9763930637642046
41.35	0.976785700027005
41.45	0.9778269127435032
41.550000000000004	0.9803261363839035
41.65	0.9822025831684777
41.75	0.983385994439782
41.85	0.9842607718981331
41.95	0.9867644541865022
42.050000000000004	0.989675980334656
42.15	0.991687677959483
42.25	0.9949747720904256
42.35	0.9948718666351765
42.45	0.9982217104855895
42.550000000000004	1.0010075567995518
42.65	1.002549265510181
42.75	1.0040388280600125
42.85	1.00399297404638
42.95	1.0099463890659517
43.050000000000004	1.0098890470850443
43.15	NaN
43.25	1.0141130477822864
43.35	1.0159534164853392
43.45	1.0160170123774954
43.550000000000004	1.0197392386596127
43.65	NaN
43.75	NaN
43.85	1.019543229769771
43.95	1.021787699706321
44.050000000000004	1.02133101813978
44.15	1.0205537548203478
44.25	1.0190992854415106
44.35	1.0215134949090223
44.45	NaN
44.550000000000004	1.0196796635532523
44.65	1.0172870611515958
44.75	1.0148420228550659
44.85	1.0150579702057925
44.95	1.0139141246665653
45.050000000000004	1.0103731092105366
45.15	1.0097086394011854
45.25	1.0085472145109828
45.35	1.0051148675129373
45.45	1.0039666731443515
45.550000000000004	1.0028000554880758
45.65	0.999550367115765
45.75	NaN
45.85	0.9959363505159918
45.95	NaN
46.050000000000004	0.9935686142669357
46.15	0.9900986123168221
46.25	0.9889543719604305
46.35	NaN
46.45	0.9858736327607672
46.550000000000004	0.984878355632538
46.65	NaN
46.75	0.9828473058632144
46.85	0.9838462362504969
46.95	0.9843099381087103
47.050000000000004	0.9820218167831818
47.15	0.9831381928622784
47.25	0.9820655492561104
47.35	0.9825087456864011
47.45	NaN
47.550000000000004	0.9827175879731926
47.65	0.9829728185829757
47.75	0.9849122574970286
47.85	0.9848064939525824
47.95	0.9862309536520973
48.050000000000004	0.9864613745656613
48.15	0.9899154049584683
48.25	0.9900803324941769
48.35	0.9918251011687755
48.45	0.9934437547702115
48.550000000000004	0.9966032364919712
48.65	0.9962638967131147
48.75	0.9992851283699572
48.85	1.0010850084520155
48.95	1.0031296198412407
49.050000000000004	1.0046668600922926
49.15	1.0086111723562083
49.25	1.005062962712699
49.35	1.0074864939453025
49.45	1.0089091166343285
49.550000000000004	1.0101481090758033
49.65	1.0108995707096156
49.75	NaN
49.85	1.0157375056260396
49.95	1.0149965567796213
50.050000000000004	1.0165492126023827
50.15	1.015206067456834
50.25	1.0172778939473517
50.35	1.0177681766001856
50.45	1.015771249831394
50.550000000000004	1.015165985474814
50.65	1.0158166616159696
50.75	1.0141663334278141
50.85	1.0140202369293316
50.95	1.0137317401557688
51.050000000000004	1.0117332504639536
51.15	1.0128322162522794
51.25	1.0107630589154672
51.35	1.008755212247827
51.45	1.0066365402875126
51.550000000000004	1.0066832079044876
51.65	1.0048064843718314
51.75	1.0085959831694724
51.85	1.001923793792432
51.95	1.0001688460365152
52.050000000000004	0.9962114624597113
52.15	NaN
52.25	0.9979365729724458
52.35	0.9944343144826208
52.45	0.9934056215786553
52.550000000000004	0.9933574726514042
52.65	0.9916703051564645
52.75	0.989640813867202
52.85	0.9885883434666451
52.95	0.9876329828535143
53.050000000000004	0.9858646911035102
53.15	0.9879887725387456
53.25	0.9863287821769833
53.35	0.986036011733942
53.45	0.9882140613124222
53.550000000000004	0.9849345132777929
53.65	0.9855869777112707
53.75	0.9836805757472102
53.85	0.9860952774380759
53.95	0.9888986856423385
54.050000000000004	0.9860293463230096
54.15	0.988670387116936
54.25	0.9897769063654418
54.35	0.9926625742322556
54.45	0.9931085774506229
54.550000000000004	NaN
54.65	0.9942730537346408
54.75	0.994402529732762
54.85	0.9975654434043332
54.95	0.996995169529228
55.050000000000004	0.9975217044822576
55.15	1.0003784347199511
55.25	1.001181440958844
55.35	1.0036690161353452
55.45	1.0071947785788717
55.550000000000004	1.0072053645633816
55.65	NaN
55.75	1.0097502831573157
55.85	1.0099951954182549
55.95	1.0103136065797753
56.050000000000004	1.008399900835962
56.15	1.0122757085119776
56.25	1.0129615815940602
56.35	0.9872775447896269
56.45	1.0135676277877355
56.550000000000004	1.0118127779186563
56.65	1.0126935980733944
56.75	1.0125873962399903
56.85	1.0121905453904723
56.95	1.0123310610738077
57.050000000000004	1.0108098329970578
57.15	1.0111174463009722
57.25	1.009806694387244
57.35	1.0087520502727112
57.45	1.0101356885683883
57.550000000000004	NaN
57.65	1.0079855648239475
57.75	1.0053495388765492
57.85	1.001934702707286
57.95	1.0032059525802193
58.050000000000004	NaN
58.15	1.000434102718004
58.25	1.0008497561749752
58.35	0.9988309437954506
58.45	0.9966015757258934
58.550000000000004	0.9966263508092608
58.65	0.996061226792768
58.75	NaN
58.85	0.9929528954059956
58.95	0.9916619347873198
59.050000000000004	0.9914377294484291
59.15	0.9913282951424167
59.25	0.9913521645918976
59.35	0.9888530287368222
59.45	0.9882974460115606
59.550000000000004	0.9875248448359669
59.65	NaN
59.75	0.9896889297255352
59.85	0.9897128750179464
59.95	0.9898117201152616
60.050000000000004	0.9889557574327061
60.15	0.9890838587064108
60.25	0.9903601054253354
60.35	NaN
60.45	0.9936798249457239
60.550000000000004	0.9918058459439243
60.65	0.9940313882829414
60.75	0.9943433909011273
60.85	NaN
60.95	0.9957936337025143
61.050000000000004	0.9967263861140098
61.15	0.9978935890957437
61.25	0.9988352453822239
61.35	0.9999153918335935
61.45	1.0021881644104011
61.550000000000004	1.0035479103582572
61.65	1.0043205639179114
61.75	1.0037414541450176
61.85	1.0055912850503812
61.95	NaN
62.050000000000004	1.0088344815726216
62.15	1.0090372972434098
62.25	1.007638299663303
62.35	1.0101380742923407
62.45	NaN
62.550000000000004	1.0103304813128546
62.65	NaN
62.75	NaN
62.85	1.011140554219889
62.95	1.0095452741157405
63.050000000000004	1.0107896679440267
63.15	1.0117053141659953
63.25	1.0089109320829273
63.35	1.0093918938361872
63.45	1.0090809382943082
63.550000000000004	1.007236504579466
63.65	NaN
63.75	1.0075227696763671
63.85	NaN
63.95	1.005082889438188
64.05	1.004455751609487
64.14999999999999	1.0030012334061724
64.25	1.0020736496481173
64.35	NaN
64.44999999999999	0.9995262218556482
64.55	0.9990149437314395
64.64999999999999	0.998176527900398
64.75	0.9972329452174006
64.85	0.9943476889092991
64.94999999999999	0.9982143783308249
65.05	0.9927098161824065
65.14999999999999	NaN
65.25	0.9937112683572926
65.35	0.9933278226055008
65.44999999999999	0.9909519868953924
65.55	0.9911512952557752
65.64999999999999	NaN
65.75	0.9886939625754212
65.85	0.9917767557054367
65.94999999999999	NaN
66.05	NaN
66.14999999999999	0.990933346497799
66.25	0.9900776862430903
66.35	0.991956920596612
66.44999999999999	0.9896469326495988
66.55	NaN
66.64999999999999	0.9915578850109896
66.75	0.9927858904757275
66.85	NaN
66.94999999999999	NaN
67.05	NaN
67.14999999999999	NaN
67.25	0.9969407360548616
67.35	NaN
67.44999999999999	NaN
67.55	0.9997365820101229
67.64999999999999	1.001270976625151
67.75	1.0008785737000552
67.85	1.0005457202072296
67.94999999999999	NaN
68.05	1.0033247988570726
68.14999999999999	1.0062402430210078
68.25	1.0055643515631225
68.35	1.0056756282463806
68.44999999999999	1.0059584922292706
68.55	1.0062203125635099
68.64999999999999	NaN
68.75	1.007743083210717
68.85	1.0075847312900512
68.94999999999999	1.0088830919142922
69.05	NaN
69.14999999999999	1.0094331362512883
69.25	NaN
69.35	1.0083105277219497
69.44999999999999	1.0059103295926215
69.55	1.0072793873125598
69.64999999999999	1.0089762547011187
69.75	1.006624506224697
69.85	1.0058708287263238
69.94999999999999	1.005896961285893
70.05	NaN
70.14999999999999	1.005468145819783
70.25	1.005649589475049
70.35	1.0037120893372968
70.44999999999999	1.0033205611825293
70.55	1.0012497383069474
70.64999999999999	0.999949837902667
70.75	1.0009054907848371
70.85	0.9990098458273231
70.94999999999999	0.9974322413323954
71.05	0.9974222816827901
71.14999999999999	NaN
71.25	0.9966679032682253
71.35	NaN
71.44999999999999	0.9955665422019313
71.55	0.9939082576171591
71.64999999999999	0.9937992125051209
71.75	0.9923618685739275
71.85	NaN
71.94999999999999	NaN
72.05	0.9924871421991666
72.14999999999999	NaN
72.25	0.991834180999704
72.35	0.9917264241248963
72.44999999999999	NaN
72.55	NaN
72.64999999999999	0.993065569344682
72.75	0.9935071498435218
72.85	0.9923684502675914
72.94999999999999	NaN
73.05	0.9943291170438858
73.14999999999999	0.9948997583583562
73.25	0.9934939370969148
73.35	0.9976782985776557
73.44999999999999	0.9956037946983008
73.55	0.9972166697437217
73.64999999999999	0.9973295812081614
73.75	0.9988332104808753
73.85	1.0004622288437235
73.94999999999999	NaN
74.05	NaN
74.14999999999999	1.0026625390535546
74.25	1.003529338474706
74.35	1.004365976197288
74.44999999999999	1.00372882676429
74.55	1.0044799557256083
74.64999999999999	NaN
74.75	NaN
74.85	1.0055435014104008
74.94999999999999	1.0072119313021082
75.05	1.006773223666427
75.14999999999999	1.0070766564609421
75.25	1.0086781157571838
75.35	1.0076277556180984
75.44999999999999	1.0065123260251185
75.55	1.006143177401246
75.64999999999999	1.0069593811003985
75.75	NaN
75.85	1.005727604655878
75.94999999999999	NaN
76.05	1.0060119586338485
76.14999999999999	1.0061623327441784
76.25	1.0045211060338706
76.35	1.0043369300945606
76.44999999999999	NaN
76.55	1.0028084331906018
76.64999999999999	1.001327766040929
76.75	NaN
76.85	1.0014326292207592
76.95	0.9977365229938331
77.05	1.0000013148657714
77.14999999999999	0.9982425615749395
77.25	NaN
77.35	NaN
77.45	NaN
77.55	0.9975068659512063
77.64999999999999	NaN
77.75	0.9939078213408294
77.85	0.9954119434372013
77.95	NaN
78.05	0.9958263030186925
78.14999999999999	NaN
78.25	0.9942698818508814
78.35	0.9920069318057243
78.45	NaN
78.55	NaN
78.64999999999999	NaN
78.75	0.993597061413629
78.85	0.9950113348351399
78.95	0.9929627483999752
79.05	NaN
79.14999999999999	NaN
79.25	0.9950499142542906
79.35	0.9949012544986073
79.45	NaN
79.55	0.9966094796332196
79.64999999999999	NaN
79.75	0.9975177670471015
79.85	0.9976926496643799
