0.15	0.01854374003330871
0.25	0.018275069657037745
0.35	0.019182562560874715
0.45	0.01919504595330963
0.55	0.019464662918298178
0.65	0.019364108566282817
0.7500000000000001	0.019684403308693296
0.85	0.019894400958634206
0.95	0.020136036530695796
1.05	0.020536053228928975
1.15	0.020821476640805664
1.25	0.02121883752983398
1.35	0.021540841898590058
1.45	0.021978041782589365
1.55	0.022588314556994286
1.65	0.023069007148808027
1.75	0.02360006622205581
1.85	0.024327015933740297
1.95	0.025127898189230037
2.05	0.025783035170094996
2.15	0.026661445399673512
2.25	0.027520900314881757
2.35	0.0286421908552206
2.45	0.029505216363844986
2.5500000000000003	0.030793992668188185
2.65	0.032039695437045
2.75	0.033378162334115766
2.85	0.034856052876719223
2.95	0.036648830323084844
3.0500000000000003	0.03834622516987017
3.15	0.04029950900059258
3.25	0.042509600495989355
3.35	0.045038812145169825
3.45	0.04753232086689016
3.5500000000000003	0.05057656788293722
3.65	0.0537501855691548
3.75	0.05746719769595528
3.85	0.060936339471082436
3.95	0.06586833410350547
4.05	0.07085681247253871
4.1499999999999995	0.07634107290437399
4.25	0.08248058894286653
4.35	0.08993396942042473
4.449999999999999	0.09759045997584936
4.55	0.10658881301698711
4.6499999999999995	0.11652085233230737
4.75	0.1291836951788612
4.85	0.14305014933651025
4.95	0.1594214997288532
5.05	0.17706025718205418
5.1499999999999995	0.19962527733603583
5.25	0.22425465379619808
5.35	0.25539732077052407
5.45	0.2924961415690659
5.55	0.3360990957842048
5.6499999999999995	0.38724149498118626
5.75	0.453642914892201
5.85	0.5291386104007763
5.95	0.6249374379743493
6.05	0.7463064079603193
6.1499999999999995	0.8996719774495703
6.25	1.0835517647820054
6.35	1.301930384520431
6.45	1.5784769298279506
6.55	1.8886187812560025
6.6499999999999995	2.2215906736450197
6.75	2.5299276537568125
6.85	2.7897406581108806
6.95	2.9302561110957996
7.05	2.9112554169864677
7.1499999999999995	2.7723458255698743
7.25	2.5544597729193845
7.35	2.2935556244887665
7.45	2.0396891067969203
7.55	1.8145972807612045
7.6499999999999995	1.6062218565938313
7.75	1.431856094834635
7.85	1.2814150672040607
7.95	1.1628910335276066
8.05	1.0607742264505706
8.15	0.9748275984245237
8.25	0.8992311986004407
8.350000000000001	0.8387937561334535
8.450000000000001	0.7874005490669215
8.55	0.7437667663366486
8.65	0.7069017436027577
8.75	0.6765310368651708
8.850000000000001	0.6516152438663005
8.950000000000001	0.630017589907029
9.05	0.6119462837272528
9.15	0.598672403885357
9.25	0.5882187868333449
9.350000000000001	0.5791719147892118
9.450000000000001	0.5731414772928868
9.55	0.5697654932455934
9.65	0.5688379581315572
9.750000000000002	0.5690170349301308
9.85	0.5732330271164366
9.95	0.5783481318846803
10.049999999999999	0.5852348008526989
10.149999999999999	0.5952093997129982
10.25	0.6059813417728345
10.35	0.6193134402481671
10.45	0.6335758013837604
10.549999999999999	0.6528199649269214
10.649999999999999	0.6721108339011743
10.75	0.6953586893858709
10.85	0.71986034761023
10.95	0.7468447041076749
11.049999999999999	0.7788248045504309
11.149999999999999	0.8108983933701963
11.25	0.8458536301863716
11.35	0.8807678744126904
11.45	0.9189507479642945
11.549999999999999	0.9614692391470755
11.649999999999999	1.0030678739756946
11.75	1.0455913366564786
11.85	1.0862848643472678
11.95	1.1223338410829238
12.049999999999999	1.1643229646068123
12.149999999999999	1.1991339128172571
12.25	1.231258441674869
12.35	1.2601600665132235
12.45	1.2843054721392062
12.549999999999999	1.3043557417352494
12.649999999999999	1.3190128922471498
12.75	1.3307160827874143
12.85	1.3343967873229488
12.95	1.338281399564096
13.049999999999999	1.3388842673297416
13.149999999999999	1.3348437836420812
13.25	1.3288270764237273
13.35	1.317580520986117
13.45	1.3024022805135216
13.549999999999999	1.2871960506387474
13.649999999999999	1.2667859780627997
13.75	1.2426302140237093
13.85	1.2158339385612624
13.95	1.1888165330979517
14.049999999999999	1.1615796338075874
14.149999999999999	1.129323419908087
14.25	1.097221238120765
14.35	1.0655420038692676
14.45	1.0327956879099585
14.549999999999999	1.0050431397383037
14.649999999999999	0.9741410348581093
14.75	0.9439379398202892
14.85	0.9210650059327155
14.95	0.8968086355742545
15.049999999999999	0.8767784750144775
15.149999999999999	0.8584915767229361
15.25	0.839148913173204
15.35	0.8252736593362524
15.45	0.8123746552536578
15.549999999999999	0.8037500143008928
15.649999999999999	0.7959568688741963
15.75	0.788748739092999
15.85	0.7844165276345975
15.95	0.7832117737854791
16.05	0.782943075348506
16.15	0.7831439642959566
16.25	0.7877229861587958
16.349999999999998	0.7913583784933277
16.45	0.7986119237924787
16.55	0.8062040112019588
16.65	0.8172957637882219
16.75	0.8269836206841109
16.849999999999998	0.8403724156728191
16.95	0.8535221266877069
17.05	0.8697377356220448
17.15	0.8861346844575221
17.25	0.9051258588511413
17.349999999999998	0.9247123038184824
17.45	0.9440863942949279
17.55	0.9623651730541211
17.65	0.9841587266979162
17.75	1.0038004912074603
17.849999999999998	1.0251289093657547
17.95	1.0467946455642025
18.05	1.0656988063243362
18.15	1.084414885050745
18.25	1.1038442828123256
18.349999999999998	1.1214848634071402
18.45	1.1325789597519482
18.55	1.1471774985100769
18.65	1.1577324451245101
18.75	1.1661517345617574
18.849999999999998	1.1719871119668823
18.95	1.1730298979723355
19.05	1.177577423487199
19.15	1.173291106019136
19.25	1.1702834280359238
19.35	1.1661816754514318
19.45	1.1597781287114435
19.55	1.1521065108552295
19.65	1.1434037108221256
19.75	1.130952066198791
19.85	1.1215601939203657
19.95	1.1070053286241943
20.05	1.093184349157615
20.15	1.0792643693475001
20.25	1.0675450314985475
20.35	1.0528149959138964
20.45	1.0396153688411434
20.55	1.0250111380857838
20.65	1.0084519530845648
20.75	0.9973415116512467
20.85	0.984425694916366
20.95	0.9693799518079442
21.05	0.9588604484569595
21.15	0.9461641510695022
21.25	0.9363242305062968
21.35	0.9267075719777618
21.45	0.9178240226003306
21.55	0.9111030689544607
21.65	0.903749145874052
21.75	0.8969964237617793
21.85	0.8930797876134875
21.95	0.8897513290215958
22.05	0.8839076863508853
22.15	0.8811731095014455
22.25	0.8809633972079616
22.35	0.8805354650044409
22.45	0.8813674672397814
22.55	0.8838501090682758
22.65	0.8869189213992835
22.75	0.8911085915302623
22.85	0.8981751119717927
22.95	NaN
23.05	0.9096689493468424
23.15	0.9181002834783454
23.25	0.92602746094039
23.35	0.9327177254596085
23.45	0.9433873355018927
23.55	0.9573318730655511
23.65	0.9709804879250843
23.75	0.9804920576946403
23.85	0.9901265225985131
23.95	1.0013689551174916
24.05	1.0143854349447912
24.15	1.0249828157551455
24.25	1.0356097706912142
24.35	1.0493623277011181
24.45	1.0583768014280535
24.55	1.0690233052274491
24.65	1.0772104755249818
24.75	1.0847948690215998
24.85	1.0924119757814323
24.95	1.0968226066531441
25.05	1.1003147475732955
25.15	1.1040429110749972
25.25	1.1047906478012774
25.35	1.104557546825611
25.45	1.1039063913999574
25.55	1.1017047568861427
25.65	1.0968642869010627
25.75	1.0945940195649229
25.85	1.089095609266197
25.95	1.0824763935834487
26.05	1.075742920955778
26.15	1.0690080410379679
26.25	1.0589250688441147
26.35	1.0525782876102305
26.45	1.041918228268683
26.55	1.0336646350110408
26.65	1.024325926758068
26.75	1.0163276819054992
26.85	1.0075356150279564
26.95	1.0005102008535958
27.05	0.9904567679318645
27.15	0.982634670850178
27.25	0.9739529903274439
27.35	0.9662050166216375
27.45	0.9572383028886573
27.55	0.9529262415086391
27.65	0.9478639244704001
27.75	0.9424502282641101
27.85	0.9424441504734892
27.95	0.933895857992061
28.05	0.9325240868638578
28.15	0.9286078424697555
28.25	0.9271469670286211
28.35	0.9233014459547494
28.45	0.9252401793351467
28.55	0.924859186239115
28.65	0.9257368051973627
28.75	0.927192026225085
28.85	0.9267856713863069
28.95	0.9314130805367765
29.05	0.9357083067572635
29.15	0.9371299447145309
29.25	0.9426109233233003
29.35	0.9489992032823602
29.45	0.9529111646424789
29.55	0.9584460145283624
29.65	0.9656679948642568
29.75	0.9706283073018462
29.85	0.9781907772121488
29.95	0.986546536889224
30.05	0.9938470101301203
30.15	0.9991025715564316
30.25	1.008744225259196
30.35	1.0166867533546031
30.45	1.023464963107039
30.55	1.0298344139263713
30.65	1.0374764872509996
30.75	1.0408634391615421
30.85	1.05476909814471
30.95	1.0526737403011428
31.05	1.0576502771994785
31.15	1.0610714492856068
31.25	1.0658015739479456
31.35	1.065187630424532
31.45	1.0673386089712324
31.55	1.0684662246908307
31.65	1.068997704556799
31.75	1.067618665108913
31.85	1.0644075396056958
31.95	1.0652296084946136
32.05	1.0615237722590602
32.15	1.057754551919642
32.25	1.0522299698523927
32.35	1.0480612557733542
32.45	1.0418837035230253
32.55	1.038691048190683
32.65	1.0335484139516482
32.75	1.0280502879375732
32.85	1.0195677344259366
32.95	1.0134140000042442
33.05	1.0088764558626881
33.15	1.0034910698015753
33.25	0.9958548329050824
33.35	0.9908096510118215
33.45	0.9851475222899476
33.55	0.9793803697288187
33.65	0.9750386067330683
33.75	0.9687665349498487
33.85	0.9642478558850474
33.95	0.9648020272663322
34.05	0.9590293255247879
34.15	0.9555570932704949
34.25	0.9529191294209041
34.35	0.9518413097374846
34.45	0.947341684793378
34.55	0.9484567988067799
34.65	0.9469005627613236
34.75	0.9471397323934595
34.85	0.9477614842801267
34.95	0.9483687729173335
35.05	0.9488549847979952
35.15	0.9501273276764572
35.25	0.9518333375720629
35.35	0.9559425659382026
35.45	0.9594271631423665
35.55	0.962970887364024
35.65	0.9673380614315149
35.75	0.9697320030542342
35.85	0.9742589544365345
35.95	0.9800556204881957
36.05	0.9852895977377801
36.15	0.9903415535511534
36.25	0.9941858108145494
36.35	0.9988315539628924
36.45	1.003547026371998
36.55	NaN
36.65	1.0130023423855803
36.75	1.0187508146072823
36.85	1.0239289431901708
36.95	1.0274332499842391
37.05	1.0302423385369215
37.15	1.034605505308839
37.25	1.0387431797374262
37.35	1.042270178612305
37.45	1.044068881795382
37.55	1.0464444771229928
37.65	NaN
37.75	1.0424070966954497
37.85	1.0438370367346226
37.95	1.0477672240302753
38.05	1.0463562538591749
38.15	1.0447818092595027
38.25	1.0462868988262857
38.35	1.0427483259951749
38.45	1.0383387529267711
38.550000000000004	1.0343605923621897
38.65	1.03007113098565
38.75	1.0299629996975317
38.85	1.024472351569531
38.95	1.0214595193539868
39.050000000000004	1.0178118919887462
39.15	NaN
39.25	NaN
39.35	NaN
39.45	NaN
39.550000000000004	0.9946065903313351
39.65	0.9900095647101206
39.75	0.9863799476097032
39.85	0.9838484141531232
39.95	0.9785758427627033
40.050000000000004	0.9780806873503298
40.15	NaN
40.25	0.9717187443896195
40.35	0.9682214193330211
40.45	0.9663990744936343
40.550000000000004	0.9650306585296157
40.65	0.9634836008621421
40.75	0.9647551509607223
40.85	0.9634072484182552
40.95	0.9612983817219106
41.050000000000004	0.962875528309494
41.15	0.9616971749153105
41.25	0.960802578696768
41.35	0.9631504781405107
41.45	0.9674407541125405
41.550000000000004	NaN
41.65	0.9683670537696215
41.75	0.9710201747005678
41.85	0.9732279849960151
41.95	0.9776189868694454
42.050000000000004	0.9802065109413572
42.15	NaN
42.25	0.9862242630763016
42.35	0.9914399495532551
42.45	0.9939929637081283
42.550000000000004	0.9975999070746555
42.65	1.0016428475942558
42.75	1.0048389121285084
42.85	1.0087248850147776
42.95	1.0113391097549802
43.050000000000004	1.0155384086457035
43.15	1.0174759570497525
43.25	1.0227977467904883
43.35	1.02590049251033
43.45	1.029310495121846
43.550000000000004	1.0323020527433664
43.65	NaN
43.75	1.0320130317955845
43.85	1.032622845986966
43.95	1.0345970345159
44.050000000000004	1.034058345731879
44.15	1.0356888887148574
44.25	NaN
44.35	1.0337658201168494
44.45	1.032311511125905
44.550000000000004	1.0316718694394031
44.65	1.0294195043364416
44.75	1.0270540314258185
44.85	1.0253003236837066
44.95	1.0217668036951335
45.050000000000004	1.0158636614240169
45.15	1.0169681426100352
45.25	1.0143861126995213
45.35	NaN
45.45	1.007604644887147
45.550000000000004	1.0049899345065672
45.65	NaN
45.75	0.9984361762068211
45.85	0.9952587283473042
45.95	0.9917418933022175
46.050000000000004	0.9897808766688029
46.15	0.9867632658094442
46.25	0.9832244922146133
46.35	0.983353513157998
46.45	0.9801672738369102
46.550000000000004	0.9773695938414877
46.65	NaN
46.75	0.9735527544354943
46.85	0.9716874126364632
46.95	0.972096307384686
47.050000000000004	0.9714745898463408
47.15	0.9707673793526876
47.25	0.9692780243967906
47.35	0.9710981056850125
47.45	0.971694263996478
47.550000000000004	0.9713243956401965
47.65	0.9730647097005823
47.75	0.9740646701119203
47.85	0.974498524229274
47.95	0.9767654486591935
48.050000000000004	0.9782273436551242
48.15	0.9824963717099764
48.25	0.9834998714755965
48.35	0.985577297316403
48.45	0.9891386485104934
48.550000000000004	0.9902221561614049
48.65	0.9925915772821893
48.75	0.9969372143653198
48.85	0.9986770355574047
48.95	1.0008894786886378
49.050000000000004	1.0041212691235561
49.15	NaN
49.25	1.01057844077748
49.35	1.0124800429637038
49.45	1.0136434597669082
49.550000000000004	1.0170366858240347
49.65	1.0198618473234111
49.75	1.02338259695922
49.85	1.022470714746024
49.95	1.0206657999959985
50.050000000000004	1.0263781255867377
50.15	1.0267597531872548
50.25	1.0264421003514703
50.35	1.0282122432104117
50.45	1.0267633064765103
50.550000000000004	1.0261150019033418
50.65	1.024002573850637
50.75	1.0257331159702696
50.85	1.0224412849526772
50.95	NaN
51.050000000000004	1.0212461443664085
51.15	1.0190333022633435
51.25	1.0161714974516403
51.35	1.0152611172819233
51.45	1.013680356984594
51.550000000000004	NaN
51.65	1.0070524086964545
51.75	1.004818422160864
51.85	1.0039145356101664
51.95	1.0032770565625835
52.050000000000004	NaN
52.15	0.9976164366731096
52.25	0.993492398886787
52.35	0.9912004151322402
52.45	0.9895704668912553
52.550000000000004	0.9877024095610526
52.65	0.9879653165141289
52.75	0.9824891389647253
52.85	0.9821673741720907
52.95	NaN
53.050000000000004	0.9793469931721899
53.15	NaN
53.25	0.9770188334850433
53.35	0.9790424215733766
53.45	0.9783441590303288
53.550000000000004	NaN
53.65	0.9773465274825083
53.75	NaN
53.85	0.9785600187819802
53.95	0.9810539476082561
54.050000000000004	NaN
54.15	0.9795017025733668
54.25	NaN
54.35	0.9829879627380206
54.45	0.9857922267819831
54.550000000000004	NaN
54.65	0.9899232848082435
54.75	0.9924532152232155
54.85	0.9952278199119381
54.95	0.9943890829294313
55.050000000000004	0.9983044986035167
55.15	1.0006800120933685
55.25	1.0022953326718675
55.35	1.0048396875703969
55.45	1.0080423564412522
55.550000000000004	1.0062302361656934
55.65	1.00609385209834
55.75	1.013284986875764
55.85	1.0159539621644729
55.95	1.0160478104150354
56.050000000000004	1.0179899767924698
56.15	1.0171660363163282
56.25	1.020200715314951
56.35	1.020239595700258
56.45	1.0226958389036505
56.550000000000004	1.019598709228475
56.65	1.0220384332573593
56.75	NaN
56.85	1.0221779280605519
56.95	1.0194115517688587
57.050000000000004	1.019186556385438
57.15	1.0186081923639554
57.25	1.0146100633590929
57.35	NaN
57.45	1.0157720021229404
57.550000000000004	1.0130579045095587
57.65	1.0107168583770234
57.75	1.011257180714628
57.85	1.004935047690653
57.95	1.0047085246459293
58.050000000000004	1.0029513153697174
58.15	1.0012572507935016
58.25	0.998692959806397
58.35	0.9981965085921243
58.45	NaN
58.550000000000004	0.9933091646882732
58.65	0.9931946647001598
58.75	NaN
58.85	0.9886241291658562
58.95	NaN
59.050000000000004	0.9893400270085517
59.15	0.9842344751528431
59.25	0.9832457085659639
59.35	0.9852130131890525
59.45	0.9814640033383558
59.550000000000004	0.9820813016833776
59.65	0.9828625495593976
59.75	0.9823557970689487
59.85	NaN
59.95	0.9818921983478905
60.050000000000004	NaN
60.15	0.983181457765171
60.25	0.9831150011566776
60.35	NaN
60.45	0.9849725927268267
60.550000000000004	0.9863235331834148
60.65	0.9889647952256405
60.75	0.9891518255576265
60.85	0.9909167769754557
60.95	0.9930881505977861
61.050000000000004	0.99470446711532
61.15	0.9960835382506045
61.25	0.9975557157342531
61.35	0.9986730473985179
61.45	1.0007168774670698
61.550000000000004	NaN
61.65	1.0033474356902752
61.75	NaN
61.85	NaN
61.95	1.010140372798783
62.050000000000004	1.012436409137084
62.15	1.012049891668671
62.25	1.0132411602421851
62.35	1.0154054768380334
62.45	1.0147350593693119
62.550000000000004	1.0144164584980644
62.65	1.0154948531880366
62.75	1.0171934976174024
62.85	1.0172031569623772
62.95	1.0167978284358514
63.050000000000004	1.0186575724566227
63.15	1.015951034523455
63.25	NaN
63.35	1.0155561299347304
63.45	1.01520067658512
63.550000000000004	1.0159295012057843
63.65	1.0152994401665731
63.75	1.0118971530616914
63.85	1.011078492476244
63.95	1.006750355262041
64.05	1.0076400853730647
64.14999999999999	1.008005846561444
64.25	1.0057776217745518
64.35	1.003888049653837
64.44999999999999	1.0003606469899216
64.55	0.9998072150144941
64.64999999999999	0.9974011183803128
64.75	0.9924222871458243
64.85	0.99562387060333
64.94999999999999	0.9933702894166001
65.05	0.9926248432240455
65.14999999999999	0.9896258759765414
65.25	NaN
65.35	0.9874422363212866
65.44999999999999	NaN
65.55	0.986222541902909
65.64999999999999	0.9861488866562353
65.75	0.9851222683131333
65.85	0.9834637133177183
65.94999999999999	0.9855223764797577
66.05	NaN
66.14999999999999	0.9845595575021139
66.25	0.9849496536477051
66.35	0.9862664631422299
66.44999999999999	0.9854665518385473
66.55	0.9869091727488496
66.64999999999999	NaN
66.75	0.9896447621009471
66.85	NaN
66.94999999999999	NaN
67.05	0.9905099376476093
67.14999999999999	0.9917751506966895
67.25	0.9953075413794831
67.35	0.9955995490205884
67.44999999999999	0.9966989230113645
67.55	0.9980342202198895
67.64999999999999	NaN
67.75	NaN
67.85	1.004420738779093
67.94999999999999	1.0041661601571479
68.05	1.0045313105634537
68.14999999999999	1.0049806721748475
68.25	NaN
68.35	1.0083585037137521
68.44999999999999	1.01172641290261
68.55	1.0120044626333058
68.64999999999999	NaN
68.75	1.0115157079026889
68.85	1.0145095341677932
68.94999999999999	1.015145412129922
69.05	1.0138747296966253
69.14999999999999	1.0136389655627709
69.25	1.0142249881361212
69.35	1.013971718208259
69.44999999999999	NaN
69.55	1.015097940072275
69.64999999999999	1.0141633723708694
69.75	NaN
69.85	1.0121638369043018
69.94999999999999	NaN
70.05	1.009448320593937
70.14999999999999	1.0069624898192118
70.25	NaN
70.35	1.005932025242848
70.44999999999999	NaN
70.55	1.00388141735312
70.64999999999999	1.002781641940631
70.75	1.0021513794505585
70.85	0.9985215726666348
70.94999999999999	0.9979795520530601
71.05	0.9969549052003445
71.14999999999999	0.9944036018528152
71.25	NaN
71.35	0.9929397902316057
71.44999999999999	0.9926278738130108
71.55	0.9936438872957716
71.64999999999999	0.9906838333355943
71.75	0.9895539603745567
71.85	0.9885592923842162
71.94999999999999	0.9886784172834868
72.05	NaN
72.14999999999999	NaN
72.25	NaN
72.35	NaN
72.44999999999999	0.9877247553133397
72.55	0.9856463871654719
72.64999999999999	0.9883010507059388
72.75	NaN
72.85	0.9864296695002435
72.94999999999999	0.9895668065571981
73.05	0.9903474796060175
73.14999999999999	0.9905157562191234
73.25	0.990918201983723
73.35	0.99334084914412
73.44999999999999	NaN
73.55	0.994470956024132
73.64999999999999	NaN
73.75	NaN
73.85	0.9991046669248114
73.94999999999999	0.9989546756097174
74.05	1.0013841657710174
74.14999999999999	1.0028469437619572
74.25	1.0040033786980072
74.35	1.0047757691605723
74.44999999999999	1.0068263951537
74.55	1.0061748498168888
74.64999999999999	1.006436956555913
74.75	1.0081051681437836
74.85	1.007963623756417
74.94999999999999	1.0074863192865806
75.05	1.0103657484065194
75.14999999999999	1.0113752876750495
75.25	NaN
75.35	NaN
75.44999999999999	NaN
75.55	1.012623858852075
75.64999999999999	NaN
75.75	NaN
75.85	1.0115739381789057
75.94999999999999	1.0104246366196423
76.05	1.009773402033684
76.14999999999999	1.0096206489138717
76.25	NaN
76.35	1.0073603937186149
76.44999999999999	NaN
76.55	1.0062434907030682
76.64999999999999	1.0043670773260633
76.75	NaN
76.85	NaN
76.95	NaN
77.05	NaN
77.14999999999999	1.0014204349227283
77.25	0.9976126483398912
77.35	0.9962702858407892
77.45	0.9967672862252396
77.55	0.9946327515849068
77.64999999999999	0.9937030194888777
77.75	0.9933577552923653
77.85	0.9921551489343098
77.95	0.9895433018675671
78.05	0.9914287832651617
78.14999999999999	0.9908757509100511
78.25	0.9908860380153917
78.35	0.991720753951639
78.45	NaN
78.55	NaN
78.64999999999999	0.9907337121579765
78.75	0.9891262902748095
78.85	NaN
78.95	0.9893799836906334
79.05	NaN
79.14999999999999	NaN
79.25	0.9915690338663942
79.35	NaN
79.45	0.9938994757777556
79.55	0.9937307580146725
79.64999999999999	NaN
79.75	0.9956943165099108
79.85	0.9952480813564163
