0.15	0.03540626429195689
0.25	0.03610673862729605
0.35	0.03696495763230787
0.45	0.037231440159040244
0.55	0.03729908013641913
0.65	0.037491048759978045
0.7500000000000001	0.03812792613999179
0.85	0.038975616184480553
0.95	0.0391453270020647
1.05	0.039785202349173016
1.15	0.040330215297017004
1.25	0.04088419386519377
1.35	0.04192071309374501
1.45	0.042796988813251204
1.55	0.04377744913800334
1.65	0.044984522808785135
1.75	0.04610578038516299
1.85	0.04746974575137714
1.95	0.0489359617457603
2.05	0.05053337227838424
2.15	0.05195658298110217
2.25	0.05407088666860396
2.35	0.05595192819019103
2.45	0.05807262963476009
2.5500000000000003	0.06032330687953041
2.65	0.06318570913445976
2.75	0.06601116506115642
2.85	0.06908760099396803
2.95	0.0726254590304239
3.0500000000000003	0.07618787815385311
3.15	0.08034825792363727
3.25	0.0848112928262585
3.35	0.0899064688965361
3.45	0.09550173828854064
3.5500000000000003	0.10160099016545458
3.65	0.10804279400734676
3.75	0.11582436979978916
3.85	0.12402982761668316
3.95	0.1337833699179723
4.05	0.1435512253649363
4.1499999999999995	0.1551306020244555
4.25	0.16822808696168798
4.35	0.1834793456004436
4.449999999999999	0.20018985022607144
4.55	0.22013769172953204
4.6499999999999995	0.24154912735625134
4.75	0.26770803856855047
4.85	0.2951967191011275
4.95	0.32980343802676554
5.05	0.36909910087133907
5.1499999999999995	0.4133054415828844
5.25	0.4644569370169573
5.35	0.5238207060800216
5.45	0.597244702810941
5.55	0.6772277212209057
5.6499999999999995	0.774195529406547
5.75	0.8860405314084104
5.85	1.013897066143586
5.95	1.1491069971058894
6.05	1.3081859465978927
6.1499999999999995	1.48202589218078
6.25	1.6509965938581634
6.35	1.8154835037756913
6.45	1.9591033355998961
6.55	2.061063054906553
6.6499999999999995	2.1212379782892983
6.75	2.1366385469819336
6.85	2.1048822007869084
6.95	2.0264245014534925
7.05	1.9328146716649892
7.1499999999999995	1.8180884497375294
7.25	1.7024706782195234
7.35	1.583914734899226
7.45	1.4715566190887774
7.55	1.370497229355181
7.6499999999999995	1.2825272043420486
7.75	1.1934388796843283
7.85	1.12130292012255
7.95	1.0547989620533778
8.05	0.9966950246419871
8.15	0.9471360442589444
8.25	0.9038335076908983
8.350000000000001	0.863580851805974
8.450000000000001	0.8304167293970418
8.55	0.7997352013156587
8.65	0.7781527610803411
8.75	0.7546359282475714
8.850000000000001	0.7366106035552389
8.950000000000001	0.7221954657436371
9.05	0.7107965486204305
9.15	0.7016175295134691
9.25	0.6949275108611186
9.350000000000001	0.6896326955274692
9.450000000000001	0.6864703412696939
9.55	0.6861078305731944
9.65	0.6884597461922538
9.750000000000002	0.6910441822529595
9.85	0.695603835472294
9.95	0.7040368294006835
10.049999999999999	0.7110529054097365
10.149999999999999	0.7216829404486327
10.25	0.7335383357403595
10.35	0.7473878397322149
10.45	0.7621375829421039
10.549999999999999	0.7780428349694464
10.649999999999999	0.7982901482714637
10.75	0.8178108775318998
10.85	0.8386500325438723
10.95	0.8618164737081038
11.049999999999999	0.8863937062751691
11.149999999999999	0.9104037575166386
11.25	0.9378464322870551
11.35	0.9635073070680976
11.45	0.9907458120769603
11.549999999999999	1.0171867754655812
11.649999999999999	1.0445339066638242
11.75	1.0716381350482957
11.85	1.0993518195311465
11.95	1.1224829995107308
12.049999999999999	1.146115669169768
12.149999999999999	1.1663464742450078
12.25	1.1872532962298008
12.35	1.2040932850859047
12.45	1.2174228456226144
12.549999999999999	1.2290731397309038
12.649999999999999	1.2362822114430247
12.75	1.2398047567943782
12.85	1.2402286695752427
12.95	1.240200409366655
13.049999999999999	1.2350285585238185
13.149999999999999	1.2278253358253606
13.25	1.2140706512167114
13.35	1.2005823292388405
13.45	1.1867509460687886
13.549999999999999	1.1697767104405323
13.649999999999999	1.1499382873063382
13.75	1.1303606349968862
13.85	1.108938671422874
13.95	1.0859193913913512
14.049999999999999	1.065948022659478
14.149999999999999	1.045421000741594
14.25	1.0236281187753844
14.35	1.0054522647566073
14.45	0.9876506607330655
14.549999999999999	0.9709313178751073
14.649999999999999	0.9540818089665182
14.75	0.936781843388736
14.85	0.9232106107346596
14.95	0.9123949586759492
15.049999999999999	0.8991402765996899
15.149999999999999	0.8903312322018951
15.25	0.8814551476788333
15.35	0.875195882678558
15.45	0.8677826005124423
15.549999999999999	0.8656785370678605
15.649999999999999	0.8612852754301443
15.75	0.8582457792016028
15.85	0.8585444447319912
15.95	0.8583558467426722
16.05	0.861460840137922
16.15	0.8641043270439422
16.25	0.8675409821095116
16.349999999999998	0.872934947660621
16.45	0.8790031330516366
16.55	0.8855933571367437
16.65	0.8948119611423295
16.75	0.9011668844177068
16.849999999999998	0.912559698216769
16.95	0.923084071577697
17.05	0.9330871937065573
17.15	0.9479168426984171
17.25	0.9577183217187853
17.349999999999998	0.970441574442607
17.45	0.9817840268232232
17.55	0.9970009980165799
17.65	1.0077901990027314
17.75	1.0207325795951256
17.849999999999998	1.0334165662390558
17.95	1.0451639393311838
18.05	1.0556590303180093
18.15	1.0658618010145975
18.25	1.0757344495758037
18.349999999999998	1.0833310527563753
18.45	1.0914362554446384
18.55	1.0974519927130033
18.65	1.104508151772632
18.75	1.1060737632230528
18.849999999999998	1.110244556968064
18.95	1.1106073598700186
19.05	1.1099831161005502
19.15	1.1095871903563452
19.25	1.1055462475082656
19.35	1.103700996496833
19.45	1.099683856824137
19.55	1.0926255412633545
19.65	1.0868870259835262
19.75	1.0792457775552944
19.85	1.0726997903939082
19.95	1.063617481152732
20.05	1.052427587865362
20.15	1.0444862211311876
20.25	1.0337614564190545
20.35	1.0233508313661122
20.45	1.0130837544841333
20.55	1.004754828017521
20.65	0.9957930841387788
20.75	0.9867151740507841
20.85	0.9790811995157165
20.95	0.9688419772159695
21.05	0.9644331586792962
21.15	0.9568884670917114
21.25	0.9505045222721009
21.35	0.942428853353725
21.45	0.9391191193274703
21.55	0.9356392083092934
21.65	0.9314820400262325
21.75	0.9283090450316825
21.85	0.9269040432544732
21.95	0.9248287046442865
22.05	0.9218562489753324
22.15	0.9227847241646675
22.25	0.9226586358711326
22.35	0.9250660150180189
22.45	0.9246992618353029
22.55	0.9283411766480316
22.65	0.9320236486417486
22.75	0.9358110719886482
22.85	0.9415284044626991
22.95	0.9434040259922916
23.05	0.9498443543917379
23.15	0.9565070181492428
23.25	0.9628954477193333
23.35	0.967269144161422
23.45	0.9766100317750631
23.55	0.9823294427366479
23.65	0.989168487170615
23.75	0.9966475189487012
23.85	1.0061128197217437
23.95	1.012169680776927
24.05	1.0165558917252915
24.15	1.0242833433746108
24.25	1.0303938509472645
24.35	1.0377312372726097
24.45	1.0412107777079347
24.55	1.045857177946203
24.65	1.0507972683295757
24.75	1.0550280447957001
24.85	1.0573529595959419
24.95	1.061314877599748
25.05	1.0669000862635076
25.15	1.0614645605006436
25.25	1.062471106818187
25.35	1.0638459851163757
25.45	1.0625454672014707
25.55	1.0613861842558294
25.65	1.0591040139784063
25.75	1.0559856761934385
25.85	1.0473741618910941
25.95	1.0478298350778898
26.05	1.0424930083539423
26.15	1.0386330939075339
26.25	1.0318341278012166
26.35	1.0273042440841762
26.45	1.0229620918887528
26.55	1.0158563679323358
26.65	1.00695271138633
26.75	1.0059488037887294
26.85	0.999910192736065
26.95	0.9960364480475997
27.05	0.9885546427678226
27.15	0.9855254175626861
27.25	0.9786698238071928
27.35	0.9767492222837536
27.45	0.9700381129128951
27.55	0.9682787677378198
27.65	0.9645667384886447
27.75	0.9615548020088688
27.85	0.957956558832517
27.95	0.9557067059923805
28.05	0.9545932109568676
28.15	0.9534784710530743
28.25	0.9527974576520195
28.35	0.9505245561597124
28.45	0.9532609990939068
28.55	0.9528765617460467
28.65	0.9542555794141714
28.75	0.9545187864894998
28.85	0.9580498268806571
28.95	0.9589429830060929
29.05	0.9612198498670504
29.15	0.9650266009338335
29.25	0.9692546472221145
29.35	0.9702650522092625
29.45	0.9746497563575057
29.55	0.9786355958645726
29.65	0.9816309147905565
29.75	0.9873282170553513
29.85	0.9931830780252779
29.95	NaN
30.05	0.9999247654257991
30.15	1.0047086203533093
30.25	1.0101090180503243
30.35	1.0134960047497468
30.45	1.018447686036963
30.55	1.0227707008004607
30.65	1.0259916579544957
30.75	1.027770877729989
30.85	1.031690538656852
30.95	1.0345335026566227
31.05	1.0354714066302455
31.15	1.0380198625605361
31.25	1.038734772534893
31.35	1.0406501694131665
31.45	1.0420548244917593
31.55	1.0395796652050289
31.65	1.040264584613649
31.75	NaN
31.85	1.0373798150404065
31.95	1.0365432148859575
32.05	1.0329623920206354
32.15	1.0320303569411342
32.25	1.0318907643077653
32.35	1.0282779638344948
32.45	1.0211632627452898
32.55	1.0211262461242054
32.65	1.0186765009497518
32.75	1.0135622026667996
32.85	1.0094690311568084
32.95	1.0046700590761213
33.05	1.0035583684974505
33.15	0.9996435912548148
33.25	0.9932502821340108
33.35	0.9892543147507
33.45	0.9882028948943967
33.55	0.984215987284475
33.65	0.9802178195315631
33.75	0.9791733116294835
33.85	0.9748628920798753
33.95	0.9742447475720415
34.05	0.9704283129970818
34.15	0.9696902877345566
34.25	0.9685302293019492
34.35	0.9686744760446038
34.45	0.9652236401687742
34.55	0.9679482213056113
34.65	0.9675913001078261
34.75	0.9675688040444816
34.85	0.9681222712320584
34.95	0.9701339205685247
35.05	0.9700565726358701
35.15	0.9702583022572216
35.25	0.9745997542206876
35.35	0.9748837113031789
35.45	0.9750955386453746
35.55	0.9798634638186977
35.65	0.9800473625156544
35.75	0.9857309430107334
35.85	0.9875184094988263
35.95	0.9897755909262597
36.05	0.9936404962079104
36.15	0.9981043356811147
36.25	0.9981779961063865
36.35	1.0038305486319241
36.45	1.004093681457805
36.55	1.0081843992417305
36.65	NaN
36.75	1.0131536302076292
36.85	1.016957294660251
36.95	1.01844853882412
37.05	1.0212692254543425
37.15	1.0216114421054105
37.25	1.024142249217295
37.35	1.0256717866898215
37.45	1.0265386557983638
37.55	1.0284477434592922
37.65	1.029295325372082
37.75	1.0295939040671636
37.85	1.0295600360259989
37.95	1.0287966036722433
38.05	NaN
38.15	NaN
38.25	1.025424256551304
38.35	1.0254859475014166
38.45	1.0228983888013705
38.550000000000004	1.019234819292695
38.65	1.0173213579596883
38.75	1.0166682118895587
38.85	1.0141375497326803
38.95	1.011750411898716
39.050000000000004	1.0087025638212868
39.15	1.0060533878451743
39.25	1.0035490909918279
39.35	1.000698051496606
39.45	0.9982002383489521
39.550000000000004	0.9956643816469346
39.65	NaN
39.75	0.9922993835560002
39.85	0.9886563357670707
39.95	0.9846303922185486
40.050000000000004	0.9866602137924548
40.15	0.9829857854973407
40.25	0.9811606451007828
40.35	NaN
40.45	0.9790648199539265
40.550000000000004	0.9793204914761405
40.65	0.9763639435971021
40.75	0.9790427768925952
40.85	0.9758936644404731
40.95	0.9759019808998559
41.050000000000004	0.9741827497821379
41.15	0.978721935782391
41.25	0.9780290970991317
41.35	0.9765647824431195
41.45	0.9793046052806526
41.550000000000004	0.9835919832298029
41.65	0.982417571022502
41.75	0.9836898454400388
41.85	0.9844899366651252
41.95	0.9886844513747842
42.050000000000004	0.9898364585962249
42.15	0.9911807331050617
42.25	0.9927682135428205
42.35	0.9949382701466077
42.45	1.0008624198342595
42.550000000000004	0.9997081721747081
42.65	1.003679544253228
42.75	1.0059288483457547
42.85	1.0064336891341386
42.95	1.007389327647428
43.050000000000004	1.0100603702906399
43.15	NaN
43.25	1.013763732964481
43.35	1.013878828979386
43.45	1.0169861102882582
43.550000000000004	1.0147030320593518
43.65	NaN
43.75	NaN
43.85	1.0182314926275786
43.95	1.023011213301657
44.050000000000004	1.0203735179932933
44.15	1.0196318392095007
44.25	1.0211333737260109
44.35	1.0194713934566424
44.45	NaN
44.550000000000004	1.0181031523866182
44.65	1.017842677326483
44.75	1.0168596912357135
44.85	1.0155718935193137
44.95	1.0123465876848177
45.050000000000004	1.011110488329675
45.15	1.0096687842915237
45.25	1.0073170828799778
45.35	1.0059389624945216
45.45	1.0032563294533656
45.550000000000004	1.0019255137591303
45.65	1.0010358509188426
45.75	NaN
45.85	0.9960334022467019
45.95	NaN
46.050000000000004	0.9933497521620162
46.15	0.990812008401644
46.25	0.9903935334224828
46.35	NaN
46.45	0.9864644408469908
46.550000000000004	0.9843808998462319
46.65	NaN
46.75	0.9846719949071335
46.85	0.9830066711103276
46.95	0.9826749316620735
47.050000000000004	0.9823579004157462
47.15	0.9818852276282986
47.25	0.9826932789639374
47.35	0.9815125903993754
47.45	NaN
47.550000000000004	0.9853379294239404
47.65	0.9796904483746542
47.75	0.9846493319408156
47.85	0.984927452208882
47.95	0.9857499372704094
48.050000000000004	0.9871998102989735
48.15	0.9881723251131247
48.25	0.9916455567288488
48.35	0.9908551865662143
48.45	0.9929184272177307
48.550000000000004	0.9939378396490379
48.65	0.9976355500287946
48.75	1.0031284010243584
48.85	1.0003214904911468
48.95	1.003732683369384
49.050000000000004	1.0045985049482065
49.15	1.0069175426451538
49.25	1.0095286178886689
49.35	1.0083274410691605
49.45	1.0069815358659946
49.550000000000004	1.0098497249161933
49.65	1.0120973066210994
49.75	NaN
49.85	1.0136264129813486
49.95	1.014456298651284
50.050000000000004	1.0163744307808922
50.15	1.0152953526223623
50.25	1.0155148551660573
50.35	1.0163630120039597
50.45	1.017080598696609
50.550000000000004	1.0162559194344918
50.65	1.0154002248868663
50.75	1.0155811801158363
50.85	1.014415242690367
50.95	1.0138936958807385
51.050000000000004	1.0118482980080603
51.15	1.0105652462795232
51.25	1.0101940913027485
51.35	1.0068092403013773
51.45	1.006557812410963
51.550000000000004	1.0052894162057813
51.65	1.0055041314169566
51.75	1.0032929442680507
51.85	1.0018585379947
51.95	0.9985745576650428
52.050000000000004	0.999514724810816
52.15	NaN
52.25	0.9948506592509526
52.35	0.9933227453782565
52.45	0.9931227941224731
52.550000000000004	0.9915117211860835
52.65	0.9888581616589837
52.75	0.9893637891119141
52.85	0.9880022057943495
52.95	0.9888500269598319
53.050000000000004	0.9871865232360797
53.15	0.9868870417862532
53.25	0.987299338348723
53.35	0.9868686802410446
53.45	0.9863072916746664
53.550000000000004	0.9857919750171042
53.65	0.9860004997887883
53.75	0.9866836655747734
53.85	0.9861385284737845
53.95	0.9874665563434
54.050000000000004	0.9864211188749205
54.15	0.9892297338896889
54.25	0.9902374976099191
54.35	0.9903299855096914
54.45	0.9918763260958123
54.550000000000004	NaN
54.65	0.9949467608352944
54.75	0.9948730147333115
54.85	0.9950500988568566
54.95	0.9975106433186808
55.050000000000004	1.0018970787231358
55.15	1.0003684499767471
55.25	0.9999522274490137
55.35	1.0033699229058448
55.45	1.0033452538039895
55.550000000000004	1.007093693708052
55.65	NaN
55.75	1.0089123348090852
55.85	1.0068518849487322
55.95	1.008800899421728
56.050000000000004	1.0094804290833004
56.15	1.0110959102917993
56.25	1.0075267696606847
56.35	1.003756565512821
56.45	1.0115790554160766
56.550000000000004	1.0123786399156567
56.65	1.013810215017684
56.75	1.0143489409253301
56.85	1.0117764162986078
56.95	1.0116333406659521
57.050000000000004	1.0102667906522802
57.15	1.011465876560698
57.25	1.0100938149292702
57.35	1.0098091585162687
57.45	1.008477760458028
57.550000000000004	NaN
57.65	1.0072426050389869
57.75	1.0063153757345902
57.85	1.0026545284222177
57.95	1.0006456450524712
58.050000000000004	NaN
58.15	1.0007822167989608
58.25	0.9974596322152388
58.35	0.9979225424257105
58.45	0.9969077710726114
58.550000000000004	0.9971883154802202
58.65	0.9949327304205051
58.75	NaN
58.85	0.9936277929236447
58.95	0.9916094459168431
59.050000000000004	0.9914915828701374
59.15	0.9906732098297049
59.25	0.9897079744971135
59.35	0.9884816482239929
59.45	0.9890809649262465
59.550000000000004	0.9887339795119698
59.65	NaN
59.75	0.9888099164247431
59.85	0.9891477948089339
59.95	0.9887693459086647
60.050000000000004	0.9895088528566542
60.15	0.9915820883610752
60.25	0.9884288271852032
60.35	NaN
60.45	0.9933777372636265
60.550000000000004	0.9919603069509089
60.65	0.9930394030705734
60.75	0.9928835115582965
60.85	NaN
60.95	0.9952657756562425
61.050000000000004	0.9962906302232212
61.15	0.9967166861730288
61.25	1.0021796897078534
61.35	1.00136565620065
61.45	1.0004969668520833
61.550000000000004	1.0016877752221995
61.65	1.004636259072162
61.75	1.0040561693414103
61.85	1.0053624298254065
61.95	NaN
62.050000000000004	1.0095390831758209
62.15	1.0060038601706505
62.25	1.007551816990852
62.35	1.007853742511587
62.45	NaN
62.550000000000004	1.0118353879436794
62.65	NaN
62.75	NaN
62.85	1.0099871947491135
62.95	1.0104280521939455
63.050000000000004	1.0098513160349742
63.15	1.0114178608850506
63.25	1.0108259902561079
63.35	1.0100206905134144
63.45	1.0100830035649182
63.550000000000004	1.0085458638719056
63.65	NaN
63.75	1.0066294307183026
63.85	NaN
63.95	1.0046074652148964
64.05	1.004158311016511
64.14999999999999	1.0028101538177732
64.25	1.0025925273293093
64.35	NaN
64.44999999999999	1.0023044492774684
64.55	0.9990239165797765
64.64999999999999	0.9998923143989368
64.75	0.9975652989431251
64.85	0.9973672101941732
64.94999999999999	0.9953834328131866
65.05	0.9948694887730128
65.14999999999999	NaN
65.25	0.9923325854461429
65.35	0.9919932814260722
65.44999999999999	0.9924375848298026
65.55	0.9916902082337448
65.64999999999999	NaN
65.75	0.991397501041513
65.85	0.9910864406478475
65.94999999999999	NaN
66.05	NaN
66.14999999999999	0.989752819807896
66.25	0.9895677806905415
66.35	0.9908221711921934
66.44999999999999	0.9906825230310591
66.55	NaN
66.64999999999999	0.9934755842806088
66.75	0.9926719136131956
66.85	NaN
66.94999999999999	NaN
67.05	NaN
67.14999999999999	NaN
67.25	0.9964817778001509
67.35	NaN
67.44999999999999	NaN
67.55	0.999608501947831
67.64999999999999	1.0010025293543372
67.75	1.0006253903646043
67.85	1.000466264412828
67.94999999999999	NaN
68.05	1.0035216228375792
68.14999999999999	1.0043649967577686
68.25	1.005148063169261
68.35	1.0055579622536186
68.44999999999999	1.0069478774455645
68.55	1.006439042850769
68.64999999999999	NaN
68.75	1.0078575877655453
68.85	1.0078183106517553
68.94999999999999	1.0119371490256426
69.05	NaN
69.14999999999999	1.0095312492486554
69.25	NaN
69.35	1.0083105826647276
69.44999999999999	1.0068624443893632
69.55	1.0083650624348826
69.64999999999999	1.007953627079372
69.75	1.00560482973091
69.85	1.0063166799418872
69.94999999999999	1.0056272264106165
70.05	NaN
70.14999999999999	1.0052588618692626
70.25	1.004721415170233
70.35	1.0025498137639475
70.44999999999999	1.0031734728804496
70.55	1.0013652753037965
70.64999999999999	1.0006265364061395
70.75	0.999759995303079
70.85	0.998594716647742
70.94999999999999	0.998139913887332
71.05	0.9981146758368096
71.14999999999999	NaN
71.25	0.9966233856926315
71.35	NaN
71.44999999999999	0.99533050130799
71.55	0.9930834091798235
71.64999999999999	0.9944293627635109
71.75	0.9927797182255328
71.85	NaN
71.94999999999999	NaN
72.05	0.9938888148744068
72.14999999999999	NaN
72.25	0.9919690871237372
72.35	0.993010603549224
72.44999999999999	NaN
72.55	NaN
72.64999999999999	0.9929546233257375
72.75	0.992610771106278
72.85	0.9934864575089737
72.94999999999999	NaN
73.05	0.9933958939887099
73.14999999999999	0.9957366938385517
73.25	0.9947456768850426
73.35	0.9949012830751467
73.44999999999999	0.9958419516288495
73.55	0.9975466692557845
73.64999999999999	0.9989057843845275
73.75	0.999470689803503
73.85	0.9983716531407216
73.94999999999999	NaN
74.05	NaN
74.14999999999999	1.002290828670671
74.25	1.0037616934983973
74.35	1.0024433917477482
74.44999999999999	1.0027483303318054
74.55	1.0044868171877805
74.64999999999999	NaN
74.75	NaN
74.85	1.0054806950912327
74.94999999999999	1.0055789777946809
75.05	1.0081160094578858
75.14999999999999	1.0053431502012082
75.25	1.0074428224553904
75.35	1.00787343030835
75.44999999999999	1.0075007993994005
75.55	1.0069167135212251
75.64999999999999	1.0075710466027383
75.75	NaN
75.85	1.0077403436009569
75.94999999999999	NaN
76.05	1.005874142944086
76.14999999999999	1.005831398385829
76.25	1.0049470547924622
76.35	1.0037425487372713
76.44999999999999	NaN
76.55	1.0031464492542963
76.64999999999999	1.004854047500482
76.75	NaN
76.85	1.001635703779523
76.95	0.9987525119600178
77.05	0.9994780455815384
77.14999999999999	0.9997664427088246
77.25	NaN
77.35	NaN
77.45	NaN
77.55	0.9962406342285256
77.64999999999999	NaN
77.75	0.99397752929311
77.85	0.995188963444614
77.95	NaN
78.05	0.9950376784162839
78.14999999999999	NaN
78.25	0.9931315219069761
78.35	0.9935566992348175
78.45	NaN
78.55	NaN
78.64999999999999	NaN
78.75	0.9934998286801902
78.85	0.9946986029789909
78.95	0.9926084255017702
79.05	NaN
79.14999999999999	NaN
79.25	0.9947884863346836
79.35	0.9959468012932432
79.45	NaN
79.55	0.994283830037195
79.64999999999999	NaN
79.75	0.9969399923302831
79.85	0.9967528466616711
