0.15	0.017939312803458368
0.25	0.019640336451465866
0.35	0.018612348373179977
0.45	0.01915085402919247
0.55	0.01934399847186106
0.65	0.019473871677970874
0.7500000000000001	0.01966957630651277
0.85	0.020020891803069565
0.95	0.02017451192882784
1.05	0.020449094383025564
1.15	0.020831248944251413
1.25	0.02114910412808647
1.35	0.021639165875750203
1.45	0.02194549945933387
1.55	0.022641197485235867
1.65	0.023018643514254377
1.75	0.023612717369922834
1.85	0.024356336706379433
1.95	0.02504272944267035
2.05	0.025717305669263456
2.15	0.026637430349244946
2.25	0.02761386534691484
2.35	0.02855806628795538
2.45	0.029588406830045544
2.5500000000000003	0.030831653784897304
2.65	0.03207211052336456
2.75	0.03341806711719348
2.85	0.03487884660304843
2.95	0.03664854763316908
3.0500000000000003	0.038372652501165595
3.15	0.04030283648222905
3.25	0.04243906720760365
3.35	0.04505996651534791
3.45	0.04743960458141683
3.5500000000000003	0.05055079801070131
3.65	0.053677280495333955
3.75	0.05744185668346146
3.85	0.06098919400157039
3.95	0.06584209214010253
4.05	0.070916797103037
4.1499999999999995	0.07649042105155862
4.25	0.08231856015815042
4.35	0.09006976937948544
4.449999999999999	0.0976957594821645
4.55	0.10659479296510675
4.6499999999999995	0.11660169511208113
4.75	0.12910854835777769
4.85	0.1429315980510019
4.95	0.15932088531677122
5.05	0.17709963519666216
5.1499999999999995	0.19947059960735483
5.25	0.22444886994840607
5.35	0.2551097109884121
5.45	0.29231346786776014
5.55	0.33637610132867063
5.6499999999999995	0.38743150328063364
5.75	0.45356766779882335
5.85	0.5289609999903889
5.95	0.6256681540357952
6.05	0.7481222441796096
6.1499999999999995	0.8992682029896352
6.25	1.0816699720314242
6.35	1.3010029732326864
6.45	1.5801767367998516
6.55	1.8875901231498202
6.6499999999999995	2.2269574447925335
6.75	2.540052261156144
6.85	2.79028298152842
6.95	2.926364478221918
7.05	2.9080869278235357
7.1499999999999995	2.774565550980126
7.25	2.55815275713357
7.35	2.2975348085949614
7.45	2.045127922360713
7.55	1.8165898180080176
7.6499999999999995	1.6063170578778818
7.75	1.435341546449743
7.85	1.281161605106348
7.95	1.1593115462548793
8.05	1.061160607232277
8.15	0.975087187464118
8.25	0.9006071502446629
8.350000000000001	0.8399274207631309
8.450000000000001	0.7872763592241
8.55	0.7445185455865857
8.65	0.7056852191340952
8.75	0.6769351015629144
8.850000000000001	0.6507077242784779
8.950000000000001	0.6290725533247685
9.05	0.6115664773303953
9.15	0.5984632922076676
9.25	0.5862116939795461
9.350000000000001	0.5787658725285124
9.450000000000001	0.5737005745724132
9.55	0.5697398627889805
9.65	0.5686568564958907
9.750000000000002	0.5689425911866937
9.85	0.5736517301244186
9.95	0.5783713793777788
10.049999999999999	0.5851910188768668
10.149999999999999	0.5947996493322835
10.25	0.6046251385417435
10.35	0.6190353005656519
10.45	0.63470413528796
10.549999999999999	0.6514805044143005
10.649999999999999	0.6718427660288298
10.75	0.6968927429519615
10.85	0.7204647339909314
10.95	0.7476474631572985
11.049999999999999	0.7759655333060719
11.149999999999999	0.8105838929427549
11.25	0.8450543969284754
11.35	0.8813857236781558
11.45	0.9207629504199476
11.549999999999999	0.9615674534821199
11.649999999999999	1.0024460581519579
11.75	1.0456959802123145
11.85	1.0865587168840776
11.95	1.123915525954303
12.049999999999999	1.164483356965024
12.149999999999999	1.2001737533009507
12.25	1.2313002145304421
12.35	1.2588733220994295
12.45	1.2848009721582556
12.549999999999999	1.3039004823540707
12.649999999999999	1.3202575554640412
12.75	1.328185492720934
12.85	1.3376872258502706
12.95	1.339803101150316
13.049999999999999	1.3402372760218642
13.149999999999999	1.3334903953874295
13.25	1.3274909957130179
13.35	1.3168991206374054
13.45	1.3034303182792621
13.549999999999999	1.2854271390289407
13.649999999999999	1.267297346845194
13.75	1.2460209696264513
13.85	1.2179186329660179
13.95	1.1929377414759794
14.049999999999999	1.1601999040263304
14.149999999999999	1.1275831746698377
14.25	1.0955342269832948
14.35	1.0632265846714148
14.45	1.033968774321989
14.549999999999999	1.003269678665472
14.649999999999999	0.9755002523157223
14.75	0.9449783964842275
14.85	0.9207493039810627
14.95	0.8990293441800656
15.049999999999999	0.8774143735054282
15.149999999999999	0.8576923727145778
15.25	0.8410741978623696
15.35	0.8258343354765537
15.45	0.8134331278746711
15.549999999999999	0.8044399571104223
15.649999999999999	0.7963590817166909
15.75	0.7891046513864336
15.85	0.7851074667531556
15.95	0.7822308705712775
16.05	0.7819318271218538
16.15	0.7845447325488922
16.25	0.7870218379648508
16.349999999999998	0.7922672641179306
16.45	0.7978446453171247
16.55	0.8074843637090952
16.65	0.8156826011615939
16.75	0.8284624290225568
16.849999999999998	0.8403917876084565
16.95	0.8537734117602419
17.05	0.869033696508774
17.15	0.8866696042755234
17.25	0.9047438874849534
17.349999999999998	0.9209846872983358
17.45	0.9434480679311934
17.55	0.9636103725859755
17.65	0.9819212660091244
17.75	1.0049947038809435
17.849999999999998	1.0256657825489062
17.95	1.0465925451743043
18.05	1.0664979238250347
18.15	1.0843605938951233
18.25	1.1040195187294706
18.349999999999998	1.1222196425591802
18.45	1.1343416637644423
18.55	1.1471757482933918
18.65	1.1585146252718894
18.75	1.1654758062845967
18.849999999999998	1.1717631158066117
18.95	1.174916124252601
19.05	1.1778269693014447
19.15	1.173437279476503
19.25	1.1716747308289686
19.35	1.165271951727137
19.45	1.1602352507152678
19.55	1.1514793777090175
19.65	1.144221390747601
19.75	1.1342182204479898
19.85	1.121191776429843
19.95	1.1066137378574943
20.05	1.0952423881423876
20.15	1.0793518199945846
20.25	1.0670989122481584
20.35	1.0527139092556803
20.45	1.0366796807913872
20.55	1.0258855561742892
20.65	1.0099062794569085
20.75	0.9961296515817512
20.85	0.9834561040996715
20.95	0.9708152126002849
21.05	0.9585699047720182
21.15	0.9476628376940208
21.25	0.9368261799979495
21.35	0.9276258460073055
21.45	0.9176147253481978
21.55	0.9096738700209173
21.65	0.9026433878301409
21.75	0.8966466162963043
21.85	0.8916974735437176
21.95	0.8865693450907349
22.05	0.8844831818059142
22.15	0.8800220106180903
22.25	0.8796353476352794
22.35	0.8808421257510902
22.45	0.8821855919035365
22.55	0.8832784106563356
22.65	0.8873916217638977
22.75	0.8905854390747242
22.85	0.8963339368690687
22.95	NaN
23.05	0.9109629079422946
23.15	0.9162792978162427
23.25	0.9261377929860302
23.35	0.9374393389040596
23.45	0.9464518324531493
23.55	0.956686899228702
23.65	0.9670471013160171
23.75	0.9788233887580791
23.85	0.9891573802404815
23.95	1.0023090971340607
24.05	1.0146264861882193
24.15	1.0255871755300754
24.25	1.0374486452582596
24.35	1.0495787915769346
24.45	1.0582362183495906
24.55	1.069455109620305
24.65	1.0760074825057995
24.75	1.0859362914776858
24.85	1.091123641400878
24.95	1.0961574815589408
25.05	1.101805947017872
25.15	1.1022774717454207
25.25	1.1045141049538798
25.35	1.1035874751420012
25.45	1.104724104106334
25.55	1.103718982418347
25.65	1.0982435164618476
25.75	1.093899477265908
25.85	1.0868843284636596
25.95	1.0831565136028802
26.05	1.0776887781498954
26.15	1.069213474694749
26.25	1.0592159259586533
26.35	1.0552210120761887
26.45	1.0408421251953153
26.55	1.0344266548248064
26.65	1.024140201570442
26.75	1.0146094800396919
26.85	1.006906119582965
26.95	0.9989485298229025
27.05	0.9896304047870423
27.15	0.9825527939321529
27.25	0.9722963417650242
27.35	0.9671263295546676
27.45	0.9606398336854242
27.55	0.9555705830352766
27.65	0.9473997741894591
27.75	0.943302665911028
27.85	0.9388786977852392
27.95	0.9340546748862798
28.05	0.9305777792740845
28.15	0.928642379748114
28.25	0.9253165161757134
28.35	0.9229376924523934
28.45	0.925899117527058
28.55	0.9239979289275339
28.65	0.9252388589286907
28.75	0.9274018576468072
28.85	0.9303163772147431
28.95	0.9304474123205565
29.05	0.9352761916297503
29.15	0.9386978014702116
29.25	0.9408490593168507
29.35	0.9475096295896769
29.45	0.9528228895518598
29.55	0.9577224893482574
29.65	0.9643741784769213
29.75	0.973477643658828
29.85	0.9792993103765837
29.95	0.9868011636387262
30.05	0.9932539178902519
30.15	1.006545663469636
30.25	1.006341043039961
30.35	1.018327578002954
30.45	1.0220468126811493
30.55	1.0287960868109949
30.65	1.0355449833637846
30.75	1.0435078608062875
30.85	1.0418142587567363
30.95	1.0516181556190172
31.05	1.0546827910938614
31.15	1.0610728662211923
31.25	1.062509035775215
31.35	1.0685198210954279
31.45	1.0679242198103303
31.55	1.0684595781988826
31.65	1.0687443727127806
31.75	1.065614339554845
31.85	1.0653995939577725
31.95	1.0621346771436337
32.05	1.0593618304149988
32.15	1.0561198354832666
32.25	1.0530498806596393
32.35	1.0535814444733453
32.45	1.043524674709972
32.55	1.0380029391697134
32.65	1.0318021182526627
32.75	1.0258781948816464
32.85	1.0199840066569037
32.95	1.0131426974797029
33.05	1.0089999080423788
33.15	1.0030427853421398
33.25	0.9969319705300287
33.35	0.9905347861780439
33.45	0.9861587413967092
33.55	0.977624857686811
33.65	0.9739756883135798
33.75	0.9678191704027385
33.85	0.965897048098071
33.95	0.9633944403597126
34.05	0.9593266761782357
34.15	0.9550168487566496
34.25	0.9539185903679894
34.35	0.9527134835284309
34.45	0.9513374648507512
34.55	0.9488389844576367
34.65	0.9452933966965934
34.75	0.9455391230678025
34.85	0.9481207809556946
34.95	0.9486183410423575
35.05	0.9489766257000607
35.15	0.9506053690278546
35.25	0.9554651372916355
35.35	0.9537832779149663
35.45	0.9577305291502027
35.55	0.9630268387637688
35.65	0.9649977172497769
35.75	0.9704540734043547
35.85	0.9758739089537474
35.95	0.979311012762436
36.05	0.9828471250970934
36.15	0.9891336927197415
36.25	0.9948585923753093
36.35	0.996498212099163
36.45	1.0032881579055892
36.55	NaN
36.65	1.013497655123165
36.75	1.0186316852738877
36.85	1.0234561927042922
36.95	1.0279584091654514
37.05	1.0303985780302443
37.15	1.03549127420495
37.25	1.038193299741719
37.35	1.0408771002113195
37.45	1.0409993417105634
37.55	1.0464765715129778
37.65	NaN
37.75	1.0530061014821281
37.85	1.0483665887406866
37.95	1.0468773767116606
38.05	1.0477570285147368
38.15	1.0445717242605403
38.25	1.0441574069710895
38.35	1.041181644118181
38.45	1.0386073451555038
38.550000000000004	1.0355163947661248
38.65	1.0331946705603197
38.75	1.0291577792470172
38.85	1.0242368763770868
38.95	1.0192781300657328
39.050000000000004	1.0183835752819044
39.15	NaN
39.25	NaN
39.35	NaN
39.45	NaN
39.550000000000004	0.9956005353869798
39.65	0.9913119453899292
39.75	0.9863178328964041
39.85	0.9835651071438777
39.95	0.9792328418336503
40.050000000000004	0.9776279331788611
40.15	NaN
40.25	0.9722782407963411
40.35	0.9683135187843324
40.45	0.9664197362421906
40.550000000000004	0.964484570181939
40.65	0.9617056435402938
40.75	0.9630888200330762
40.85	0.9606524541408511
40.95	0.9626373104456065
41.050000000000004	0.9613051893839315
41.15	0.9637297971303264
41.25	0.9625647764782072
41.35	0.964111392362846
41.45	0.9657722139463347
41.550000000000004	NaN
41.65	0.9681415944108493
41.75	0.9712905915765122
41.85	0.975250270541279
41.95	0.9772086886432292
42.050000000000004	0.979424165658482
42.15	NaN
42.25	0.986486595557294
42.35	0.9898753921241717
42.45	0.993991315680477
42.550000000000004	0.9991537575808791
42.65	1.0038606777826586
42.75	1.004142965072762
42.85	1.0082935753185627
42.95	1.0126149496390127
43.050000000000004	1.0154484045723184
43.15	1.0183454529739635
43.25	1.0213630931642017
43.35	1.0243153551638238
43.45	1.0263515170728879
43.550000000000004	1.027810601535408
43.65	NaN
43.75	1.0314309086689875
43.85	1.0331070429785105
43.95	1.0350575245599287
44.050000000000004	1.0352570449170653
44.15	1.0350713674452334
44.25	NaN
44.35	1.0325312499836987
44.45	1.0307254288348755
44.550000000000004	1.0317895986371342
44.65	1.0300240314400195
44.75	1.0269236917713607
44.85	1.024926651792923
44.95	1.0238302989506645
45.050000000000004	1.0191745725466208
45.15	1.0184127783042214
45.25	1.0141755828493093
45.35	NaN
45.45	1.0089009279351622
45.550000000000004	1.0073420856697695
45.65	NaN
45.75	1.0033695458070286
45.85	0.9951287808500366
45.95	0.9930349729877435
46.050000000000004	0.9880751673328908
46.15	0.9856819954825127
46.25	0.9853738884925456
46.35	0.9822225071753466
46.45	0.9789877823168897
46.550000000000004	0.9772719700660839
46.65	NaN
46.75	0.9755282009506467
46.85	0.973135695460001
46.95	0.971788460561456
47.050000000000004	0.9717155076964861
47.15	0.9717031437532782
47.25	0.9714029732735168
47.35	0.9708554735691713
47.45	0.9718662838249299
47.550000000000004	0.9721176324615175
47.65	0.9734275012527361
47.75	0.9725695121074858
47.85	0.9752887785007563
47.95	0.9762234452057442
48.050000000000004	0.9801134150390243
48.15	0.9809181742341506
48.25	0.98305248597892
48.35	0.9850851837886142
48.45	0.9884707003661323
48.550000000000004	0.9903155362898087
48.65	0.9931762219745112
48.75	0.996802091713059
48.85	1.0003182493016005
48.95	1.0019873077225858
49.050000000000004	1.0056427161990529
49.15	NaN
49.25	1.008950676909024
49.35	1.0119963565591408
49.45	1.0157919795986639
49.550000000000004	1.0192353040351783
49.65	1.0183810489014042
49.75	1.022808061596589
49.85	1.0227628405251625
49.95	1.0262220832836788
50.050000000000004	1.0252838834314968
50.15	1.027045343442974
50.25	1.0266769351181262
50.35	1.0272309403976603
50.45	1.0253027847926368
50.550000000000004	1.025357906177534
50.65	1.0274786466394161
50.75	1.0255149531480707
50.85	1.0251198290580592
50.95	NaN
51.050000000000004	1.0217746478551293
51.15	1.017769257860126
51.25	1.0175940116893507
51.35	1.0158914718526784
51.45	1.0123270249489984
51.550000000000004	NaN
51.65	1.0086555121364469
51.75	1.0048542416553867
51.85	1.0021955017291657
51.95	1.0003546719513305
52.050000000000004	NaN
52.15	0.9953714031114578
52.25	0.9928679499898521
52.35	0.9926059321725554
52.45	0.9896508375716071
52.550000000000004	0.9863565841488748
52.65	0.9807544576470202
52.75	0.9833448136270094
52.85	0.9813471275212081
52.95	NaN
53.050000000000004	0.9791886351495113
53.15	NaN
53.25	0.9767022848476925
53.35	0.9763495313549094
53.45	0.9766367899686702
53.550000000000004	NaN
53.65	0.9763548328637819
53.75	NaN
53.85	0.9783472038694632
53.95	0.9791826214845724
54.050000000000004	NaN
54.15	0.9793300908996386
54.25	NaN
54.35	0.9845527969167108
54.45	0.9854091464532025
54.550000000000004	NaN
54.65	0.9904089939421133
54.75	0.9897516065328913
54.85	0.9934667047015289
54.95	0.9948636586434697
55.050000000000004	0.9973045434000732
55.15	1.001180812216465
55.25	1.002415143454193
55.35	1.0100162606527094
55.45	1.0083873728808581
55.550000000000004	1.0078271336505646
55.65	1.0110375245340695
55.75	1.0112976032701768
55.85	1.0154682703593407
55.95	1.0162511625832902
56.050000000000004	1.01822545967967
56.15	1.018194053466359
56.25	1.0248656207758917
56.35	1.0198074513917517
56.45	1.0206474549728737
56.550000000000004	1.021338766382026
56.65	1.0204029825272176
56.75	NaN
56.85	1.0194627103883516
56.95	1.019172108532785
57.050000000000004	1.019423547668567
57.15	1.0176634409306162
57.25	1.0162306040618148
57.35	NaN
57.45	1.0161761478890978
57.550000000000004	1.0112915914864233
57.65	1.0123216925873828
57.75	1.0079587542289639
57.85	1.0054575301349868
57.95	1.0062425637990735
58.050000000000004	1.0031527861453546
58.15	0.9986273382624099
58.25	1.000344217157727
58.35	0.9974997214395049
58.45	NaN
58.550000000000004	0.99399135988883
58.65	0.9916446218773701
58.75	NaN
58.85	0.9887689079823084
58.95	NaN
59.050000000000004	0.9841243797849963
59.15	0.9843075007187166
59.25	0.9848409788884087
59.35	0.9824836118896803
59.45	0.9835458686785825
59.550000000000004	0.9831072418811109
59.65	0.9802273815907412
59.75	0.9835444464526283
59.85	NaN
59.95	0.9832392878257907
60.050000000000004	NaN
60.15	0.9823532216864813
60.25	0.9830618113093226
60.35	NaN
60.45	0.985276130201107
60.550000000000004	0.9892431932453162
60.65	0.9886030335861724
60.75	0.9887955947065545
60.85	0.993748200122944
60.95	0.992368908496993
61.050000000000004	0.9939771023411628
61.15	0.9942402266232072
61.25	0.99543827220707
61.35	0.9984193257037772
61.45	1.0016586148579103
61.550000000000004	NaN
61.65	1.0021622759145923
61.75	NaN
61.85	NaN
61.95	1.0116495301040658
62.050000000000004	1.0105219041563918
62.15	1.0123204736623759
62.25	1.01312860082613
62.35	1.0139372301549443
62.45	1.0156474274262899
62.550000000000004	1.0153318392594084
62.65	1.0162451106876262
62.75	1.0153584285750579
62.85	1.0179987557078003
62.95	1.0166911218823649
63.050000000000004	1.0163681034994307
63.15	1.016618590108457
63.25	NaN
63.35	1.0151453845969183
63.45	1.0144531823036937
63.550000000000004	1.0151616627894635
63.65	1.0118848147599258
63.75	1.0102090049018417
63.85	1.0089279674826863
63.95	1.0099595456600305
64.05	1.0065834214745042
64.14999999999999	1.0069477621697596
64.25	1.0019300062297072
64.35	1.0028563602664744
64.44999999999999	1.0013525366023828
64.55	1.000118340504162
64.64999999999999	0.9993186002380758
64.75	0.9958291273946516
64.85	0.9957348506610385
64.94999999999999	0.9935607128465979
65.05	0.9925422721486091
65.14999999999999	0.9916041672820822
65.25	NaN
65.35	0.9868184100755975
65.44999999999999	NaN
65.55	0.9875124241108659
65.64999999999999	0.9856280545839182
65.75	0.9860962787395475
65.85	0.9847204597934845
65.94999999999999	0.9847209812114344
66.05	NaN
66.14999999999999	0.9832193649309717
66.25	0.9843366305994703
66.35	0.9870386354169596
66.44999999999999	0.9852627361371267
66.55	0.9853207765393508
66.64999999999999	NaN
66.75	0.9895035100643568
66.85	NaN
66.94999999999999	NaN
67.05	0.9913287936258675
67.14999999999999	0.9915982891996138
67.25	0.9941299951251306
67.35	0.9942399532654869
67.44999999999999	0.9968198175178196
67.55	1.0001847066894265
67.64999999999999	NaN
67.75	NaN
67.85	0.9977819620559363
67.94999999999999	1.0040857442379632
68.05	1.0052285590609227
68.14999999999999	1.0097668903257044
68.25	NaN
68.35	1.0077265549780292
68.44999999999999	1.009948183841619
68.55	1.0099500575308173
68.64999999999999	NaN
68.75	1.0126837096394143
68.85	1.0145711870512297
68.94999999999999	1.0137246579817016
69.05	1.0144388877145278
69.14999999999999	1.0131718600985422
69.25	1.0158669979147452
69.35	1.0130363631870756
69.44999999999999	NaN
69.55	1.0131068900671611
69.64999999999999	1.0147417794596876
69.75	NaN
69.85	1.0132620153729883
69.94999999999999	NaN
70.05	1.0089424402341605
70.14999999999999	1.008409071448717
70.25	NaN
70.35	1.0057458240133987
70.44999999999999	NaN
70.55	1.0058893147736732
70.64999999999999	1.0012138217104636
70.75	0.9984913163547726
70.85	0.9982841149150987
70.94999999999999	0.997289097000518
71.05	0.9930729596297795
71.14999999999999	0.9954767222981273
71.25	NaN
71.35	0.9939369236525897
71.44999999999999	0.9917353631377538
71.55	0.9914107022864025
71.64999999999999	0.9907407749295375
71.75	0.9889725926589625
71.85	0.9889251656746093
71.94999999999999	0.9883601795474987
72.05	NaN
72.14999999999999	NaN
72.25	NaN
72.35	NaN
72.44999999999999	0.9877398641666163
72.55	0.987658482231782
72.64999999999999	0.9885565428222058
72.75	NaN
72.85	0.9895541950678413
72.94999999999999	0.9899219103624048
73.05	0.9907120455377005
73.14999999999999	0.9916005583190891
73.25	0.9933199335364075
73.35	0.9931483953045888
73.44999999999999	NaN
73.55	0.9940604919911995
73.64999999999999	NaN
73.75	NaN
73.85	0.9987279222374679
73.94999999999999	1.0010550898524966
74.05	1.000864324180275
74.14999999999999	1.0017777876720362
74.25	1.0024559367333057
74.35	1.0049569725369805
74.44999999999999	1.0050857317532378
74.55	1.0062404046759894
74.64999999999999	1.0083162271178694
74.75	1.010044455073686
74.85	1.0103085311948037
74.94999999999999	1.0106716949766676
75.05	1.0101365005203056
75.14999999999999	1.0100856265309432
75.25	NaN
75.35	NaN
75.44999999999999	NaN
75.55	1.011655499579105
75.64999999999999	NaN
75.75	NaN
75.85	1.0113280902484227
75.94999999999999	1.0105927183067416
76.05	1.009636329642606
76.14999999999999	1.009622148341441
76.25	NaN
76.35	1.008600952280282
76.44999999999999	NaN
76.55	1.005534104378682
76.64999999999999	1.0048171979427316
76.75	NaN
76.85	NaN
76.95	NaN
77.05	NaN
77.14999999999999	0.9982487471450961
77.25	0.9980019082318913
77.35	0.9962077911306645
77.45	0.9944088261328207
77.55	0.9954505452547953
77.64999999999999	0.994995370711534
77.75	0.9934927417511668
77.85	0.9911227582070352
77.95	0.9923797305604293
78.05	0.9911040063829892
78.14999999999999	0.9906537720775968
78.25	0.9900394229515586
78.35	0.9898237125818138
78.45	NaN
78.55	NaN
78.64999999999999	0.9900642515183731
78.75	0.9901576376934278
78.85	NaN
78.95	0.9888058366477184
79.05	NaN
79.14999999999999	NaN
79.25	0.9917536307466243
79.35	NaN
79.45	0.9937007217977992
79.55	0.9944904849410928
79.64999999999999	NaN
79.75	0.9948786448542627
79.85	0.9964303039793952
