0.15	0.018685728164660693
0.25	0.019347317360458548
0.35	0.019139631454986008
0.45	0.019081733284561423
0.55	0.01931210712051948
0.65	0.01938713787078473
0.7500000000000001	0.019562490233210664
0.85	0.019738162786566215
0.95	0.020106414083385725
1.05	0.02030822648541775
1.15	0.020832677724824274
1.25	0.021080248439788046
1.35	0.02164144203175703
1.45	0.021988069405903043
1.55	0.022479203113238602
1.65	0.022964841860614444
1.75	0.023671862176237016
1.85	0.024188610807685272
1.95	0.025036499398376832
2.05	0.025711677470097186
2.15	0.026669562959362375
2.25	0.02759236030067426
2.35	0.028569352137377876
2.45	0.029493593402097125
2.5500000000000003	0.030709058024739378
2.65	0.03200348047177659
2.75	0.03333742720757877
2.85	0.03485621888459528
2.95	0.036709620688159667
3.0500000000000003	0.038290232274452246
3.15	0.04032634127016972
3.25	0.04244017149146592
3.35	0.04510107255326587
3.45	0.047485937822117234
3.5500000000000003	0.050507256898761246
3.65	0.053687435261325016
3.75	0.057412659316499394
3.85	0.060829110439434286
3.95	0.0658749979418538
4.05	0.07072774463767822
4.1499999999999995	0.0762865190107985
4.25	0.08252752340599553
4.35	0.08993183380212301
4.449999999999999	0.09762949670748791
4.55	0.10648130874453306
4.6499999999999995	0.11654070461253341
4.75	0.12917844950202387
4.85	0.1433492345555414
4.95	0.15909766328135086
5.05	0.17705341198723668
5.1499999999999995	0.19961167928217827
5.25	0.22412589478568173
5.35	0.25494736366287585
5.45	0.29159255498533
5.55	0.33558497382184355
5.6499999999999995	0.3876817774053567
5.75	0.45324481284260837
5.85	0.5299124242071601
5.95	0.624822218656234
6.05	0.7473820938035232
6.1499999999999995	0.8999808182974556
6.25	1.0843897241275997
6.35	1.3045845637494158
6.45	1.581424017040733
6.55	1.8894192950891797
6.6499999999999995	2.228228645564338
6.75	2.5394554101263593
6.85	2.789069965145121
6.95	2.9264343220444715
7.05	2.908974120805055
7.1499999999999995	2.7738469916811384
7.25	2.5527614375701297
7.35	2.290700136612696
7.45	2.0373834642955266
7.55	1.8156792712589964
7.6499999999999995	1.6061897128301064
7.75	1.4322071710024005
7.85	1.2794964627309244
7.95	1.1617358007723453
8.05	1.0598158217424054
8.15	0.9744331057186238
8.25	0.9005810627522661
8.350000000000001	0.8383040768386399
8.450000000000001	0.7873875731141275
8.55	0.7440783664629299
8.65	0.7070434333171544
8.75	0.6764196468732455
8.850000000000001	0.6510445722459086
8.950000000000001	0.6288214690288905
9.05	0.6125273078505425
9.15	0.5999293620383082
9.25	0.5876392774387887
9.350000000000001	0.5787132612739003
9.450000000000001	0.5737852024455631
9.55	0.56880855273775
9.65	0.5694644327393983
9.750000000000002	0.5706979054100285
9.85	0.5732192767787593
9.95	0.5785958956206039
10.049999999999999	0.5851436101432185
10.149999999999999	0.5933691335359503
10.25	0.6056248764201264
10.35	0.6183672601943181
10.45	0.6346154475438969
10.549999999999999	0.6531706446408975
10.649999999999999	0.6721378143050477
10.75	0.6960083569414051
10.85	0.7204092052391912
10.95	0.7474849662061753
11.049999999999999	0.7781721071580805
11.149999999999999	0.81050948503891
11.25	0.8430837001066022
11.35	0.8816372702465023
11.45	0.9199199689751013
11.549999999999999	0.9603451137122152
11.649999999999999	1.0020766870091096
11.75	1.044742541082206
11.85	1.0856875909535944
11.95	1.1256178383277626
12.049999999999999	1.1655576043413594
12.149999999999999	1.1993664936628177
12.25	1.229522716555873
12.35	1.2607949981110558
12.45	1.2837461167662165
12.549999999999999	1.304633080930049
12.649999999999999	1.3197905096864655
12.75	1.3273382526043336
12.85	1.3364870917626637
12.95	1.339519202489552
13.049999999999999	1.3359042339900151
13.149999999999999	1.3348737166044184
13.25	1.3286124794915015
13.35	1.315723071516576
13.45	1.3031663187865357
13.549999999999999	1.2847366048112583
13.649999999999999	1.2654617060087632
13.75	1.243957095851804
13.85	1.2161302534191114
13.95	1.1914316399931355
14.049999999999999	1.1579652443593795
14.149999999999999	1.129485884684076
14.25	1.0976959371945174
14.35	1.0649565735662783
14.45	1.0330821935467696
14.549999999999999	1.0029059219114114
14.649999999999999	0.9733395893896069
14.75	0.9460197717535043
14.85	0.9222403381185093
14.95	0.8971918313112602
15.049999999999999	0.8757726465356436
15.149999999999999	0.8574252090739904
15.25	0.8395681251667821
15.35	0.825089842017525
15.45	0.8160428555669114
15.549999999999999	0.8037902730265302
15.649999999999999	0.7956643369194994
15.75	0.7898286655309543
15.85	0.7844624068233973
15.95	0.7822998763487209
16.05	0.7817760795273118
16.15	0.782271561320303
16.25	0.7880239172220654
16.349999999999998	0.7930645270250775
16.45	0.7964372008923191
16.55	0.8063984318584941
16.65	0.8161936012364375
16.75	0.8272310121873621
16.849999999999998	0.8411416828257641
16.95	0.8526249864970389
17.05	0.8678120802101266
17.15	0.886666773164551
17.25	0.9014776832739612
17.349999999999998	0.9223654214869718
17.45	0.9439792487266275
17.55	0.9624755996244676
17.65	0.9842956918703802
17.75	1.0057925891050963
17.849999999999998	1.0277806233894373
17.95	1.0471688659495322
18.05	1.0656886421136886
18.15	1.0860099437894737
18.25	1.1025543112457512
18.349999999999998	1.1219328145636858
18.45	1.1343623472236526
18.55	1.1474883888790537
18.65	1.1556010929905203
18.75	1.1640526152530308
18.849999999999998	1.169655037478457
18.95	1.1758582847642918
19.05	1.176428037719174
19.15	1.1752894100937323
19.25	1.1729667459375879
19.35	1.1697266011166672
19.45	1.1614722513463112
19.55	1.1507513050278058
19.65	1.141656986991063
19.75	1.1307235192338725
19.85	1.121120140158108
19.95	1.105620626565524
20.05	1.0967896628725893
20.15	1.0827493772252608
20.25	1.0674077328421383
20.35	1.052469603386348
20.45	1.0376137725864159
20.55	1.0249123962083029
20.65	1.0114335113518051
20.75	0.9959604103984372
20.85	0.9850090263905921
20.95	0.9717728247901845
21.05	0.958748594639418
21.15	0.9479551853742486
21.25	0.9364722268334169
21.35	0.9253694480406912
21.45	0.9174551565065525
21.55	0.910016366024749
21.65	0.9030432898338119
21.75	0.8934233261696849
21.85	0.8910177829629561
21.95	0.8870039171455392
22.05	0.8837188180259405
22.15	0.8813942259659037
22.25	0.8817503120901451
22.35	0.882537627982772
22.45	0.8818642149200797
22.55	0.8851602319649825
22.65	0.8854115739216508
22.75	0.893551159984686
22.85	0.8957561756725603
22.95	NaN
23.05	0.9084080157782757
23.15	0.9174868946638282
23.25	0.9264275440740453
23.35	0.9365238756425959
23.45	0.9435746382851017
23.55	0.9557857332329612
23.65	0.967694944547751
23.75	0.9795705591249407
23.85	0.9908335142159279
23.95	1.0028981064818356
24.05	1.0140955401983438
24.15	1.0267561470857893
24.25	1.0377033718165034
24.35	1.0480047788420073
24.45	1.0580800697248463
24.55	1.0681474960838164
24.65	1.0756889917847503
24.75	1.086382863983561
24.85	1.0907578654752317
24.95	1.0967028149743485
25.05	1.0997942733534845
25.15	1.102044519561679
25.25	1.1045487750144711
25.35	1.1045128382679812
25.45	1.1045361779775902
25.55	1.1019042865915343
25.65	1.098664502419072
25.75	1.0949766458420223
25.85	1.0887468242332854
25.95	1.08316240925111
26.05	1.0748759844830678
26.15	1.0683723489297237
26.25	1.0585548575204677
26.35	1.0541135072466392
26.45	1.0423256208579939
26.55	1.034724034548568
26.65	1.0241407151293365
26.75	1.0161958905735466
26.85	1.0083852045823958
26.95	0.9983339912496261
27.05	0.9882764322807756
27.15	0.9826318932599553
27.25	0.9737423108157827
27.35	0.9668953786895602
27.45	0.9594424053586768
27.55	0.9527473357739817
27.65	0.9489381517024245
27.75	0.9433848164133979
27.85	0.9360619274945423
27.95	0.9346896742169944
28.05	0.9320260174320727
28.15	0.9273436203258303
28.25	0.9267690539726299
28.35	0.9255619382199046
28.45	0.9238712815022302
28.55	0.923544788195912
28.65	0.9219935078887569
28.75	0.9269974958823383
28.85	0.9284851121570087
28.95	0.9324478809283248
29.05	0.9348253827883328
29.15	0.9377045167739188
29.25	0.9419165505835377
29.35	0.9473065741874742
29.45	0.9534600156773883
29.55	0.958867522924273
29.65	0.9660550598580228
29.75	0.969084971890745
29.85	0.9792200524759694
29.95	0.9852826721583017
30.05	0.9932285033141283
30.15	0.9971584759622516
30.25	1.0082796790413788
30.35	1.0164470593832242
30.45	1.0227433143164146
30.55	1.0288780830280038
30.65	1.0340885999434843
30.75	1.0404118764654524
30.85	1.0443444398374708
30.95	1.0535390165067644
31.05	1.056084308061094
31.15	1.0598300428275471
31.25	1.0633548585309929
31.35	1.0650892393448752
31.45	1.0677321690646642
31.55	1.0665662999958452
31.65	1.0680203635197405
31.75	1.0659993759532504
31.85	1.063831932149972
31.95	1.0640096412091824
32.05	1.0596641243510894
32.15	1.05685520567287
32.25	1.0510982760110101
32.35	1.050190449118499
32.45	1.0423306450399652
32.55	1.039221734316222
32.65	1.0326375211045309
32.75	1.0264384786422203
32.85	1.020638515960552
32.95	1.0148006594732972
33.05	1.0059294361738311
33.15	1.005089907708891
33.25	0.9944528771327904
33.35	0.9902132210131032
33.45	0.983681988457261
33.55	0.9825551261261684
33.65	0.9752118436769801
33.75	0.9697982920040642
33.85	0.9660899904018817
33.95	0.9620498679615772
34.05	0.9578414884204396
34.15	0.9542227715538205
34.25	0.9518055508340906
34.35	0.9480171280605568
34.45	0.9506449526289654
34.55	0.9489858783297889
34.65	0.9495350077981823
34.75	0.9473673926036791
34.85	0.9467603854845614
34.95	0.9491147155194718
35.05	0.9522972419810339
35.15	0.9503084665370309
35.25	0.9539654373816184
35.35	0.9536520702798047
35.45	0.9609658367422849
35.55	0.962356570362859
35.65	0.9648508673800473
35.75	0.9719142201552915
35.85	0.9752907081487001
35.95	0.9795666196814571
36.05	0.9844151178027699
36.15	0.9890493182288383
36.25	0.9941100553979183
36.35	0.9977083281655846
36.45	1.0052848011573636
36.55	NaN
36.65	1.0139605854231148
36.75	1.018739736826775
36.85	1.0316456810101164
36.95	1.0276093892991027
37.05	1.03155541446819
37.15	1.0349991885228338
37.25	1.0382816976488989
37.35	1.0414875243400612
37.45	1.043843657137455
37.55	1.0430566093994835
37.65	NaN
37.75	1.0457965277857901
37.85	1.0442961025842081
37.95	1.0468453661788826
38.05	1.0459779492854226
38.15	1.0463936864440122
38.25	1.045007829867628
38.35	1.0422916618837694
38.45	1.0391700831013015
38.550000000000004	1.0354540897151039
38.65	1.0304845334880797
38.75	1.0284958187663065
38.85	1.0241259464779082
38.95	1.0192030687969837
39.050000000000004	1.0162013855291774
39.15	NaN
39.25	NaN
39.35	NaN
39.45	NaN
39.550000000000004	0.9961024834244544
39.65	0.9918426351394084
39.75	0.9874244650252566
39.85	0.9842979167115973
39.95	0.9809197117622965
40.050000000000004	0.9771346008625186
40.15	NaN
40.25	0.9715573288264467
40.35	0.9667547557489529
40.45	0.9663503105960328
40.550000000000004	0.9647905214866895
40.65	0.9651958959709457
40.75	0.963075427391819
40.85	0.9612024938849764
40.95	0.9610912043673753
41.050000000000004	0.9627062780144295
41.15	0.9618805314426194
41.25	0.9619990242853481
41.35	0.9628900901866569
41.45	0.9671851132564252
41.550000000000004	NaN
41.65	0.9678246740642511
41.75	0.9707506538661005
41.85	0.973615193422712
41.95	0.9771449530940852
42.050000000000004	0.9796769733740841
42.15	NaN
42.25	0.987746389399281
42.35	0.992275005355612
42.45	0.9947298495187556
42.550000000000004	0.9997966058061479
42.65	0.9988736926636067
42.75	1.005140396978971
42.85	1.0072725181194777
42.95	1.0130928348624912
43.050000000000004	1.015090512409753
43.15	1.0203933615764873
43.25	1.0218512634070784
43.35	1.0243812414424651
43.45	1.0306822033995384
43.550000000000004	1.0296954225527761
43.65	NaN
43.75	1.0315900726741678
43.85	1.0335081862795223
43.95	1.0346806714812062
44.050000000000004	1.0364719456712639
44.15	1.0335743134809274
44.25	NaN
44.35	1.0338497846572114
44.45	1.0319856666322855
44.550000000000004	1.032761037421377
44.65	1.03086518220908
44.75	1.0267919405571173
44.85	1.0265646919765627
44.95	1.0232681747681531
45.050000000000004	1.0235912160791145
45.15	1.0173724226622538
45.25	1.0162849629350412
45.35	NaN
45.45	1.0070637556661364
45.550000000000004	1.0038800365649
45.65	NaN
45.75	1.0038663403448338
45.85	0.9949662341384541
45.95	0.9914162476836785
46.050000000000004	0.9903930903966904
46.15	0.9866694466849227
46.25	0.9821857282296086
46.35	0.9811224606932337
46.45	0.9794201603928534
46.550000000000004	0.9770176587528262
46.65	NaN
46.75	0.9748319414253268
46.85	0.9717831674122791
46.95	0.9712403107652723
47.050000000000004	0.9713771211162868
47.15	0.9706277010977933
47.25	0.9713854665866005
47.35	0.970415819355064
47.45	0.9701260085926718
47.550000000000004	0.973304735458798
47.65	0.9724786272299318
47.75	0.9739898908880472
47.85	0.9764464297488742
47.95	0.9765348964869208
48.050000000000004	0.9794023433049903
48.15	0.9784195065255133
48.25	0.9824898487012714
48.35	0.9842288802777983
48.45	0.987271976104158
48.550000000000004	0.9926182743202986
48.65	0.9940588239341602
48.75	0.9952154057698519
48.85	0.9994436263280148
48.95	1.0006342426028179
49.050000000000004	1.0046089221591246
49.15	NaN
49.25	1.008394829255018
49.35	1.0130264447623647
49.45	1.0139479811718084
49.550000000000004	1.0193378514498337
49.65	1.0194168868771516
49.75	1.0216167383438008
49.85	1.022723610131534
49.95	1.0251854700683671
50.050000000000004	1.0243031801524032
50.15	1.0254934559424367
50.25	1.0267040790618274
50.35	1.0265633640504492
50.45	1.030256484408157
50.550000000000004	1.0257931908912166
50.65	1.0270022625071693
50.75	1.0254223420156998
50.85	1.022289826002926
50.95	NaN
51.050000000000004	1.0210978876102053
51.15	1.0192226413670356
51.25	1.0175246740563044
51.35	1.0142801866844995
51.45	1.013042356117562
51.550000000000004	NaN
51.65	1.0109863534297074
51.75	1.0064802956676306
51.85	1.0038118761717163
51.95	1.0004414101263375
52.050000000000004	NaN
52.15	0.9962370725707267
52.25	0.993524905470907
52.35	0.990896669884021
52.45	0.9905995715302064
52.550000000000004	0.9876828839511737
52.65	0.9860816855789534
52.75	0.9843880662502095
52.85	0.9826211885498646
52.95	NaN
53.050000000000004	0.9791469442066125
53.15	NaN
53.25	0.9780032257030797
53.35	0.9768387922723843
53.45	0.9771273486325521
53.550000000000004	NaN
53.65	0.9779604469037072
53.75	NaN
53.85	0.9778434629042774
53.95	0.9785582301893586
54.050000000000004	NaN
54.15	0.9811598902350191
54.25	NaN
54.35	0.9846668326852422
54.45	0.985571982045322
54.550000000000004	NaN
54.65	0.9885294627790919
54.75	0.9917361152023221
54.85	0.9920981658757313
54.95	0.9956404641636198
55.050000000000004	0.9992858393240039
55.15	1.000665420185467
55.25	1.0043554359274511
55.35	1.0072938508775389
55.45	1.005972372062681
55.550000000000004	1.0091371486791854
55.65	1.0093745225313568
55.75	1.0105689769181916
55.85	1.014831862396056
55.95	1.0174071183461502
56.050000000000004	1.0171481828723459
56.15	1.0166838169536045
56.25	1.0169392787840994
56.35	1.0211765460466204
56.45	1.0218702674704518
56.550000000000004	1.0223583634174351
56.65	1.021892115701604
56.75	NaN
56.85	1.0213585824316902
56.95	1.0187231016443852
57.050000000000004	1.019693605666642
57.15	1.019226924230293
57.25	1.0180118028345153
57.35	NaN
57.45	1.0145892565797288
57.550000000000004	1.0136479955623572
57.65	1.0114853193028628
57.75	1.0086515904286353
57.85	1.0077022372966447
57.95	1.004297480716858
58.050000000000004	1.0045258954121181
58.15	1.001758484501121
58.25	0.9999398005665613
58.35	0.9974858754783799
58.45	NaN
58.550000000000004	0.9955976530404412
58.65	0.9929913669575948
58.75	NaN
58.85	0.988499931375159
58.95	NaN
59.050000000000004	0.9881420836577667
59.15	0.9839716059061113
59.25	0.9851829740089442
59.35	0.9831735522183238
59.45	0.9808862339510316
59.550000000000004	0.9837480764688364
59.65	0.9818804522826279
59.75	0.9821342598241577
59.85	NaN
59.95	0.9820678315561787
60.050000000000004	NaN
60.15	0.9828962051855556
60.25	0.9842066894010622
60.35	NaN
60.45	0.9841030384435823
60.550000000000004	0.9862340552553999
60.65	0.988111189495668
60.75	0.9890195001298647
60.85	0.990112466929258
60.95	0.9927696209259929
61.050000000000004	0.9939132433823772
61.15	0.9949547246945346
61.25	0.9976465904252646
61.35	1.0004471367006549
61.45	0.9979054807805261
61.550000000000004	NaN
61.65	1.0043376894115
61.75	NaN
61.85	NaN
61.95	1.009081536941685
62.050000000000004	1.0109801758636712
62.15	1.0123580202673579
62.25	1.0141052497988856
62.35	1.0147504127133684
62.45	1.016628738559389
62.550000000000004	1.0141382331136997
62.65	1.0163954452291244
62.75	1.0179408021218006
62.85	1.017098511084397
62.95	1.0166609495218901
63.050000000000004	1.0174414080310863
63.15	1.0167727398464173
63.25	NaN
63.35	1.0147652114967682
63.45	1.0170231238851113
63.550000000000004	1.0150477899811083
63.65	1.0125632977048358
63.75	1.0113612018773437
63.85	1.0096810340842894
63.95	1.0081258429577724
64.05	1.0076378060844475
64.14999999999999	1.0058328427680394
64.25	1.0037745014363442
64.35	1.0038623332134773
64.44999999999999	1.0005867714044823
64.55	0.99851417122961
64.64999999999999	0.9976029971573871
64.75	0.9961388586527631
64.85	0.9952680017889765
64.94999999999999	0.99141709044519
65.05	0.9917287196939514
65.14999999999999	0.9913398485339078
65.25	NaN
65.35	0.9878464311488913
65.44999999999999	NaN
65.55	0.9870602980085211
65.64999999999999	0.9865378159755948
65.75	0.9860039410389976
65.85	0.9841274231501222
65.94999999999999	0.985247563850701
66.05	NaN
66.14999999999999	0.9844821458156751
66.25	0.9856553165907729
66.35	0.9870676429857215
66.44999999999999	0.9852714715504457
66.55	0.9858785170314659
66.64999999999999	NaN
66.75	0.98811146971064
66.85	NaN
66.94999999999999	NaN
67.05	0.9911025423418346
67.14999999999999	0.9913752934412153
67.25	0.9937863311272497
67.35	0.9948831780841715
67.44999999999999	0.9958012956660922
67.55	0.9981838561649595
67.64999999999999	NaN
67.75	NaN
67.85	0.9996171246775805
67.94999999999999	1.0038419235007876
68.05	1.0067714753310693
68.14999999999999	1.0056131016086036
68.25	NaN
68.35	1.0091366983144208
68.44999999999999	1.008983348777757
68.55	1.0119566716940653
68.64999999999999	NaN
68.75	1.0131149426176183
68.85	1.014097530526293
68.94999999999999	1.0158695495237409
69.05	1.0124580322744927
69.14999999999999	1.015272955830882
69.25	1.016382149315964
69.35	1.014025621213349
69.44999999999999	NaN
69.55	1.0144357482043411
69.64999999999999	1.0129509000906114
69.75	NaN
69.85	1.0131503507614177
69.94999999999999	NaN
70.05	1.008899102445333
70.14999999999999	1.0068988430591332
70.25	NaN
70.35	1.005722568123104
70.44999999999999	NaN
70.55	1.0051725616710387
70.64999999999999	1.0040566649265346
70.75	1.0011855594116805
70.85	0.9984463752688452
70.94999999999999	0.9981424276329439
71.05	0.9973822483849459
71.14999999999999	0.9947563160046851
71.25	NaN
71.35	0.9943450483162524
71.44999999999999	0.9908102114458642
71.55	0.9901578938241522
71.64999999999999	0.9896429130214638
71.75	0.9918755376034335
71.85	0.9897866664899124
71.94999999999999	0.9888295425877648
72.05	NaN
72.14999999999999	NaN
72.25	NaN
72.35	NaN
72.44999999999999	0.9851505304621427
72.55	0.986819505116194
72.64999999999999	0.9880468908951752
72.75	NaN
72.85	0.9889802813820894
72.94999999999999	0.9910608072393008
73.05	0.9894461221678928
73.14999999999999	0.9907901016511358
73.25	0.9893095004982909
73.35	0.9925520582861411
73.44999999999999	NaN
73.55	0.9953694602453355
73.64999999999999	NaN
73.75	NaN
73.85	0.9990649941306157
73.94999999999999	0.9994610092288005
74.05	1.0017763281024796
74.14999999999999	1.0031748710180162
74.25	1.0036324966506864
74.35	1.0052520897034316
74.44999999999999	1.007377560030483
74.55	1.0078626145181786
74.64999999999999	1.0085965264318022
74.75	1.0090104438064444
74.85	1.0089938621155077
74.94999999999999	1.010937756699166
75.05	1.0110831456961735
75.14999999999999	1.0102855888953335
75.25	NaN
75.35	NaN
75.44999999999999	NaN
75.55	1.011695642059187
75.64999999999999	NaN
75.75	NaN
75.85	1.011318626710381
75.94999999999999	1.0098407665022147
76.05	1.010560352101889
76.14999999999999	1.0087741959543648
76.25	NaN
76.35	1.006366856653022
76.44999999999999	NaN
76.55	1.005693672162828
76.64999999999999	1.0045829548688934
76.75	NaN
76.85	NaN
76.95	NaN
77.05	NaN
77.14999999999999	0.999575301875638
77.25	0.997483890108153
77.35	0.9960342005697608
77.45	0.9965225719557746
77.55	0.9952457388835085
77.64999999999999	0.9934131996863648
77.75	0.992759577692318
77.85	0.9920748731707585
77.95	0.9925440009169693
78.05	0.9912405239584617
78.14999999999999	0.9905135185722828
78.25	0.989703805102051
78.35	0.9896833215705036
78.45	NaN
78.55	NaN
78.64999999999999	0.9894007805030997
78.75	0.988475273951505
78.85	NaN
78.95	0.9884715431039308
79.05	NaN
79.14999999999999	NaN
79.25	0.9907776926572812
79.35	NaN
79.45	0.9919821168691428
79.55	0.9935989185903569
79.64999999999999	NaN
79.75	0.9969130052585811
79.85	0.9956681442893854
