0.15	0.037296115459258566
0.25	0.03663641434115394
0.35	0.03607051971078615
0.45	0.03738994027386753
0.55	0.03747127973278689
0.65	0.03799487197104788
0.7500000000000001	0.038195648408672504
0.85	0.0386268408922103
0.95	0.038980193691352645
1.05	0.03970124596390144
1.15	0.04023710740584123
1.25	0.041066121837115284
1.35	0.041629597266643455
1.45	0.04274284303896024
1.55	0.04380852320334744
1.65	0.04490812010721609
1.75	0.046250828230326196
1.85	0.047548093455248734
1.95	0.04886473335941697
2.05	0.05024895818927397
2.15	0.05201997624684885
2.25	0.054085576892058826
2.35	0.05597287686068264
2.45	0.05799790818957953
2.5500000000000003	0.06025158099374891
2.65	0.06301647146737394
2.75	0.06598681620454448
2.85	0.06926582951823823
2.95	0.07253514604679484
3.0500000000000003	0.07609663473702401
3.15	0.08033778425358551
3.25	0.08487863198235389
3.35	0.08972517436037838
3.45	0.09558828677987107
3.5500000000000003	0.10164059578536373
3.65	0.10795520820088753
3.75	0.1156879037540121
3.85	0.12398108206394567
3.95	0.13378025026362897
4.05	0.1436920226282124
4.1499999999999995	0.15519371185591788
4.25	0.16845403432836467
4.35	0.18386637516259316
4.449999999999999	0.2003548188730249
4.55	0.2203036939528135
4.6499999999999995	0.24196128941842923
4.75	0.2681351494436212
4.85	0.2951281614853057
4.95	0.3299880009616042
5.05	0.36928743513883666
5.1499999999999995	0.4133954556483193
5.25	0.46382429809434716
5.35	0.5236270104135716
5.45	0.5975004834583137
5.55	0.676619247933379
5.6499999999999995	0.7747125965875827
5.75	0.8858948375969817
5.85	1.0109804635436552
5.95	1.1494275703392343
6.05	1.3085895218047459
6.1499999999999995	1.4843988325582027
6.25	1.648036432032063
6.35	1.8136367133233138
6.45	1.9549322075302247
6.55	2.0638295548483554
6.6499999999999995	2.12045801796029
6.75	2.1371553298040853
6.85	2.1005963366562868
6.95	2.0293701276114224
7.05	1.9311102170710395
7.1499999999999995	1.8203100416836508
7.25	1.700546116294669
7.35	1.5863595669058563
7.45	1.4740623729038838
7.55	1.373172886101004
7.6499999999999995	1.2785799918608332
7.75	1.194118722262718
7.85	1.123062502359359
7.95	1.0536398524503603
8.05	0.9973286441139839
8.15	0.9467548207902957
8.25	0.9022875814027664
8.350000000000001	0.8645349018884633
8.450000000000001	0.8305953813783803
8.55	0.8015790369691138
8.65	0.7764727872742032
8.75	0.7565498407238451
8.850000000000001	0.7369011805408092
8.950000000000001	0.7226553318560217
9.05	0.7106445215742401
9.15	0.7015826291485374
9.25	0.6939064800861359
9.350000000000001	0.69001237440114
9.450000000000001	0.6873177968051215
9.55	0.6871151227667549
9.65	0.6884612836607397
9.750000000000002	0.6906281124632468
9.85	0.696239251181662
9.95	0.7025982956827149
10.049999999999999	0.7119235844294791
10.149999999999999	0.7212523912299242
10.25	0.7329275304381406
10.35	0.7465098532524921
10.45	0.762786773532594
10.549999999999999	0.7788197890227684
10.649999999999999	0.7966912500467186
10.75	0.8179047130832577
10.85	0.8396305718016001
10.95	0.8621379977385942
11.049999999999999	0.8855747288797462
11.149999999999999	0.9114450925829172
11.25	0.9348525211303356
11.35	0.9645678449210783
11.45	0.989593580692977
11.549999999999999	1.0177748470305963
11.649999999999999	1.045247902353997
11.75	1.0712601628596268
11.85	1.0965790747103075
11.95	1.1220522603148337
12.049999999999999	1.1469272213613966
12.149999999999999	1.1665137185390186
12.25	1.1866399360842295
12.35	1.2036052508598314
12.45	1.2173324514663073
12.549999999999999	1.226858059104495
12.649999999999999	1.2352219485030975
12.75	1.2394919125632153
12.85	1.2412251225118809
12.95	1.2400846760791187
13.049999999999999	1.235100008356003
13.149999999999999	1.2263273680768594
13.25	1.2162548376388636
13.35	1.2030344733522147
13.45	1.184652485408016
13.549999999999999	1.1689360480952051
13.649999999999999	1.1485293645020083
13.75	1.1285974443083686
13.85	1.110825322832885
13.95	1.0874149354949159
14.049999999999999	1.0684124778717468
14.149999999999999	1.0458663844947627
14.25	1.0270049681261137
14.35	1.0046947114024256
14.45	0.9871535412117858
14.549999999999999	0.9686538261839186
14.649999999999999	0.954266363322509
14.75	0.9382264556069253
14.85	0.9245560509803836
14.95	0.911527886195776
15.049999999999999	0.8998318416132761
15.149999999999999	0.8891421064318964
15.25	0.8809751844862836
15.35	0.8743214522549502
15.45	0.8692149938475258
15.549999999999999	0.8656361731119689
15.649999999999999	0.8611768802422831
15.75	0.857175742679762
15.85	0.8584168212841222
15.95	0.8582454012637212
16.05	0.8608900825128726
16.15	0.8635441202035891
16.25	0.868275773688947
16.349999999999998	0.8729681544516069
16.45	0.880219562116954
16.55	0.8865955276022711
16.65	0.8937607626635677
16.75	0.902303706165954
16.849999999999998	0.9128849842086508
16.95	0.9223362393039879
17.05	0.9330009832690885
17.15	0.9444083389767747
17.25	0.9591150808086694
17.349999999999998	0.9710225925667183
17.45	0.983515056050215
17.55	0.9955564197891066
17.65	1.008143086666556
17.75	1.0217191431680388
17.849999999999998	1.0325940337605
17.95	1.0460888678841729
18.05	1.0556292634739586
18.15	1.0658127449834915
18.25	1.0778374268314932
18.349999999999998	1.0851214691209177
18.45	1.0918664779121594
18.55	1.098053370592472
18.65	1.1062704845330886
18.75	1.1054098617856245
18.849999999999998	1.10778631789824
18.95	1.111259829076851
19.05	1.1108468578533177
19.15	1.1082681217055652
19.25	1.107467596052051
19.35	1.1036760054856183
19.45	1.0989372819368213
19.55	1.0928635121257062
19.65	1.0873283265580238
19.75	1.0773760230712142
19.85	1.0693373381568008
19.95	1.0630380703632232
20.05	1.0538770036043799
20.15	1.0453775311168139
20.25	1.0340841229332935
20.35	1.0252191460699873
20.45	1.016291969464835
20.55	1.0046484286700479
20.65	0.9963933913544286
20.75	0.986448532068301
20.85	0.979683335330978
20.95	0.9696440266049116
21.05	0.9655922625944842
21.15	0.9583495011408495
21.25	0.9487377387563753
21.35	0.9450493305918846
21.45	0.9388851453910234
21.55	0.9344657498098156
21.65	0.9307584560058683
21.75	0.9280004704736616
21.85	0.9240566177257713
21.95	0.924173372039992
22.05	0.9223591256484491
22.15	0.9232628224469923
22.25	0.9237717225548779
22.35	0.9232821839351211
22.45	0.9269549056062772
22.55	0.9280984473330868
22.65	0.9315948721719759
22.75	0.9357284145880291
22.85	0.9392157544286717
22.95	0.9460360791649827
23.05	0.9515079551158707
23.15	0.9558067032179324
23.25	0.96435549952532
23.35	0.9698783362388057
23.45	0.9766080522103703
23.55	0.9844824489871612
23.65	0.989948892878726
23.75	0.9946592749719608
23.85	1.0031770324568245
23.95	1.0106412279227308
24.05	1.0171303959056763
24.15	1.0244426399613382
24.25	1.0313882764121702
24.35	1.0375955591962283
24.45	1.0425252135262955
24.55	1.0478433742614919
24.65	1.0520603869683556
24.75	1.0547658652531975
24.85	1.0577911314001327
24.95	1.059978164596077
25.05	1.0668610195281796
25.15	1.0654870951568656
25.25	1.060569658729438
25.35	1.0639509280919268
25.45	1.06214738289347
25.55	1.0604895866349096
25.65	1.0594811591128463
25.75	1.0547674190243428
25.85	1.0498815227151368
25.95	1.0480155386452574
26.05	1.0417057579612437
26.15	1.0377453771874818
26.25	1.0334120238299531
26.35	1.0284737184562884
26.45	1.0209137346494437
26.55	1.016001240432806
26.65	1.010407095481164
26.75	1.0061165159414305
26.85	1.0007782534231764
26.95	0.9948680683319221
27.05	0.9892265144285983
27.15	0.9853503297495887
27.25	0.9795539269174061
27.35	0.976172825758156
27.45	0.9749329265824584
27.55	0.9676789887716296
27.65	0.9639657480163109
27.75	0.9619295505199834
27.85	0.9587703647932454
27.95	0.956501281882972
28.05	0.9540376143273747
28.15	0.9539957363536975
28.25	0.9527396777154284
28.35	0.9526178648365393
28.45	0.9513973415404414
28.55	0.9555873902199621
28.65	0.9536465422729293
28.75	0.9555529132650064
28.85	0.9573222962621105
28.95	0.9593593608893531
29.05	0.9620859127920247
29.15	0.965198339897869
29.25	0.9673215650896213
29.35	0.9716694917039429
29.45	0.9742596216547923
29.55	0.9762035855684245
29.65	0.9816743744489739
29.75	0.9892763226223111
29.85	0.992418076408332
29.95	NaN
30.05	1.001415673549081
30.15	1.0055212714810253
30.25	1.0077278569592076
30.35	1.014046517877376
30.45	1.0167139390690243
30.55	1.0228439130655165
30.65	1.0257430221655133
30.75	1.0288901131862367
30.85	1.0319834724236876
30.95	1.0357654868826467
31.05	1.0341327779883083
31.15	1.0387542526341291
31.25	1.0400238229630476
31.35	1.0408159128896244
31.45	1.0408311750380073
31.55	1.041040198467149
31.65	1.0397015899704747
31.75	NaN
31.85	1.0387078670690626
31.95	1.036547551339943
32.05	1.035226072920642
32.15	1.0302572307217435
32.25	1.0280178583642137
32.35	1.027134733338303
32.45	1.023746773030286
32.55	1.019672318201913
32.65	1.0162655680755563
32.75	1.0122977634894035
32.85	1.010141267744713
32.95	1.0063953761777138
33.05	1.0037769661470437
33.15	0.9988203166881575
33.25	0.9948677748623487
33.35	0.9911822356234182
33.45	0.9871601179612843
33.55	0.9850268240865026
33.65	0.9816981309992745
33.75	0.9791134858570899
33.85	0.9777208377806883
33.95	0.9740353649185921
34.05	0.9732540402378029
34.15	0.9700726580721588
34.25	0.9702606454035585
34.35	0.9689993005460381
34.45	0.971635486767498
34.55	0.9680999933462126
34.65	0.9678094384835656
34.75	0.9676616599003307
34.85	0.9674369344997903
34.95	0.9697703752193321
35.05	0.9738078612378648
35.15	0.9695954065304185
35.25	0.9716339301194586
35.35	0.9749358012818173
35.45	0.9771202378350444
35.55	0.9798915849479461
35.65	0.9819384762739609
35.75	0.9841229965245584
35.85	0.9878035187330184
35.95	0.9895476622968026
36.05	0.9932491073904778
36.15	0.9952083676954303
36.25	0.9973484573347692
36.35	1.0016389117148492
36.45	1.0055020161441148
36.55	1.0079734736478059
36.65	NaN
36.75	1.0136007794047213
36.85	1.0161907351769393
36.95	1.0176727702874018
37.05	1.0235914565126327
37.15	1.0243485302542163
37.25	1.0226217415286154
37.35	1.025107864587248
37.45	1.0262454807975032
37.55	1.0276928118143194
37.65	1.0298816694336808
37.75	1.029093898635359
37.85	1.0281201947460628
37.95	1.0293583673883637
38.05	NaN
38.15	NaN
38.25	1.0218454595436306
38.35	1.022785212707893
38.45	1.0234878906093676
38.550000000000004	1.0219101173096103
38.65	1.0166389675226548
38.75	1.0167678019218003
38.85	1.015493699563444
38.95	1.0109827784094456
39.050000000000004	1.007767332912068
39.15	1.0050398774664007
39.25	1.0019318992549313
39.35	1.0014214045522194
39.45	0.9997047897804648
39.550000000000004	0.9935048561266283
39.65	NaN
39.75	0.9906642730070306
39.85	0.9894643585531392
39.95	0.9858618931922828
40.050000000000004	0.9818838787263939
40.15	0.9815951520503555
40.25	0.979605732185399
40.35	NaN
40.45	0.9801863744984317
40.550000000000004	0.9777819146428305
40.65	0.9757374113390419
40.75	0.9774731893038276
40.85	0.9776274878688912
40.95	0.976364280945902
41.050000000000004	0.9747760310393303
41.15	0.9761453890091101
41.25	0.9785846141979933
41.35	0.9773096538541023
41.45	0.9811160114271817
41.550000000000004	0.9820325475617643
41.65	0.9822347954786802
41.75	0.9836110124881302
41.85	0.9864226645631786
41.95	0.9868983900227729
42.050000000000004	0.9893335485423379
42.15	0.9899609246876413
42.25	0.994567361719521
42.35	0.9962807635446823
42.45	0.996049771101823
42.550000000000004	0.9999641477724988
42.65	1.0006744696715137
42.75	1.005401868828843
42.85	1.0070791292007069
42.95	1.0071967877900991
43.050000000000004	1.0112364129679665
43.15	NaN
43.25	1.0148179575673317
43.35	1.0176844833329612
43.45	1.0171578463620967
43.550000000000004	1.0108907841653403
43.65	NaN
43.75	NaN
43.85	1.024750428887008
43.95	1.0205158450504432
44.050000000000004	1.0209608130638217
44.15	1.0208605516685363
44.25	1.0215077437605735
44.35	1.0210918975369652
44.45	NaN
44.550000000000004	1.0187134829876099
44.65	1.017503527393867
44.75	1.0146551352867832
44.85	1.0162601601898633
44.95	1.0127237781014957
45.050000000000004	1.0104745173318672
45.15	1.0107294023972728
45.25	1.0062093806091523
45.35	1.0064417433502597
45.45	1.0055629852290697
45.550000000000004	1.001234516975992
45.65	1.0007753022950894
45.75	NaN
45.85	0.9945317211049707
45.95	NaN
46.050000000000004	0.9934039550780371
46.15	0.9894660511376977
46.25	0.9898132604535494
46.35	NaN
46.45	0.9872010822890626
46.550000000000004	0.9848389279754072
46.65	NaN
46.75	0.9844747747675474
46.85	0.9836305630531382
46.95	0.9829535489359427
47.050000000000004	0.9834634039952262
47.15	0.982259091056892
47.25	0.9819825755087728
47.35	0.9821009959764712
47.45	NaN
47.550000000000004	0.982148907887823
47.65	0.9842521181377506
47.75	0.9845814073408518
47.85	0.9860224489111202
47.95	0.9873939562651556
48.050000000000004	0.9882160522558754
48.15	0.9888010849293201
48.25	0.9897330044114541
48.35	0.9916594650257943
48.45	0.9939993217506106
48.550000000000004	0.9944396688199085
48.65	0.9984536016274759
48.75	0.9976431432896737
48.85	0.9999705742356935
48.95	1.0014838224527456
49.050000000000004	1.0046342770435681
49.15	1.0078213387173953
49.25	1.0064362114014322
49.35	1.0095640682203855
49.45	1.010010704891082
49.550000000000004	1.0109751628920955
49.65	1.012981961250308
49.75	NaN
49.85	1.013003135272135
49.95	1.0149175914281108
50.050000000000004	1.0145917829757336
50.15	1.015206509261288
50.25	1.0145406135208173
50.35	1.0165123969161047
50.45	1.0154209921740942
50.550000000000004	1.0151869590420521
50.65	1.0154467672831662
50.75	1.0135527883580757
50.85	1.0133639850556644
50.95	1.0136273818284394
51.050000000000004	1.0106366039677057
51.15	1.0123640171201629
51.25	1.009653987284018
51.35	1.0090794962942173
51.45	1.00847294222417
51.550000000000004	1.0035265005644216
51.65	1.004390669431649
51.75	1.000040731173074
51.85	1.0011910017644585
51.95	1.000618086887082
52.050000000000004	0.9978391749222615
52.15	NaN
52.25	0.9919591866236476
52.35	0.9954449805843016
52.45	0.9925207836221114
52.550000000000004	0.9922870958900081
52.65	0.9916397238379032
52.75	0.9898132814528282
52.85	0.9875441101833331
52.95	0.987607314272516
53.050000000000004	0.9878275855018284
53.15	0.9837108501169042
53.25	0.9841069397874027
53.35	0.9871017374405101
53.45	0.9857713642148183
53.550000000000004	0.9862804452379599
53.65	0.9853236526694323
53.75	0.9842577603968496
53.85	0.9877708181348103
53.95	0.9872946763126056
54.050000000000004	0.9896655040673533
54.15	0.9883394209553352
54.25	0.9895884148555916
54.35	0.9900642687266589
54.45	0.9927726595158524
54.550000000000004	NaN
54.65	0.9957580136712998
54.75	0.9947567586011901
54.85	0.9967292232086226
54.95	0.9984703861236948
55.050000000000004	1.001919576669245
55.15	0.9998470102561662
55.25	1.0013569418442945
55.35	1.0022199901314446
55.45	1.003000339910814
55.550000000000004	1.0053560677904358
55.65	NaN
55.75	1.0095016628005142
55.85	1.0073275321072486
55.95	1.0098265187255178
56.050000000000004	1.010132759531385
56.15	1.0108083368768013
56.25	1.009842635195962
56.35	1.017335651651782
56.45	1.0106584813591573
56.550000000000004	1.013162532800419
56.65	1.0148056163864403
56.75	1.0118559932455915
56.85	1.0132170169882948
56.95	1.0124106287978876
57.050000000000004	1.012888001062183
57.15	1.0096001684970424
57.25	1.0103193615797426
57.35	1.0101206725678953
57.45	1.0089956205616775
57.550000000000004	NaN
57.65	1.0076852070913873
57.75	1.0050074259764366
57.85	1.0045025690538842
57.95	1.000980025814155
58.050000000000004	NaN
58.15	1.000219452960819
58.25	1.0002987979394715
58.35	0.9978095609423876
58.45	0.9969010980194148
58.550000000000004	0.9960934426172817
58.65	0.9939250436407713
58.75	NaN
58.85	0.993363014639926
58.95	0.9927081603228799
59.050000000000004	0.992435594931934
59.15	0.9908589518674868
59.25	0.9893391441312569
59.35	0.990545347482196
59.45	0.9906913806080705
59.550000000000004	0.988055156376322
59.65	NaN
59.75	0.9891018350814912
59.85	0.9891066974092928
59.95	0.9886404277430415
60.050000000000004	0.9888446659977609
60.15	0.9907591224075208
60.25	0.9915261834746245
60.35	NaN
60.45	0.9909965609926856
60.550000000000004	0.9910941941482265
60.65	0.9934806652668605
60.75	0.9950920989519502
60.85	NaN
60.95	0.9971283767457064
61.050000000000004	0.9962276576505444
61.15	0.9984054343873522
61.25	0.9981202203691595
61.35	0.9999897759970489
61.45	1.0000062062108697
61.550000000000004	1.0037453452783516
61.65	1.0011849796122105
61.75	1.0049070613504685
61.85	1.005007735144564
61.95	NaN
62.050000000000004	1.0063654659524914
62.15	1.0069720972328382
62.25	1.0087296629689932
62.35	1.0068264620964553
62.45	NaN
62.550000000000004	1.0102305666187146
62.65	NaN
62.75	NaN
62.85	1.00854139623301
62.95	1.0099266251117547
63.050000000000004	1.0096541851696474
63.15	1.0105335345106174
63.25	1.0088953404290486
63.35	1.0093105322103288
63.45	1.0067803731851932
63.550000000000004	1.0081369594246263
63.65	NaN
63.75	1.0081056491748859
63.85	NaN
63.95	1.005499742386772
64.05	1.004054258081242
64.14999999999999	1.0028173627760184
64.25	1.0031162477215048
64.35	NaN
64.44999999999999	1.001599590427277
64.55	0.9990713061248426
64.64999999999999	0.9982073239009295
64.75	0.9973010241602588
64.85	0.9955341185859898
64.94999999999999	0.9949983864833297
65.05	0.9960105080494325
65.14999999999999	NaN
65.25	0.9928666694339171
65.35	0.9947506179983244
65.44999999999999	0.9926528889464021
65.55	0.9908330672756459
65.64999999999999	NaN
65.75	0.992249066042921
65.85	0.990636570020839
65.94999999999999	NaN
66.05	NaN
66.14999999999999	0.9905012558969278
66.25	0.9902378278423025
66.35	0.991682951205635
66.44999999999999	0.9922087444637189
66.55	NaN
66.64999999999999	0.9916221074336491
66.75	0.9939235458559776
66.85	NaN
66.94999999999999	NaN
67.05	NaN
67.14999999999999	NaN
67.25	0.9968660864611388
67.35	NaN
67.44999999999999	NaN
67.55	0.99755117066474
67.64999999999999	1.001094900732282
67.75	1.001453406076467
67.85	1.002273530247686
67.94999999999999	NaN
68.05	1.0035384034824315
68.14999999999999	1.0049783977553697
68.25	1.0048336005501124
68.35	1.0068661899200375
68.44999999999999	1.0069365182229126
68.55	1.0064272524828746
68.64999999999999	NaN
68.75	1.0083864785781633
68.85	1.0085886991917719
68.94999999999999	1.008092355618052
69.05	NaN
69.14999999999999	1.0086123818673465
69.25	NaN
69.35	1.0087561111652141
69.44999999999999	1.0058955253221626
69.55	1.0084105177577585
69.64999999999999	1.0078046353221468
69.75	1.0073979117887197
69.85	1.0069608584703884
69.94999999999999	1.0047585182305514
70.05	NaN
70.14999999999999	1.0038731426452205
70.25	1.0044040025320427
70.35	1.0028883064819103
70.44999999999999	1.002754395223639
70.55	1.000566040043747
70.64999999999999	0.9997836982917111
70.75	1.0002929631485826
70.85	0.9980117065998135
70.94999999999999	0.9987065606171488
71.05	0.9972415600171664
71.14999999999999	NaN
71.25	0.9967108430659019
71.35	NaN
71.44999999999999	0.9945070179952362
71.55	0.994163678186957
71.64999999999999	0.9945404540640744
71.75	0.9972553046326004
71.85	NaN
71.94999999999999	NaN
72.05	0.9913663748819267
72.14999999999999	NaN
72.25	0.991744794475975
72.35	0.9929270725675946
72.44999999999999	NaN
72.55	NaN
72.64999999999999	0.9919656702441491
72.75	0.9940887028669607
72.85	0.9954165504777726
72.94999999999999	NaN
73.05	0.9946558713725936
73.14999999999999	0.995184225772746
73.25	0.9941809206234168
73.35	0.9956529136332511
73.44999999999999	0.9967341226738337
73.55	0.9984585020080777
73.64999999999999	0.9987994846207007
73.75	1.000969397737236
73.85	0.9995675432398672
73.94999999999999	NaN
74.05	NaN
74.14999999999999	1.0023879964218658
74.25	1.0020970885417264
74.35	1.0044273811671727
74.44999999999999	1.0029384077569132
74.55	1.0041995643452961
74.64999999999999	NaN
74.75	NaN
74.85	1.0063644786302253
74.94999999999999	1.0063313711276405
75.05	1.0058462944648423
75.14999999999999	1.0061218561097005
75.25	1.0068107580703838
75.35	1.007875420123126
75.44999999999999	1.0050463689452234
75.55	1.0074116314575785
75.64999999999999	1.0068462394985984
75.75	NaN
75.85	1.0055043695826718
75.94999999999999	NaN
76.05	1.0054340830523836
76.14999999999999	1.0055325168735911
76.25	1.0061209114650338
76.35	1.0050102919572066
76.44999999999999	NaN
76.55	1.0029945059670384
76.64999999999999	1.0015431762085512
76.75	NaN
76.85	1.0006052826379213
76.95	1.000657992167227
77.05	1.0003587181062807
77.14999999999999	1.0003553794694036
77.25	NaN
77.35	NaN
77.45	NaN
77.55	0.9971687578417484
77.64999999999999	NaN
77.75	0.9952159344709736
77.85	0.9947566106006328
77.95	NaN
78.05	0.9948383768576884
78.14999999999999	NaN
78.25	0.9947694276026614
78.35	0.9944244312294794
78.45	NaN
78.55	NaN
78.64999999999999	NaN
78.75	0.9939047260818057
78.85	0.9953807282300194
78.95	0.9949100773795004
79.05	NaN
79.14999999999999	NaN
79.25	0.9949305534499814
79.35	0.9952915597570884
79.45	NaN
79.55	0.9980518443418727
79.64999999999999	NaN
79.75	0.9969928800011123
79.85	0.9978736424023452
