0.15	0.019589549864318215
0.25	0.018592214349042315
0.35	0.019078505819225457
0.45	0.01905489516359612
0.55	0.01948240036517232
0.65	0.01938584573381204
0.7500000000000001	0.019655760135397892
0.85	0.019804435603314498
0.95	0.02026864580468418
1.05	0.020412131177099713
1.15	0.02079536098592329
1.25	0.021191678411289314
1.35	0.02157577641956853
1.45	0.022055431727473127
1.55	0.022592025576766466
1.65	0.02296928794688818
1.75	0.023688706981989556
1.85	0.024251961504742108
1.95	0.025075203094139686
2.05	0.025762985996583814
2.15	0.026619131418544998
2.25	0.027542414679711462
2.35	0.028547595757317152
2.45	0.02949267186547169
2.5500000000000003	0.030656798011506343
2.65	0.03201399170682486
2.75	0.03342557641843856
2.85	0.034878444842701535
2.95	0.0366564447130973
3.0500000000000003	0.03832504006250067
3.15	0.04031035167964952
3.25	0.04247030882822573
3.35	0.04505450084175256
3.45	0.04748343618873453
3.5500000000000003	0.05057443104352836
3.65	0.053710728971394166
3.75	0.05744091745639505
3.85	0.060944279120522395
3.95	0.06582994874329004
4.05	0.07093795101340283
4.1499999999999995	0.0764464704670219
4.25	0.08252159307391624
4.35	0.0901457711472715
4.449999999999999	0.09763717087493662
4.55	0.1064496714525686
4.6499999999999995	0.11662974943910694
4.75	0.12933205416474
4.85	0.14306471173836535
4.95	0.15931246584533604
5.05	0.17703590085214685
5.1499999999999995	0.19981176749999696
5.25	0.22410868702759282
5.35	0.254834230194328
5.45	0.2919142871627112
5.55	0.3361432800006043
5.6499999999999995	0.38719033957722016
5.75	0.45458612928586245
5.85	0.5288923652845909
5.95	0.6253223782922847
6.05	0.7464830354374958
6.1499999999999995	0.9000346232015648
6.25	1.0824870801518442
6.35	1.3015266507360093
6.45	1.5798985600219586
6.55	1.8912346382147107
6.6499999999999995	2.21872420988697
6.75	2.5389923978642552
6.85	2.793657226373807
6.95	2.9277681642768165
7.05	2.907688449018553
7.1499999999999995	2.77314729918237
7.25	2.554772885574006
7.35	2.290346157394474
7.45	2.0430582050025
7.55	1.8193996514043476
7.6499999999999995	1.6031665253473617
7.75	1.4310608357873436
7.85	1.2813963426323722
7.95	1.1622350367556598
8.05	1.0596377995466026
8.15	0.9740364077285539
8.25	0.9001020610899338
8.350000000000001	0.8385911377336067
8.450000000000001	0.7868206315182794
8.55	0.7432812532959691
8.65	0.7062105826992661
8.75	0.6768746469086032
8.850000000000001	0.651339333880458
8.950000000000001	0.6290259830561994
9.05	0.6126900765209351
9.15	0.5982813950071201
9.25	0.585998098506497
9.350000000000001	0.5788573651145933
9.450000000000001	0.574218276188085
9.55	0.5704116371080061
9.65	0.5685254597340641
9.750000000000002	0.5687851214620571
9.85	0.5726483220645625
9.95	0.5779793410888787
10.049999999999999	0.5841502540661112
10.149999999999999	0.5944508370456006
10.25	0.604865357040272
10.35	0.6185209491614625
10.45	0.6357580755861353
10.549999999999999	0.6519498673903258
10.649999999999999	0.6724609599392768
10.75	0.694791524250245
10.85	0.7203990820151281
10.95	0.7475963173227027
11.049999999999999	0.7790284240771794
11.149999999999999	0.8091178455569179
11.25	0.845400929112785
11.35	0.881049499428816
11.45	0.9189520483758626
11.549999999999999	0.960793197756444
11.649999999999999	1.0024005595905028
11.75	1.0436375083228657
11.85	1.0838104320437716
11.95	1.1253430152365564
12.049999999999999	1.1649433220066416
12.149999999999999	1.1995424650795323
12.25	1.2320626267243693
12.35	1.2585990963681701
12.45	1.2849564691582547
12.549999999999999	1.306431110656955
12.649999999999999	1.3155956052857782
12.75	1.330158149660122
12.85	1.3384246612965056
12.95	1.3371866683964642
13.049999999999999	1.3387931562580642
13.149999999999999	1.3367807632722921
13.25	1.328102461316892
13.35	1.3161110210207547
13.45	1.3027378317259024
13.549999999999999	1.2877470933622417
13.649999999999999	1.2669754556089843
13.75	1.245694744832372
13.85	1.2185630217362216
13.95	1.1898096189519884
14.049999999999999	1.1592073248244026
14.149999999999999	1.1291919469269083
14.25	1.0981545114017586
14.35	1.0647073773175608
14.45	1.0326048716379383
14.549999999999999	1.003538842389075
14.649999999999999	0.9732610436822708
14.75	0.9452588879253696
14.85	0.920907497225699
14.95	0.8957304232807937
15.049999999999999	0.875816710188054
15.149999999999999	0.8569531761178458
15.25	0.8411043037296448
15.35	0.8268901580168052
15.45	0.8135882020911497
15.549999999999999	0.8045938666946768
15.649999999999999	0.7951389855077285
15.75	0.7897919808669183
15.85	0.7853384740901612
15.95	0.7831464000177513
16.05	0.7833600357418156
16.15	0.7841767245960134
16.25	0.7849657420840542
16.349999999999998	0.7898417008078362
16.45	0.7971854745731954
16.55	0.8056568850506086
16.65	0.8138226388618142
16.75	0.8278202817140728
16.849999999999998	0.8378674979374516
16.95	0.8534642434516704
17.05	0.8686059453243765
17.15	0.8855398643976068
17.25	0.9048049435380727
17.349999999999998	0.9247932066356157
17.45	0.9417738489315602
17.55	0.9618556384172222
17.65	0.9845467998058045
17.75	1.0062246617959199
17.849999999999998	1.0254736366798713
17.95	1.0466776191447829
18.05	1.0695773888630955
18.15	1.0842941788235227
18.25	1.1042383854487499
18.349999999999998	1.1206531671432018
18.45	1.1336339292738074
18.55	1.1447912800978148
18.65	1.1587515458569642
18.75	1.1665424911412525
18.849999999999998	1.1703782874159678
18.95	1.176967333467131
19.05	1.177461245623188
19.15	1.1764884650166767
19.25	1.1706412705288205
19.35	1.1650256534572139
19.45	1.1606043093880727
19.55	1.1535328559262032
19.65	1.1443863100270764
19.75	1.1323914405975692
19.85	1.1218252802688171
19.95	1.1093055540217123
20.05	1.0948672178542638
20.15	1.0794965331954198
20.25	1.0658823820630552
20.35	1.0528582235750175
20.45	1.0390780186927213
20.55	1.023050716137897
20.65	1.0094008918585038
20.75	0.9980020638713331
20.85	0.982508177609607
20.95	0.9708903536515234
21.05	0.9594812057514296
21.15	0.9469992896942014
21.25	0.9362993454374351
21.35	0.926427936640124
21.45	0.9170674965771876
21.55	0.908744090233849
21.65	0.9022952185849938
21.75	0.8961807324027439
21.85	0.8907932561625662
21.95	0.8886195372429876
22.05	0.8841344182757493
22.15	0.8805132802126413
22.25	0.8787109177054988
22.35	0.8807176604672137
22.45	0.8811189610100604
22.55	0.8820911472390701
22.65	0.8866209690336178
22.75	0.8918878335264178
22.85	0.8958626760883405
22.95	NaN
23.05	0.9100226229577688
23.15	0.9171087129523293
23.25	0.9267251533980833
23.35	0.9364362354250884
23.45	0.9455296950925863
23.55	0.9545500394558415
23.65	0.96460934495491
23.75	0.9767775741544962
23.85	0.9903389665687338
23.95	1.0024841088111938
24.05	1.014498690616379
24.15	1.0281614148994742
24.25	1.0394114093200635
24.35	1.0487031474471569
24.45	1.057873520020123
24.55	1.0684185317330535
24.65	1.0776943320141006
24.75	1.0851582080128666
24.85	1.0905689673015735
24.95	1.0966357043080526
25.05	1.0993969147721405
25.15	1.1030305325319685
25.25	1.1041821095414617
25.35	1.1045980155014399
25.45	1.1046792013903566
25.55	1.1029376203046466
25.65	1.0991999074553194
25.75	1.0943483027853929
25.85	1.0896151275051629
25.95	1.0820355424735622
26.05	1.0755136330543975
26.15	1.0668589406423987
26.25	1.0588019795799612
26.35	1.051834135751669
26.45	1.043327009197173
26.55	1.033923680255116
26.65	1.0238447071334071
26.75	1.015732994799286
26.85	1.0062722051200306
26.95	0.9973568861966543
27.05	0.9898464645025256
27.15	0.9817289199332726
27.25	0.9746370366827057
27.35	0.9644303190096613
27.45	0.9609596010541516
27.55	0.9520412195971699
27.65	0.9475568480966167
27.75	0.9427949463432954
27.85	0.9402498405129263
27.95	0.9359739207435409
28.05	0.9322797104066338
28.15	0.9275260130003955
28.25	0.9253011610735422
28.35	0.925818745920868
28.45	0.9238616564280142
28.55	0.9239564548783828
28.65	0.9276084287939056
28.75	0.9254239621445387
28.85	0.9288525093884957
28.95	0.9336375176697332
29.05	0.9336926450678188
29.15	0.9380539462023388
29.25	0.9421243773002385
29.35	0.9478361394528252
29.45	0.9524062790581201
29.55	0.9591741107429459
29.65	0.9658194639541503
29.75	0.9730621052788165
29.85	0.9790436534305178
29.95	0.9858310080762683
30.05	0.9930595719724881
30.15	1.0021136631734193
30.25	1.0080233818429811
30.35	1.0154325844888756
30.45	1.020166636914108
30.55	1.0292299141710206
30.65	1.0349051454631268
30.75	1.0413102321231293
30.85	1.0399876680120217
30.95	1.0529849443447636
31.05	1.0535763167878676
31.15	1.0611128644448333
31.25	1.0625563394404958
31.35	1.0672858818058626
31.45	1.067815090398201
31.55	1.069309310050371
31.65	1.066859393277109
31.75	1.068032511192236
31.85	1.0651682330456864
31.95	1.0632260404838894
32.05	1.0603925204009452
32.15	1.0551752029107946
32.25	1.0534257872948014
32.35	1.0456672107887912
32.45	1.0437296897482318
32.55	1.0372989230717828
32.65	1.0312459480503096
32.75	1.0274566666477218
32.85	1.0187951767365309
32.95	1.0135350254439761
33.05	1.0066141572346001
33.15	1.0030983622675291
33.25	0.9941232106762198
33.35	0.9922160525160236
33.45	0.9857049177504879
33.55	0.9813780488625587
33.65	0.9735872194838965
33.75	0.9692584816257057
33.85	0.9653089387135909
33.95	0.9645408032825755
34.05	0.9586521626994111
34.15	0.9572980421407464
34.25	0.9533881355360256
34.35	0.9505670518896292
34.45	0.9474565380513048
34.55	0.9468468882014419
34.65	0.9458144523777088
34.75	0.9457470982004599
34.85	0.9473723289618473
34.95	0.9483451720067433
35.05	0.9498397423960396
35.15	0.9524860768530352
35.25	0.9554381012246818
35.35	0.957555382641282
35.45	0.9593294745056868
35.55	0.9639013787932335
35.65	0.9651329431409481
35.75	0.9717825288759797
35.85	0.9751353371878765
35.95	0.9812335805410368
36.05	0.983330134839366
36.15	0.9884942161538273
36.25	0.9943535818875059
36.35	1.000611620443289
36.45	1.0046863257481797
36.55	NaN
36.65	1.014772136644864
36.75	1.0207100255393362
36.85	1.0217727214797472
36.95	1.0272238452639757
37.05	1.030894139345448
37.15	1.0356185925640682
37.25	1.03845877743046
37.35	1.0412538100423059
37.45	1.0410645729015744
37.55	1.0432975732352168
37.65	NaN
37.75	1.0472789250442853
37.85	1.0460435601183695
37.95	1.0461732329717062
38.05	1.045265551322007
38.15	1.0447203224592478
38.25	1.044610618626978
38.35	1.0417860318906325
38.45	1.0405956314347762
38.550000000000004	1.0346633887802277
38.65	1.0319571975523338
38.75	1.0291990811496563
38.85	1.0240385477499998
38.95	1.0223549446858424
39.050000000000004	1.016530039562504
39.15	NaN
39.25	NaN
39.35	NaN
39.45	NaN
39.550000000000004	0.9950828636930266
39.65	0.9905724145674557
39.75	0.9877652275869283
39.85	0.9839081343395447
39.95	0.9806861297835368
40.050000000000004	0.9737514701880216
40.15	NaN
40.25	0.9709572337697026
40.35	0.9695379193496134
40.45	0.9673952815335214
40.550000000000004	0.9648634165337998
40.65	0.9631521459790048
40.75	0.9614578855361566
40.85	0.9583812823945146
40.95	0.9610164841678439
41.050000000000004	0.9611505214551613
41.15	0.9631650394023563
41.25	0.9606117516708528
41.35	0.9653141378204343
41.45	0.9645303911375023
41.550000000000004	NaN
41.65	0.9676162848107073
41.75	0.9723644704509308
41.85	0.975481610757767
41.95	0.977208199106204
42.050000000000004	0.9802988040449723
42.15	NaN
42.25	0.9870502697121543
42.35	0.9919419542334649
42.45	0.9929864202861666
42.550000000000004	0.9983710177417227
42.65	1.0003224627067244
42.75	1.0053312993987034
42.85	1.0101239957070431
42.95	1.0131108069462518
43.050000000000004	1.015476745322308
43.15	1.018879277851067
43.25	1.0221698417062994
43.35	1.0259366997979669
43.45	1.023902642329986
43.550000000000004	1.0302991532644568
43.65	NaN
43.75	1.0323960788210635
43.85	1.0355946083493062
43.95	1.034842222941209
44.050000000000004	1.0352659246789426
44.15	1.033784304140661
44.25	NaN
44.35	1.0336321398154955
44.45	1.0340538604231047
44.550000000000004	1.0302564805564336
44.65	1.0300771961149344
44.75	1.0280270010546753
44.85	1.0247621813018468
44.95	1.02410703498553
45.050000000000004	1.020675457904577
45.15	1.0167773416665695
45.25	1.0136686222296327
45.35	NaN
45.45	1.0080909119644952
45.550000000000004	1.005949208031297
45.65	NaN
45.75	1.000045143772469
45.85	0.9953586491368339
45.95	0.9915483923938611
46.050000000000004	0.9912129542963978
46.15	0.9866705463115057
46.25	0.9857475480711834
46.35	0.9827007342164896
46.45	0.9797124891483951
46.550000000000004	0.9783783235880762
46.65	NaN
46.75	0.9746737146115236
46.85	0.9718198962592856
46.95	0.9736793740104357
47.050000000000004	0.9713701121212676
47.15	0.9700541895615564
47.25	0.9695334551668745
47.35	0.9705965578174062
47.45	0.9713712931459529
47.550000000000004	0.97087208231011
47.65	0.9733160370707347
47.75	0.9737230486816525
47.85	0.9753850930048459
47.95	0.9765971778056243
48.050000000000004	0.9794541407049728
48.15	0.9814272381536929
48.25	0.9828191549846453
48.35	0.98467334289903
48.45	0.9885274012876135
48.550000000000004	0.9921908250458112
48.65	0.9942803831100676
48.75	0.9959368823286343
48.85	0.9987318424683284
48.95	1.0005258050827153
49.050000000000004	1.0052182575509558
49.15	NaN
49.25	1.0100913787404884
49.35	1.0129227099798566
49.45	1.014807191400953
49.550000000000004	1.0172405465708567
49.65	1.0193732216586573
49.75	1.021076226584516
49.85	1.0219393521364533
49.95	1.0250822893882579
50.050000000000004	1.0248266924268716
50.15	1.0258761660542541
50.25	1.0269647472914192
50.35	1.0276179758642288
50.45	1.0279508126618344
50.550000000000004	1.0264302317986262
50.65	1.0270054362048173
50.75	1.024036060235845
50.85	1.022889067214853
50.95	NaN
51.050000000000004	1.0218231200264434
51.15	1.0195690096859453
51.25	1.0173245753341413
51.35	1.0153041899917092
51.45	1.0126467666771743
51.550000000000004	NaN
51.65	1.0087246582369762
51.75	1.0054738406613235
51.85	1.0046859572435272
51.95	0.9999734407062223
52.050000000000004	NaN
52.15	0.9954777312831663
52.25	0.9943480366954258
52.35	0.9910321279990966
52.45	0.9909805073122537
52.550000000000004	0.9858841613204943
52.65	0.9836020576241067
52.75	0.9825314355146954
52.85	0.9825255851598701
52.95	NaN
53.050000000000004	0.9796230536370918
53.15	NaN
53.25	0.9792902161729742
53.35	0.9766017620206159
53.45	0.9749778527345044
53.550000000000004	NaN
53.65	0.9773667000657016
53.75	NaN
53.85	0.9764270821983476
53.95	0.9780358886768922
54.050000000000004	NaN
54.15	0.9809785585915347
54.25	NaN
54.35	0.9849809805593788
54.45	0.9851570476227631
54.550000000000004	NaN
54.65	0.9899506400248477
54.75	0.9903455559248372
54.85	0.9944472994704562
54.95	0.9973265306740822
55.050000000000004	0.999271243574416
55.15	1.0021866264811579
55.25	1.0030734766356024
55.35	1.0017566794713013
55.45	1.0074163440892934
55.550000000000004	1.00867477797525
55.65	1.0107775634680436
55.75	1.012714967275631
55.85	1.0143393580146511
55.95	1.0150510466636
56.050000000000004	1.0200441968025158
56.15	1.0192651225845817
56.25	1.0237061460030203
56.35	1.0212498154379979
56.45	1.0221113618765025
56.550000000000004	1.0191694606016615
56.65	1.0199919321968545
56.75	NaN
56.85	1.0204762742723763
56.95	1.01944185076271
57.050000000000004	1.0194300857460985
57.15	1.0192021222547218
57.25	1.0177479244662757
57.35	NaN
57.45	1.0140387502835129
57.550000000000004	1.0139957347816204
57.65	1.0107973869405844
57.75	1.0117975515878737
57.85	1.0083039734814978
57.95	1.0051751603543198
58.050000000000004	1.0029471109563617
58.15	1.000202269861479
58.25	0.9989322101011859
58.35	0.9968465306133001
58.45	NaN
58.550000000000004	0.9935369036928773
58.65	0.9923201539728348
58.75	NaN
58.85	0.9888154636428884
58.95	NaN
59.050000000000004	0.9886352437869133
59.15	0.984221142790876
59.25	0.9846317492635941
59.35	0.982301163943337
59.45	0.9832183769036255
59.550000000000004	0.9812004290320132
59.65	0.9813749922497934
59.75	0.9814852675817409
59.85	NaN
59.95	0.9820418224982863
60.050000000000004	NaN
60.15	0.9827795680512718
60.25	0.9814564307035514
60.35	NaN
60.45	0.9866928833103016
60.550000000000004	0.9863798261992802
60.65	0.9868713904174476
60.75	0.9897556937888697
60.85	0.9919422164091234
60.95	0.9929083928844843
61.050000000000004	0.9933645266305018
61.15	0.9952763579801157
61.25	0.9974884327321253
61.35	0.9979319600347858
61.45	1.000703366382407
61.550000000000004	NaN
61.65	1.0054007421689262
61.75	NaN
61.85	NaN
61.95	1.0099391833122404
62.050000000000004	1.011054297952342
62.15	1.013264373089536
62.25	1.0142653270109956
62.35	1.0148710138376886
62.45	1.0148224192545778
62.550000000000004	1.0164684789600231
62.65	1.0181072652019092
62.75	1.0177967437168538
62.85	1.01755681573556
62.95	1.0173843895589172
63.050000000000004	1.0153137543582456
63.15	1.0177582059725483
63.25	NaN
63.35	1.0146833258361954
63.45	1.018909784308335
63.550000000000004	1.0119395047351996
63.65	1.012079996807277
63.75	1.0124302388889428
63.85	1.0118663380931292
63.95	1.0089569957860551
64.05	1.008281074060807
64.14999999999999	1.005629897371513
64.25	1.0028667141382066
64.35	1.0056283322730983
64.44999999999999	1.0008150599054453
64.55	0.9985876433399657
64.64999999999999	0.9954626808752214
64.75	0.9980619941438763
64.85	0.9951689259051765
64.94999999999999	0.9933547638145074
65.05	0.9923107846845725
65.14999999999999	0.9909971496649589
65.25	NaN
65.35	0.9880140117897682
65.44999999999999	NaN
65.55	0.9860746082318905
65.64999999999999	0.9878993113430693
65.75	0.9854456672925929
65.85	0.9845654230259565
65.94999999999999	0.9854051006368861
66.05	NaN
66.14999999999999	0.9861517313606853
66.25	0.9857177371360206
66.35	0.9858513697412001
66.44999999999999	0.98642240781041
66.55	0.9863936135046514
66.64999999999999	NaN
66.75	0.9875560142879721
66.85	NaN
66.94999999999999	NaN
67.05	0.9915088269740685
67.14999999999999	0.9939723391364574
67.25	0.9925171495539897
67.35	0.994231654222317
67.44999999999999	0.9962084690533127
67.55	0.9973439339004191
67.64999999999999	NaN
67.75	NaN
67.85	1.0052964854363489
67.94999999999999	1.0038621106634031
68.05	1.0041405444566007
68.14999999999999	1.0077014764890728
68.25	NaN
68.35	1.0084359225928667
68.44999999999999	1.0103659161283927
68.55	1.0109952738675474
68.64999999999999	NaN
68.75	1.0133919920010277
68.85	1.011437904817302
68.94999999999999	1.0140913024999059
69.05	1.014933604905014
69.14999999999999	1.0145740716421132
69.25	1.0154691073327398
69.35	1.0152800906677522
69.44999999999999	NaN
69.55	1.012550887652164
69.64999999999999	1.0134288443284636
69.75	NaN
69.85	1.0115622045904944
69.94999999999999	NaN
70.05	1.0078299156444617
70.14999999999999	1.0077246185681397
70.25	NaN
70.35	1.0059270666451843
70.44999999999999	NaN
70.55	1.0038025725288817
70.64999999999999	1.0008933173732877
70.75	1.0015021951438767
70.85	0.999718109249857
70.94999999999999	0.9989387577147827
71.05	0.9970904056328381
71.14999999999999	0.9966439026592422
71.25	NaN
71.35	0.9920499715094734
71.44999999999999	0.9916256923519577
71.55	0.9899370231780655
71.64999999999999	0.990081909123292
71.75	0.988812232650818
71.85	0.9888909551437656
71.94999999999999	0.9865861204991253
72.05	NaN
72.14999999999999	NaN
72.25	NaN
72.35	NaN
72.44999999999999	0.9888364855879674
72.55	0.9883600265268988
72.64999999999999	0.9885848035315582
72.75	NaN
72.85	0.9877550199916776
72.94999999999999	0.9900300786849697
73.05	0.9904223957382668
73.14999999999999	0.992208490081757
73.25	0.9943932978643907
73.35	0.993300766896631
73.44999999999999	NaN
73.55	0.9956717037325754
73.64999999999999	NaN
73.75	NaN
73.85	0.9988408523595684
73.94999999999999	0.9980899610722892
74.05	1.0013468229271107
74.14999999999999	1.0032286596568467
74.25	1.004376578662618
74.35	1.0046261145095743
74.44999999999999	1.004928833080824
74.55	1.0063484769144526
74.64999999999999	1.0076367685846068
74.75	1.0082251696441995
74.85	1.009507765343242
74.94999999999999	1.0149561569898171
75.05	1.0105795892716394
75.14999999999999	1.0112033023694418
75.25	NaN
75.35	NaN
75.44999999999999	NaN
75.55	1.011087270018888
75.64999999999999	NaN
75.75	NaN
75.85	1.0106630474947154
75.94999999999999	1.0107979429136695
76.05	1.0099280371218797
76.14999999999999	1.0100981474727402
76.25	NaN
76.35	1.0057770680316327
76.44999999999999	NaN
76.55	1.0055578464904689
76.64999999999999	1.0047700624308518
76.75	NaN
76.85	NaN
76.95	NaN
77.05	NaN
77.14999999999999	0.9987719128894424
77.25	0.9980717342553094
77.35	0.9977189036954824
77.45	0.9962697391299861
77.55	0.9956800869260747
77.64999999999999	0.9932669302055372
77.75	0.9933287380323432
77.85	0.9920892267839576
77.95	0.9919017956226421
78.05	0.9905125274534053
78.14999999999999	0.9900980413937089
78.25	0.9891154178340538
78.35	0.9898530344991513
78.45	NaN
78.55	NaN
78.64999999999999	0.9884033762845007
78.75	0.9907897313218847
78.85	NaN
78.95	0.9886142807613445
79.05	NaN
79.14999999999999	NaN
79.25	0.9903247326806768
79.35	NaN
79.45	0.9911753563186418
79.55	0.9928325901776605
79.64999999999999	NaN
79.75	0.9956733044778822
79.85	0.9962791247411323
