0.15	0.01838251697218789
0.25	0.018345655410385485
0.35	0.019221462423556004
0.45	0.019197958135734702
0.55	0.01972252382594636
0.65	0.019628676355526238
0.7500000000000001	0.01962596990353073
0.85	0.019961373000929417
0.95	0.0202446744920119
1.05	0.020464680205611194
1.15	0.020873342944339936
1.25	0.021266010265686048
1.35	0.021430961496092894
1.45	0.02200334557595501
1.55	0.02263163605522458
1.65	0.02302743437073303
1.75	0.023605781316154734
1.85	0.02433045921209809
1.95	0.025144238774800334
2.05	0.02575282330445958
2.15	0.0266430658892327
2.25	0.027518213587334046
2.35	0.028561782837285738
2.45	0.02960110556906427
2.5500000000000003	0.030713200318773157
2.65	0.031983132706027165
2.75	0.03333595633133264
2.85	0.034919836131091744
2.95	0.03663430235102434
3.0500000000000003	0.03840763248145318
3.15	0.04032134321054066
3.25	0.042536026840077505
3.35	0.045113413595795154
3.45	0.04753744719105515
3.5500000000000003	0.050560264589871964
3.65	0.0537701234593754
3.75	0.05738806354523943
3.85	0.06100478654993373
3.95	0.06572561336611576
4.05	0.07072576327315591
4.1499999999999995	0.07637516258443108
4.25	0.08240388619326358
4.35	0.08981317617079385
4.449999999999999	0.09769742815018524
4.55	0.1063515763410222
4.6499999999999995	0.1166838370983713
4.75	0.12913835618454692
4.85	0.14300028588393138
4.95	0.15944220831985928
5.05	0.17734457544139823
5.1499999999999995	0.19971234209691016
5.25	0.22445984073008446
5.35	0.2549586796596386
5.45	0.2923137430856118
5.55	0.33550367129636194
5.6499999999999995	0.387220817879113
5.75	0.45351886552365106
5.85	0.5308724921251572
5.95	0.625493849219079
6.05	0.7477839847852804
6.1499999999999995	0.9006155419384485
6.25	1.0840398181816566
6.35	1.301945160743605
6.45	1.577556294397357
6.55	1.8871049746827648
6.6499999999999995	2.2283996327396225
6.75	2.5380256748438472
6.85	2.788939379304511
6.95	2.9203212061843895
7.05	2.915838991507976
7.1499999999999995	2.7720769981925764
7.25	2.5582299719405173
7.35	2.2969075800276237
7.45	2.041621397959934
7.55	1.8174571708105036
7.6499999999999995	1.6033217352634679
7.75	1.4341164936405075
7.85	1.280449286674521
7.95	1.1621482066507225
8.05	1.0597876019760175
8.15	0.9735259145117925
8.25	0.9010586915728036
8.350000000000001	0.8365046194986407
8.450000000000001	0.7889561737516698
8.55	0.7431573872351394
8.65	0.7064901557287726
8.75	0.6774032747518465
8.850000000000001	0.6506367720431948
8.950000000000001	0.6284609601052032
9.05	0.6128614352387574
9.15	0.5981725124048984
9.25	0.587816900733335
9.350000000000001	0.5781015681675795
9.450000000000001	0.5731260523188175
9.55	0.5709081180093176
9.65	0.5696070119051169
9.750000000000002	0.5685145077661282
9.85	0.5730924188354085
9.95	0.5771825540011403
10.049999999999999	0.5846920844152916
10.149999999999999	0.593630038710796
10.25	0.603769728028223
10.35	0.6175059019685787
10.45	0.6352770620947563
10.549999999999999	0.6520976464379421
10.649999999999999	0.6708359736859991
10.75	0.6955438311265756
10.85	0.7205543207557881
10.95	0.747633987645343
11.049999999999999	0.777191944394455
11.149999999999999	0.8103103932076325
11.25	0.8443231292070801
11.35	0.8816891361274984
11.45	0.9190051902778096
11.549999999999999	0.9613224369187806
11.649999999999999	1.0033300881430198
11.75	1.0436358842916855
11.85	1.087499717421694
11.95	1.1263046052957084
12.049999999999999	1.1658017926292261
12.149999999999999	1.2001268090230532
12.25	1.2307178671802588
12.35	1.259885617436161
12.45	1.2827253159484662
12.549999999999999	1.3055687057402392
12.649999999999999	1.3179445933625629
12.75	1.3297821075804208
12.85	1.3365297365537463
12.95	1.3405228710507557
13.049999999999999	1.3386373492900001
13.149999999999999	1.3353441006095377
13.25	1.3267932692208768
13.35	1.318873225701834
13.45	1.3034203175678867
13.549999999999999	1.286591469456287
13.649999999999999	1.266948612121761
13.75	1.2433806155148317
13.85	1.2181965538270498
13.95	1.186244677454884
14.049999999999999	1.1590248082988082
14.149999999999999	1.1273225055347913
14.25	1.0987092629873056
14.35	1.0647473821021034
14.45	1.0325256018470987
14.549999999999999	1.003274663810267
14.649999999999999	0.9747744199339954
14.75	0.9487527682270085
14.85	0.9205315100412845
14.95	0.8966110108172101
15.049999999999999	0.8768116728468024
15.149999999999999	0.858404802299531
15.25	0.8421946232743763
15.35	0.8255713787691454
15.45	0.8136664015659786
15.549999999999999	0.8041978693526044
15.649999999999999	0.7955882096281526
15.75	0.7891365383416913
15.85	0.7842655221110983
15.95	0.7828621443359417
16.05	0.7813776791657862
16.15	0.7831395169887029
16.25	0.7873876244925985
16.349999999999998	0.7924255617710302
16.45	0.7994295989620519
16.55	0.8056654496668855
16.65	0.8143581884401848
16.75	0.8264084258128164
16.849999999999998	0.8405844347398022
16.95	0.8541119339763354
17.05	0.8693502571368183
17.15	0.8858363891632751
17.25	0.9041272628123815
17.349999999999998	0.9231578532099836
17.45	0.9436660161847071
17.55	0.9627108517306138
17.65	0.9838733224347123
17.75	1.0040904161351163
17.849999999999998	1.0246056474146628
17.95	1.0477264682961882
18.05	1.0663761894556132
18.15	1.0836385408120188
18.25	1.1037547476621727
18.349999999999998	1.118111890117531
18.45	1.1333116042870288
18.55	1.1451370320167737
18.65	1.158915798608395
18.75	1.165492524433096
18.849999999999998	1.1727970065518387
18.95	1.1728933724882908
19.05	1.176235106872156
19.15	1.1772318021504142
19.25	1.1724023480442551
19.35	1.168268924792814
19.45	1.1616579626432946
19.55	1.1548244562400847
19.65	1.1425395920445471
19.75	1.132996848960173
19.85	1.119520829911246
19.95	1.1089074513985675
20.05	1.0938491750905917
20.15	1.080003527986729
20.25	1.0660499648019008
20.35	1.052609268475308
20.45	1.0384787043042143
20.55	1.0242802307760066
20.65	1.0064804777254897
20.75	0.9961239507091064
20.85	0.986476251649771
20.95	0.9707443047640301
21.05	0.957839485825984
21.15	0.9493156370047976
21.25	0.9363138677825564
21.35	0.9262890350058243
21.45	0.9186885598572303
21.55	0.9080131070430915
21.65	0.9015806066595556
21.75	0.8983231370560985
21.85	0.8906772739396754
21.95	0.8872727035168686
22.05	0.8842877647531565
22.15	0.8789802072477976
22.25	0.8782116638073806
22.35	0.8803810370529271
22.45	0.8826878830397095
22.55	0.8822820922460892
22.65	0.885178999725161
22.75	0.8901175498064091
22.85	0.8942315388713319
22.95	NaN
23.05	0.9102655258213068
23.15	0.9174076457287605
23.25	0.9272640807925224
23.35	0.9346747927754729
23.45	0.9439956831637593
23.55	0.9596458387140779
23.65	0.9667648479508247
23.75	0.9777162294432374
23.85	0.9901177796219386
23.95	1.00429804226735
24.05	1.01470184730628
24.15	1.0215352275825118
24.25	1.038323654794095
24.35	1.047858353843933
24.45	1.0604452491993108
24.55	1.069808091421592
24.65	1.0766679012275187
24.75	1.0857774534215747
24.85	1.0915240636118901
24.95	1.0982636091272588
25.05	1.1005631354910785
25.15	1.1031268313200633
25.25	1.1047329697720714
25.35	1.105291040249739
25.45	1.106640751574401
25.55	1.1020019966241783
25.65	1.0985873255221854
25.75	1.0944143611779793
25.85	1.0877338636469545
25.95	1.08186948268475
26.05	1.0771837633941908
26.15	1.0690601100263433
26.25	1.05961176699368
26.35	1.0497733449091473
26.45	1.044395507936924
26.55	1.0334558841545614
26.65	1.02454381385953
26.75	1.016971810924209
26.85	1.0073586830314858
26.95	0.9980039690351096
27.05	0.9914897410719691
27.15	0.981409506185906
27.25	0.9742355200787572
27.35	0.9664137443418767
27.45	0.9580709778489297
27.55	0.9517890607603701
27.65	0.9482812905154061
27.75	0.943256131884536
27.85	0.9378046999387234
27.95	0.9349214999461444
28.05	0.9305672283192892
28.15	0.9264126592571377
28.25	0.9263639346509671
28.35	0.9240748615932773
28.45	0.925022544792665
28.55	0.9227407307314454
28.65	0.922817060554017
28.75	0.9259538653579761
28.85	0.9306579202475831
28.95	0.9321977864289095
29.05	0.9338083491395646
29.15	0.9380163524857192
29.25	0.9407960665276636
29.35	0.9464875453282956
29.45	0.9529950343917808
29.55	0.9590745083847144
29.65	0.9656570096101759
29.75	0.9717888380073598
29.85	0.9795928153657207
29.95	0.9864449714222933
30.05	0.9936774572160282
30.15	0.9974382781918606
30.25	1.0078498078127207
30.35	1.0164695056485349
30.45	1.0210888805444394
30.55	1.0269265446247746
30.65	1.0340418646948977
30.75	1.0412869158091835
30.85	1.0458103089187403
30.95	1.0519936784510582
31.05	1.0575467042074087
31.15	1.0614527694111402
31.25	1.063165757847801
31.35	1.0655387756410735
31.45	1.0683159718917101
31.55	1.0676260043598054
31.65	1.0665470805390622
31.75	1.0674843156626506
31.85	1.0646180705014383
31.95	1.0619176964953556
32.05	1.059667336243033
32.15	1.0563535254577818
32.25	1.0520257259312933
32.35	1.0452071548988402
32.45	1.0437397053795332
32.55	1.0383891965906278
32.65	1.0339024596298074
32.75	1.0282815976238657
32.85	1.0197071473669093
32.95	1.0120848314103053
33.05	1.0080365191750058
33.15	1.0010220361182187
33.25	0.9954377146028196
33.35	0.9889179355939259
33.45	0.9854988316120452
33.55	0.9797282583747223
33.65	0.9743839801731617
33.75	0.9701311252833802
33.85	0.9656618021374331
33.95	0.9586862678355484
34.05	0.9589710374061845
34.15	0.9531387411321464
34.25	0.9526789170707017
34.35	0.9480804633851074
34.45	0.9504782516549648
34.55	0.9481627293466021
34.65	0.948467120476772
34.75	0.9472420246976123
34.85	0.9462195765121783
34.95	0.9474127336209935
35.05	0.9490745083786455
35.15	0.9513005613737999
35.25	0.9510477483497737
35.35	0.9574826938864113
35.45	0.9584012335974992
35.55	0.9626246719533289
35.65	0.966467998487055
35.75	0.9700240076307447
35.85	0.9740601122717699
35.95	0.978760467922037
36.05	0.983889055709561
36.15	0.9896651115728479
36.25	0.9935190472472538
36.35	0.9991070292293234
36.45	1.0037427723481018
36.55	NaN
36.65	1.0131107060302311
36.75	1.0190506762230656
36.85	1.0249150316391586
36.95	1.0282975080702783
37.05	1.0320342019557953
37.15	1.0345023177010877
37.25	1.037509257400242
37.35	1.040776792472576
37.45	1.0419698341792385
37.55	1.0445483768901938
37.65	NaN
37.75	1.0451892017149291
37.85	1.048380502778522
37.95	1.0490415767484458
38.05	1.0456715565560806
38.15	1.0452813405089578
38.25	1.0407767535594998
38.35	1.0431605978478449
38.45	1.0360172113935644
38.550000000000004	1.0378255797704095
38.65	1.0313124876547106
38.75	1.0297604066428068
38.85	1.023889544593633
38.95	1.020698105975213
39.050000000000004	1.0178949771995025
39.15	NaN
39.25	NaN
39.35	NaN
39.45	NaN
39.550000000000004	0.9956977528212321
39.65	0.9924253457921545
39.75	0.9872643361372381
39.85	0.9836729511498219
39.95	0.9815367672176901
40.050000000000004	0.9756791367574117
40.15	NaN
40.25	0.9704850547355797
40.35	0.9702910812706138
40.45	0.966900770633313
40.550000000000004	0.9649061101580833
40.65	0.9632750773091632
40.75	0.9608955596404485
40.85	0.9609168006301191
40.95	0.9609806458221277
41.050000000000004	0.961111182779304
41.15	0.9626102198404242
41.25	0.9636267111075665
41.35	0.9655694072704973
41.45	0.9645026506979515
41.550000000000004	NaN
41.65	0.969587763243453
41.75	0.971409849523635
41.85	0.9737030098175014
41.95	0.9745169980539549
42.050000000000004	0.979023337434616
42.15	NaN
42.25	0.9860505361788593
42.35	0.9896698507141165
42.45	0.9937347670131474
42.550000000000004	0.9980981388368315
42.65	1.002014336561925
42.75	1.00617734668659
42.85	1.007477595417177
42.95	1.013584618884086
43.050000000000004	1.0153063163261706
43.15	1.0192873781299223
43.25	1.0225290391597575
43.35	1.0251822134877935
43.45	1.0271199883644635
43.550000000000004	1.0291861998511858
43.65	NaN
43.75	1.033785901829754
43.85	1.0337181416959778
43.95	1.0335617156146932
44.050000000000004	1.0356191538748678
44.15	1.0345254641513735
44.25	NaN
44.35	1.0358328453722774
44.45	1.032790785160866
44.550000000000004	1.031469046859203
44.65	1.0283950934179185
44.75	1.0277536376845193
44.85	1.0253668578334802
44.95	1.0213291235341038
45.050000000000004	1.0217260609162357
45.15	1.0173613129205892
45.25	1.0161969908187367
45.35	NaN
45.45	1.0076033331769056
45.550000000000004	1.0045785631803794
45.65	NaN
45.75	1.000597548385569
45.85	0.9955763661703577
45.95	0.9921031336798368
46.050000000000004	0.9903495543749138
46.15	0.9866700151114985
46.25	0.9812103721881101
46.35	0.9785263763215349
46.45	0.9795625933823463
46.550000000000004	0.9775525444553794
46.65	NaN
46.75	0.9744746094577581
46.85	0.9736174387466506
46.95	0.9715765504419303
47.050000000000004	0.9715566934831265
47.15	0.9696821891243349
47.25	0.9711788928021596
47.35	0.971012634786009
47.45	0.9711674091627663
47.550000000000004	0.9699105262904165
47.65	0.9736990523477801
47.75	0.9735525308655721
47.85	0.9754758385671131
47.95	0.9775793189335972
48.050000000000004	0.9779714462205363
48.15	0.9857164724971113
48.25	0.9846869340303799
48.35	0.9847792057917422
48.45	0.9889041920500449
48.550000000000004	0.9901726798683335
48.65	0.9949851214516887
48.75	0.9969725278732181
48.85	0.9994172615825473
48.95	1.0010429900503122
49.050000000000004	1.006531350407742
49.15	NaN
49.25	1.010521164957943
49.35	1.0134085073740462
49.45	1.0139100148700066
49.550000000000004	1.0182711275853522
49.65	1.0194441980664837
49.75	1.0197324561516126
49.85	1.0225982997636518
49.95	1.0234205411579174
50.050000000000004	1.0251216128630383
50.15	1.0249240933545107
50.25	1.0282188437435344
50.35	1.0265958027853421
50.45	1.0285083017197598
50.550000000000004	1.0247499311392703
50.65	1.0259160802028704
50.75	1.0242012203745172
50.85	1.024195269000142
50.95	NaN
51.050000000000004	1.0216483657881184
51.15	1.0210226990493432
51.25	1.0161301281665724
51.35	1.015860209110061
51.45	1.0140058193369066
51.550000000000004	NaN
51.65	1.0076904679728569
51.75	1.0059507553441198
51.85	1.0011786099400055
51.95	0.999212560988028
52.050000000000004	NaN
52.15	0.9961919381532753
52.25	0.9935611198863599
52.35	0.9911272197609311
52.45	0.9896256346583384
52.550000000000004	0.9871877848056922
52.65	0.9821369533624567
52.75	0.9838841141251615
52.85	0.9818876057399394
52.95	NaN
53.050000000000004	0.9786244683556989
53.15	NaN
53.25	0.9776185735241875
53.35	0.9774481654523455
53.45	0.9753780982306488
53.550000000000004	NaN
53.65	0.9758315190390119
53.75	NaN
53.85	0.9788622635386878
53.95	0.9800249694099114
54.050000000000004	NaN
54.15	0.9813654696099535
54.25	NaN
54.35	0.9841308394600455
54.45	0.9861382822951428
54.550000000000004	NaN
54.65	0.9906467791456688
54.75	0.9899584930106128
54.85	0.993016282155346
54.95	0.995666679656526
55.050000000000004	0.9984618108790817
55.15	1.0014577631586088
55.25	1.0026412271254899
55.35	1.006205772982598
55.45	1.0071641860344436
55.550000000000004	1.0078642806820521
55.65	1.0089559898261504
55.75	1.0139624606100406
55.85	1.0141525830872116
55.95	1.0160030130546565
56.050000000000004	1.0147346352955096
56.15	1.0187647309367218
56.25	1.0187308016961818
56.35	1.0194192800397968
56.45	1.0221888590483048
56.550000000000004	1.0194426517046884
56.65	1.0224153954495347
56.75	NaN
56.85	1.021483715520781
56.95	1.0195794695252092
57.050000000000004	1.0200907689822745
57.15	1.0189968683701591
57.25	1.0155614479607549
57.35	NaN
57.45	1.0160988937393505
57.550000000000004	1.0120568687909053
57.65	1.0117743710905285
57.75	1.0099158758023739
57.85	1.0070666109017086
57.95	1.0060206237305456
58.050000000000004	1.0045187747905608
58.15	1.0042267973149526
58.25	1.0004832902698164
58.35	0.9989205209551247
58.45	NaN
58.550000000000004	0.9949833460375933
58.65	0.9917824376780229
58.75	NaN
58.85	0.9888269147910567
58.95	NaN
59.050000000000004	0.9873350912080342
59.15	0.9856216031141984
59.25	0.9827388124921852
59.35	0.9844031134038143
59.45	0.9831145385867313
59.550000000000004	0.9830274966960508
59.65	0.9825623437436809
59.75	0.9811234550010247
59.85	NaN
59.95	0.9812138028041143
60.050000000000004	NaN
60.15	0.9840789981571035
60.25	0.9818479264613502
60.35	NaN
60.45	0.9855213447441554
60.550000000000004	0.9907470368448081
60.65	0.9861070347716945
60.75	0.9883033450131695
60.85	0.991969238972824
60.95	0.9927977056497665
61.050000000000004	0.9936876176589002
61.15	0.9950645517568256
61.25	0.9954889063396486
61.35	0.9972141548665004
61.45	1.0006937654180799
61.550000000000004	NaN
61.65	1.0048295917248806
61.75	NaN
61.85	NaN
61.95	1.0079687230537406
62.050000000000004	1.0093446837937021
62.15	1.0149059680641346
62.25	1.0136324547651197
62.35	1.0150423408884934
62.45	1.0143437889861622
62.550000000000004	1.015606100217467
62.65	1.0163714561510275
62.75	1.016736085422177
62.85	1.0178015761912678
62.95	1.0179259588542613
63.050000000000004	1.0171188699099478
63.15	1.0166529736283443
63.25	NaN
63.35	1.0155300291237173
63.45	1.0140128647010729
63.550000000000004	1.0163274312591664
63.65	1.0080875613830118
63.75	1.011880612301542
63.85	1.00981273202402
63.95	1.0069458227818946
64.05	1.0076277061691739
64.14999999999999	1.0067613973581386
64.25	1.0009723219514415
64.35	1.0036061605176423
64.44999999999999	1.0018164934608997
64.55	0.9997258002522831
64.64999999999999	0.9985575944937956
64.75	0.9958115502539633
64.85	0.9955651656945984
64.94999999999999	0.9922681086713167
65.05	0.9927360301119644
65.14999999999999	0.9905214530971485
65.25	NaN
65.35	0.9869628583147299
65.44999999999999	NaN
65.55	0.9865237643724218
65.64999999999999	0.9846320834767315
65.75	0.9847238116423084
65.85	0.984717990281828
65.94999999999999	0.9841688681004809
66.05	NaN
66.14999999999999	0.9849608792562845
66.25	0.9864774314985684
66.35	0.9866201921741486
66.44999999999999	0.9862678955246488
66.55	0.9877974579095465
66.64999999999999	NaN
66.75	0.9877257675429145
66.85	NaN
66.94999999999999	NaN
67.05	0.9919312652106146
67.14999999999999	0.9914065180518669
67.25	0.9932132687261152
67.35	0.9954400418999794
67.44999999999999	0.9970385754334483
67.55	0.9976199977616831
67.64999999999999	NaN
67.75	NaN
67.85	1.005939746380582
67.94999999999999	1.0046792047379678
68.05	1.0056050363612847
68.14999999999999	1.0064385504559414
68.25	NaN
68.35	1.0076929305624176
68.44999999999999	1.0099458220659983
68.55	1.011101039624491
68.64999999999999	NaN
68.75	1.012474113612779
68.85	1.0135917972735697
68.94999999999999	1.0137021040265752
69.05	1.0135695812887855
69.14999999999999	1.0139662975865982
69.25	1.0160176389744984
69.35	1.014106692194406
69.44999999999999	NaN
69.55	1.014678612595844
69.64999999999999	1.0114386215252575
69.75	NaN
69.85	1.0112711620981243
69.94999999999999	NaN
70.05	1.0090591168910474
70.14999999999999	1.007465899097655
70.25	NaN
70.35	1.0053643206629206
70.44999999999999	NaN
70.55	1.0019382384807223
70.64999999999999	1.0037400739426972
70.75	0.9962967357375943
70.85	0.9990154193304308
70.94999999999999	0.9967249028846681
71.05	0.9960524246141476
71.14999999999999	0.9956223516302669
71.25	NaN
71.35	0.992432172549116
71.44999999999999	0.9919251908815773
71.55	0.991475621699385
71.64999999999999	0.9903973012817737
71.75	0.9888900952954116
71.85	0.9885256685216005
71.94999999999999	0.9882897701727754
72.05	NaN
72.14999999999999	NaN
72.25	NaN
72.35	NaN
72.44999999999999	0.9857751787675804
72.55	0.988356356330317
72.64999999999999	0.9889914547118988
72.75	NaN
72.85	0.9887229593755591
72.94999999999999	0.9912434020868505
73.05	0.9897267052904445
73.14999999999999	0.990376020498077
73.25	0.9894173601055211
73.35	0.9926715322851712
73.44999999999999	NaN
73.55	0.9952216041014467
73.64999999999999	NaN
73.75	NaN
73.85	0.9991196347993285
73.94999999999999	0.998491397269355
74.05	1.0021084176524615
74.14999999999999	1.0051114749374153
74.25	1.0032251063297966
74.35	1.0048211729060132
74.44999999999999	1.0037905802353513
74.55	1.0067145626838143
74.64999999999999	1.0091123872283598
74.75	1.0089820780056162
74.85	1.0090861763762506
74.94999999999999	1.0060329333857754
75.05	1.0118088104490595
75.14999999999999	1.0120681574763966
75.25	NaN
75.35	NaN
75.44999999999999	NaN
75.55	1.0117904943475033
75.64999999999999	NaN
75.75	NaN
75.85	1.011610196228542
75.94999999999999	1.010786421403005
76.05	1.0105959674179708
76.14999999999999	1.0104586585298292
76.25	NaN
76.35	1.0078462392026497
76.44999999999999	NaN
76.55	1.0064744188020533
76.64999999999999	1.0056710299371896
76.75	NaN
76.85	NaN
76.95	NaN
77.05	NaN
77.14999999999999	0.9976428909503442
77.25	0.9974533835280699
77.35	0.9972542169537149
77.45	0.9956846410274709
77.55	0.9956214642842812
77.64999999999999	0.9927801410841863
77.75	0.9933592525981606
77.85	0.9921191863969641
77.95	0.9924417247167668
78.05	0.9905808471930586
78.14999999999999	0.9904006106426847
78.25	0.9889536993019704
78.35	0.9908113903451117
78.45	NaN
78.55	NaN
78.64999999999999	0.9894090252073934
78.75	0.9896476651179252
78.85	NaN
78.95	0.9897923913637932
79.05	NaN
79.14999999999999	NaN
79.25	0.989604554662917
79.35	NaN
79.45	0.9910746535440371
79.55	0.9936074380560893
79.64999999999999	NaN
79.75	0.9967412207536941
79.85	0.9957576246556299
