0.15	0.01960973959880487
0.25	0.01868618346763302
0.35	0.01904163781321819
0.45	0.018896212755241355
0.55	0.019187736948769647
0.65	0.019489572025543505
0.7500000000000001	0.019693410285121712
0.85	0.019892811692520405
0.95	0.020254526647489158
1.05	0.02056936940578955
1.15	0.020801961135116055
1.25	0.02105383777771702
1.35	0.02163005581417678
1.45	0.02198977966165367
1.55	0.022584341897524226
1.65	0.023022257409020714
1.75	0.023562040875597767
1.85	0.02430050673344184
1.95	0.02505224259693294
2.05	0.025766888669369263
2.15	0.02661510954915778
2.25	0.027615849156401865
2.35	0.028531581304755676
2.45	0.029503466905799698
2.5500000000000003	0.030707951077213837
2.65	0.03202449377148463
2.75	0.033436271043167785
2.85	0.034890282839631345
2.95	0.03667686563382598
3.0500000000000003	0.03838635611565121
3.15	0.040222179213977804
3.25	0.04253204647936264
3.35	0.04511436356543928
3.45	0.047532672105313145
3.5500000000000003	0.050525692593850306
3.65	0.05364116350125592
3.75	0.05754732265694044
3.85	0.06094356193018125
3.95	0.06581774495162197
4.05	0.0707233316536679
4.1499999999999995	0.07646528365004035
4.25	0.08237966799519511
4.35	0.08997419054782037
4.449999999999999	0.09772643623808701
4.55	0.10658757201890576
4.6499999999999995	0.11659750183339572
4.75	0.1288527386981916
4.85	0.14322486623794398
4.95	0.15937897091490746
5.05	0.1771318944324504
5.1499999999999995	0.19956483403894976
5.25	0.2246147820504274
5.35	0.2549639760808289
5.45	0.29235229640797317
5.55	0.3354719644119322
5.6499999999999995	0.38693337795324195
5.75	0.4534164533106226
5.85	0.5292902109704241
5.95	0.6263563632643646
6.05	0.7481102623625745
6.1499999999999995	0.8991072512657271
6.25	1.083469934007731
6.35	1.3025227142179472
6.45	1.5803450540639319
6.55	1.8875837664211126
6.6499999999999995	2.2239026554545367
6.75	2.5363187722208687
6.85	2.7847334623226194
6.95	2.9281776686087078
7.05	2.914831531048378
7.1499999999999995	2.7754873832169737
7.25	2.5618270864778077
7.35	2.2921725429388458
7.45	2.0415811472826366
7.55	1.8158654303165922
7.6499999999999995	1.6057591016440766
7.75	1.4331280437283036
7.85	1.2806473010024266
7.95	1.1618623432135948
8.05	1.0621783287867381
8.15	0.9731056121980042
8.25	0.8994521807706609
8.350000000000001	0.8385907786986498
8.450000000000001	0.7881830444761093
8.55	0.7439858143747934
8.65	0.7071263725181729
8.75	0.6775814105316169
8.850000000000001	0.6520463995081673
8.950000000000001	0.6286907435691542
9.05	0.6115659431310699
9.15	0.5988658380233365
9.25	0.5868595482519021
9.350000000000001	0.579438282014154
9.450000000000001	0.5743088215428607
9.55	0.5689222380710782
9.65	0.5678687194887263
9.750000000000002	0.5692118428536745
9.85	0.572758429906863
9.95	0.577577220254107
10.049999999999999	0.5846622131331991
10.149999999999999	0.5947416133400915
10.25	0.6058466214069688
10.35	0.6185381704228488
10.45	0.6352062458114256
10.549999999999999	0.6521838252097545
10.649999999999999	0.6720039766959063
10.75	0.6948275158717833
10.85	0.7203493486134249
10.95	0.7466216081984427
11.049999999999999	0.7769508209025191
11.149999999999999	0.8098883882335889
11.25	0.8431738774990547
11.35	0.8802863863662957
11.45	0.9206268042920412
11.549999999999999	0.9622313515083081
11.649999999999999	1.003006450633433
11.75	1.0434249683766796
11.85	1.0880707264522025
11.95	1.1243860175559017
12.049999999999999	1.1662829705556894
12.149999999999999	1.1987177595649416
12.25	1.2308646371151073
12.35	1.258243120105036
12.45	1.2847579889870337
12.549999999999999	1.3035288833759677
12.649999999999999	1.3186566150974743
12.75	1.3285177343833163
12.85	1.3356186872504885
12.95	1.3389410634750134
13.049999999999999	1.3368799263347466
13.149999999999999	1.333935187353813
13.25	1.33046959441553
13.35	1.3178190279249455
13.45	1.3037439575595602
13.549999999999999	1.2848915361417572
13.649999999999999	1.264329145053317
13.75	1.2434164295374317
13.85	1.2191054789768343
13.95	1.1926524848119786
14.049999999999999	1.1609956319206556
14.149999999999999	1.1295957064855562
14.25	1.0958534074000497
14.35	1.0652879130921715
14.45	1.0346143452359855
14.549999999999999	1.0040735507773457
14.649999999999999	0.9721458105687868
14.75	0.9481027349032242
14.85	0.9199939015747506
14.95	0.8976399488142639
15.049999999999999	0.876805574812148
15.149999999999999	0.8580875104580487
15.25	0.8429452013252577
15.35	0.8261560289360893
15.45	0.8137753683615517
15.549999999999999	0.8046138092585626
15.649999999999999	0.7964817620042937
15.75	0.7888033683923612
15.85	0.785415095903748
15.95	0.7820070111944395
16.05	0.7819313347638481
16.15	0.7836995454087371
16.25	0.7868137041709918
16.349999999999998	0.7918359994033368
16.45	0.796526613632078
16.55	0.8054038731996827
16.65	0.8152935961206321
16.75	0.8275194859171588
16.849999999999998	0.8399040848816169
16.95	0.8538450073113715
17.05	0.8685245951449087
17.15	0.8888404090128833
17.25	0.9068754252386598
17.349999999999998	0.9199635336088059
17.45	0.9418124899475523
17.55	0.9639861881862211
17.65	0.9836651609867372
17.75	1.0053196844034133
17.849999999999998	1.026063108101085
17.95	1.04535060966022
18.05	1.0687100329743064
18.15	1.0845453008165815
18.25	1.102779509855889
18.349999999999998	1.119118606673911
18.45	1.1346198484324328
18.55	1.146918614997915
18.65	1.1580305759051686
18.75	1.1655939832888604
18.849999999999998	1.1721535467267787
18.95	1.1737831639749958
19.05	1.1778737251275144
19.15	1.1763893386813662
19.25	1.1717776099564856
19.35	1.1676707888245417
19.45	1.1596856256994417
19.55	1.1550726447395547
19.65	1.143640237247933
19.75	1.133284044560571
19.85	1.1207747241216761
19.95	1.1075341211992658
20.05	1.09373151110713
20.15	1.0774617568584157
20.25	1.0680518599478785
20.35	1.0525726934394637
20.45	1.0376646696574017
20.55	1.024344690306734
20.65	1.0100864427366747
20.75	0.9953608926825485
20.85	0.9844497209128525
20.95	0.970481813756339
21.05	0.9583243808534202
21.15	0.9490554465755626
21.25	0.9371429831508121
21.35	0.9272952667594376
21.45	0.9172411237118547
21.55	0.9098173425528927
21.65	0.9025886325859468
21.75	0.8963294265921246
21.85	0.8896827525714353
21.95	0.8867467926422785
22.05	0.883024501274204
22.15	0.8798330504592615
22.25	0.8784038242104812
22.35	0.8802221415524857
22.45	0.8808078011744364
22.55	0.8834434823563709
22.65	0.8877311967077617
22.75	0.8932599784467318
22.85	0.8965302232953517
22.95	NaN
23.05	0.9102495043681995
23.15	0.9165975692999951
23.25	0.9264385331515169
23.35	0.9372030033131906
23.45	0.9474018076594863
23.55	0.9548714524638415
23.65	0.9698388360104266
23.75	0.9782838825698756
23.85	0.991021855968054
23.95	1.0021282820724196
24.05	1.0147018941115786
24.15	1.028010880457584
24.25	1.0376192750275064
24.35	1.0486674005039558
24.45	1.0583016599951234
24.55	1.067214994826571
24.65	1.0764871472067497
24.75	1.0828901370750088
24.85	1.0912252572571386
24.95	1.0970660652695925
25.05	1.098841262354809
25.15	1.1034751009755746
25.25	1.1033248664183224
25.35	1.1065136437811582
25.45	1.1046151668326962
25.55	1.1003066750715895
25.65	1.097583259361831
25.75	1.0931929132847864
25.85	1.0868605902718613
25.95	1.0827852205044894
26.05	1.0771530594001861
26.15	1.06789905600645
26.25	1.0598145231689529
26.35	1.0468444960590666
26.45	1.0437589305890604
26.55	1.0330586486148388
26.65	1.0255433842633115
26.75	1.01502869442528
26.85	1.0065803651501763
26.95	0.9981484218821474
27.05	0.9918429970139451
27.15	0.982132996766468
27.25	0.974270806457066
27.35	0.9684657242023406
27.45	0.9592584772966664
27.55	0.9536483541887845
27.65	0.9484697074174967
27.75	0.9431312429105428
27.85	0.9368263559626864
27.95	0.9349487202593318
28.05	0.932335691156112
28.15	0.9286495343363976
28.25	0.9257742938166418
28.35	0.9247418549997045
28.45	0.9230147876057666
28.55	0.9247553240806238
28.65	0.9236627201811765
28.75	0.9264279360478775
28.85	0.9292312933527396
28.95	0.930789705740218
29.05	0.9348091008015555
29.15	0.9363487758274782
29.25	0.9430288579809555
29.35	0.9480968250579909
29.45	0.954733773072899
29.55	0.956915430318241
29.65	0.9647133380518251
29.75	0.9709155811646724
29.85	0.9784834208467992
29.95	0.9861569788735403
30.05	0.9924948540722559
30.15	1.00507163852779
30.25	1.0070053594375223
30.35	1.0163729229788359
30.45	1.0218090763412424
30.55	1.0300901416649497
30.65	1.0335239750233427
30.75	1.0404566086614586
30.85	1.043870606018173
30.95	1.0523460622034866
31.05	1.058845067964865
31.15	1.0603038231487452
31.25	1.0629623427929114
31.35	1.0661763007453813
31.45	1.0665644395082778
31.55	1.0691504844043165
31.65	1.0673775198452862
31.75	1.067036145491819
31.85	1.0650110100053598
31.95	1.0608082593972545
32.05	1.0599520931989477
32.15	1.0577859301290866
32.25	1.0530105461234047
32.35	1.049848681763445
32.45	1.043202283702811
32.55	1.0377838407456026
32.65	1.033372681105852
32.75	1.0232646278777522
32.85	1.0214730545071227
32.95	1.0155076446414795
33.05	1.0080669895002285
33.15	1.003573854278574
33.25	0.995870665482367
33.35	0.9914306033794318
33.45	0.9843143147637862
33.55	0.9829542377724679
33.65	0.9750113354855623
33.75	0.9702057360077811
33.85	0.963952854406936
33.95	0.9566314148285578
34.05	0.9593845655499155
34.15	0.955129434894638
34.25	0.9535743561479002
34.35	0.9512083882223711
34.45	0.9488520490889485
34.55	0.947554714852508
34.65	0.9486463747612868
34.75	0.948215309023678
34.85	0.9489309095400881
34.95	0.948038096557669
35.05	0.9490783670893741
35.15	0.9521445325812555
35.25	0.9513302541099058
35.35	0.9558495377647046
35.45	0.9587143680326501
35.55	0.9628386987717383
35.65	0.9638811932586747
35.75	0.969215215401709
35.85	0.9744983859201776
35.95	0.9804413275825943
36.05	0.9839033950275555
36.15	0.9897485484606108
36.25	0.9941606037208975
36.35	0.9996905255726178
36.45	1.0037416622029838
36.55	NaN
36.65	1.0156481330884202
36.75	1.0186524437096613
36.85	1.0217126943737391
36.95	1.0271304129466527
37.05	1.0309363894519403
37.15	1.0341923888486073
37.25	1.0402168644526106
37.35	1.0395059791217545
37.45	1.0414775350601073
37.55	1.044589706102874
37.65	NaN
37.75	1.0390527895723671
37.85	1.048099641705909
37.95	1.0478980774861637
38.05	1.0447338155729617
38.15	1.044614374237426
38.25	1.0462254038495755
38.35	1.0429616627934548
38.45	1.035780225878139
38.550000000000004	1.0357977934482923
38.65	1.0314129793033593
38.75	1.0290915683309552
38.85	1.0245702031458706
38.95	1.0196201594400394
39.050000000000004	1.0186983395362312
39.15	NaN
39.25	NaN
39.35	NaN
39.45	NaN
39.550000000000004	0.995287136616423
39.65	0.992413983191504
39.75	0.9870551112862515
39.85	0.9839256366585949
39.95	0.9809152717091123
40.050000000000004	0.9737426662860653
40.15	NaN
40.25	0.9719635785728329
40.35	0.9684803349284208
40.45	0.9660743873008222
40.550000000000004	0.9647724179296419
40.65	0.9628097230365331
40.75	0.9621463813770431
40.85	0.9636750560887135
40.95	0.962551370045913
41.050000000000004	0.9610010601921843
41.15	0.9583456333218625
41.25	0.963497676890874
41.35	0.9642696746041644
41.45	0.9655088359404858
41.550000000000004	NaN
41.65	0.9712405804581855
41.75	0.9702449175796812
41.85	0.9763077794071002
41.95	0.9765816666615892
42.050000000000004	0.9796155403999458
42.15	NaN
42.25	0.9854811093634307
42.35	0.9876855431886744
42.45	0.9943030432531572
42.550000000000004	0.997639993446811
42.65	1.0014532307779598
42.75	1.0050324741488104
42.85	1.0083201266276858
42.95	1.0134385668181851
43.050000000000004	1.0143436816223612
43.15	1.0185034115789515
43.25	1.0226053969440716
43.35	1.0240975370082284
43.45	1.0302638341318535
43.550000000000004	1.027963738481283
43.65	NaN
43.75	1.0324883205148814
43.85	1.0343212456378672
43.95	1.032640776773817
44.050000000000004	1.0349371899915876
44.15	1.0331564318838773
44.25	NaN
44.35	1.032028286196533
44.45	1.0311023168138216
44.550000000000004	1.0329321522116945
44.65	1.029447372973529
44.75	1.0278577846513042
44.85	1.0246927970809625
44.95	1.0221039663440705
45.050000000000004	1.0211123580346408
45.15	1.018069253955033
45.25	1.01494617613367
45.35	NaN
45.45	1.0087630767901308
45.550000000000004	1.0034351994850756
45.65	NaN
45.75	0.9973485833437242
45.85	0.9969178140359221
45.95	0.9912216247018437
46.050000000000004	0.9898209625079375
46.15	0.9857369468240801
46.25	0.9865719176109846
46.35	0.9820893740831477
46.45	0.9797009189798753
46.550000000000004	0.9780596861568326
46.65	NaN
46.75	0.9738094602343963
46.85	0.9741471466284383
46.95	0.9724896710079343
47.050000000000004	0.9713163845419557
47.15	0.9698962622214703
47.25	0.9700770475124568
47.35	0.9708768275747187
47.45	0.9709159229833476
47.550000000000004	0.9720526205839238
47.65	0.9728634536884734
47.75	0.9740165663327771
47.85	0.9757880033280911
47.95	0.9765732408160016
48.050000000000004	0.9810876685542843
48.15	0.978321037103278
48.25	0.9832176865589027
48.35	0.9863337053121167
48.45	0.9889045499592776
48.550000000000004	0.9915382737235057
48.65	0.9950896097753543
48.75	0.9973267956909675
48.85	0.9995525746329876
48.95	1.0025862297185935
49.050000000000004	1.006052147133187
49.15	NaN
49.25	1.0123321449971199
49.35	1.012240100813717
49.45	1.016076075104864
49.550000000000004	1.0158817580433923
49.65	1.020018598398787
49.75	1.0214576570589433
49.85	1.0233272041776746
49.95	1.0265810689337216
50.050000000000004	1.0256195897379479
50.15	1.0260231909753947
50.25	1.0252770249729897
50.35	1.0262764964284852
50.45	1.0242649118519225
50.550000000000004	1.0258130837076775
50.65	1.0265429800493273
50.75	1.0235194202436335
50.85	1.0224038521208603
50.95	NaN
51.050000000000004	1.0202857335314164
51.15	1.0203034028551192
51.25	1.016551258844182
51.35	1.0154504870387195
51.45	1.0118290050634484
51.550000000000004	NaN
51.65	1.006354954667877
51.75	1.0063460739254366
51.85	1.0029074906932312
51.95	0.9990479320447356
52.050000000000004	NaN
52.15	0.9937878906695966
52.25	0.9927952431985568
52.35	0.9905480130438337
52.45	0.9907374184509563
52.550000000000004	0.9875153558568037
52.65	0.984559689539293
52.75	0.9830581804255903
52.85	0.9812946708197526
52.95	NaN
53.050000000000004	0.979254245049509
53.15	NaN
53.25	0.9787218918921687
53.35	0.975792539128339
53.45	0.9761482143745626
53.550000000000004	NaN
53.65	0.9780554753063576
53.75	NaN
53.85	0.9764821978169457
53.95	0.9795920016389322
54.050000000000004	NaN
54.15	0.9807557249483843
54.25	NaN
54.35	0.9834301723687712
54.45	0.9858169786544521
54.550000000000004	NaN
54.65	0.99018035655999
54.75	0.9914195571729219
54.85	0.9960570629998282
54.95	0.994576467910588
55.050000000000004	0.9996712601331919
55.15	1.0004406748046832
55.25	1.0013447563439168
55.35	1.0067212332137903
55.45	1.0061310571149968
55.550000000000004	1.007929016356138
55.65	1.0078820209114259
55.75	1.0133660925087646
55.85	1.014148602733065
55.95	1.0163750187052611
56.050000000000004	1.0168613695557562
56.15	1.017043107034218
56.25	1.0209333898762674
56.35	1.0196407385759612
56.45	1.021952886379802
56.550000000000004	1.0199103724515344
56.65	1.0248501864138544
56.75	NaN
56.85	1.0200735333373687
56.95	1.0221245186858219
57.050000000000004	1.0192897491369683
57.15	1.0179128992157784
57.25	1.0188443695998715
57.35	NaN
57.45	1.013957490318894
57.550000000000004	1.013161688408334
57.65	1.0097099404079448
57.75	1.0117283915861972
57.85	1.0098472732428954
57.95	1.0053211306110776
58.050000000000004	1.0040207417451472
58.15	1.0024197997938955
58.25	1.0018294901932345
58.35	0.9981311424431634
58.45	NaN
58.550000000000004	0.99434728485048
58.65	0.9907990261377914
58.75	NaN
58.85	0.9888939019985217
58.95	NaN
59.050000000000004	0.9848183454511507
59.15	0.9840713671044685
59.25	0.9848144524298386
59.35	0.9825809842680452
59.45	0.9823703024722047
59.550000000000004	0.9806963420124307
59.65	0.9825652582519383
59.75	0.9808302473569587
59.85	NaN
59.95	0.9812494215971374
60.050000000000004	NaN
60.15	0.9822409139841781
60.25	0.984535022870296
60.35	NaN
60.45	0.9857477480871831
60.550000000000004	0.985882999854128
60.65	0.9875586511897565
60.75	0.9889420312136057
60.85	0.9921649877840776
60.95	0.9917403569815111
61.050000000000004	0.994188486404306
61.15	0.9963471735361175
61.25	0.9956902863926181
61.35	1.0001040303442714
61.45	1.0030260157904245
61.550000000000004	NaN
61.65	1.0050275670254925
61.75	NaN
61.85	NaN
61.95	1.0087248110528912
62.050000000000004	1.0104741116851654
62.15	1.0119563490650751
62.25	1.0130147866630592
62.35	1.0124353600895497
62.45	1.0165597973745812
62.550000000000004	1.0162652700009567
62.65	1.0162923895153821
62.75	1.0181783438788035
62.85	1.016843601447082
62.95	1.017923507238662
63.050000000000004	1.0179398776336046
63.15	1.0165609217279683
63.25	NaN
63.35	1.0151992213762404
63.45	1.014195780122356
63.550000000000004	1.0134292655349588
63.65	1.0149494518913484
63.75	1.012407560536303
63.85	1.0105068585893624
63.95	1.0082246374149513
64.05	1.0061079437097553
64.14999999999999	1.0051780072737362
64.25	1.0062738760743586
64.35	1.0011810272239676
64.44999999999999	1.0011433398600493
64.55	0.9996583026891948
64.64999999999999	0.9981696418137064
64.75	0.9962261414605621
64.85	0.9950908697614554
64.94999999999999	0.9931908235856298
65.05	0.9917950043688901
65.14999999999999	0.9921891431879942
65.25	NaN
65.35	0.9886596490499833
65.44999999999999	NaN
65.55	0.9872888200589433
65.64999999999999	0.9847654658631211
65.75	0.9851151203325469
65.85	0.9849669034745209
65.94999999999999	0.9857299372585506
66.05	NaN
66.14999999999999	0.9842979339733174
66.25	0.9854745480346273
66.35	0.9836169401317073
66.44999999999999	0.9842380217100192
66.55	0.9860656195345868
66.64999999999999	NaN
66.75	0.9875238330847947
66.85	NaN
66.94999999999999	NaN
67.05	0.9916519723565215
67.14999999999999	0.9914156903216271
67.25	0.9931398907352291
67.35	0.9951358338282555
67.44999999999999	0.9967359105803243
67.55	0.9967369994696773
67.64999999999999	NaN
67.75	NaN
67.85	1.0053095843524573
67.94999999999999	1.0044976960809497
68.05	1.005267674872795
68.14999999999999	1.007390329264255
68.25	NaN
68.35	1.0095615731838326
68.44999999999999	1.0099437039807981
68.55	1.0104406106032249
68.64999999999999	NaN
68.75	1.012376245698693
68.85	1.0123010434231292
68.94999999999999	1.0127302255122685
69.05	1.0160858303047684
69.14999999999999	1.013551111773262
69.25	1.0143167335380794
69.35	1.014151017030145
69.44999999999999	NaN
69.55	1.0133857115910618
69.64999999999999	1.01252361364847
69.75	NaN
69.85	1.0120400047146383
69.94999999999999	NaN
70.05	1.0105755807796732
70.14999999999999	1.0082902835329104
70.25	NaN
70.35	1.0055761642375585
70.44999999999999	NaN
70.55	1.0024478735370534
70.64999999999999	1.0034904526417332
70.75	0.9997958800509544
70.85	1.0006202551693886
70.94999999999999	0.997462495311645
71.05	0.9969464504849511
71.14999999999999	0.9944297929482869
71.25	NaN
71.35	0.993495736052093
71.44999999999999	0.9921564747505093
71.55	0.9913543240973465
71.64999999999999	0.9900543975909737
71.75	0.9898294895576827
71.85	0.9883961374560901
71.94999999999999	0.9874674022339219
72.05	NaN
72.14999999999999	NaN
72.25	NaN
72.35	NaN
72.44999999999999	0.9835738195317281
72.55	0.9866314542862918
72.64999999999999	0.9894842922783446
72.75	NaN
72.85	0.9908327721197623
72.94999999999999	0.9896636738130324
73.05	0.9899623807264522
73.14999999999999	0.9903046976202655
73.25	0.9946486239606454
73.35	0.992849788546255
73.44999999999999	NaN
73.55	0.9956539463029628
73.64999999999999	NaN
73.75	NaN
73.85	0.9984578203977654
73.94999999999999	0.9999752932876753
74.05	1.0002159740456773
74.14999999999999	1.0022242489194177
74.25	1.0030437772051901
74.35	1.0047268904474482
74.44999999999999	1.0050718825418405
74.55	1.007696907252932
74.64999999999999	1.0095378181358996
74.75	1.0074541536992738
74.85	1.0094428547387289
74.94999999999999	1.0090743030116476
75.05	1.0111565121673123
75.14999999999999	1.010438596042495
75.25	NaN
75.35	NaN
75.44999999999999	NaN
75.55	1.012139537188757
75.64999999999999	NaN
75.75	NaN
75.85	1.011323584513399
75.94999999999999	1.0100879750131213
76.05	1.0105317588324643
76.14999999999999	1.0098825261821327
76.25	NaN
76.35	1.008614928128143
76.44999999999999	NaN
76.55	1.0061562820614525
76.64999999999999	1.0062022423164427
76.75	NaN
76.85	NaN
76.95	NaN
77.05	NaN
77.14999999999999	0.9976945071749245
77.25	0.9987912621534832
77.35	0.9979296165623428
77.45	0.9961375585299713
77.55	0.9947390841005307
77.64999999999999	0.9935737259012478
77.75	0.9940615227276007
77.85	0.9929316883252317
77.95	0.9905627263274464
78.05	0.9910471171344999
78.14999999999999	0.9901188668070249
78.25	0.9899298300180509
78.35	0.9894636808228029
78.45	NaN
78.55	NaN
78.64999999999999	0.9882648039633773
78.75	0.9883636338314241
78.85	NaN
78.95	0.9888155996345942
79.05	NaN
79.14999999999999	NaN
79.25	0.9912493435185755
79.35	NaN
79.45	0.993583615058328
79.55	0.9923101027310626
79.64999999999999	NaN
79.75	0.9948544094089472
79.85	0.995647453250169
