0.15	0.03712522078366117
0.25	0.03784355705501273
0.35	0.03737477246934471
0.45	0.03702988969098852
0.55	0.03720169058188247
0.65	0.038027068342627535
0.7500000000000001	0.038341199952626706
0.85	0.03874068496498165
0.95	0.03926883787764779
1.05	0.03990215046180193
1.15	0.04032185191159916
1.25	0.04100107648396826
1.35	0.04178217018439892
1.45	0.04292094265554841
1.55	0.04357128936369631
1.65	0.044700434706846315
1.75	0.04603213501289646
1.85	0.047635437647917306
1.95	0.048810980979688064
2.05	0.05037847716973421
2.15	0.05205658717469215
2.25	0.05394570211175779
2.35	0.055925450731876276
2.45	0.057922641503988695
2.5500000000000003	0.060235257747395035
2.65	0.06312351387528636
2.75	0.06590794853155484
2.85	0.06917111206576633
2.95	0.07241795882554437
3.0500000000000003	0.07610007095884946
3.15	0.08032302634581177
3.25	0.08482028931473681
3.35	0.0899571342428953
3.45	0.0955367618366465
3.5500000000000003	0.1014550090779728
3.65	0.10798170084056409
3.75	0.11574352711283775
3.85	0.12382786891300206
3.95	0.13363448134680253
4.05	0.14321043368938824
4.1499999999999995	0.15532130079881967
4.25	0.1683508386854818
4.35	0.18339958263457107
4.449999999999999	0.20044723029941888
4.55	0.2199809073347402
4.6499999999999995	0.24162584363028092
4.75	0.2679488454706211
4.85	0.2945225261119126
4.95	0.33053794868053066
5.05	0.369712436365472
5.1499999999999995	0.41283260363724916
5.25	0.46413030597887067
5.35	0.5249157160208777
5.45	0.5992487383999792
5.55	0.677208796043496
5.6499999999999995	0.7739814905133671
5.75	0.8850236519589614
5.85	1.0158371757002829
5.95	1.150015937324935
6.05	1.3088737882140058
6.1499999999999995	1.4805090053942545
6.25	1.651736311690677
6.35	1.8147841361887247
6.45	1.9567725415460782
6.55	2.0585328018201823
6.6499999999999995	2.125310414946306
6.75	2.1383575525658522
6.85	2.104011714440438
6.95	2.0339099425827967
7.05	1.931375083199851
7.1499999999999995	1.8200608033650454
7.25	1.70067136897817
7.35	1.589549672562759
7.45	1.4736939507073965
7.55	1.3711301386115278
7.6499999999999995	1.2805834157862208
7.75	1.1962015549445604
7.85	1.1224086684626495
7.95	1.0542572616294865
8.05	0.9980972246182722
8.15	0.946819001235951
8.25	0.9013707630915011
8.350000000000001	0.864392452978374
8.450000000000001	0.8299123013089762
8.55	0.7994800247491993
8.65	0.7766043000981773
8.75	0.7543335124411685
8.850000000000001	0.7392467006819767
8.950000000000001	0.7219405914826394
9.05	0.7112607850196301
9.15	0.7019455962476202
9.25	0.6949921198441137
9.350000000000001	0.6893414568676449
9.450000000000001	0.6875412823414525
9.55	0.684793004453434
9.65	0.6871628077865577
9.750000000000002	0.6907216585794196
9.85	0.6967645815289765
9.95	0.7034407342037938
10.049999999999999	0.7105205775900416
10.149999999999999	0.7213521999653024
10.25	0.7332270352485053
10.35	0.7472698133688351
10.45	0.7617907498946843
10.549999999999999	0.7794670436920377
10.649999999999999	0.7984404137327848
10.75	0.8186792748460487
10.85	0.8398409443719808
10.95	0.8631940749311356
11.049999999999999	0.8884120568805869
11.149999999999999	0.9124565800058794
11.25	0.9375571035477477
11.35	0.9633911586069398
11.45	0.9900116091121834
11.549999999999999	1.0170348678461238
11.649999999999999	1.044556384371362
11.75	1.0689118628270888
11.85	1.0953846358679906
11.95	1.122264160330624
12.049999999999999	1.1461147954137978
12.149999999999999	1.1702601105811359
12.25	1.1876775494921734
12.35	1.2021215852654714
12.45	1.2164686422499766
12.549999999999999	1.2280867426735018
12.649999999999999	1.23538597547725
12.75	1.2391051231776056
12.85	1.2409246185567318
12.95	1.2398389688483702
13.049999999999999	1.232634581201267
13.149999999999999	1.2266734874541778
13.25	1.21674455361639
13.35	1.202735900171932
13.45	1.187626085686278
13.549999999999999	1.1681586292906334
13.649999999999999	1.150984718827631
13.75	1.129586724438839
13.85	1.10793748071329
13.95	1.086638935562078
14.049999999999999	1.0677048097949555
14.149999999999999	1.0449263997871732
14.25	1.024998345472039
14.35	1.0052481488420097
14.45	0.9882846046750908
14.549999999999999	0.9689507771773136
14.649999999999999	0.9515447160853198
14.75	0.9377260773369106
14.85	0.9228654308707599
14.95	0.9110004849226173
15.049999999999999	0.9001926685573358
15.149999999999999	0.8909146867283301
15.25	0.8800659852044975
15.35	0.873528157400359
15.45	0.8673267238058183
15.549999999999999	0.862875297646065
15.649999999999999	0.8606569141408552
15.75	0.8577840231444488
15.85	0.8581141154751564
15.95	0.8586859853444919
16.05	0.8602289157734746
16.15	0.8638349582599916
16.25	0.867783257081758
16.349999999999998	0.8720854473017567
16.45	0.8766190758088845
16.55	0.8860118734710267
16.65	0.894146824183067
16.75	0.9014330915385744
16.849999999999998	0.9126120599506178
16.95	0.9227958662905335
17.05	0.9334473008051236
17.15	0.9460320089241514
17.25	0.9574778972762196
17.349999999999998	0.9700807691867573
17.45	0.9831240754007183
17.55	0.9951168958465618
17.65	1.010287297774037
17.75	1.020667998852946
17.849999999999998	1.0334622802450761
17.95	1.0455722602523372
18.05	1.0563146490828808
18.15	1.0661281074591364
18.25	1.0774043885326816
18.349999999999998	1.084515615664612
18.45	1.090833160231196
18.55	1.0986147718115014
18.65	1.1054769700468432
18.75	1.1067446680977138
18.849999999999998	1.1101791388617384
18.95	1.1090583020693277
19.05	1.1082994041188738
19.15	1.1103758653641982
19.25	1.1068681303394028
19.35	1.1029252914884757
19.45	1.100253223332406
19.55	1.0905369909246458
19.65	1.0865649094880885
19.75	1.079186391812318
19.85	1.0713618841722443
19.95	1.0623705859321433
20.05	1.0520712224007678
20.15	1.0446416999305141
20.25	1.0344341345087555
20.35	1.0268275286654818
20.45	1.016326807822445
20.55	1.0050927492726327
20.65	0.9963813328122197
20.75	0.9886594458889322
20.85	0.9794953744389147
20.95	0.9670367596765425
21.05	0.9631306331835435
21.15	0.9534783348962528
21.25	0.950432156424202
21.35	0.9427904410669101
21.45	0.9410079951445014
21.55	0.9351018056459802
21.65	0.9307435009272763
21.75	0.9269838997413558
21.85	0.9255635379555305
21.95	0.9230099562768985
22.05	0.9229445055873554
22.15	0.9232496651004711
22.25	0.9223736481377428
22.35	0.9226929309691099
22.45	0.9247314598700495
22.55	0.929751560397001
22.65	0.9315546570008361
22.75	0.9371928943690827
22.85	0.939970106591012
22.95	0.9437801249126218
23.05	0.9507815363815137
23.15	0.9567593182854327
23.25	0.9620438570449742
23.35	0.9693629625260877
23.45	0.9767786174050193
23.55	0.9837680592384652
23.65	0.9898929957382891
23.75	0.996691707450913
23.85	1.0052297239834638
23.95	1.0117951343538867
24.05	1.0191160167614495
24.15	1.0247926678031911
24.25	1.030806796072486
24.35	1.0371405290940647
24.45	1.043480709447134
24.55	1.0480903345611974
24.65	1.0506339496304444
24.75	1.0551316639708102
24.85	1.059700336884104
24.95	1.0604436507714095
25.05	1.0643189707354435
25.15	1.0633061010205611
25.25	1.0617416669740567
25.35	1.061525552362665
25.45	1.061977882847738
25.55	1.0605268456152526
25.65	1.0588393019851796
25.75	1.055130903086271
25.85	1.0498082817455516
25.95	1.048176424993985
26.05	1.042752338186514
26.15	1.0387939780527087
26.25	1.0329860372412483
26.35	1.0294071953867763
26.45	1.0230157309551302
26.55	1.016669650180529
26.65	1.0094729341138102
26.75	1.006589576288236
26.85	1.0002375452906693
26.95	0.9944331036312047
27.05	0.9899974711930398
27.15	0.9854192286519993
27.25	0.9800515651634797
27.35	0.9746386085961504
27.45	0.9713794993864079
27.55	0.9678235175986025
27.65	0.9625356105273989
27.75	0.960631441103207
27.85	0.9593766397176269
27.95	0.9558179767978271
28.05	0.9534863207140457
28.15	0.9558694497252679
28.25	0.9542493629377317
28.35	0.9526933870171904
28.45	0.951493123480763
28.55	0.949831267350236
28.65	0.9545552298424593
28.75	0.955647741110971
28.85	0.9568781841927193
28.95	0.9583452048723191
29.05	0.960272336524791
29.15	0.9623621817875341
29.25	0.9680336244247747
29.35	0.9717086075502848
29.45	0.9744131629512156
29.55	0.9799815453431089
29.65	0.9848447176423959
29.75	0.9863240872912861
29.85	0.9913021551837197
29.95	NaN
30.05	0.9999233618768234
30.15	1.0053426844759445
30.25	1.0069478456746763
30.35	1.014879044074116
30.45	1.0174655678138957
30.55	1.0214947671055838
30.65	1.025937742306185
30.75	1.028498989741116
30.85	1.030992050242666
30.95	1.0337304575093313
31.05	1.035453194423893
31.15	1.039522545493437
31.25	1.0390304554632603
31.35	1.0406559224974619
31.45	1.0410476593371585
31.55	1.0409564830534521
31.65	1.0418303576539654
31.75	NaN
31.85	1.0390546114762615
31.95	1.0368961675387343
32.05	1.0347845539213816
32.15	1.0331853269719522
32.25	1.0299554989499327
32.35	1.0259493535780126
32.45	1.024688430410311
32.55	1.020251397508179
32.65	1.0177146450724435
32.75	1.012472038100568
32.85	1.0081065066807664
32.95	1.0060257343508026
33.05	1.00426308535829
33.15	0.9989550295864623
33.25	0.9953216146069683
33.35	0.9915110035185389
33.45	0.9864385580364277
33.55	0.9855457358453398
33.65	0.9812423776862341
33.75	0.980504660129105
33.85	0.9769503834771773
33.95	0.975787255602858
34.05	0.972225117954304
34.15	0.9709965577757027
34.25	0.9688556465920384
34.35	0.969043017035326
34.45	0.9714046626059591
34.55	0.9670083477749074
34.65	0.9690881930371917
34.75	0.9671607935311579
34.85	0.96745742766166
34.95	0.9682347251061646
35.05	0.9718304534924567
35.15	0.9718363321387697
35.25	0.9719157271445862
35.35	0.9751495357008321
35.45	0.9788262461067208
35.55	0.9793121968292466
35.65	0.9814126497711343
35.75	0.9845588371290588
35.85	0.9867631983116972
35.95	0.9890240207891071
36.05	0.9926953452242123
36.15	0.9972197891996535
36.25	0.9986634536377601
36.35	1.0025094144908873
36.45	1.0053956737672705
36.55	1.0084281006272562
36.65	NaN
36.75	1.0142381469258008
36.85	1.0139508506369352
36.95	1.0178437439835006
37.05	1.0209713741061774
37.15	1.0232104212549284
37.25	1.0258090595463663
37.35	1.0257978074186356
37.45	1.0258089927342615
37.55	1.02642223628405
37.65	1.0271660295152107
37.75	1.0284696880881574
37.85	1.0271299416419932
37.95	1.0262801221464832
38.05	NaN
38.15	NaN
38.25	1.0255722854667333
38.35	1.0241733777034314
38.45	1.0228244114014755
38.550000000000004	1.019353235927671
38.65	1.0194894771159082
38.75	1.0180022678623313
38.85	1.0131825017511003
38.95	1.0101705194435067
39.050000000000004	1.0088779736201485
39.15	1.0064233130432965
39.25	1.0035938465450667
39.35	1.0024810365739536
39.45	0.9975714048985237
39.550000000000004	0.9966710422433295
39.65	NaN
39.75	0.990305766243507
39.85	0.9885365612840253
39.95	0.9871175344163451
40.050000000000004	0.9868886851202421
40.15	0.9836034460860914
40.25	0.9816807893775419
40.35	NaN
40.45	0.9788785230885227
40.550000000000004	0.9769151139980571
40.65	0.9768159013960531
40.75	0.9783885035576516
40.85	0.975403609471482
40.95	0.9758191898993437
41.050000000000004	0.9789677416386394
41.15	0.9773143643291232
41.25	0.97705754965583
41.35	0.9788368866323565
41.45	0.9805903992027148
41.550000000000004	0.9810017091799015
41.65	0.9815538242468786
41.75	0.9845234984420174
41.85	0.9837154882183445
41.95	0.9871764979513353
42.050000000000004	0.98913389866968
42.15	0.9920636140041177
42.25	0.994418946585702
42.35	0.9967994787954538
42.45	0.995890075034173
42.550000000000004	1.0007167248369313
42.65	1.0030814047536762
42.75	1.0052000827802852
42.85	1.0087738273442934
42.95	1.0100281076854338
43.050000000000004	1.011388927045349
43.15	NaN
43.25	1.0155862836038252
43.35	1.0159792020424319
43.45	1.0162669702309588
43.550000000000004	1.0213421359979178
43.65	NaN
43.75	NaN
43.85	1.0236149217751216
43.95	1.0201432521624862
44.050000000000004	1.0217898338479197
44.15	1.0192212031520984
44.25	1.016532493361106
44.35	1.0173146150468848
44.45	NaN
44.550000000000004	1.01854421889512
44.65	1.017289132608729
44.75	1.016963918516294
44.85	1.014436688367156
44.95	1.0136475547638806
45.050000000000004	1.0107043448505333
45.15	1.0104144385467182
45.25	1.0087700790831957
45.35	1.0059562143352418
45.45	1.0046851446397576
45.550000000000004	1.0037718792364096
45.65	0.9989427786422583
45.75	NaN
45.85	0.9965171502037347
45.95	NaN
46.050000000000004	0.9911121427943576
46.15	0.9917386833837394
46.25	0.9907323150110448
46.35	NaN
46.45	0.9876821432780061
46.550000000000004	0.9845559905164966
46.65	NaN
46.75	0.9838114475510196
46.85	0.9822432919873125
46.95	0.9818182848579389
47.050000000000004	0.9828611049661715
47.15	0.9818856993846353
47.25	0.9824578503971685
47.35	0.9823012233628645
47.45	NaN
47.550000000000004	0.9813735232497236
47.65	0.9825790972822176
47.75	0.9849504182751938
47.85	0.985674041783883
47.95	0.9864633076656181
48.050000000000004	0.9870247398359475
48.15	0.9894163568681151
48.25	0.992255891836904
48.35	0.9927589903669276
48.45	0.9943883396653501
48.550000000000004	0.9982679367755718
48.65	0.9986115248943753
48.75	0.9984781330789627
48.85	1.0012739385056506
48.95	1.001892145857902
49.050000000000004	1.0041838558449734
49.15	1.00532481909197
49.25	1.0052988693740699
49.35	1.0080861222490678
49.45	1.0088162112858385
49.550000000000004	1.0096068528195496
49.65	1.013776373707714
49.75	NaN
49.85	1.0108896758251302
49.95	1.014580077081882
50.050000000000004	1.0151619920047654
50.15	1.014646913737974
50.25	1.0155362994850692
50.35	1.0168696978664005
50.45	1.0147908335986477
50.550000000000004	1.0159122990279874
50.65	1.0135972640432749
50.75	1.0144137272962372
50.85	1.0141178592345366
50.95	1.0122251653214267
51.050000000000004	1.0127231875517866
51.15	1.0122148703060614
51.25	1.0082955495597945
51.35	1.0084436835545272
51.45	1.0070473416724814
51.550000000000004	1.0063125510268478
51.65	1.0044529324088272
51.75	0.9997625045423219
51.85	1.000012636359778
51.95	1.000775984390021
52.050000000000004	1.0012368365929254
52.15	NaN
52.25	0.9967141008716587
52.35	0.9943015131455943
52.45	0.9939163700013354
52.550000000000004	0.9907392075464424
52.65	0.9911664484246907
52.75	0.9891744457093113
52.85	0.9887117508033262
52.95	0.9877615185936517
53.050000000000004	0.9886937211960113
53.15	0.988588229744307
53.25	0.9866516131343427
53.35	0.9871606252404442
53.45	0.9858451023302495
53.550000000000004	0.9876673219964269
53.65	0.9852870969698323
53.75	0.9824387210358275
53.85	0.9860590674034414
53.95	0.9868258654684742
54.050000000000004	0.9892818158592378
54.15	0.9899374252000749
54.25	0.9888795491606608
54.35	0.9925935707680283
54.45	0.9915862920933316
54.550000000000004	NaN
54.65	0.9954809417680326
54.75	0.9964882023136518
54.85	0.997709612842481
54.95	0.9977123572400559
55.050000000000004	0.9974810924505321
55.15	1.0004895905873075
55.25	1.0030042740973395
55.35	1.0030222120182823
55.45	1.0058519125241283
55.550000000000004	1.0064781853571423
55.65	NaN
55.75	1.0102348364219464
55.85	1.008861093217149
55.95	1.0109947988407173
56.050000000000004	1.010707164503608
56.15	1.0107023249311529
56.25	1.0103662382117164
56.35	1.0196012649732376
56.45	1.010741305982457
56.550000000000004	1.0104785500405715
56.65	1.0108912448998468
56.75	1.0112804369783408
56.85	1.0132686744304706
56.95	1.0133107122712042
57.050000000000004	1.0110632460045492
57.15	1.011106319054537
57.25	1.009959822297674
57.35	1.0093322585973628
57.45	1.007258844810629
57.550000000000004	NaN
57.65	1.006563625755279
57.75	1.0043499431207525
57.85	1.0042381598037242
57.95	1.0028566804388261
58.050000000000004	NaN
58.15	1.0001105752976485
58.25	0.9989952898364848
58.35	0.9948978736607104
58.45	0.9970638301614196
58.550000000000004	0.9947272137322338
58.65	0.9930607348218782
58.75	NaN
58.85	0.9945957405894584
58.95	0.993707658040412
59.050000000000004	0.9912104057669675
59.15	0.9905758733932546
59.25	0.9914871807628067
59.35	0.9899289583425085
59.45	0.9882532008399153
59.550000000000004	0.9890060908394727
59.65	NaN
59.75	0.9892977227862373
59.85	0.9898300688044642
59.95	0.9905400367997778
60.050000000000004	0.9899778861098633
60.15	0.9892247356007073
60.25	0.9901332432068716
60.35	NaN
60.45	0.9923060764811953
60.550000000000004	0.9914343579500017
60.65	0.991921295194559
60.75	0.9940426545677169
60.85	NaN
60.95	0.9963965819327435
61.050000000000004	0.9963167498185408
61.15	0.998090471358153
61.25	0.9994551865154023
61.35	1.0002034212000848
61.45	1.0011391718025557
61.550000000000004	1.004262117708819
61.65	1.0006462659275548
61.75	1.0052037378381133
61.85	1.005563607409837
61.95	NaN
62.050000000000004	1.0070822088562223
62.15	1.007953151430871
62.25	1.0080154493643074
62.35	1.0059138281716065
62.45	NaN
62.550000000000004	1.010200043607525
62.65	NaN
62.75	NaN
62.85	1.010218507634
62.95	1.0103212519774236
63.050000000000004	1.0102805151082872
63.15	1.0065131348508511
63.25	1.0087079473590936
63.35	1.0098916717029272
63.45	1.0086097081796261
63.550000000000004	1.0084226093530642
63.65	NaN
63.75	1.0071414408174735
63.85	NaN
63.95	1.0051798172852768
64.05	1.0035068031018937
64.14999999999999	1.003274245746622
64.25	1.0018400313892266
64.35	NaN
64.44999999999999	0.99842300962611
64.55	0.9994232558918511
64.64999999999999	0.9974356075930069
64.75	0.997582032477675
64.85	0.9953949081295214
64.94999999999999	0.9960701872339712
65.05	0.9948269924203256
65.14999999999999	NaN
65.25	0.9942992447339795
65.35	0.9924813111140579
65.44999999999999	0.9921834218084209
65.55	0.9911302634767603
65.64999999999999	NaN
65.75	0.9891376075794168
65.85	0.9907690235453886
65.94999999999999	NaN
66.05	NaN
66.14999999999999	0.9907920955525074
66.25	0.9917345774168311
66.35	0.9915340320576327
66.44999999999999	0.9922975432937312
66.55	NaN
66.64999999999999	0.9920983621427448
66.75	0.9918832802482201
66.85	NaN
66.94999999999999	NaN
67.05	NaN
67.14999999999999	NaN
67.25	0.9973838076886636
67.35	NaN
67.44999999999999	NaN
67.55	0.9995688589736607
67.64999999999999	1.0014351127892467
67.75	1.0004217005637874
67.85	1.0008727672121374
67.94999999999999	NaN
68.05	1.0034429164615262
68.14999999999999	1.0055340836931093
68.25	1.0032689694270205
68.35	1.005298758963244
68.44999999999999	1.0050307837872017
68.55	1.0057493850147878
68.64999999999999	NaN
68.75	1.0069892792942976
68.85	1.0082657523611331
68.94999999999999	1.0063768493198006
69.05	NaN
69.14999999999999	1.0094998319776314
69.25	NaN
69.35	1.0090281142324102
69.44999999999999	1.0051675531089495
69.55	1.0078059516356561
69.64999999999999	1.007095117898359
69.75	1.0080871412257566
69.85	1.0054576835477749
69.94999999999999	1.005952088958523
70.05	NaN
70.14999999999999	1.0043666719102562
70.25	1.0040523534878294
70.35	1.0035985125457267
70.44999999999999	1.0023127390178903
70.55	1.0007080562839852
70.64999999999999	1.000856730487775
70.75	0.9999856603823749
70.85	0.9983721238531736
70.94999999999999	0.9961918727121308
71.05	0.9971237699127797
71.14999999999999	NaN
71.25	0.9970178660468808
71.35	NaN
71.44999999999999	0.9955494582847091
71.55	0.9935337763992946
71.64999999999999	0.9943285411542303
71.75	0.9933891692539695
71.85	NaN
71.94999999999999	NaN
72.05	0.992422553349842
72.14999999999999	NaN
72.25	0.9915568461256236
72.35	0.993005950627769
72.44999999999999	NaN
72.55	NaN
72.64999999999999	0.9941420454318546
72.75	0.993482872645373
72.85	0.9950651554920085
72.94999999999999	NaN
73.05	0.9939627705916749
73.14999999999999	0.9943607416843515
73.25	0.9954470622713075
73.35	0.9951384883658108
73.44999999999999	0.9961946000818918
73.55	0.998558682325707
73.64999999999999	0.9977967070500102
73.75	0.9993545277139317
73.85	0.9981471739874285
73.94999999999999	NaN
74.05	NaN
74.14999999999999	1.002925608210966
74.25	1.0023417288050527
74.35	1.0016677996822272
74.44999999999999	1.0036058627509743
74.55	1.0042411407780776
74.64999999999999	NaN
74.75	NaN
74.85	1.0067130385937302
74.94999999999999	1.0073487100918739
75.05	1.0053894384584046
75.14999999999999	1.0066946719890697
75.25	1.006591621381752
75.35	1.006470400407719
75.44999999999999	1.0068612499776917
75.55	1.0069777731855296
75.64999999999999	1.0074025779938711
75.75	NaN
75.85	1.0063918565951913
75.94999999999999	NaN
76.05	1.0048286537214999
76.14999999999999	1.00374051364229
76.25	1.0046367526802824
76.35	1.0051583745166202
76.44999999999999	NaN
76.55	1.0042699446168801
76.64999999999999	1.0034650608533304
76.75	NaN
76.85	1.0021532387497838
76.95	1.0012143152501558
77.05	0.9997903324909471
77.14999999999999	0.9998610276878671
77.25	NaN
77.35	NaN
77.45	NaN
77.55	0.9965456655288119
77.64999999999999	NaN
77.75	0.9944135668911114
77.85	0.9947796175312427
77.95	NaN
78.05	0.9937021918634229
78.14999999999999	NaN
78.25	0.994774523733735
78.35	0.9939235684028338
78.45	NaN
78.55	NaN
78.64999999999999	NaN
78.75	0.9951757628950936
78.85	0.9950582641275826
78.95	0.9926985692746014
79.05	NaN
79.14999999999999	NaN
79.25	0.9948721873419595
79.35	0.9949675516027202
79.45	NaN
79.55	0.9959340277410604
79.64999999999999	NaN
79.75	0.9971682859002863
79.85	0.9987689185475149
