0.15	0.035845008828211386
0.25	0.03649674251797827
0.35	0.03719972735828756
0.45	0.03694021100426804
0.55	0.03759103678099318
0.65	0.03793530224432851
0.7500000000000001	0.03810656895157342
0.85	0.03860699135241357
0.95	0.03888391223576797
1.05	0.03973355926248521
1.15	0.04023599607726116
1.25	0.04095159534629972
1.35	0.0419835169795614
1.45	0.04285697362560394
1.55	0.04371790575626674
1.65	0.04488620930450963
1.75	0.04609296368345578
1.85	0.047470006970396356
1.95	0.04875329915224541
2.05	0.05029476851816731
2.15	0.05205718578590407
2.25	0.054060373575047144
2.35	0.05588829109718956
2.45	0.05795433260529435
2.5500000000000003	0.06027756424431167
2.65	0.06308423211534504
2.75	0.0658704608804154
2.85	0.06903776373723935
2.95	0.07253596356901953
3.0500000000000003	0.07620392370064721
3.15	0.08024272097491837
3.25	0.08483979608320688
3.35	0.0899735793162947
3.45	0.09545877554350973
3.5500000000000003	0.10148662892964438
3.65	0.10795147505510404
3.75	0.11590436351214561
3.85	0.1240201100648519
3.95	0.1334993150605442
4.05	0.14344344091003464
4.1499999999999995	0.15532279360543652
4.25	0.16798822376002387
4.35	0.18345809098515337
4.449999999999999	0.20049615105304672
4.55	0.22010908817785804
4.6499999999999995	0.2418809947573528
4.75	0.2674455968347968
4.85	0.2952114822307402
4.95	0.33034240788238156
5.05	0.3685763330905053
5.1499999999999995	0.41247347618036156
5.25	0.464100142023887
5.35	0.524466357553506
5.45	0.5983043486229589
5.55	0.6760782100459897
5.6499999999999995	0.7743394434229646
5.75	0.8851776744606162
5.85	1.013290291976124
5.95	1.149238852941458
6.05	1.3101903437762459
6.1499999999999995	1.4810515737628507
6.25	1.650707806557562
6.35	1.8159827179145065
6.45	1.9545951718195183
6.55	2.061928309495728
6.6499999999999995	2.122321604653661
6.75	2.1341870101297347
6.85	2.1030495813856747
6.95	2.0327548956497163
7.05	1.9310463350456455
7.1499999999999995	1.8189350037360104
7.25	1.703429912505086
7.35	1.5853658687093237
7.45	1.4702726765167704
7.55	1.3735072689205974
7.6499999999999995	1.2813969217241095
7.75	1.1981877321720111
7.85	1.1208605004292347
7.95	1.0541976618401734
8.05	0.9963311371050967
8.15	0.9452890971836614
8.25	0.9027943881339616
8.350000000000001	0.8641584036108169
8.450000000000001	0.8291976407166975
8.55	0.8001182674731193
8.65	0.7768792396369754
8.75	0.7536956786700284
8.850000000000001	0.7371590459377405
8.950000000000001	0.7225516737985749
9.05	0.7116188371544793
9.15	0.7002001061317165
9.25	0.6947994758183541
9.350000000000001	0.6902616496841399
9.450000000000001	0.6874379452415537
9.55	0.685338252457105
9.65	0.6872558847887402
9.750000000000002	0.6900643338016522
9.85	0.697097318207482
9.95	0.7034670888087262
10.049999999999999	0.710404694410081
10.149999999999999	0.7223518196273886
10.25	0.7330266252190726
10.35	0.7471023493381523
10.45	0.7628978416137258
10.549999999999999	0.7779944793881524
10.649999999999999	0.7964641326356952
10.75	0.81779239310699
10.85	0.8386390236662703
10.95	0.8605894264049114
11.049999999999999	0.8869742944609328
11.149999999999999	0.9108374481540072
11.25	0.9370393971786565
11.35	0.9634339881581455
11.45	0.9929684887037471
11.549999999999999	1.018413096438838
11.649999999999999	1.0459629252994995
11.75	1.0725065514352683
11.85	1.0985193188355302
11.95	1.1219269794220286
12.049999999999999	1.146669891726677
12.149999999999999	1.1674096474468478
12.25	1.1854366209826093
12.35	1.2036736631884917
12.45	1.216606825780091
12.549999999999999	1.22749898131222
12.649999999999999	1.2349359106512923
12.75	1.2411217078794097
12.85	1.2415793079361195
12.95	1.2402561029902386
13.049999999999999	1.2348491812091456
13.149999999999999	1.2243167060002638
13.25	1.218298790798435
13.35	1.2025916455619432
13.45	1.1845248481675301
13.549999999999999	1.1683311332944768
13.649999999999999	1.152502642247776
13.75	1.1265364142601528
13.85	1.107451231914019
13.95	1.0891332587071159
14.049999999999999	1.0673618420165263
14.149999999999999	1.0451563824833459
14.25	1.024403762022349
14.35	1.005234443931002
14.45	0.987673888217324
14.549999999999999	0.9704427176264455
14.649999999999999	0.9535610676175031
14.75	0.9362335613232031
14.85	0.9242170274584185
14.95	0.9111467458252106
15.049999999999999	0.9008170305477325
15.149999999999999	0.8902301395132298
15.25	0.8811126279897319
15.35	0.8751912554047339
15.45	0.8686310366788712
15.549999999999999	0.8631678384436158
15.649999999999999	0.858706241938927
15.75	0.8595833740964942
15.85	0.8581316337893597
15.95	0.8592137458556869
16.05	0.8595342960620455
16.15	0.8622882503143268
16.25	0.8670505414571383
16.349999999999998	0.873268004349671
16.45	0.879060884511714
16.55	0.8858119043488367
16.65	0.8934247691621515
16.75	0.9034809999774488
16.849999999999998	0.9114418656402029
16.95	0.9239605701758523
17.05	0.9343589572267944
17.15	0.9461521793225179
17.25	0.9591478405321306
17.349999999999998	0.9701664343473189
17.45	0.9829859390728652
17.55	0.99617942221583
17.65	1.008851352649505
17.75	1.0199808644037607
17.849999999999998	1.0348740594569106
17.95	1.045635369612668
18.05	1.0560967475304213
18.15	1.0675709837209209
18.25	1.0772075359155957
18.349999999999998	1.0840709472719725
18.45	1.0910735389245505
18.55	1.0992841978288879
18.65	1.105277093533118
18.75	1.107818308217198
18.849999999999998	1.1111054020422533
18.95	1.1103252043786875
19.05	1.1087063109291158
19.15	1.1116437149165153
19.25	1.1073287782358723
19.35	1.103763152822253
19.45	1.0988510561636615
19.55	1.0921614088317637
19.65	1.085454748107475
19.75	1.0788920564752622
19.85	1.0698082269384912
19.95	1.0609358712653711
20.05	1.0546562193674234
20.15	1.0427922547383865
20.25	1.0360365626935693
20.35	1.0245927244987445
20.45	1.0166909725126037
20.55	1.0044622861195218
20.65	0.9971968999493079
20.75	0.9859515065116764
20.85	0.9778309475950007
20.95	0.9681260157610251
21.05	0.9606999778198809
21.15	0.9553879609062539
21.25	0.9490291123150834
21.35	0.943709762428569
21.45	0.9394894838806396
21.55	0.9353859433692712
21.65	0.9307268985308373
21.75	0.9293034883417628
21.85	0.9248243075645839
21.95	0.9245695629257035
22.05	0.9233778085881476
22.15	0.9227959819125323
22.25	0.9238054077830921
22.35	0.9238505544622466
22.45	0.9263083430058869
22.55	0.9290527310703193
22.65	0.9347609907062775
22.75	0.936916259873074
22.85	0.9403684722535667
22.95	0.9444053722078126
23.05	0.9507058669524665
23.15	0.956117417200377
23.25	0.9643098895840063
23.35	0.9677132556551513
23.45	0.9756766977532799
23.55	0.9830903474871253
23.65	0.9898443351337578
23.75	0.9979037280707265
23.85	1.0052909053690013
23.95	1.0109575930754242
24.05	1.0196101753219735
24.15	1.023798736059195
24.25	1.030861521273353
24.35	1.0367456650679088
24.45	1.0437222613118073
24.55	1.047298975126875
24.65	1.053412105011609
24.75	1.0555427768262222
24.85	1.0573200374811083
24.95	1.0599008436429367
25.05	1.0627949568520012
25.15	1.063521280786325
25.25	1.0630260193705117
25.35	1.0631155474351102
25.45	1.0620983322971833
25.55	1.0593960072412758
25.65	1.05667880077963
25.75	1.0536855597207848
25.85	1.050738100535856
25.95	1.047854726318654
26.05	1.043935149544111
26.15	1.0372554042917617
26.25	1.032408239900167
26.35	1.0266680109984743
26.45	1.022687566999754
26.55	1.0153988850079927
26.65	1.0087775982523617
26.75	1.0062159781962872
26.85	1.0011531474219222
26.95	0.9950513368128682
27.05	0.990106756882191
27.15	0.9852069954343914
27.25	0.9800295941018645
27.35	0.9763143094308737
27.45	0.9706462587703084
27.55	0.9662570097176174
27.65	0.9645342934160629
27.75	0.9608331765914845
27.85	0.9582812574031514
27.95	0.9561919097249528
28.05	0.954742527832475
28.15	0.953714065768748
28.25	0.9524504804614476
28.35	0.9531964983656652
28.45	0.9507309987538307
28.55	0.9522235866108548
28.65	0.9532605941648378
28.75	0.9542460888253431
28.85	0.9554220878262589
28.95	0.9598327426450475
29.05	0.9617656076072589
29.15	0.965279607787907
29.25	0.9659865332610066
29.35	0.971904256165544
29.45	0.9757454254593252
29.55	0.978861662948208
29.65	0.981870637251532
29.75	0.9865027169592364
29.85	0.9920235758639245
29.95	NaN
30.05	1.0004518841717887
30.15	1.0073866187793183
30.25	1.0114585501996207
30.35	1.0133012692453274
30.45	1.0180538187899046
30.55	1.0213023514915258
30.65	1.0242135409176996
30.75	1.029004131909918
30.85	1.0326169482111285
30.95	1.0346904999948545
31.05	1.0344669945081302
31.15	1.0364302958073308
31.25	1.0393427439034655
31.35	1.0384296276398823
31.45	1.0401296679092098
31.55	1.0402859476542705
31.65	1.0382800556855256
31.75	NaN
31.85	1.0392064242704493
31.95	1.0374160211899384
32.05	1.0357718673844805
32.15	1.0343690420720248
32.25	1.0290493613091491
32.35	1.025273286307917
32.45	1.0241989758911283
32.55	1.0206273890763327
32.65	1.0186014515462039
32.75	1.015021725092224
32.85	1.0105622474079996
32.95	1.0078339716328473
33.05	1.0036404679806785
33.15	1.0001718366993577
33.25	0.9949083717131197
33.35	0.9893197829250594
33.45	0.9887542498732063
33.55	0.9847034314927657
33.65	0.9824534193581529
33.75	0.9784234117084237
33.85	0.9775192830462853
33.95	0.97535203125942
34.05	0.9713234262029041
34.15	0.9690563193863507
34.25	0.9707549549812208
34.35	0.9667485664260722
34.45	0.9683908842683082
34.55	0.9682018127624834
34.65	0.9687354321164825
34.75	0.9681995852095362
34.85	0.9686345583505722
34.95	0.9680554817012371
35.05	0.9701980638328372
35.15	0.9717537660979637
35.25	0.9732459435371091
35.35	0.9748769404917657
35.45	0.9788189401070679
35.55	0.9782503346353465
35.65	0.9806013768544941
35.75	0.9839799517903653
35.85	0.9875677215553673
35.95	0.9887428695858674
36.05	0.9930853395336123
36.15	0.9960762864892446
36.25	0.99936152274527
36.35	1.0012289153000027
36.45	1.004845133336773
36.55	1.0146529878620032
36.65	NaN
36.75	1.015653901171817
36.85	1.0174172112006774
36.95	1.0203007217778157
37.05	1.0211180466851306
37.15	1.0246917457949012
37.25	1.0249586671997122
37.35	1.026663196682584
37.45	1.0264556182799123
37.55	1.0274374130552035
37.65	1.0291281647171615
37.75	1.027615558286279
37.85	1.0268935881717258
37.95	1.0287340145917023
38.05	NaN
38.15	NaN
38.25	1.0284132132416144
38.35	1.0235333501883177
38.45	1.021217794137793
38.550000000000004	1.0202870439852147
38.65	1.0189104001787688
38.75	1.0134305131164456
38.85	1.0138178003969947
38.95	1.0111199461756837
39.050000000000004	1.009867780512998
39.15	1.0057671338593934
39.25	1.002005873871041
39.35	0.9992640011791939
39.45	0.999450651344549
39.550000000000004	0.9971246015899594
39.65	NaN
39.75	0.9913357782219798
39.85	0.9885162349367725
39.95	0.9853621690842439
40.050000000000004	0.9875483657673011
40.15	0.9823182353616696
40.25	0.9804429636234593
40.35	NaN
40.45	0.979328285758204
40.550000000000004	0.9754756548252298
40.65	0.9761625589955287
40.75	0.9771494628409164
40.85	0.9737951788873104
40.95	0.9759231005698394
41.050000000000004	0.9773629020019587
41.15	0.9775442135397842
41.25	0.9798695392279985
41.35	0.978587854271739
41.45	0.9805474375996707
41.550000000000004	0.9808260548487499
41.65	0.9827034204014105
41.75	0.9830855877210088
41.85	0.9860789681910691
41.95	0.9872140002292306
42.050000000000004	0.9896833982991979
42.15	0.9933763902610326
42.25	0.9958633615062602
42.35	0.9955001015452268
42.45	0.995776889141377
42.550000000000004	1.0003504693276404
42.65	1.0011744024955849
42.75	1.0069567439683296
42.85	1.0065420729001335
42.95	1.008261636409038
43.050000000000004	1.0109497325160022
43.15	NaN
43.25	1.0133163848257078
43.35	1.0156060961277404
43.45	1.0177970030645833
43.550000000000004	1.0160304084710925
43.65	NaN
43.75	NaN
43.85	1.0183333066453064
43.95	1.0173617455133104
44.050000000000004	1.0203518172342043
44.15	1.020898116108405
44.25	1.0188742629829337
44.35	1.0224135951465891
44.45	NaN
44.550000000000004	1.0177331004386718
44.65	1.017346478595427
44.75	1.0167419615119073
44.85	1.0138203947212618
44.95	1.0134081577540193
45.050000000000004	1.013388615627097
45.15	1.0098841650021564
45.25	1.008432517322729
45.35	1.004988202892648
45.45	1.0054553245526343
45.550000000000004	1.0015239199671309
45.65	1.0005825833792592
45.75	NaN
45.85	0.9960558314860551
45.95	NaN
46.050000000000004	0.9913763056734534
46.15	0.9913980759930822
46.25	0.9877871091056036
46.35	NaN
46.45	0.9866493646451893
46.550000000000004	0.9857777652205901
46.65	NaN
46.75	0.9840147647703643
46.85	0.9833433693050578
46.95	0.9818942959842893
47.050000000000004	0.9830897409824897
47.15	0.9821017025348074
47.25	0.9827194929684928
47.35	0.9820342035646127
47.45	NaN
47.550000000000004	0.9829172581476265
47.65	0.9845859137140051
47.75	0.9835205491093972
47.85	0.9848019931964763
47.95	0.9872632044709374
48.050000000000004	0.98775921868609
48.15	0.9884522693997314
48.25	0.9908331656816188
48.35	0.9938134252636284
48.45	0.9946580827091936
48.550000000000004	0.9943579084576549
48.65	0.9976719442446883
48.75	0.9988398479813911
48.85	1.0007213165660764
48.95	1.0022545536721745
49.050000000000004	1.0022020666931253
49.15	1.0065799495144276
49.25	1.0065361392355063
49.35	1.0093171408987363
49.45	1.009658773586212
49.550000000000004	1.010447842574966
49.65	1.012866352849686
49.75	NaN
49.85	1.0131662032691802
49.95	1.0156045130370306
50.050000000000004	1.01564373588227
50.15	1.0162884586169805
50.25	1.0169915975561237
50.35	1.0168385032575327
50.45	1.0163887959954574
50.550000000000004	1.014228329482073
50.65	1.0155216261519653
50.75	1.0144740978702247
50.85	1.0147390749218757
50.95	1.0127373802626312
51.050000000000004	1.0119668141185023
51.15	1.0084572659727828
51.25	1.0093145146870541
51.35	1.0074565261728372
51.45	1.006656409818437
51.550000000000004	1.0066351866918881
51.65	1.0053017167103708
51.75	1.0020473200244235
51.85	1.0010320637467163
51.95	0.9992519668512537
52.050000000000004	1.0014967939359316
52.15	NaN
52.25	0.9947763909086776
52.35	0.994205766783175
52.45	0.993668306322997
52.550000000000004	0.9917781929034771
52.65	0.9910109792137005
52.75	0.9898596241117149
52.85	0.988224112215205
52.95	0.9869746260067698
53.050000000000004	0.9863857051618419
53.15	0.985357291539433
53.25	0.9872549805879514
53.35	0.984969114149161
53.45	0.9854157302107264
53.550000000000004	0.9840911740865136
53.65	0.9859164403063584
53.75	0.9893481383282824
53.85	0.987061386648257
53.95	0.9899615656259286
54.050000000000004	0.9874118125719615
54.15	0.9880052741619719
54.25	0.9902186797737923
54.35	0.9900729273358388
54.45	0.9906226881008928
54.550000000000004	NaN
54.65	0.9959672627987314
54.75	0.996277461947412
54.85	0.9961194126653681
54.95	0.9974825733471006
55.050000000000004	0.9990892311632072
55.15	1.0008129819651699
55.25	1.0058546250027498
55.35	1.0031054532317012
55.45	1.0056243231811206
55.550000000000004	1.004839944724722
55.65	NaN
55.75	1.0073764974940311
55.85	1.0075867287942892
55.95	1.0081224463918468
56.050000000000004	1.0101448167809814
56.15	1.0106204213346903
56.25	1.0092972102326672
56.35	1.0123774375933359
56.45	1.0150003178071605
56.550000000000004	1.011321368437624
56.65	1.012967580404235
56.75	1.0106757856666915
56.85	1.0135003185656128
56.95	1.012253443374781
57.050000000000004	1.0126034949468836
57.15	1.009316333499506
57.25	1.0092734565040675
57.35	1.0084580712533702
57.45	1.0049222181772688
57.550000000000004	NaN
57.65	1.006274925816678
57.75	1.0059946714229355
57.85	1.0046951575103285
57.95	1.000407451518757
58.050000000000004	NaN
58.15	1.0003767292267982
58.25	0.9984990330110753
58.35	1.0003942270238007
58.45	0.9987216159966273
58.550000000000004	0.9967980440369122
58.65	0.9939393578380775
58.75	NaN
58.85	0.9933852037494856
58.95	0.9926250144670397
59.050000000000004	0.9909854634660096
59.15	0.9899269183700159
59.25	0.989916460065027
59.35	0.9877252729334699
59.45	0.9875200096315002
59.550000000000004	0.9887593459533116
59.65	NaN
59.75	0.9880711636291155
59.85	0.9882747800692868
59.95	0.9884130480415945
60.050000000000004	0.9886077780578002
60.15	0.9914910907218174
60.25	0.989011947200419
60.35	NaN
60.45	0.9929064132161382
60.550000000000004	0.9925590415047719
60.65	0.9927137207368673
60.75	0.9947893786569078
60.85	NaN
60.95	0.9963326365966404
61.050000000000004	0.9981879361210485
61.15	0.9982892114563969
61.25	0.998529780849901
61.35	1.0004761149773922
61.45	1.001388441537005
61.550000000000004	1.0023087299469733
61.65	0.9998739645085404
61.75	1.0047607474545144
61.85	1.0057866787800247
61.95	NaN
62.050000000000004	1.0050587604450147
62.15	1.0060385773118636
62.25	1.0085496470563717
62.35	1.0096007299886336
62.45	NaN
62.550000000000004	1.0107102905164647
62.65	NaN
62.75	NaN
62.85	1.0102812229685298
62.95	1.0093206618398118
63.050000000000004	1.0093840719609284
63.15	1.009607246112309
63.25	1.0088648136528875
63.35	1.0104497107247787
63.45	1.0079725475904118
63.550000000000004	1.007786101772881
63.65	NaN
63.75	1.0059552420480953
63.85	NaN
63.95	1.005027671920512
64.05	1.0044439091602921
64.14999999999999	1.0019791005575662
64.25	1.0037517626064323
64.35	NaN
64.44999999999999	0.9982645312497622
64.55	0.9995861796919848
64.64999999999999	0.9981792510836317
64.75	0.997251999660508
64.85	0.9971913927441579
64.94999999999999	0.9951542414126338
65.05	0.9942075817308248
65.14999999999999	NaN
65.25	0.9939488477452105
65.35	0.9921942164696601
65.44999999999999	0.991528041804837
65.55	0.9923320216321488
65.64999999999999	NaN
65.75	0.9907175222322874
65.85	0.9907060722504235
65.94999999999999	NaN
66.05	NaN
66.14999999999999	0.991219730224013
66.25	0.9921211451722104
66.35	0.9919631384150597
66.44999999999999	0.9910666208144961
66.55	NaN
66.64999999999999	0.9912766852629062
66.75	0.9936554664800042
66.85	NaN
66.94999999999999	NaN
67.05	NaN
67.14999999999999	NaN
67.25	0.9974126099716164
67.35	NaN
67.44999999999999	NaN
67.55	0.999261299618099
67.64999999999999	0.998178830363452
67.75	1.0013812314213932
67.85	1.001431020235696
67.94999999999999	NaN
68.05	1.0035148269278116
68.14999999999999	1.0035114930088007
68.25	1.004898305710889
68.35	1.005778743766879
68.44999999999999	1.005750011263199
68.55	1.0065881476518899
68.64999999999999	NaN
68.75	1.0068654888905577
68.85	1.0085306716732978
68.94999999999999	1.0080406146257619
69.05	NaN
69.14999999999999	1.0080160200668455
69.25	NaN
69.35	1.00782634164503
69.44999999999999	1.0068496447123143
69.55	1.0090585168384392
69.64999999999999	1.0078693004063033
69.75	1.00687944369734
69.85	1.0055089222235547
69.94999999999999	1.005244301808255
70.05	NaN
70.14999999999999	1.004946639755941
70.25	1.005782123799739
70.35	1.0025864610224728
70.44999999999999	1.0023174429750286
70.55	0.9993429860527951
70.64999999999999	1.0009418502499385
70.75	0.9992423743248143
70.85	0.9986107242025103
70.94999999999999	0.9983832162281803
71.05	0.9977948722835907
71.14999999999999	NaN
71.25	0.9967670281831934
71.35	NaN
71.44999999999999	0.996906073627796
71.55	0.9955296552309836
71.64999999999999	0.9931663742897596
71.75	0.9904148443714998
71.85	NaN
71.94999999999999	NaN
72.05	0.9939476965542104
72.14999999999999	NaN
72.25	0.9924395580382355
72.35	0.9920241019443151
72.44999999999999	NaN
72.55	NaN
72.64999999999999	0.9926859785309002
72.75	0.9935799466011522
72.85	0.9947281227865884
72.94999999999999	NaN
73.05	0.9941663006814296
73.14999999999999	0.9954608091679821
73.25	0.9975538178167432
73.35	0.9954358209399963
73.44999999999999	0.9959519073779536
73.55	0.9965358468454422
73.64999999999999	0.9983037650052031
73.75	0.9983095010463628
73.85	0.9981399778338113
73.94999999999999	NaN
74.05	NaN
74.14999999999999	1.0008935525138758
74.25	1.0031660662999873
74.35	1.002367151800606
74.44999999999999	1.0029801555741888
74.55	1.0040407566564329
74.64999999999999	NaN
74.75	NaN
74.85	1.0063549551668678
74.94999999999999	1.0067864348104592
75.05	1.008761422410731
75.14999999999999	1.0072477784766674
75.25	1.0060856966740994
75.35	1.005334304710223
75.44999999999999	1.0081549713071818
75.55	1.0073308231469746
75.64999999999999	1.0064266044998609
75.75	NaN
75.85	1.0076967207758951
75.94999999999999	NaN
76.05	1.005737683738158
76.14999999999999	1.0041655002097354
76.25	1.0052539652125174
76.35	1.004906961003674
76.44999999999999	NaN
76.55	1.0021881589669872
76.64999999999999	1.0022991978791211
76.75	NaN
76.85	1.0026958357674018
76.95	1.0022888504784508
77.05	1.000905846265531
77.14999999999999	0.9984594986992188
77.25	NaN
77.35	NaN
77.45	NaN
77.55	0.9962319985956757
77.64999999999999	NaN
77.75	0.995276300457801
77.85	0.9949504710752487
77.95	NaN
78.05	0.9940754138673662
78.14999999999999	NaN
78.25	0.9941794143616539
78.35	0.9935776223630145
78.45	NaN
78.55	NaN
78.64999999999999	NaN
78.75	0.9942536788805616
78.85	0.9937674967777137
78.95	0.9948574780937347
79.05	NaN
79.14999999999999	NaN
79.25	0.9959875228069703
79.35	0.9950748613449432
79.45	NaN
79.55	0.9969381900927623
79.64999999999999	NaN
79.75	0.9961897476835813
79.85	0.9961978800071142
