0.15	0.018893888597808044
0.25	0.019142148909152418
0.35	0.01853251406387429
0.45	0.018985529383115644
0.55	0.019310640012664616
0.65	0.01939203472056758
0.7500000000000001	0.01957124863931893
0.85	0.019796579918774662
0.95	0.020158353915225625
1.05	0.020472472998592534
1.15	0.020732876178519776
1.25	0.021213481561056836
1.35	0.021445532237458056
1.45	0.022030272713825114
1.55	0.022547710967110463
1.65	0.023082189199209548
1.75	0.02368250106085345
1.85	0.02431893506603681
1.95	0.02514425692185742
2.05	0.025766734306040616
2.15	0.02659737888160203
2.25	0.02751967466948654
2.35	0.028553366018102957
2.45	0.029559320556289317
2.5500000000000003	0.03071403508511533
2.65	0.03200646565387412
2.75	0.03341152663720085
2.85	0.03492469263050223
2.95	0.03669431714237413
3.0500000000000003	0.03826180210985384
3.15	0.04031059182766154
3.25	0.042387916658729194
3.35	0.0450417074051154
3.45	0.0475079767015003
3.5500000000000003	0.05050948475253733
3.65	0.05367483479985367
3.75	0.057478274737096824
3.85	0.06087402436064844
3.95	0.06582333347827629
4.05	0.07073542164314887
4.1499999999999995	0.07641565489721677
4.25	0.08236190794902393
4.35	0.09002764488993797
4.449999999999999	0.09770543146799515
4.55	0.1066256374978273
4.6499999999999995	0.11671959866579176
4.75	0.12895649777465104
4.85	0.1430414299194732
4.95	0.15908443290087712
5.05	0.17738708811861037
5.1499999999999995	0.19994876492904967
5.25	0.22452707314627401
5.35	0.25528880716585073
5.45	0.29208879351029604
5.55	0.3358700991560654
5.6499999999999995	0.3872169106332119
5.75	0.45334408487772754
5.85	0.529142281980604
5.95	0.6254808054422973
6.05	0.7468628250138318
6.1499999999999995	0.901127822835307
6.25	1.0830521088419163
6.35	1.3024908916735223
6.45	1.5781687278901435
6.55	1.88964707174228
6.6499999999999995	2.2254667487515207
6.75	2.5407272786691935
6.85	2.7914144198575186
6.95	2.9206906722308332
7.05	2.9145026998741645
7.1499999999999995	2.7733203863660445
7.25	2.5553858287541464
7.35	2.299341970535136
7.45	2.040588055932296
7.55	1.817277068925531
7.6499999999999995	1.6061307360027328
7.75	1.4326652077458564
7.85	1.2812672692207676
7.95	1.1625456122187137
8.05	1.0606092336492283
8.15	0.9729812035258731
8.25	0.9003890745145514
8.350000000000001	0.8392117342210502
8.450000000000001	0.7878709168123552
8.55	0.7429350268632283
8.65	0.7076084620220087
8.75	0.6768321798704149
8.850000000000001	0.6515309298351413
8.950000000000001	0.6289226627806079
9.05	0.6123523877154347
9.15	0.5971678347214975
9.25	0.5863522245237611
9.350000000000001	0.5787356202097834
9.450000000000001	0.5728645419656238
9.55	0.5699440409793882
9.65	0.568554219682734
9.750000000000002	0.5694841232205348
9.85	0.5728411649993662
9.95	0.5781568291022893
10.049999999999999	0.5843257320532674
10.149999999999999	0.5939614723274461
10.25	0.605838035460617
10.35	0.6189203881214642
10.45	0.6347927803615119
10.549999999999999	0.6514196946893094
10.649999999999999	0.6721682446625425
10.75	0.6951800042535548
10.85	0.7215925745208599
10.95	0.746704591875087
11.049999999999999	0.7766499721134407
11.149999999999999	0.8101815711226142
11.25	0.8442891933365837
11.35	0.8808466753126645
11.45	0.9196223351346644
11.549999999999999	0.9599323977700042
11.649999999999999	1.0035659746651389
11.75	1.0449085047595101
11.85	1.0858255333824098
11.95	1.1264069085295971
12.049999999999999	1.16545695525448
12.149999999999999	1.20121140054417
12.25	1.2335348918162643
12.35	1.2608682181989432
12.45	1.283753942279837
12.549999999999999	1.3033197534261762
12.649999999999999	1.3182599751335171
12.75	1.3284953181116532
12.85	1.3397327150812088
12.95	1.3394592574848858
13.049999999999999	1.3397128740947537
13.149999999999999	1.3339742065409435
13.25	1.3284286562956669
13.35	1.3191536831929114
13.45	1.302992568395229
13.549999999999999	1.286526735167374
13.649999999999999	1.2660028194268318
13.75	1.243763002274049
13.85	1.2175906203226896
13.95	1.1898418129644122
14.049999999999999	1.1601334781730082
14.149999999999999	1.127866300961061
14.25	1.0986162314150583
14.35	1.064290744695543
14.45	1.0310133262406493
14.549999999999999	1.002695311813315
14.649999999999999	0.9740746798481108
14.75	0.9452978077321651
14.85	0.9205185757743273
14.95	0.8966416255668456
15.049999999999999	0.8775799221750529
15.149999999999999	0.857615898355127
15.25	0.8410702401738718
15.35	0.8273076173348514
15.45	0.8146153431964084
15.549999999999999	0.8032473348235826
15.649999999999999	0.7955755666568778
15.75	0.7889103021345272
15.85	0.7850090033473119
15.95	0.7825718725153296
16.05	0.7829090187149418
16.15	0.7833372744506972
16.25	0.7881184100740094
16.349999999999998	0.7920996773952385
16.45	0.7983111287172459
16.55	0.8056291997339518
16.65	0.8158452936907293
16.75	0.8249567788630091
16.849999999999998	0.8386607126807689
16.95	0.8548579847908161
17.05	0.8688872059040215
17.15	0.8859068859671116
17.25	0.9055956095341128
17.349999999999998	0.9224181662846296
17.45	0.9418696095239382
17.55	0.9624574071814981
17.65	0.9836586585977608
17.75	1.0040317525469278
17.849999999999998	1.0278722298809626
17.95	1.047778320981936
18.05	1.0658934306043348
18.15	1.0869231526452077
18.25	1.1047646856765558
18.349999999999998	1.120070773586777
18.45	1.1342531874499577
18.55	1.147013846049094
18.65	1.1590008974927768
18.75	1.1673845138689123
18.849999999999998	1.1720841042362753
18.95	1.1710427841225077
19.05	1.1787848731272559
19.15	1.176901039374218
19.25	1.1731188008986242
19.35	1.1667715132384069
19.45	1.161412116201683
19.55	1.1525128877295763
19.65	1.1427464855783238
19.75	1.134176285048141
19.85	1.1209034658353834
19.95	1.1077860773658825
20.05	1.0940127453388138
20.15	1.0807054852660891
20.25	1.0666549937377274
20.35	1.0529091607194483
20.45	1.037017253082672
20.55	1.0249882218963076
20.65	1.0079236269536342
20.75	0.9975054094308193
20.85	0.9831357174634765
20.95	0.9706246142181935
21.05	0.9604915968933401
21.15	0.9469296318935617
21.25	0.9375757113733374
21.35	0.9277883566066344
21.45	0.9177404072718591
21.55	0.9091181795233414
21.65	0.9016159254351451
21.75	0.8986704487445135
21.85	0.890357781730644
21.95	0.8872472226635348
22.05	0.8855072253486624
22.15	0.8817874954867712
22.25	0.8791625872003984
22.35	0.8811819033779749
22.45	0.8809620342607087
22.55	0.8827909913436914
22.65	0.8867929787505283
22.75	0.8919768276635158
22.85	0.8932855178779304
22.95	NaN
23.05	0.9093481347058859
23.15	0.9155924610856856
23.25	0.9260042214770947
23.35	0.9345477769000237
23.45	0.9453579910233146
23.55	0.9510286456556248
23.65	0.9678174726712214
23.75	0.9809983053109049
23.85	0.9916560673811441
23.95	1.003264768533012
24.05	1.0160057090426642
24.15	1.0240590171704584
24.25	1.0377911344081656
24.35	1.04948720342293
24.45	1.0581073291147942
24.55	1.070953848470105
24.65	1.0766979524215796
24.75	1.0830893199208678
24.85	1.0886154898283191
24.95	1.0967529000020204
25.05	1.100820528488531
25.15	1.104244746049671
25.25	1.1052747395892881
25.35	1.1050959380133651
25.45	1.101033126041361
25.55	1.1030802968527391
25.65	1.0978981979500253
25.75	1.0938230328499043
25.85	1.0880190093088558
25.95	1.0820859501772297
26.05	1.0744383404753792
26.15	1.0675956589108293
26.25	1.060149437053576
26.35	1.0511598707701926
26.45	1.0424833938355704
26.55	1.0350916825368535
26.65	1.0250123434779923
26.75	1.0167817536724855
26.85	1.007977842953877
26.95	0.9974788568676909
27.05	0.988760680618588
27.15	0.9837062737359241
27.25	0.9752124212300596
27.35	0.9678448778336193
27.45	0.9597556524842842
27.55	0.9546317108679994
27.65	0.9496627330228963
27.75	0.9425298064557112
27.85	0.9349900364657069
27.95	0.9332954024885098
28.05	0.9298838291068496
28.15	0.9289445326683827
28.25	0.926221817240839
28.35	0.9243945893150177
28.45	0.9246793279078436
28.55	0.9253085482507271
28.65	0.9284859792809491
28.75	0.9268346769708453
28.85	0.9283114244071012
28.95	0.9305858667893042
29.05	0.9342632937373462
29.15	0.9374958486165456
29.25	0.9425427771932214
29.35	0.9471201644006964
29.45	0.9519726131339311
29.55	0.9570796443735679
29.65	0.9649680342315653
29.75	0.9732249834585268
29.85	0.9784486683388766
29.95	0.9870046075397649
30.05	0.9925816277644226
30.15	0.999533059556522
30.25	1.0078881904593846
30.35	1.0146067072982088
30.45	1.0217134270091572
30.55	1.0310731713838213
30.65	1.036631354998225
30.75	1.0408888180095417
30.85	1.051801443435913
30.95	1.0526943430557372
31.05	1.0561483356160133
31.15	1.059377859812583
31.25	1.062611792248322
31.35	1.0653843379374677
31.45	1.0686120312972807
31.55	1.0684259873370496
31.65	1.0681698314132986
31.75	1.0658753582394522
31.85	1.0646360886775708
31.95	1.0603766178485843
32.05	1.0605557084264414
32.15	1.055577012596725
32.25	1.0512640279402383
32.35	1.0473954671203647
32.45	1.0417287249246363
32.55	1.0379237638092778
32.65	1.028893866977455
32.75	1.0246563391534231
32.85	1.020050662046621
32.95	1.0139461389240347
33.05	1.0091426985976661
33.15	1.0020911396795253
33.25	0.995483987367476
33.35	0.9910736476079433
33.45	0.9848525699984212
33.55	0.9774821018071335
33.65	0.9757094241760735
33.75	0.9707812569587542
33.85	0.9656286635176339
33.95	0.9573110439537832
34.05	0.9580269966198218
34.15	0.955235712716872
34.25	0.952363589093232
34.35	0.9504313007424754
34.45	0.9500368921848115
34.55	0.9476883237240111
34.65	0.9464015075018665
34.75	0.9434955964776668
34.85	0.9475258992727286
34.95	0.9477105912572623
35.05	0.9498862902639049
35.15	0.9524788874514212
35.25	0.9547755915849149
35.35	0.9553071318669838
35.45	0.9578403689462017
35.55	0.9634751927251485
35.65	0.9662692709945936
35.75	0.9696016933455428
35.85	0.9743664029475259
35.95	0.9787143755465596
36.05	0.9850896657380834
36.15	0.9895782337151321
36.25	0.9940486990975347
36.35	1.0003374578312447
36.45	1.0037482556949204
36.55	NaN
36.65	1.0153731747352046
36.75	1.0186470703054273
36.85	1.0251828913557735
36.95	1.0285972435617492
37.05	1.0301512329712634
37.15	1.0351170819846267
37.25	1.0380477458342408
37.35	1.0402641500822576
37.45	1.042948291829812
37.55	1.0444967153684193
37.65	NaN
37.75	1.043137649705915
37.85	1.0465039392697346
37.95	1.0469648377550131
38.05	1.0452509736968245
38.15	1.0469411455618405
38.25	1.0425933245603163
38.35	1.0403163770437136
38.45	1.0400144336476407
38.550000000000004	1.035074414610616
38.65	1.0326181204527352
38.75	1.028380260126799
38.85	1.0251558011564428
38.95	1.0229231979294129
39.050000000000004	1.0168649566129886
39.15	NaN
39.25	NaN
39.35	NaN
39.45	NaN
39.550000000000004	0.9968236158121795
39.65	0.9903003631508002
39.75	0.9881243249432048
39.85	0.9841382799778537
39.95	0.9808892430121778
40.050000000000004	0.9787074057791268
40.15	NaN
40.25	0.9704905406210544
40.35	0.9685898518883389
40.45	0.9659843430389583
40.550000000000004	0.9650406958696489
40.65	0.9627039959768878
40.75	0.9626963276179875
40.85	0.9636946003806522
40.95	0.9611128545744099
41.050000000000004	0.9616666083182128
41.15	0.9636125284697674
41.25	0.9639940336415402
41.35	0.9633001332639497
41.45	0.9661576627283561
41.550000000000004	NaN
41.65	0.9684389751679479
41.75	0.9730837767629256
41.85	0.9727499277343812
41.95	0.9764045542313547
42.050000000000004	0.979919290577614
42.15	NaN
42.25	0.986612176199591
42.35	0.9913701218275993
42.45	0.9956816279177676
42.550000000000004	0.9974862676614461
42.65	0.9995087883459624
42.75	1.004809482343278
42.85	1.0076790225657142
42.95	1.0108160043745011
43.050000000000004	1.0153521637049785
43.15	1.0194079107083602
43.25	1.0221634251610385
43.35	1.024377433994494
43.45	1.0268135193031407
43.550000000000004	1.028667060392731
43.65	NaN
43.75	1.033388038860781
43.85	1.0342080713781485
43.95	1.0351570206754233
44.050000000000004	1.034286796410869
44.15	1.0333567122405687
44.25	NaN
44.35	1.0318060266260725
44.45	1.0308636221495295
44.550000000000004	1.0304856184593374
44.65	1.029522854123128
44.75	1.027005361235786
44.85	1.0247005809397767
44.95	1.022533662799958
45.050000000000004	1.019347492396961
45.15	1.0163270466938765
45.25	1.0138494190791185
45.35	NaN
45.45	1.0092591304861296
45.550000000000004	1.0047516015785676
45.65	NaN
45.75	0.9977033880100377
45.85	0.9967368106137754
45.95	0.9922385792552239
46.050000000000004	0.9893645094651955
46.15	0.9861905511432157
46.25	0.9862959052936706
46.35	0.9827038544043142
46.45	0.9796711570679288
46.550000000000004	0.978184659050538
46.65	NaN
46.75	0.9746469232453623
46.85	0.9723901795718592
46.95	0.9728581222701727
47.050000000000004	0.970716568418804
47.15	0.9709032160122582
47.25	0.9722027699049651
47.35	0.9693391644634415
47.45	0.9706748086081037
47.550000000000004	0.9709334503926189
47.65	0.9737823574577726
47.75	0.9762024540190425
47.85	0.975804387995404
47.95	0.9765591049915302
48.050000000000004	0.9797427892887047
48.15	0.9820996593864838
48.25	0.9828136675976848
48.35	0.9862540010191037
48.45	0.9879495397532828
48.550000000000004	0.990844226126542
48.65	0.9924593948607141
48.75	0.9965287699029556
48.85	0.9985897324285969
48.95	1.003680817986588
49.050000000000004	1.004845938672122
49.15	NaN
49.25	1.012981840800329
49.35	1.013101272905863
49.45	1.0151484357494511
49.550000000000004	1.0173930539802531
49.65	1.0242273321380009
49.75	1.0228450717337456
49.85	1.023253851782413
49.95	1.025487204737777
50.050000000000004	1.0238272577157281
50.15	1.0245409464213768
50.25	1.0257404963391403
50.35	1.0284207535338796
50.45	1.0258115140178639
50.550000000000004	1.0258081372219365
50.65	1.0257001535198618
50.75	1.0273587195094245
50.85	1.0227336255731054
50.95	NaN
51.050000000000004	1.0206241780622103
51.15	1.0191879516075038
51.25	1.0157500103227064
51.35	1.0147198834859208
51.45	1.013252192529026
51.550000000000004	NaN
51.65	1.0092563701603283
51.75	1.006475390834541
51.85	1.0050861277899297
51.95	0.9980216452619634
52.050000000000004	NaN
52.15	0.9959437312706021
52.25	0.9922224825292759
52.35	0.9912200924674236
52.45	0.9874042113854836
52.550000000000004	0.9865297869942552
52.65	0.9856702385524188
52.75	0.9837433823146081
52.85	0.9820066664785349
52.95	NaN
53.050000000000004	0.9788073464764709
53.15	NaN
53.25	0.9768819937146764
53.35	0.9776859591652978
53.45	0.9767303730895601
53.550000000000004	NaN
53.65	0.9769716297787616
53.75	NaN
53.85	0.9777458313932437
53.95	0.9774205900053001
54.050000000000004	NaN
54.15	0.9799122537224576
54.25	NaN
54.35	0.9835503023653179
54.45	0.9865646335028689
54.550000000000004	NaN
54.65	0.9893127460432151
54.75	0.9877216560656914
54.85	0.9928353291891777
54.95	0.99523608385147
55.050000000000004	0.9987349116160414
55.15	0.9989383863772279
55.25	1.0036939879232756
55.35	0.9965474028083793
55.45	1.0065110677172786
55.550000000000004	1.0101779760091425
55.65	1.0105350220396194
55.75	1.012396374266034
55.85	1.0141075630321186
55.95	1.0156003837021954
56.050000000000004	1.0168640135793574
56.15	1.0173942754121534
56.25	1.018740887626608
56.35	1.0203605271329876
56.45	1.0223041013787213
56.550000000000004	1.0190212791726332
56.65	1.0219437079966307
56.75	NaN
56.85	1.021639325685334
56.95	1.019633413771605
57.050000000000004	1.0200024888943384
57.15	1.019329896234353
57.25	1.0193184400610726
57.35	NaN
57.45	1.0127461504839272
57.550000000000004	1.0128082445310973
57.65	1.010541882516912
57.75	1.0082287720910084
57.85	1.0086127627716832
57.95	1.0062081600815511
58.050000000000004	1.0037111998196064
58.15	1.0038246654018967
58.25	0.9989739573421142
58.35	0.9965254850919858
58.45	NaN
58.550000000000004	0.9937286168821389
58.65	0.991910628284345
58.75	NaN
58.85	0.9892037492313186
58.95	NaN
59.050000000000004	0.9859902060651757
59.15	0.98498875632477
59.25	0.9825303330276322
59.35	0.984575217745638
59.45	0.9833184073853487
59.550000000000004	0.9857067194636379
59.65	0.9819013581056357
59.75	0.9818516607832698
59.85	NaN
59.95	0.9808105384508119
60.050000000000004	NaN
60.15	0.9821061602208694
60.25	0.9826224892806967
60.35	NaN
60.45	0.9863833482293741
60.550000000000004	0.9815323052286529
60.65	0.9866124169431443
60.75	0.9884324627889811
60.85	0.9909502331323031
60.95	0.9909401294231734
61.050000000000004	0.9938562632671589
61.15	0.9949338522238637
61.25	0.9976135715448102
61.35	0.9978221570246102
61.45	0.9999681931646532
61.550000000000004	NaN
61.65	1.0041751451780088
61.75	NaN
61.85	NaN
61.95	1.0083411473220585
62.050000000000004	1.0116841300775032
62.15	1.0140404595606691
62.25	1.011417689782848
62.35	1.0131805565921377
62.45	1.0162942290835881
62.550000000000004	1.0145790187009185
62.65	1.0164625019978288
62.75	1.0188255988579036
62.85	1.0169092300804796
62.95	1.0173506928433584
63.050000000000004	1.015752687028824
63.15	1.0162226643834407
63.25	NaN
63.35	1.015618709397032
63.45	1.0180696996748697
63.550000000000004	1.0130443001193228
63.65	1.0123320796786726
63.75	1.0126234741829223
63.85	1.0080464668203317
63.95	1.0098821040470478
64.05	1.0071772778795647
64.14999999999999	1.0056648889743154
64.25	1.0056742692912106
64.35	0.9989235811165986
64.44999999999999	1.0016087419984667
64.55	0.997762590322406
64.64999999999999	0.9983241724481213
64.75	0.9952234972537225
64.85	0.9958145052351759
64.94999999999999	0.9926495933220977
65.05	0.993542453095231
65.14999999999999	0.9913059815908467
65.25	NaN
65.35	0.9870406416993691
65.44999999999999	NaN
65.55	0.9869363395615606
65.64999999999999	0.9853595028624371
65.75	0.985467528016649
65.85	0.9857516338283163
65.94999999999999	0.9846879126141924
66.05	NaN
66.14999999999999	0.9847380800726594
66.25	0.9853259036534749
66.35	0.9873798438289736
66.44999999999999	0.9869879943282606
66.55	0.9864327372672524
66.64999999999999	NaN
66.75	0.9884052258717553
66.85	NaN
66.94999999999999	NaN
67.05	0.9914156246571489
67.14999999999999	0.991624439460145
67.25	0.9933069541629121
67.35	0.9953222620125529
67.44999999999999	0.9966679373260161
67.55	0.9994247266654097
67.64999999999999	NaN
67.75	NaN
67.85	1.0010068433511097
67.94999999999999	1.0042238998881974
68.05	1.0053773678107951
68.14999999999999	1.0082379825224799
68.25	NaN
68.35	1.0084404491114543
68.44999999999999	1.0104514474213102
68.55	1.0109523484825165
68.64999999999999	NaN
68.75	1.0119700284069346
68.85	1.014078553787935
68.94999999999999	1.0158763925876648
69.05	1.0122356703139852
69.14999999999999	1.014487895498577
69.25	1.0140274347789515
69.35	1.0149255861396425
69.44999999999999	NaN
69.55	1.0152143085792182
69.64999999999999	1.0117311893149465
69.75	NaN
69.85	1.0103790830273047
69.94999999999999	NaN
70.05	1.0104964198428443
70.14999999999999	1.0079473160023407
70.25	NaN
70.35	1.0066610984740791
70.44999999999999	NaN
70.55	1.0027501569870434
70.64999999999999	1.00062424407724
70.75	1.0001313770641025
70.85	0.9999824119873468
70.94999999999999	0.9968930490413704
71.05	0.9940104436206313
71.14999999999999	0.9932403172605156
71.25	NaN
71.35	0.9920021575629253
71.44999999999999	0.9912511705828193
71.55	0.9914573619860668
71.64999999999999	0.9918692688464777
71.75	0.988971158380119
71.85	0.9892575713204472
71.94999999999999	0.98840824829676
72.05	NaN
72.14999999999999	NaN
72.25	NaN
72.35	NaN
72.44999999999999	0.9878603649298242
72.55	0.987188825045923
72.64999999999999	0.9877902784454486
72.75	NaN
72.85	0.9877461271982516
72.94999999999999	0.9879012386374855
73.05	0.990914506057963
73.14999999999999	0.9910348732626361
73.25	0.9906241362666864
73.35	0.9922614109424541
73.44999999999999	NaN
73.55	0.9942355270338097
73.64999999999999	NaN
73.75	NaN
73.85	0.9986077327890189
73.94999999999999	1.0005902489903495
74.05	1.0017674369110356
74.14999999999999	1.001132505768448
74.25	1.0045411254945433
74.35	1.0050717189168539
74.44999999999999	1.004602597392731
74.55	1.0067118573562785
74.64999999999999	1.0086036787588986
74.75	1.008383052741137
74.85	1.0104282795195305
74.94999999999999	1.0102706705912066
75.05	1.0101037145603804
75.14999999999999	1.0103908727867037
75.25	NaN
75.35	NaN
75.44999999999999	NaN
75.55	1.0119112681460032
75.64999999999999	NaN
75.75	NaN
75.85	1.012715527696199
75.94999999999999	1.010704611647296
76.05	1.0097831702819045
76.14999999999999	1.0096584112722613
76.25	NaN
76.35	1.0088563553866918
76.44999999999999	NaN
76.55	1.0053986099982413
76.64999999999999	1.00550967336707
76.75	NaN
76.85	NaN
76.95	NaN
77.05	NaN
77.14999999999999	1.000874143589755
77.25	0.9982724930185326
77.35	0.9971585232320329
77.45	0.9944625967669907
77.55	0.9956572922592376
77.64999999999999	0.9939461537485264
77.75	0.9930526521238675
77.85	0.9919452371442998
77.95	0.9891371112944042
78.05	0.9907440746173298
78.14999999999999	0.9904149157194817
78.25	0.9889485994940543
78.35	0.9893206455121534
78.45	NaN
78.55	NaN
78.64999999999999	0.9895415618668328
78.75	0.9876187831448173
78.85	NaN
78.95	0.9903200875451863
79.05	NaN
79.14999999999999	NaN
79.25	0.9915215897416645
79.35	NaN
79.45	0.9915014008106589
79.55	0.993877264803685
79.64999999999999	NaN
79.75	0.9959357893498328
79.85	0.9953074117863763
