0.15	0.036683588906164875
0.25	0.03651156195104603
0.35	0.03659816031589806
0.45	0.03708333607703434
0.55	0.0374305671554869
0.65	0.037351376465116604
0.7500000000000001	0.03828684208217912
0.85	0.0386606423731343
0.95	0.03944750964728211
1.05	0.03971462007496787
1.15	0.0403028547810159
1.25	0.040971113496615606
1.35	0.04190645713628823
1.45	0.042705922608148844
1.55	0.0437336920333863
1.65	0.04486120834442909
1.75	0.046139873243375706
1.85	0.04766998623466007
1.95	0.04890745712191314
2.05	0.05040712019655548
2.15	0.05197462729930064
2.25	0.05398999445194762
2.35	0.05585496545882661
2.45	0.058000954991835225
2.5500000000000003	0.06026878286012699
2.65	0.06320118456979006
2.75	0.06582444533278997
2.85	0.06917708177260751
2.95	0.07224655118012983
3.0500000000000003	0.07602124135615305
3.15	0.0802456703953919
3.25	0.08479358514707254
3.35	0.08989863255939863
3.45	0.09557207977606406
3.5500000000000003	0.10151538193399262
3.65	0.10785373844982933
3.75	0.11583672260683617
3.85	0.12382638532920905
3.95	0.13368955747325825
4.05	0.14350038611623447
4.1499999999999995	0.15521837838512964
4.25	0.16817624039966972
4.35	0.1830625749461936
4.449999999999999	0.2003914535174163
4.55	0.22031212434904296
4.6499999999999995	0.24213995401487298
4.75	0.2676948812119344
4.85	0.2950835593724701
4.95	0.33004190930098687
5.05	0.3691877871548819
5.1499999999999995	0.4126461308672158
5.25	0.4647765157865492
5.35	0.5239201250408085
5.45	0.5981717663700432
5.55	0.6772582270433651
5.6499999999999995	0.7748145654392178
5.75	0.8859068339666657
5.85	1.0134097863010119
5.95	1.1507075177340158
6.05	1.3088111781937801
6.1499999999999995	1.4791169330346916
6.25	1.6510159319715014
6.35	1.8145819164707406
6.45	1.959159087490135
6.55	2.060693161577243
6.6499999999999995	2.125947388901974
6.75	2.1365574130586875
6.85	2.0985528258229937
6.95	2.0309138183519337
7.05	1.9335253380139268
7.1499999999999995	1.8206719504342566
7.25	1.702166603295506
7.35	1.5835281043324074
7.45	1.4703727643553375
7.55	1.3710236869079617
7.6499999999999995	1.279061489022932
7.75	1.1950990906706034
7.85	1.1231912841164553
7.95	1.0546701246586472
8.05	0.9972173387276946
8.15	0.9465664574473397
8.25	0.9032558310517511
8.350000000000001	0.8631491534932461
8.450000000000001	0.8300327703540052
8.55	0.8013398594091097
8.65	0.7763160438859984
8.75	0.7548890339743213
8.850000000000001	0.7372992630786906
8.950000000000001	0.7227633145217857
9.05	0.7116364634515739
9.15	0.7009739425689065
9.25	0.6942585532316489
9.350000000000001	0.6899799147858617
9.450000000000001	0.6874468486825275
9.55	0.6849248745606284
9.65	0.687385653708234
9.750000000000002	0.6918303891766708
9.85	0.6970757371544051
9.95	0.7017081406192368
10.049999999999999	0.7117701667882148
10.149999999999999	0.7212764472544937
10.25	0.734792069436122
10.35	0.7477432749384713
10.45	0.7641969605583054
10.549999999999999	0.7795920368779335
10.649999999999999	0.7961333393990259
10.75	0.817874837285015
10.85	0.8388644554632927
10.95	0.8621461988971658
11.049999999999999	0.8860651270567008
11.149999999999999	0.9121458419777685
11.25	0.9369223717043149
11.35	0.9636665636265798
11.45	0.993248370081777
11.549999999999999	1.0197417158365671
11.649999999999999	1.045918002238392
11.75	1.0698714227517472
11.85	1.0981728705722273
11.95	1.1211884949600162
12.049999999999999	1.1460552570661509
12.149999999999999	1.1651301282883688
12.25	1.1895376424662667
12.35	1.2006233465641305
12.45	1.2149010163249383
12.549999999999999	1.2269839131986562
12.649999999999999	1.2358027437081256
12.75	1.239717752760408
12.85	1.2410111011102989
12.95	1.2374420944267293
13.049999999999999	1.2327192054432932
13.149999999999999	1.2259350199557513
13.25	1.2185187408341378
13.35	1.202630637282173
13.45	1.1862582356897409
13.549999999999999	1.168548509557793
13.649999999999999	1.1514867218215343
13.75	1.1293848208513508
13.85	1.1100555587351746
13.95	1.0893453383675324
14.049999999999999	1.066581861541447
14.149999999999999	1.0466022066538183
14.25	1.0265889026920703
14.35	1.0082138798680562
14.45	0.9852555393913874
14.549999999999999	0.9696019024389796
14.649999999999999	0.9540997921778845
14.75	0.9378441709759037
14.85	0.9226585371521345
14.95	0.9110799170076704
15.049999999999999	0.8994742170152673
15.149999999999999	0.8893639888044705
15.25	0.877936639385144
15.35	0.8737331852856562
15.45	0.868904607125517
15.549999999999999	0.8653944946795955
15.649999999999999	0.8604790583217419
15.75	0.8588197905171885
15.85	0.8582254487770161
15.95	0.8583721335459842
16.05	0.8599825199543243
16.15	0.8635698001059624
16.25	0.8680052428655167
16.349999999999998	0.8728143809662103
16.45	0.8800412295590185
16.55	0.8870334675940047
16.65	0.8925037117202619
16.75	0.90383655889872
16.849999999999998	0.9137350225897125
16.95	0.9212402417940524
17.05	0.9333358855769744
17.15	0.9453553918074138
17.25	0.9597605187945583
17.349999999999998	0.9688597508695506
17.45	0.9828053147643242
17.55	0.9955342231535083
17.65	1.0087321041716788
17.75	1.02070420612813
17.849999999999998	1.0330553345847453
17.95	1.0438736058933824
18.05	1.0566782944144997
18.15	1.0678513376986323
18.25	1.0777997803862125
18.349999999999998	1.081775899977259
18.45	1.092952161110607
18.55	1.098644987086308
18.65	1.106194167501603
18.75	1.107949969966747
18.849999999999998	1.107073142912402
18.95	1.1100509466060302
19.05	1.108972387128101
19.15	1.1085190779996026
19.25	1.105115617662662
19.35	1.1029849804550393
19.45	1.097191272468019
19.55	1.0927452999760048
19.65	1.0844843890370823
19.75	1.0787027400359896
19.85	1.06993813578163
19.95	1.0616484136135627
20.05	1.0539272295033852
20.15	1.0456404587863488
20.25	1.0347991587672385
20.35	1.0241812134379895
20.45	1.0136654486740246
20.55	1.007995997653557
20.65	0.99634723671635
20.75	0.9868283459114854
20.85	0.9808687178707749
20.95	0.9702474697431067
21.05	0.9665844465279155
21.15	0.9545142571908577
21.25	0.9488584097030476
21.35	0.946807695716191
21.45	0.9400343483372933
21.55	0.9353385926583985
21.65	0.9305745971767531
21.75	0.9271123512102817
21.85	0.9260862234751019
21.95	0.9241662566660309
22.05	0.9238686882155082
22.15	0.9230784293277446
22.25	0.9237056874281723
22.35	0.9234885376714048
22.45	0.9272871595152719
22.55	0.9293168182043723
22.65	0.9316904288434483
22.75	0.9356447770453624
22.85	0.9424563310277537
22.95	0.9453772495237935
23.05	0.9506662846269512
23.15	0.9565457770144216
23.25	0.960710947020835
23.35	0.9685890755811903
23.45	0.9752018511797205
23.55	0.9835787414210527
23.65	0.9896997966524718
23.75	0.9968126015309445
23.85	1.004120616252515
23.95	1.0090107530294037
24.05	1.0183237125332414
24.15	1.0254153839853888
24.25	1.028412449230693
24.35	1.0352600623244115
24.45	1.0434706716777502
24.55	1.0470890691243706
24.65	1.0516664214229374
24.75	1.054919435453559
24.85	1.0580242890582119
24.95	1.0610580604704534
25.05	1.0693346272249915
25.15	1.0647122225875418
25.25	1.063817411613059
25.35	1.0628398117111346
25.45	1.0604159182871993
25.55	1.0611595453858667
25.65	1.0606571191147152
25.75	1.055661974496826
25.85	1.053160184069119
25.95	1.0474105469089858
26.05	1.0429964840285655
26.15	1.0386244231868274
26.25	1.0334527729195644
26.35	1.0280246071631776
26.45	1.0236096428805197
26.55	1.0177388546100918
26.65	1.0094239225127
26.75	1.006961307391435
26.85	1.0002577802854857
26.95	0.9935716998024142
27.05	0.9899014007948945
27.15	0.9841106230085402
27.25	0.9800680637812285
27.35	0.9757049716261456
27.45	0.9724465674196268
27.55	0.9673964282800824
27.65	0.9642470093568153
27.75	0.9614590332088275
27.85	0.9579240644083281
27.95	0.9566279360625476
28.05	0.9544630412174465
28.15	0.9515314572393275
28.25	0.9507384054154076
28.35	0.9514733037425639
28.45	0.9520587768434036
28.55	0.953775072146606
28.65	0.9529867540206741
28.75	0.9554752076183827
28.85	0.9573315050833916
28.95	0.9584272186602185
29.05	0.9621420651283213
29.15	0.963988058972292
29.25	0.9702576977091824
29.35	0.9724361724524422
29.45	0.9754154299823907
29.55	0.9797653252165405
29.65	0.9848416779294568
29.75	0.9862111575385649
29.85	0.9931419911254693
29.95	NaN
30.05	1.002165394934909
30.15	1.0044072156969686
30.25	1.0106605267585285
30.35	1.0164857492940857
30.45	1.0168383297758445
30.55	1.0226880769897515
30.65	1.0250473915402383
30.75	1.0291099182395946
30.85	1.0305270911472448
30.95	1.0341720105228882
31.05	1.0363004452637734
31.15	1.0368526760442012
31.25	1.0405936925031263
31.35	1.041755066248207
31.45	1.0402622679830973
31.55	1.0422121258087047
31.65	1.037427244545356
31.75	NaN
31.85	1.0379902751570942
31.95	1.0372829606105098
32.05	1.034543326183073
32.15	1.0334267036149423
32.25	1.0315202921974398
32.35	1.0267073826103261
32.45	1.0241276528498842
32.55	1.0213126020965992
32.65	1.0161387917225728
32.75	1.0127434517515894
32.85	1.0096657928155928
32.95	1.0072701166849292
33.05	1.0030237543579323
33.15	0.9990047410414694
33.25	0.9966789140645862
33.35	0.9911077916907449
33.45	0.9896817070822325
33.55	0.985315201804729
33.65	0.9796868403652499
33.75	0.9801157334676752
33.85	0.9757034677280532
33.95	0.9745076611437311
34.05	0.9734933269335371
34.15	0.9707417467537454
34.25	0.9696737597527476
34.35	0.9677551023586962
34.45	0.9693016381950551
34.55	0.9678546503601941
34.65	0.9680234303323247
34.75	0.9681523794561668
34.85	0.9679311691703776
34.95	0.9690312569876449
35.05	0.9676388334246049
35.15	0.9739088753525891
35.25	0.9714168450803539
35.35	0.9753491523446693
35.45	0.9779553314455297
35.55	0.9788462729888376
35.65	0.9802808937673504
35.75	0.9831723627856923
35.85	0.988410556729102
35.95	0.9899960438684013
36.05	0.9939451797124058
36.15	0.9950370137230856
36.25	1.0002743336140167
36.35	0.9998551568684827
36.45	1.004028013766972
36.55	1.006725793842001
36.65	NaN
36.75	1.0108091818668146
36.85	1.016750528574108
36.95	1.0192350145082003
37.05	1.0192401515589995
37.15	1.0226111789540795
37.25	1.024369192010799
37.35	1.0273765154485384
37.45	1.026265155870026
37.55	1.029317690963478
37.65	1.0299989866409827
37.75	1.0295095685955644
37.85	1.0282540616287053
37.95	1.0292716555887416
38.05	NaN
38.15	NaN
38.25	1.030721859505948
38.35	1.0236286417581153
38.45	1.0212556306390392
38.550000000000004	1.0213746305045852
38.65	1.0185120987147083
38.75	1.0144442878711273
38.85	1.0128496453169487
38.95	1.0115752915194896
39.050000000000004	1.0066987356528023
39.15	1.005255788171563
39.25	1.0029971670118105
39.35	0.999909502573987
39.45	0.9979998295254991
39.550000000000004	0.9951430007448124
39.65	NaN
39.75	0.990966979339766
39.85	0.9876163212401989
39.95	0.9867435600243559
40.050000000000004	0.9855223218410971
40.15	0.9821598093398214
40.25	0.9810243661281041
40.35	NaN
40.45	0.9778822652868419
40.550000000000004	0.9772956635465868
40.65	0.9763014923748448
40.75	0.9762579432560414
40.85	0.9767332467696015
40.95	0.9746974218320575
41.050000000000004	0.9766591747991926
41.15	0.9767244672121181
41.25	0.9775055222411477
41.35	0.9787607622258747
41.45	0.9797390841685598
41.550000000000004	0.9797612097735438
41.65	0.9827066726973063
41.75	0.9843108623969649
41.85	0.9867766808616827
41.95	0.9871403363283134
42.050000000000004	0.9912699703440788
42.15	0.9923390541204209
42.25	0.9918974137300173
42.35	0.9959524768633377
42.45	0.9955707555108096
42.550000000000004	1.0003881026041812
42.65	1.0006463722014654
42.75	1.0050691820037916
42.85	1.0079847402988389
42.95	1.0087663588900284
43.050000000000004	1.0085609934997608
43.15	NaN
43.25	1.0153437081369954
43.35	1.0155098398369722
43.45	1.0167370837782452
43.550000000000004	1.0165607157042116
43.65	NaN
43.75	NaN
43.85	1.0234495321420403
43.95	1.0225579181055122
44.050000000000004	1.0202090440794356
44.15	1.02119926797266
44.25	1.021188457045646
44.35	1.0195138498530527
44.45	NaN
44.550000000000004	1.0192256619191857
44.65	1.0176951174646576
44.75	1.0163311477227812
44.85	1.0127905848448364
44.95	1.0132424015178259
45.050000000000004	1.0142634585674097
45.15	1.0098310485575823
45.25	1.009732927597608
45.35	1.0049918492834315
45.45	1.0040378668060974
45.550000000000004	1.0037603663506245
45.65	1.0008896039099884
45.75	NaN
45.85	0.9960537800530782
45.95	NaN
46.050000000000004	0.9920921110752525
46.15	0.9918323479116813
46.25	0.9881988941716098
46.35	NaN
46.45	0.9859528735603186
46.550000000000004	0.9875649767363742
46.65	NaN
46.75	0.9849593067670226
46.85	0.9833268887035113
46.95	0.9819546867313406
47.050000000000004	0.9830070951657022
47.15	0.9814359681859142
47.25	0.9826684703795181
47.35	0.9822997986199047
47.45	NaN
47.550000000000004	0.9835713650443081
47.65	0.9853273699424299
47.75	0.9851469478413107
47.85	0.9841826138099207
47.95	0.9867878895415707
48.050000000000004	0.9873769300758328
48.15	0.9889054917449497
48.25	0.9906235233894163
48.35	0.9930039960778168
48.45	0.9932234100057296
48.550000000000004	0.9992230678975191
48.65	0.9980237467573608
48.75	0.9976774065697451
48.85	1.0015907227607552
48.95	1.002585321492053
49.050000000000004	1.0052995946092582
49.15	1.006398761007945
49.25	1.0094049982941973
49.35	1.0103726144957887
49.45	1.01020044439376
49.550000000000004	1.0126923919734172
49.65	1.0118385627277595
49.75	NaN
49.85	1.0133111115517346
49.95	1.0147253477968692
50.050000000000004	1.014465503770531
50.15	1.0173152160582437
50.25	1.016504415980343
50.35	1.0162491298953802
50.45	1.0164396110107703
50.550000000000004	1.0153819333716438
50.65	1.0150337861502088
50.75	1.0146718081835822
50.85	1.0146479961983919
50.95	1.0139421254440784
51.050000000000004	1.0137751827043142
51.15	1.0112694669800804
51.25	1.0085012563686981
51.35	1.0062603028272132
51.45	1.005964441609713
51.550000000000004	1.0052101549678434
51.65	1.0056341506287971
51.75	1.0012147045546065
51.85	1.0006967118272152
51.95	0.9986866726496847
52.050000000000004	0.9995435612950433
52.15	NaN
52.25	0.9959474796867348
52.35	0.9941029268802809
52.45	0.9918961000946879
52.550000000000004	0.991462733286443
52.65	0.9893266485273238
52.75	0.9895057489422422
52.85	0.9887294284820247
52.95	0.9868287677010685
53.050000000000004	0.9851844093148174
53.15	0.9840770441436083
53.25	0.9848503835032725
53.35	0.9860696341609799
53.45	0.9870100264742175
53.550000000000004	0.9880247312115422
53.65	0.9861398543476424
53.75	0.9856994190695983
53.85	0.9853556347110689
53.95	0.9876318761999436
54.050000000000004	0.9883871247492254
54.15	0.9892823711384038
54.25	0.9890868561264029
54.35	0.9901671190195263
54.45	0.9925514685397793
54.550000000000004	NaN
54.65	0.9925859304846404
54.75	0.9952831889605848
54.85	0.9971340936121011
54.95	0.9977568105073806
55.050000000000004	1.0013774579903143
55.15	0.9996510145061162
55.25	1.0011724624132379
55.35	1.0030397122948003
55.45	1.0053984129448965
55.550000000000004	1.0049963866594596
55.65	NaN
55.75	1.0079446276833728
55.85	1.010567495811105
55.95	1.0101590244325023
56.050000000000004	1.0118047704970656
56.15	1.0096535302910805
56.25	1.0133112013528702
56.35	1.0077798915301552
56.45	1.0131156289595993
56.550000000000004	1.0112266453616643
56.65	1.0122969757298836
56.75	1.0136683942624793
56.85	1.0129214150098031
56.95	1.0117196255912766
57.050000000000004	1.0108906672485032
57.15	1.0116148795274242
57.25	1.0123252108083909
57.35	1.008015263539311
57.45	1.0092471647035424
57.550000000000004	NaN
57.65	1.0070565381969487
57.75	1.002826620666495
57.85	1.0036399824194318
57.95	1.002226449046133
58.050000000000004	NaN
58.15	1.0006771044452503
58.25	1.0001285800813886
58.35	0.9985441546809334
58.45	0.9972179296863299
58.550000000000004	0.9968321581204899
58.65	0.9949247390275048
58.75	NaN
58.85	0.9925523273485635
58.95	0.9920092936110007
59.050000000000004	0.9909547689734141
59.15	0.9901453975296493
59.25	0.9906895088293006
59.35	0.9898115646817603
59.45	0.9897589519345386
59.550000000000004	0.9881452785115409
59.65	NaN
59.75	0.9889481873659944
59.85	0.988423346289169
59.95	0.9902905722184641
60.050000000000004	0.9879229728777786
60.15	0.9888926206532135
60.25	0.9905700170788319
60.35	NaN
60.45	0.9929148689996196
60.550000000000004	0.9923315525218975
60.65	0.9933861052095835
60.75	0.9920125849539971
60.85	NaN
60.95	0.9954928213879976
61.050000000000004	0.9981410120413157
61.15	0.9972340663639603
61.25	0.9977710560070716
61.35	0.9988065263087799
61.45	1.0007511005313898
61.550000000000004	1.001978127626588
61.65	1.0025220644911097
61.75	1.0043654608063088
61.85	1.0048421344981409
61.95	NaN
62.050000000000004	1.0082598674378063
62.15	1.0062816323110173
62.25	1.0088963207000294
62.35	1.0096442826998944
62.45	NaN
62.550000000000004	1.0096959400828274
62.65	NaN
62.75	NaN
62.85	1.0095097392655725
62.95	1.0094392346534582
63.050000000000004	1.0095156166105694
63.15	1.00980864072609
63.25	1.0099937629709173
63.35	1.0093777058286575
63.45	1.0088916918671638
63.550000000000004	1.0070138536048001
63.65	NaN
63.75	1.0086400967234967
63.85	NaN
63.95	1.004078922455347
64.05	1.0018530784630688
64.14999999999999	1.0046298521611237
64.25	1.0034266751782628
64.35	NaN
64.44999999999999	0.999327087040393
64.55	1.0005328960017965
64.64999999999999	0.9990740558819647
64.75	0.9967465166177057
64.85	0.9971468786656514
64.94999999999999	0.9953418198648526
65.05	0.9964430521993038
65.14999999999999	NaN
65.25	0.9937453574460573
65.35	0.9917423534955319
65.44999999999999	0.9906325175004608
65.55	0.9934050863913677
65.64999999999999	NaN
65.75	0.9926008092854931
65.85	0.9911601933212375
65.94999999999999	NaN
66.05	NaN
66.14999999999999	0.9905349628846422
66.25	0.9913515305359857
66.35	0.9918872815273968
66.44999999999999	0.9919254978245848
66.55	NaN
66.64999999999999	0.9921508932505957
66.75	0.9937445285312133
66.85	NaN
66.94999999999999	NaN
67.05	NaN
67.14999999999999	NaN
67.25	0.9969441346705759
67.35	NaN
67.44999999999999	NaN
67.55	0.9980830815159996
67.64999999999999	1.001755994360189
67.75	1.0007679186049918
67.85	1.0006053308186793
67.94999999999999	NaN
68.05	1.0026338022118106
68.14999999999999	1.0057084597833497
68.25	1.0034111747272876
68.35	1.0054223888286713
68.44999999999999	1.0052859884960657
68.55	1.0077448172219907
68.64999999999999	NaN
68.75	1.006898092807219
68.85	1.0078618519993348
68.94999999999999	1.0085644809248357
69.05	NaN
69.14999999999999	1.008251712715802
69.25	NaN
69.35	1.007991039562174
69.44999999999999	1.0091792022114756
69.55	1.008548494528726
69.64999999999999	1.0075634030418716
69.75	1.0061911160960284
69.85	1.005597817484787
69.94999999999999	1.0056848610283402
70.05	NaN
70.14999999999999	1.0041934993633954
70.25	1.005692176526081
70.35	1.004407827654217
70.44999999999999	1.0023196229706544
70.55	1.0020139586376744
70.64999999999999	1.0015740226077385
70.75	0.9973757582804339
70.85	0.9994232856463289
70.94999999999999	0.9986531818819414
71.05	0.9973347791689051
71.14999999999999	NaN
71.25	0.9960486884883522
71.35	NaN
71.44999999999999	0.9945273315278843
71.55	0.994134358101547
71.64999999999999	0.9941729543946637
71.75	0.9914728925242692
71.85	NaN
71.94999999999999	NaN
72.05	0.9917033590534847
72.14999999999999	NaN
72.25	0.9922159198065633
72.35	0.9922119588345292
72.44999999999999	NaN
72.55	NaN
72.64999999999999	0.992337851543536
72.75	0.9937563762891081
72.85	0.9926984383284106
72.94999999999999	NaN
73.05	0.9951721300517494
73.14999999999999	0.9939351745407424
73.25	0.9960098075270403
73.35	0.9956493477031356
73.44999999999999	0.9971989187280534
73.55	0.9974172244092571
73.64999999999999	1.0004665087815292
73.75	1.0000356467578282
73.85	0.9994742835928182
73.94999999999999	NaN
74.05	NaN
74.14999999999999	1.0019502799733084
74.25	1.0005308589250745
74.35	1.0031172646689073
74.44999999999999	1.0025482949224858
74.55	1.0046412143527763
74.64999999999999	NaN
74.75	NaN
74.85	1.0060461657025648
74.94999999999999	1.0057829713847557
75.05	1.0080279623017978
75.14999999999999	1.0059160890125804
75.25	1.0069592029900634
75.35	1.0081642743499952
75.44999999999999	1.0069069861188114
75.55	1.0065906910750915
75.64999999999999	1.0069603368611943
75.75	NaN
75.85	1.0076772537370868
75.94999999999999	NaN
76.05	1.0052248804990156
76.14999999999999	1.004772385339175
76.25	1.0045882397910473
76.35	1.0043119206610707
76.44999999999999	NaN
76.55	1.0032081699077937
76.64999999999999	1.000518629905602
76.75	NaN
76.85	1.003128927694286
76.95	0.9991599342933524
77.05	0.9999535183881222
77.14999999999999	0.9997648554483617
77.25	NaN
77.35	NaN
77.45	NaN
77.55	0.9965147564582514
77.64999999999999	NaN
77.75	0.9972072774187588
77.85	0.993718248145758
77.95	NaN
78.05	0.9954681897217699
78.14999999999999	NaN
78.25	0.9954260970175366
78.35	0.9946988123713626
78.45	NaN
78.55	NaN
78.64999999999999	NaN
78.75	0.9930854008016667
78.85	0.9965539061916383
78.95	0.9932633040767582
79.05	NaN
79.14999999999999	NaN
79.25	0.9955439038299937
79.35	0.9954397184894367
79.45	NaN
79.55	0.9977153505532608
79.64999999999999	NaN
79.75	0.9968204112227513
79.85	0.9991296027597558
