0.15	0.018081912522035552
0.25	0.018815035748556568
0.35	0.018816787370271353
0.45	0.018885279684557613
0.55	0.019584986861383765
0.65	0.019662148959908487
0.7500000000000001	0.01975264648821404
0.85	0.01979093511560708
0.95	0.02005819009441246
1.05	0.020527163200587575
1.15	0.020789265563702405
1.25	0.021182854331983508
1.35	0.021658512844640952
1.45	0.02199035202318873
1.55	0.02248235180158842
1.65	0.023014641875164065
1.75	0.023643001516042306
1.85	0.024315366787414337
1.95	0.02515655609633327
2.05	0.025715359283349663
2.15	0.026623359980055827
2.25	0.027592938026782827
2.35	0.028671103897797867
2.45	0.029436217858600403
2.5500000000000003	0.03078056188047974
2.65	0.032028611275202075
2.75	0.03334328560489963
2.85	0.034897193669692336
2.95	0.03664767752865576
3.0500000000000003	0.03832096766983837
3.15	0.04026814089457748
3.25	0.04241744027360397
3.35	0.0450384116470846
3.45	0.04749445289216904
3.5500000000000003	0.05069999703120841
3.65	0.05373174138419632
3.75	0.057523902594318686
3.85	0.06093001156799038
3.95	0.06587092877755209
4.05	0.07086951766198892
4.1499999999999995	0.0763520850955688
4.25	0.08228038602285695
4.35	0.09011434459590219
4.449999999999999	0.09772434421140344
4.55	0.1063731735856499
4.6499999999999995	0.11643263190577864
4.75	0.12888926564654038
4.85	0.1433137042432561
4.95	0.159197478986482
5.05	0.1772235267664579
5.1499999999999995	0.20005597276029752
5.25	0.2243834516989376
5.35	0.25441974415116403
5.45	0.29185770517465204
5.55	0.33612067682358976
5.6499999999999995	0.3870406776869181
5.75	0.45379840215224254
5.85	0.5298747087525537
5.95	0.6261952591551319
6.05	0.7478382970714231
6.1499999999999995	0.8993308150333955
6.25	1.0814222616249827
6.35	1.3030221383126772
6.45	1.5760888151838837
6.55	1.891384411587677
6.6499999999999995	2.2231830347411154
6.75	2.538456411155241
6.85	2.7883007631173053
6.95	2.923659380706604
7.05	2.9127316694001006
7.1499999999999995	2.773394296925689
7.25	2.55278433102101
7.35	2.290049340622454
7.45	2.041825130271207
7.55	1.8173202995943805
7.6499999999999995	1.6053448651893296
7.75	1.4335981306143257
7.85	1.2812709380236302
7.95	1.1608588607568595
8.05	1.0604779389398484
8.15	0.97556771876583
8.25	0.9004904572708373
8.350000000000001	0.836218041492663
8.450000000000001	0.7877858902224982
8.55	0.7445780839755376
8.65	0.7060663017710275
8.75	0.6768733393869166
8.850000000000001	0.6510088741448194
8.950000000000001	0.6306673431952021
9.05	0.6119293664012687
9.15	0.5976923962276186
9.25	0.587650852548109
9.350000000000001	0.578596426778014
9.450000000000001	0.5724103054167333
9.55	0.5691852075677272
9.65	0.5683612679904755
9.750000000000002	0.569148304381443
9.85	0.5725782210931559
9.95	0.5782509750606786
10.049999999999999	0.5847625769967149
10.149999999999999	0.593584318057585
10.25	0.6048745610511294
10.35	0.6190576985885403
10.45	0.6360176305226002
10.549999999999999	0.6512711773255598
10.649999999999999	0.672377542688576
10.75	0.6960792694278306
10.85	0.7193147802096143
10.95	0.7478160698070404
11.049999999999999	0.7783903055608952
11.149999999999999	0.8099782248092904
11.25	0.8463617797570167
11.35	0.8821533154959549
11.45	0.9198960094865573
11.549999999999999	0.9626836618201587
11.649999999999999	1.0032322039401662
11.75	1.045019281522867
11.85	1.088189183383596
11.95	1.126725495906659
12.049999999999999	1.1631110547342627
12.149999999999999	1.1985742075173809
12.25	1.2340291296699337
12.35	1.2606077431917404
12.45	1.2834906828343422
12.549999999999999	1.3054819490209433
12.649999999999999	1.3194293126796162
12.75	1.331354271942562
12.85	1.337905580614526
12.95	1.3415136441859417
13.049999999999999	1.3384499524333653
13.149999999999999	1.3352009414248815
13.25	1.3258529425157581
13.35	1.3160909608943758
13.45	1.301952134175221
13.549999999999999	1.286057753865647
13.649999999999999	1.2648499517201723
13.75	1.2428045585256546
13.85	1.2171870197196741
13.95	1.1905027655882114
14.049999999999999	1.1603340475953108
14.149999999999999	1.1279868830153885
14.25	1.0960609804546477
14.35	1.0659042008608273
14.45	1.0335108386777154
14.549999999999999	1.0019690559671335
14.649999999999999	0.9740316143425783
14.75	0.9454657206685663
14.85	0.9206363889180753
14.95	0.8974083656294848
15.049999999999999	0.8764726786749063
15.149999999999999	0.8573474016759475
15.25	0.8407288991975554
15.35	0.8266137285222436
15.45	0.813547927236954
15.549999999999999	0.8032092871228629
15.649999999999999	0.7956176181621439
15.75	0.7904723323879367
15.85	0.7855731726051975
15.95	0.7838207407389648
16.05	0.7832606787900785
16.15	0.7828447581357512
16.25	0.7850980988101219
16.349999999999998	0.7931220242608757
16.45	0.7972626388946632
16.55	0.8058324801421591
16.65	0.8163516826104555
16.75	0.8272223339514477
16.849999999999998	0.8390343762208011
16.95	0.8543050691179153
17.05	0.8697646066338807
17.15	0.8870153502212257
17.25	0.9017782855627515
17.349999999999998	0.9224650859134006
17.45	0.9429833322657933
17.55	0.962302633018167
17.65	0.9839417801544158
17.75	1.0039941312936997
17.849999999999998	1.026351281334265
17.95	1.046461597479849
18.05	1.0672121464321978
18.15	1.084349622432331
18.25	1.103465873954069
18.349999999999998	1.1187466910221415
18.45	1.1352499532494404
18.55	1.1464252845994098
18.65	1.1579788521888499
18.75	1.1660217695053547
18.849999999999998	1.1715236756194778
18.95	1.1711482515344906
19.05	1.1770208099015744
19.15	1.1735302935596046
19.25	1.1726417296921805
19.35	1.168059044897908
19.45	1.161357196028751
19.55	1.1537119220221248
19.65	1.1442647600346165
19.75	1.1320071878147042
19.85	1.1203115274119064
19.95	1.1071664886389143
20.05	1.0927578908105466
20.15	1.0804958012537642
20.25	1.0657553808269626
20.35	1.0521709707961575
20.45	1.038102594630549
20.55	1.0235071738571981
20.65	1.0100724040785356
20.75	0.9971326723053736
20.85	0.9819563895268195
20.95	0.9710647818651095
21.05	0.9590563155830433
21.15	0.9480512143548573
21.25	0.9365862422290139
21.35	0.927582557998343
21.45	0.9175792564401606
21.55	0.9099428223492476
21.65	0.9030426088022693
21.75	0.8976435479444816
21.85	0.8909459751366535
21.95	0.8865541585395319
22.05	0.8836010166474519
22.15	0.8802460592408388
22.25	0.8814687403044211
22.35	0.8793466108197632
22.45	0.8818071438993234
22.55	0.885297017816462
22.65	0.8863601057877168
22.75	0.8931336697712725
22.85	0.8963414162421594
22.95	NaN
23.05	0.9090243409983463
23.15	0.9159217652426581
23.25	0.9272854739757225
23.35	0.9371536967006413
23.45	0.9461225149871267
23.55	0.9570761997118861
23.65	0.9658033767014775
23.75	0.9793456033469503
23.85	0.9923644778923063
23.95	1.0055143458628995
24.05	1.0141334783191835
24.15	1.0250749259930494
24.25	1.0402553037881632
24.35	1.049063406055725
24.45	1.0565434455866938
24.55	1.0669688790953133
24.65	1.078230456747174
24.75	1.0850551938120534
24.85	1.0900955860996255
24.95	1.098519756778761
25.05	1.1019032847021852
25.15	1.1031206364066177
25.25	1.1044192789749572
25.35	1.104402722140516
25.45	1.1043409352654248
25.55	1.1023740496701728
25.65	1.099248931804711
25.75	1.0934700623341633
25.85	1.0893128447184153
25.95	1.081953332171459
26.05	1.0756072544489177
26.15	1.0692421888654047
26.25	1.0595831291752194
26.35	1.0507488724300331
26.45	1.0425673515012663
26.55	1.0333942620764243
26.65	1.0243131970552815
26.75	1.0179333208329076
26.85	1.0080387002664897
26.95	0.9968340649273014
27.05	0.990606699563956
27.15	0.9828987493819641
27.25	0.9745773792280366
27.35	0.9682760662401813
27.45	0.9606439590490649
27.55	0.9526873703102966
27.65	0.9462570832808809
27.75	0.941482607588085
27.85	0.939255550200418
27.95	0.9337577751517717
28.05	0.9299581949109832
28.15	0.9279994720735248
28.25	0.9271896365427207
28.35	0.9239061080907747
28.45	0.923874506633336
28.55	0.9242174061534179
28.65	0.922505849360071
28.75	0.9266216829894699
28.85	0.9265825240344365
28.95	0.9306640596360753
29.05	0.9325989608869861
29.15	0.9380910436350681
29.25	0.943234087082602
29.35	0.9482890465303885
29.45	0.9525293058403096
29.55	0.9582681469687958
29.65	0.9658996668526115
29.75	0.9704295594515591
29.85	0.9773752909520761
29.95	0.9855812184824532
30.05	0.993090525917403
30.15	1.004164829410814
30.25	1.0080385630957192
30.35	1.0165259794024881
30.45	1.0210854370248903
30.55	1.0291253352332406
30.65	1.0346344841075552
30.75	1.0403242639863832
30.85	1.0498289796756084
30.95	1.0535434389202158
31.05	1.0579265788249161
31.15	1.0613194421372574
31.25	1.061008385461473
31.35	1.0651999127518406
31.45	1.0675864576059222
31.55	1.0656019441028015
31.65	1.0687429426666872
31.75	1.0662168661603748
31.85	1.0651315402236565
31.95	1.0622869871249583
32.05	1.061592154352952
32.15	1.0581312970186034
32.25	1.053639185446828
32.35	1.0506334305434444
32.45	1.041994112494276
32.55	1.0382890026162797
32.65	1.0310677775408934
32.75	1.026294650885733
32.85	1.0185929498734545
32.95	1.0137584993004278
33.05	1.0092758698136701
33.15	1.0013176331510416
33.25	0.9950316985263091
33.35	0.9897657407981572
33.45	0.9854727483033724
33.55	0.979480749858441
33.65	0.9753364118706943
33.75	0.9702046649781313
33.85	0.9650600693315876
33.95	0.9609383113524348
34.05	0.9592722281515745
34.15	0.9572497846529534
34.25	0.9527856851036058
34.35	0.9500385066750046
34.45	0.9512578045259518
34.55	0.9484090463031681
34.65	0.9461399672001897
34.75	0.9475706904407889
34.85	0.947624701903288
34.95	0.9483152563420019
35.05	0.9495892283009044
35.15	0.9509628285233237
35.25	0.9547507066375651
35.35	0.9568849195430527
35.45	0.9609601881592745
35.55	0.9628474982481651
35.65	0.9673138318747925
35.75	0.9696095218290558
35.85	0.9744459769067313
35.95	0.979945028337743
36.05	0.9845227331639238
36.15	0.9910981909925131
36.25	0.995160107419157
36.35	0.9991101969854159
36.45	1.002990934107356
36.55	NaN
36.65	1.0157137057358043
36.75	1.0196569410477683
36.85	1.0242302186052088
36.95	1.025583295524133
37.05	1.0309646088309137
37.15	1.0351248304392744
37.25	1.0389851114235198
37.35	1.0396367369455726
37.45	1.0430510296633535
37.55	1.0433105376732277
37.65	NaN
37.75	1.045752723079623
37.85	1.0464540774793365
37.95	1.0459928842557538
38.05	1.0476498018653122
38.15	1.0442678995362538
38.25	1.0402208140304119
38.35	1.0411357788376474
38.45	1.0386025808201504
38.550000000000004	1.0330331234481132
38.65	1.0315846987450545
38.75	1.0291805366545266
38.85	1.0248481493483623
38.95	1.020716071242864
39.050000000000004	1.0173692589430408
39.15	NaN
39.25	NaN
39.35	NaN
39.45	NaN
39.550000000000004	0.9949478588786365
39.65	0.9898264507647161
39.75	0.9876469945867267
39.85	0.9832544106419926
39.95	0.9794773950537948
40.050000000000004	0.976267506610456
40.15	NaN
40.25	0.9710332744377156
40.35	0.9681646542242283
40.45	0.9665820182528612
40.550000000000004	0.9650961334359343
40.65	0.9644600358886454
40.75	0.9624533393716773
40.85	0.9611018827432167
40.95	0.9609959750946221
41.050000000000004	0.9611073319350029
41.15	0.9592552905246484
41.25	0.9633446512511463
41.35	0.9660124421876153
41.45	0.9641785365382568
41.550000000000004	NaN
41.65	0.9678819778044173
41.75	0.9729174565468033
41.85	0.9735177913438898
41.95	0.9762342841833017
42.050000000000004	0.9789849691186215
42.15	NaN
42.25	0.98652275421046
42.35	0.9883749931879605
42.45	0.994278545878383
42.550000000000004	0.995604011066745
42.65	0.9981148979028742
42.75	1.0048994364329085
42.85	1.008992208332887
42.95	1.012020225410754
43.050000000000004	1.0158014659174648
43.15	1.0165522776330842
43.25	1.0219423824727003
43.35	1.0238014873955175
43.45	1.0260205157430353
43.550000000000004	1.028349162805195
43.65	NaN
43.75	1.0311257329819732
43.85	1.0330274702431654
43.95	1.033831059754685
44.050000000000004	1.0347043919205177
44.15	1.033526394233044
44.25	NaN
44.35	1.0327193027223132
44.45	1.0342244484234788
44.550000000000004	1.0320934289072192
44.65	1.0293135953304102
44.75	1.028075486169976
44.85	1.0254745224988497
44.95	1.0240214392005906
45.050000000000004	1.0199756706783085
45.15	1.0174994428306714
45.25	1.0143078125466383
45.35	NaN
45.45	1.0083156139385605
45.550000000000004	1.0017486085746852
45.65	NaN
45.75	0.9984482119807404
45.85	0.9955108137318652
45.95	0.9919743981165735
46.050000000000004	0.9894025236494642
46.15	0.9888911895900323
46.25	0.9860041742685984
46.35	0.9817121189268206
46.45	0.9796745009193807
46.550000000000004	0.9766677330858332
46.65	NaN
46.75	0.9740754286255279
46.85	0.9742500102048404
46.95	0.9718730463471059
47.050000000000004	0.9718693651966333
47.15	0.9702748486578423
47.25	0.970496870633713
47.35	0.9726525862200371
47.45	0.9705945509169671
47.550000000000004	0.9711796383928354
47.65	0.9721412095156924
47.75	0.9746920348929976
47.85	0.9766449300129786
47.95	0.977346472088583
48.050000000000004	0.9773382081889594
48.15	0.9819164217119755
48.25	0.9828795377078601
48.35	0.98609374854213
48.45	0.9880164615715321
48.550000000000004	0.9911765364698195
48.65	0.9938627233427284
48.75	0.9953777333457201
48.85	0.999605632647464
48.95	1.0025046508377482
49.050000000000004	1.006451905603854
49.15	NaN
49.25	1.010732400613665
49.35	1.0130059159819844
49.45	1.0147499863833331
49.550000000000004	1.0180914889611394
49.65	1.021672448317869
49.75	1.0200761366723772
49.85	1.024255879213273
49.95	1.022198796366452
50.050000000000004	1.0237076200081445
50.15	1.025714039905172
50.25	1.0275271212659185
50.35	1.0258184329740547
50.45	1.0272282948671647
50.550000000000004	1.0250039939459712
50.65	1.025908294362871
50.75	1.0238590323049992
50.85	1.0244958457117432
50.95	NaN
51.050000000000004	1.0209809876213034
51.15	1.0203000680761276
51.25	1.0174629346024227
51.35	1.0151627307357638
51.45	1.0146037929351432
51.550000000000004	NaN
51.65	1.0079626500786292
51.75	1.0073528384152168
51.85	1.003070898327346
51.95	0.9989955321275061
52.050000000000004	NaN
52.15	0.9956452865770132
52.25	0.99294444580435
52.35	0.9904439164867964
52.45	0.9910632888853494
52.550000000000004	0.986857986658576
52.65	0.9865431675800052
52.75	0.9847656118894947
52.85	0.9817669714851496
52.95	NaN
53.050000000000004	0.9789962547768727
53.15	NaN
53.25	0.9785163253443204
53.35	0.9773772777592895
53.45	0.9767492577382015
53.550000000000004	NaN
53.65	0.976415651530156
53.75	NaN
53.85	0.9782848355648981
53.95	0.9805934427924156
54.050000000000004	NaN
54.15	0.9798785032396441
54.25	NaN
54.35	0.9830019643302161
54.45	0.9852331993790786
54.550000000000004	NaN
54.65	0.9883347926880045
54.75	0.9916362031121649
54.85	0.993173614745043
54.95	0.9967292133505549
55.050000000000004	0.9975032628473427
55.15	1.0008675786834853
55.25	1.0033683906457846
55.35	1.0022008689855106
55.45	1.005803939768901
55.550000000000004	1.0077885520197005
55.65	1.0110873907030986
55.75	1.0141777679249209
55.85	1.0141029667380654
55.95	1.0167554907556062
56.050000000000004	1.0167203620946763
56.15	1.0199230880866903
56.25	1.0203095623637806
56.35	1.0178714670412639
56.45	1.0231835911112046
56.550000000000004	1.0200505719567265
56.65	1.0206583593850658
56.75	NaN
56.85	1.021030375770673
56.95	1.02049991342085
57.050000000000004	1.0194257753527054
57.15	1.0190756546916733
57.25	1.016804833653094
57.35	NaN
57.45	1.0146305745264699
57.550000000000004	1.0131615143682353
57.65	1.0157904347796651
57.75	1.009669969211571
57.85	1.0051393281220253
57.95	1.0083996815066498
58.050000000000004	1.0052640440660232
58.15	0.9993564060432317
58.25	1.0006493052910745
58.35	0.995779811074703
58.45	NaN
58.550000000000004	0.9936004775064494
58.65	0.9929429763400656
58.75	NaN
58.85	0.9895876662120715
58.95	NaN
59.050000000000004	0.9862463896754566
59.15	0.985542117237306
59.25	0.9840365456170855
59.35	0.9831825388284277
59.45	0.9832901557287821
59.550000000000004	0.9812842480289808
59.65	0.9816701138823928
59.75	0.9810384412123158
59.85	NaN
59.95	0.9818970927680523
60.050000000000004	NaN
60.15	0.9842095643576204
60.25	0.9827447289112823
60.35	NaN
60.45	0.986385243550699
60.550000000000004	0.9878882308448426
60.65	0.9860464523242368
60.75	0.9884219891825045
60.85	0.9894906767686084
60.95	0.992339403926413
61.050000000000004	0.9928160509706989
61.15	0.9948170380805706
61.25	0.9986023705546054
61.35	0.9979437598085413
61.45	1.001019539066298
61.550000000000004	NaN
61.65	1.004193743595257
61.75	NaN
61.85	NaN
61.95	1.0100329242797548
62.050000000000004	1.011349989232025
62.15	1.0118831580522305
62.25	1.0134251876966986
62.35	1.0140596110048201
62.45	1.0161289086657592
62.550000000000004	1.0162658904861064
62.65	1.017679689130176
62.75	1.0152139956248696
62.85	1.0173819254368857
62.95	1.0170892556824296
63.050000000000004	1.0174939472706828
63.15	1.017695964011673
63.25	NaN
63.35	1.0154147292942477
63.45	1.0159888041082652
63.550000000000004	1.0118141997957373
63.65	1.011761651555998
63.75	1.0123789240250198
63.85	1.010123234111983
63.95	1.010935344250131
64.05	1.0069491171296858
64.14999999999999	1.005892225743381
64.25	1.0054388884245118
64.35	1.003119197715806
64.44999999999999	1.0011674299587814
64.55	0.999937590033004
64.64999999999999	0.9975511662253885
64.75	0.9971620846926583
64.85	0.994971537474461
64.94999999999999	0.9933668688888664
65.05	0.9930123111054511
65.14999999999999	0.9907764683659971
65.25	NaN
65.35	0.9872835547038874
65.44999999999999	NaN
65.55	0.988242394526668
65.64999999999999	0.9857998772637708
65.75	0.985951980252079
65.85	0.9843949772563636
65.94999999999999	0.9849792282824614
66.05	NaN
66.14999999999999	0.9861786685923857
66.25	0.9840949860997437
66.35	0.9848251087725559
66.44999999999999	0.9865397829144292
66.55	0.9861314495414586
66.64999999999999	NaN
66.75	0.9895325120773812
66.85	NaN
66.94999999999999	NaN
67.05	0.991532786658475
67.14999999999999	0.9909952211482739
67.25	0.9938630762481186
67.35	0.9945373622639866
67.44999999999999	0.9963221012067955
67.55	0.998486080785169
67.64999999999999	NaN
67.75	NaN
67.85	1.0039462451747923
67.94999999999999	1.0042972188595878
68.05	1.0059979089620483
68.14999999999999	1.0050548248447777
68.25	NaN
68.35	1.0085451391769302
68.44999999999999	1.0084984658718117
68.55	1.0104142054255172
68.64999999999999	NaN
68.75	1.0128399042590663
68.85	1.0126909321114834
68.94999999999999	1.0152409694694984
69.05	1.0130132701206866
69.14999999999999	1.0151554028579106
69.25	1.013353464428344
69.35	1.0134768141657
69.44999999999999	NaN
69.55	1.0123349136821582
69.64999999999999	1.0139464340600233
69.75	NaN
69.85	1.0136930080872368
69.94999999999999	NaN
70.05	1.0110932693461294
70.14999999999999	1.0090121470054678
70.25	NaN
70.35	1.0060808423522782
70.44999999999999	NaN
70.55	1.0021885907934698
70.64999999999999	1.0031465856446236
70.75	1.00174368901331
70.85	0.998513873149298
70.94999999999999	0.9980366462299586
71.05	0.9974120574871935
71.14999999999999	0.9983826460779549
71.25	NaN
71.35	0.9917244209649966
71.44999999999999	0.9926623512430492
71.55	0.9900617197464608
71.64999999999999	0.988362641239939
71.75	0.9899580888918298
71.85	0.9886804328462889
71.94999999999999	0.9875739336192861
72.05	NaN
72.14999999999999	NaN
72.25	NaN
72.35	NaN
72.44999999999999	0.9845768902135106
72.55	0.9883733999727272
72.64999999999999	0.9882475240303771
72.75	NaN
72.85	0.9885568332264258
72.94999999999999	0.9909658714070191
73.05	0.9910556511709593
73.14999999999999	0.9916196704034417
73.25	0.9900001906773446
73.35	0.9939193616242532
73.44999999999999	NaN
73.55	0.9959661041074214
73.64999999999999	NaN
73.75	NaN
73.85	0.9975760481497333
73.94999999999999	0.9998373117286662
74.05	1.0031925618887945
74.14999999999999	1.0021949671460577
74.25	1.0040610738360796
74.35	1.0047125379966715
74.44999999999999	1.0062775097751555
74.55	1.0071043802881976
74.64999999999999	1.0088441529400454
74.75	1.0084617811689425
74.85	1.0087809595597028
74.94999999999999	1.0111786889935281
75.05	1.0111836725574626
75.14999999999999	1.0119993762061328
75.25	NaN
75.35	NaN
75.44999999999999	NaN
75.55	1.0122835104720183
75.64999999999999	NaN
75.75	NaN
75.85	1.0108718106192387
75.94999999999999	1.0102802121477856
76.05	1.0101272778761523
76.14999999999999	1.0094690052787025
76.25	NaN
76.35	1.0079610612905834
76.44999999999999	NaN
76.55	1.0056558894417702
76.64999999999999	1.0051837480632164
76.75	NaN
76.85	NaN
76.95	NaN
77.05	NaN
77.14999999999999	1.000489822429948
77.25	0.9973979977364074
77.35	0.9953690517081515
77.45	0.9967989986881609
77.55	0.9946114414887384
77.64999999999999	0.9943527015663801
77.75	0.9933297174606548
77.85	0.9918691067909835
77.95	0.9924656464267471
78.05	0.9910179925385003
78.14999999999999	0.9895557427004525
78.25	0.9901388300066452
78.35	0.989477475112298
78.45	NaN
78.55	NaN
78.64999999999999	0.9888146211653285
78.75	0.9880928352060092
78.85	NaN
78.95	0.9894754877783771
79.05	NaN
79.14999999999999	NaN
79.25	0.9903720030271964
79.35	NaN
79.45	0.9932276511672363
79.55	0.9934186193361025
79.64999999999999	NaN
79.75	0.9952727023530827
79.85	0.9955294811533454
