0.15	0.019020705763222217
0.25	0.019357616696386026
0.35	0.018791598617307434
0.45	0.019407179097638533
0.55	0.019261085030573045
0.65	0.019485356972531627
0.7500000000000001	0.01966269813200781
0.85	0.020045064939953335
0.95	0.02024327241480398
1.05	0.020432713790677133
1.15	0.02086283999133312
1.25	0.021294359722027728
1.35	0.02172298433366164
1.45	0.02196797785603192
1.55	0.02256495745339935
1.65	0.023094181700894466
1.75	0.023666259595778758
1.85	0.024281057497316332
1.95	0.02512723347569415
2.05	0.02569831854029493
2.15	0.02658125872489139
2.25	0.027630091115322754
2.35	0.028642753888479852
2.45	0.029463207728068302
2.5500000000000003	0.030823209205495847
2.65	0.03203646450540832
2.75	0.03340267393678548
2.85	0.03493383639772721
2.95	0.036733079722957994
3.0500000000000003	0.038367645429668376
3.15	0.04024700058513815
3.25	0.04248642018903965
3.35	0.0451253571942047
3.45	0.04761040328233842
3.5500000000000003	0.050679801812289225
3.65	0.05368597549127597
3.75	0.057500608836172085
3.85	0.06087684790046681
3.95	0.06577350768314608
4.05	0.07079297305596333
4.1499999999999995	0.0764613056696574
4.25	0.08241678469041028
4.35	0.09009312750511272
4.449999999999999	0.09772618214909598
4.55	0.10659870958706598
4.6499999999999995	0.11667485381218917
4.75	0.12884683474455458
4.85	0.1430879462563446
4.95	0.15962025490121348
5.05	0.17715257738489382
5.1499999999999995	0.199585708973714
5.25	0.2246978132670421
5.35	0.2547930981713328
5.45	0.2922509518581427
5.55	0.33537473594566775
5.6499999999999995	0.38717560941797496
5.75	0.4538122291054275
5.85	0.5299417819831449
5.95	0.6251277892719331
6.05	0.7473505606221326
6.1499999999999995	0.8997507925881485
6.25	1.0808420291775127
6.35	1.3041116965092563
6.45	1.5841541664617773
6.55	1.8886879513533088
6.6499999999999995	2.2213637779129316
6.75	2.537066647122152
6.85	2.790040058501994
6.95	2.9276563828271542
7.05	2.918100436330112
7.1499999999999995	2.772769279351541
7.25	2.551170915980314
7.35	2.296189849130472
7.45	2.0424292398156396
7.55	1.8189186942728155
7.6499999999999995	1.6055489349547687
7.75	1.434043730746335
7.85	1.282199373499691
7.95	1.1601169801274689
8.05	1.0610619787806703
8.15	0.975150321632982
8.25	0.8989047174243524
8.350000000000001	0.8382817555550698
8.450000000000001	0.7878203457524813
8.55	0.7436656064654195
8.65	0.7054660732051803
8.75	0.6766189711045761
8.850000000000001	0.6518359926592981
8.950000000000001	0.6289543751463293
9.05	0.6128640233647484
9.15	0.5976872687763596
9.25	0.5875708701006643
9.350000000000001	0.5777955879476976
9.450000000000001	0.572520030939278
9.55	0.5692892533068281
9.65	0.5682849440372889
9.750000000000002	0.5691800737285312
9.85	0.5714778203859149
9.95	0.5769187645404242
10.049999999999999	0.5847038414883994
10.149999999999999	0.5957868875411928
10.25	0.6046256352812927
10.35	0.6196883774536421
10.45	0.6346344492867735
10.549999999999999	0.6526566878878058
10.649999999999999	0.671854000217213
10.75	0.6975036316716805
10.85	0.7205799025790497
10.95	0.7474604416619437
11.049999999999999	0.7776714710739516
11.149999999999999	0.8104056003425476
11.25	0.8431174923148778
11.35	0.8809652845001338
11.45	0.9184609103412095
11.549999999999999	0.9604807296872889
11.649999999999999	1.0012869587084767
11.75	1.0459987277914382
11.85	1.0864419975482977
11.95	1.1257282626348382
12.049999999999999	1.163489979907675
12.149999999999999	1.2000600923336395
12.25	1.2323830500425532
12.35	1.2604264457148966
12.45	1.2845539148893994
12.549999999999999	1.3023685192959251
12.649999999999999	1.3200269323825025
12.75	1.330187632858265
12.85	1.3402683199907004
12.95	1.3410945196150108
13.049999999999999	1.339844851730376
13.149999999999999	1.3348268380131716
13.25	1.3256870907987148
13.35	1.3197168874819574
13.45	1.304523887136617
13.549999999999999	1.2848451093707862
13.649999999999999	1.267055828285496
13.75	1.2427458337019426
13.85	1.2180249393138145
13.95	1.1890696440437498
14.049999999999999	1.1584395536095091
14.149999999999999	1.129571158943827
14.25	1.0957442510605824
14.35	1.0642611741680779
14.45	1.0332486529881875
14.549999999999999	1.0024506027036284
14.649999999999999	0.9755079747186308
14.75	0.9457524504924647
14.85	0.9211920214363645
14.95	0.8971242424191285
15.049999999999999	0.876756894376379
15.149999999999999	0.8593674908936525
15.25	0.8415929573985707
15.35	0.8257970074353246
15.45	0.8146838623698629
15.549999999999999	0.8046899586156795
15.649999999999999	0.7959419404921205
15.75	0.7897147099167471
15.85	0.7854892722386214
15.95	0.7816557379969511
16.05	0.7828783410025546
16.15	0.7823460062386408
16.25	0.786021597480426
16.349999999999998	0.7909040648001604
16.45	0.7952275927981532
16.55	0.8043710803905909
16.65	0.8146207493260657
16.75	0.8267034567170239
16.849999999999998	0.8387707323204319
16.95	0.853285475512674
17.05	0.8699082364933964
17.15	0.8856504847286856
17.25	0.9050452144063476
17.349999999999998	0.9224060160519224
17.45	0.9430289399938676
17.55	0.9619459262539104
17.65	0.9837031689318982
17.75	1.0046101618266257
17.849999999999998	1.026339440715516
17.95	1.0466398669647308
18.05	1.0664452116873941
18.15	1.0865211941012962
18.25	1.104220368602699
18.349999999999998	1.1209873154806975
18.45	1.135560617332937
18.55	1.1469659854714467
18.65	1.1572806142809213
18.75	1.1636231470852223
18.849999999999998	1.1721100161660842
18.95	1.1758628026104296
19.05	1.1764701833793838
19.15	1.1742582298517148
19.25	1.1733114619962237
19.35	1.1679479067841767
19.45	1.1614796982711673
19.55	1.1520143931481943
19.65	1.1425560272545283
19.75	1.1339884607615653
19.85	1.1211347867444525
19.95	1.1069898634888768
20.05	1.0952900189233348
20.15	1.0811351087289727
20.25	1.068443427712558
20.35	1.0532349040306084
20.45	1.0385095625042289
20.55	1.0255512627119068
20.65	1.0124504533501493
20.75	0.9960360332108136
20.85	0.9821735710932616
20.95	0.9716902598147222
21.05	0.9589101005063373
21.15	0.9460217570244845
21.25	0.9372804215049434
21.35	0.9263487143997224
21.45	0.9173905343882519
21.55	0.9104294067059366
21.65	0.9022300596653875
21.75	0.8964092212096947
21.85	0.8893902392315847
21.95	0.8849429168217687
22.05	0.8838840069701874
22.15	0.8810682079097241
22.25	0.8788038172922376
22.35	0.8791205063220046
22.45	0.8822456481432017
22.55	0.8842077392086739
22.65	0.8873195334212738
22.75	0.8909682107540079
22.85	0.8955719409128274
22.95	NaN
23.05	0.9093245454112421
23.15	0.9168943695452381
23.25	0.9263575292338013
23.35	0.9337731757563627
23.45	0.944217047887041
23.55	0.9569009084810891
23.65	0.9661297352287028
23.75	0.9800134337059203
23.85	0.9910357016328948
23.95	1.0021475732536032
24.05	1.0154502084934725
24.15	1.027197107026715
24.25	1.0381297037131403
24.35	1.0499065847064322
24.45	1.058123939319845
24.55	1.064987024544655
24.65	1.076397650471955
24.75	1.0832207794797855
24.85	1.0930272440778757
24.95	1.0974224796686594
25.05	1.1007765897741475
25.15	1.1026902848992022
25.25	1.103496092881085
25.35	1.1073568091881014
25.45	1.1024241271842705
25.55	1.1006181232751242
25.65	1.0988238161436361
25.75	1.0934536963954813
25.85	1.0891802024295842
25.95	1.0819934588784121
26.05	1.0768002880366194
26.15	1.0689697770543465
26.25	1.0598649523123136
26.35	1.0500805642494218
26.45	1.042354708420213
26.55	1.032875717212615
26.65	1.025116559048851
26.75	1.0151879732742304
26.85	1.0072005452027284
26.95	1.0020389230330875
27.05	0.9906037710801765
27.15	0.9832671912897414
27.25	0.9739793406436302
27.35	0.9658361272623922
27.45	0.9585933004950042
27.55	0.9523475356129081
27.65	0.9466561400668435
27.75	0.9419778081855129
27.85	0.9384673362967308
27.95	0.9342233106728179
28.05	0.9311314350431539
28.15	0.9281389723060977
28.25	0.9266284418304362
28.35	0.9236122013845305
28.45	0.9253065603625183
28.55	0.9228882230453255
28.65	0.9227870450315814
28.75	0.9270052153717675
28.85	0.9289232600927275
28.95	0.9278215249758062
29.05	0.9331598426566013
29.15	0.937437811717086
29.25	0.9417808885949485
29.35	0.9486563887010914
29.45	0.9534568761085666
29.55	0.9592991670552241
29.65	0.9652640614729668
29.75	0.9711081269067012
29.85	0.9784511680461234
29.95	0.9869473196730884
30.05	0.9933402750402175
30.15	1.0036071003470197
30.25	1.008831361643441
30.35	1.0150926731140801
30.45	1.0221355271051127
30.55	1.0280007248434588
30.65	1.0360889184006177
30.75	1.0427147585644878
30.85	1.0456795552601936
30.95	1.0527538569745896
31.05	1.0582803356065635
31.15	1.0591683491526307
31.25	1.0646114320871707
31.35	1.0649196914138397
31.45	1.0678623563099399
31.55	1.068190154621648
31.65	1.0674215539499203
31.75	1.0678849356498148
31.85	1.0676930447873432
31.95	1.0629972242897574
32.05	1.057671974728304
32.15	1.0576449728738175
32.25	1.053486920412201
32.35	1.0478887834250556
32.45	1.0419244961003635
32.55	1.0387854558305558
32.65	1.0327545735803163
32.75	1.0244353590857402
32.85	1.018708155909966
32.95	1.0140329900913563
33.05	1.0077894338078415
33.15	1.0004313674013314
33.25	0.9940223542915675
33.35	0.9906468267782811
33.45	0.98595808897144
33.55	0.9789259693592038
33.65	0.9765169428095224
33.75	0.9717825606132585
33.85	0.9661495430506852
33.95	0.9611924786669912
34.05	0.9571250059602928
34.15	0.9571786895891621
34.25	0.953907662620482
34.35	0.9501666081678629
34.45	0.9487494667460269
34.55	0.9476287928257163
34.65	0.9472341362729861
34.75	0.9471231122473881
34.85	0.947808723526102
34.95	0.947980323020847
35.05	0.9505633503459859
35.15	0.9508352900581335
35.25	0.9553091160698481
35.35	0.9607204796338226
35.45	0.9591629063730466
35.55	0.961605186733141
35.65	0.9670911956271602
35.75	0.9726627438933204
35.85	0.9742488177493627
35.95	0.98025485546814
36.05	0.9833488836785029
36.15	0.9897860703265202
36.25	0.9940652594026792
36.35	0.9992538424459412
36.45	1.0044775909351873
36.55	NaN
36.65	1.014440547369256
36.75	1.01864891697478
36.85	1.021078563592472
36.95	1.0281507627259148
37.05	1.0314730732601691
37.15	1.0346849934536313
37.25	1.0383747146205213
37.35	1.0408437378359254
37.45	1.0423732375520613
37.55	1.0498376014889728
37.65	NaN
37.75	1.046148305066534
37.85	1.0501941860878437
37.95	1.0481636218829133
38.05	1.0472887111301001
38.15	1.0442823255895024
38.25	1.0454508584077038
38.35	1.0408407452497164
38.45	1.0385754145026538
38.550000000000004	1.0369802928407235
38.65	1.0324877565571922
38.75	1.0280168706263322
38.85	1.0252795225397076
38.95	1.021121289164733
39.050000000000004	1.015596639710041
39.15	NaN
39.25	NaN
39.35	NaN
39.45	NaN
39.550000000000004	0.9949805786718542
39.65	0.9935889691707728
39.75	0.9887281109752691
39.85	0.9836641506852931
39.95	0.9827961898177159
40.050000000000004	0.9809239936608638
40.15	NaN
40.25	0.9724409466653859
40.35	0.9683146064094048
40.45	0.9658924776920743
40.550000000000004	0.9647563315734583
40.65	0.9625330307549382
40.75	0.9627547275787472
40.85	0.961982745663459
40.95	0.9611794220109999
41.050000000000004	0.9601315049733733
41.15	0.9622699679936407
41.25	0.9600217986538132
41.35	0.9645165032014126
41.45	0.9665706774559222
41.550000000000004	NaN
41.65	0.9703989511241267
41.75	0.9719350752483986
41.85	0.9753003227898045
41.95	0.9777369580740621
42.050000000000004	0.9806364302721892
42.15	NaN
42.25	0.9857757092972459
42.35	0.9912590207031907
42.45	0.9927002712822236
42.550000000000004	0.9978566554683799
42.65	1.0003407535237723
42.75	1.0058199218165758
42.85	1.008071532282988
42.95	1.0110665161056989
43.050000000000004	1.0147308192480151
43.15	1.019228081525789
43.25	1.0218463071138069
43.35	1.023097029291535
43.45	1.0272407178184226
43.550000000000004	1.0311988315307343
43.65	NaN
43.75	1.0298390206587544
43.85	1.0347231710669773
43.95	1.0349336307665353
44.050000000000004	1.03502610397655
44.15	1.0356697807950455
44.25	NaN
44.35	1.032485748384971
44.45	1.031964635709345
44.550000000000004	1.0309214073836084
44.65	1.0288194394516041
44.75	1.0299251447259237
44.85	1.024768507775134
44.95	1.0216319289096498
45.050000000000004	1.019783170171352
45.15	1.0157192578961773
45.25	1.0143771883879091
45.35	NaN
45.45	1.009235928637054
45.550000000000004	1.0027864365658195
45.65	NaN
45.75	0.9950695538883532
45.85	0.9960686064917099
45.95	0.9903795486437826
46.050000000000004	0.9892451415977465
46.15	0.9879875531700621
46.25	0.9853677977037614
46.35	0.981958858268184
46.45	0.9796906690122315
46.550000000000004	0.9767877809433583
46.65	NaN
46.75	0.9754191295389765
46.85	0.9728343447064554
46.95	0.9691919755734457
47.050000000000004	0.9704353594006272
47.15	0.9697360908892395
47.25	0.9702217632394787
47.35	0.9725428576963129
47.45	0.971302354256721
47.550000000000004	0.972029738171533
47.65	0.9728903100819055
47.75	0.9726925455502472
47.85	0.9759482016552427
47.95	0.9770376428609705
48.050000000000004	0.9792319389899098
48.15	0.9827264623734948
48.25	0.9831786347923241
48.35	0.9877607426832616
48.45	0.9876805836913681
48.550000000000004	0.9898380164037451
48.65	0.9942079193434725
48.75	0.9977883620690369
48.85	0.9992511228496053
48.95	1.0038490032361231
49.050000000000004	1.0055777574145104
49.15	NaN
49.25	1.011254936755651
49.35	1.0134499147027485
49.45	1.0153734965956114
49.550000000000004	1.0169411233214356
49.65	1.0194739986282273
49.75	1.0186634707711502
49.85	1.0226152348462973
49.95	1.0231174085023933
50.050000000000004	1.025692914539988
50.15	1.0253136826129292
50.25	1.0274566496672324
50.35	1.0274721780671374
50.45	1.02420216229463
50.550000000000004	1.0267476783065488
50.65	1.0259851422459312
50.75	1.0244714531033696
50.85	1.0239337249105305
50.95	NaN
51.050000000000004	1.0205485220627977
51.15	1.0177904125690336
51.25	1.0168382529505726
51.35	1.013592719166816
51.45	1.0117793436670102
51.550000000000004	NaN
51.65	1.009080368491811
51.75	1.0053681942624777
51.85	1.0001990620182661
51.95	1.0005695941920216
52.050000000000004	NaN
52.15	0.9931224513749766
52.25	0.9940319107539887
52.35	0.9923311313692346
52.45	0.9910965676628402
52.550000000000004	0.9855920124244116
52.65	0.986557201759631
52.75	0.9833051342287399
52.85	0.9815830559072766
52.95	NaN
53.050000000000004	0.9794672399809213
53.15	NaN
53.25	0.9770559597771308
53.35	0.9768516860256901
53.45	0.9797804896460709
53.550000000000004	NaN
53.65	0.976794955502514
53.75	NaN
53.85	0.9782780418851587
53.95	0.9779191532066139
54.050000000000004	NaN
54.15	0.9811253387340694
54.25	NaN
54.35	0.9832904617894566
54.45	0.9864420569345203
54.550000000000004	NaN
54.65	0.9887537261971769
54.75	0.9924584731510262
54.85	0.9952684865137387
54.95	0.995963239850486
55.050000000000004	0.9972345347449966
55.15	0.9993365670433574
55.25	1.0014595375177917
55.35	1.0066676281757576
55.45	1.004760202686754
55.550000000000004	1.0087041663897616
55.65	1.0101457272125018
55.75	1.01103462505252
55.85	1.0137210789599764
55.95	1.0166080851560757
56.050000000000004	1.0186763682698057
56.15	1.0191422667553292
56.25	1.0268232964771262
56.35	1.0204204331886904
56.45	1.0206836546251998
56.550000000000004	1.0226925748114217
56.65	1.0220337467411975
56.75	NaN
56.85	1.0199876298552188
56.95	1.0191476687332137
57.050000000000004	1.0196282111012251
57.15	1.0205673551514558
57.25	1.0158761387317217
57.35	NaN
57.45	1.015231413968982
57.550000000000004	1.0133531075304936
57.65	1.0112490467012138
57.75	1.0094473749335788
57.85	1.00770919745115
57.95	1.0055601203378883
58.050000000000004	1.0027752558522738
58.15	1.0022521622898086
58.25	0.999402343807966
58.35	0.9963298513727281
58.45	NaN
58.550000000000004	0.9948020943588887
58.65	0.9922956715252261
58.75	NaN
58.85	0.9894643628303866
58.95	NaN
59.050000000000004	0.9868424885667146
59.15	0.9856874482419943
59.25	0.9836453328053573
59.35	0.9835861006940348
59.45	0.9821030775311405
59.550000000000004	0.9818999589430708
59.65	0.9818748710143399
59.75	0.9807380588784362
59.85	NaN
59.95	0.9818070076178782
60.050000000000004	NaN
60.15	0.9817966272026698
60.25	0.9828890768825063
60.35	NaN
60.45	0.9850585455796614
60.550000000000004	0.9868161952213637
60.65	0.9885756493001778
60.75	0.9882095336629123
60.85	0.9904680908561859
60.95	0.9919373070057916
61.050000000000004	0.9925441640789311
61.15	0.9955643828161305
61.25	0.9978870287996293
61.35	0.9990149279387834
61.45	1.00016787764511
61.550000000000004	NaN
61.65	1.0057863323427982
61.75	NaN
61.85	NaN
61.95	1.0096957872940266
62.050000000000004	1.0110829029603807
62.15	1.0124946955452574
62.25	1.0148170065348256
62.35	1.0152780019540901
62.45	1.014664365321332
62.550000000000004	1.0170318261299074
62.65	1.01452154844791
62.75	1.0165968683900874
62.85	1.0183486127545156
62.95	1.015964965998657
63.050000000000004	1.016396861886544
63.15	1.0177003473394042
63.25	NaN
63.35	1.0149678059169762
63.45	1.0182029699527502
63.550000000000004	1.0105131150242614
63.65	1.0110010590136445
63.75	1.0105490715861558
63.85	1.0106585600595632
63.95	1.009193740270851
64.05	1.0071533982081837
64.14999999999999	1.0051991827392586
64.25	1.0039190457466298
64.35	1.003829908606963
64.44999999999999	1.0028383148202527
64.55	0.9998353014816427
64.64999999999999	0.9984146221740384
64.75	0.9954209885084412
64.85	0.9963941566089171
64.94999999999999	0.9932585252920815
65.05	0.9937023005481688
65.14999999999999	0.9918672437919307
65.25	NaN
65.35	0.98874993502801
65.44999999999999	NaN
65.55	0.9881179877597853
65.64999999999999	0.9841335053564874
65.75	0.9860273025334693
65.85	0.9849971999161263
65.94999999999999	0.9842824144114604
66.05	NaN
66.14999999999999	0.9841003526246956
66.25	0.9854067282214933
66.35	0.9869402755965163
66.44999999999999	0.9852822911471147
66.55	0.9865154054848003
66.64999999999999	NaN
66.75	0.986875780115235
66.85	NaN
66.94999999999999	NaN
67.05	0.9922883210277941
67.14999999999999	0.9912809287269805
67.25	0.9941538015807649
67.35	0.9951251641711196
67.44999999999999	0.9962589735001702
67.55	0.9965366769460903
67.64999999999999	NaN
67.75	NaN
67.85	0.9991829383231685
67.94999999999999	1.0045863388376768
68.05	1.0053999130145186
68.14999999999999	1.005909575155549
68.25	NaN
68.35	1.0081248238173894
68.44999999999999	1.0088055933139488
68.55	1.0114188904759334
68.64999999999999	NaN
68.75	1.0126861733067074
68.85	1.0145830211167781
68.94999999999999	1.012904104367241
69.05	1.0151906235957204
69.14999999999999	1.0143527733093831
69.25	1.0140433933993251
69.35	1.0149043924822276
69.44999999999999	NaN
69.55	1.0125777289474716
69.64999999999999	1.0134298419741243
69.75	NaN
69.85	1.011173865520936
69.94999999999999	NaN
70.05	1.008957317592958
70.14999999999999	1.0080234665847287
70.25	NaN
70.35	1.0062018568057776
70.44999999999999	NaN
70.55	1.0031639879606165
70.64999999999999	1.0047900265184264
70.75	1.0017868842526445
70.85	0.9991524036462339
70.94999999999999	0.9980291525114606
71.05	0.9963650574568603
71.14999999999999	0.995466352176784
71.25	NaN
71.35	0.9937487350685053
71.44999999999999	0.9921160702723067
71.55	0.9914694287322522
71.64999999999999	0.9897300472990093
71.75	0.9882983557612939
71.85	0.9881907746534556
71.94999999999999	0.9904140464517567
72.05	NaN
72.14999999999999	NaN
72.25	NaN
72.35	NaN
72.44999999999999	0.9882997298544284
72.55	0.9867200677535777
72.64999999999999	0.9875166699311816
72.75	NaN
72.85	0.9884214689832302
72.94999999999999	0.9894100569106722
73.05	0.9896032870216045
73.14999999999999	0.9911973518216823
73.25	0.9908846522845332
73.35	0.9934864699820593
73.44999999999999	NaN
73.55	0.9952396861755776
73.64999999999999	NaN
73.75	NaN
73.85	0.9965422799797988
73.94999999999999	0.9994591806851173
74.05	1.0005676070066671
74.14999999999999	1.0008484172257914
74.25	1.0041258188071778
74.35	1.004984008113302
74.44999999999999	1.0034049673497683
74.55	1.005803246142959
74.64999999999999	1.0106747694571134
74.75	1.0093632954880876
74.85	1.0080974682803128
74.94999999999999	1.0109408678809935
75.05	1.00957405510796
75.14999999999999	1.0125910287602575
75.25	NaN
75.35	NaN
75.44999999999999	NaN
75.55	1.011413843271696
75.64999999999999	NaN
75.75	NaN
75.85	1.0105287898996806
75.94999999999999	1.0100925388229922
76.05	1.0100273991759205
76.14999999999999	1.0096473810002171
76.25	NaN
76.35	1.0076585065291812
76.44999999999999	NaN
76.55	1.0064180955429711
76.64999999999999	1.004988505992969
76.75	NaN
76.85	NaN
76.95	NaN
77.05	NaN
77.14999999999999	0.9996754321223666
77.25	0.9974640612075917
77.35	0.9967475449883979
77.45	0.9956523722346747
77.55	0.9950918172709441
77.64999999999999	0.9930314262785307
77.75	0.9910603343503464
77.85	0.9909826788396213
77.95	0.9930200388396071
78.05	0.9914378772701831
78.14999999999999	0.9897958759754559
78.25	0.9906040587200657
78.35	0.9902015638674155
78.45	NaN
78.55	NaN
78.64999999999999	0.9885113201547563
78.75	0.9884637970455747
78.85	NaN
78.95	0.9899388430913068
79.05	NaN
79.14999999999999	NaN
79.25	0.9908912238916594
79.35	NaN
79.45	0.9943555193011487
79.55	0.993076291581545
79.64999999999999	NaN
79.75	0.9960270489005401
79.85	0.9961509461324455
