0.15	0.019744210365260733
0.25	0.019313266497720586
0.35	0.019159403077711617
0.45	0.019413209157872816
0.55	0.019447559315230914
0.65	0.019475344553243432
0.7500000000000001	0.019512654412192954
0.85	0.019906317613152705
0.95	0.02017977582801728
1.05	0.020483587924042375
1.15	0.020834188154109104
1.25	0.021168990357161615
1.35	0.02169181295212949
1.45	0.022023582351928427
1.55	0.022664484115099803
1.65	0.02300060362406016
1.75	0.02364254526677147
1.85	0.024316198654030393
1.95	0.025060335037343957
2.05	0.025748778866806366
2.15	0.02661650493287163
2.25	0.027495120050277603
2.35	0.028582639080788206
2.45	0.029545021600438287
2.5500000000000003	0.03076546724158133
2.65	0.03203321863570854
2.75	0.033388760567380917
2.85	0.03488357925632614
2.95	0.036714761455203936
3.0500000000000003	0.03831907923957292
3.15	0.04035290958088946
3.25	0.042487529721307975
3.35	0.045047056008519486
3.45	0.047565663858968356
3.5500000000000003	0.05056632342268272
3.65	0.053703973791173976
3.75	0.057541077205093764
3.85	0.06097986464643049
3.95	0.06593852092324057
4.05	0.07064860374886486
4.1499999999999995	0.07649971908173178
4.25	0.08245137259141705
4.35	0.09004689160840681
4.449999999999999	0.09754507685628537
4.55	0.1067607599801557
4.6499999999999995	0.11651808479608704
4.75	0.1294214160259746
4.85	0.14287173111090665
4.95	0.15950864936714806
5.05	0.17735590783292207
5.1499999999999995	0.1998104041140136
5.25	0.22427786186223173
5.35	0.25521867944308296
5.45	0.29244735205764244
5.55	0.3360952467419299
5.6499999999999995	0.3873442061201945
5.75	0.45374414417072395
5.85	0.5291123110167764
5.95	0.6256286627376868
6.05	0.7463966546860469
6.1499999999999995	0.8996597670146691
6.25	1.084318629058343
6.35	1.3034181784496919
6.45	1.5761392313327742
6.55	1.8871561913580717
6.6499999999999995	2.2233843307582153
6.75	2.534050826987896
6.85	2.7929105417127276
6.95	2.9219723636311388
7.05	2.914577065729828
7.1499999999999995	2.775183367890546
7.25	2.557367869092963
7.35	2.296387290151538
7.45	2.041465235545399
7.55	1.8171764409424347
7.6499999999999995	1.6041087215761909
7.75	1.4319058971910434
7.85	1.2842266229291788
7.95	1.162554232037651
8.05	1.0611598035255134
8.15	0.9730972359994665
8.25	0.9006167937922607
8.350000000000001	0.8384166252877292
8.450000000000001	0.78728137409964
8.55	0.7438817389230262
8.65	0.7071068595195794
8.75	0.6770880409941445
8.850000000000001	0.6514319527235638
8.950000000000001	0.6289770701634386
9.05	0.6124102050730813
9.15	0.5992698985632924
9.25	0.5870396325195569
9.350000000000001	0.5782138503837445
9.450000000000001	0.5727813223783246
9.55	0.5695032689147437
9.65	0.568197313303939
9.750000000000002	0.5697939081195126
9.85	0.5727841814260681
9.95	0.5776112099777213
10.049999999999999	0.5848433758092625
10.149999999999999	0.5939924975362514
10.25	0.6041862808984517
10.35	0.6186322524669363
10.45	0.6329956686237964
10.549999999999999	0.6522003756931699
10.649999999999999	0.6719983248427402
10.75	0.6952618463908838
10.85	0.7201379368244162
10.95	0.7473696516881664
11.049999999999999	0.77786100474077
11.149999999999999	0.8103206480772096
11.25	0.8440732278075714
11.35	0.8809394148424218
11.45	0.9206496191228347
11.549999999999999	0.9617514819265877
11.649999999999999	1.002233262212782
11.75	1.0460034607539839
11.85	1.0860600232998252
11.95	1.1274920889810505
12.049999999999999	1.1627232295976742
12.149999999999999	1.200928619201551
12.25	1.232529925473406
12.35	1.2580953980219463
12.45	1.2821750331280135
12.549999999999999	1.3049254312732357
12.649999999999999	1.3180217627966475
12.75	1.3323613918544548
12.85	1.3349193017131147
12.95	1.3395988975389148
13.049999999999999	1.3360490553407487
13.149999999999999	1.3362585807760878
13.25	1.3246899430438839
13.35	1.3163603874317964
13.45	1.3071683213598837
13.549999999999999	1.282794484052243
13.649999999999999	1.2666348924161148
13.75	1.2439436695198551
13.85	1.2175044751748763
13.95	1.1903103794081857
14.049999999999999	1.158206498597236
14.149999999999999	1.1288337208715031
14.25	1.0957224137279935
14.35	1.0644272594282236
14.45	1.0340260244673165
14.549999999999999	1.0015539396337851
14.649999999999999	0.9755510086294927
14.75	0.9453475031808579
14.85	0.9175895534584166
14.95	0.8970622225844783
15.049999999999999	0.875758650028287
15.149999999999999	0.8583172398821569
15.25	0.840262293077858
15.35	0.8277433538928223
15.45	0.8140089886712044
15.549999999999999	0.8018331435284217
15.649999999999999	0.7954229789571435
15.75	0.7888172427722168
15.85	0.7853159645337272
15.95	0.7834892032718109
16.05	0.7834179295942683
16.15	0.783592176273156
16.25	0.7862313871114218
16.349999999999998	0.7912134272532609
16.45	0.796995445428111
16.55	0.8058012675749914
16.65	0.8159470525859395
16.75	0.8256343384993607
16.849999999999998	0.8395930988404702
16.95	0.8536925913697894
17.05	0.8694687468117556
17.15	0.8864163623095038
17.25	0.9025498632953095
17.349999999999998	0.9253176258103608
17.45	0.9421677471970503
17.55	0.962748117909465
17.65	0.9839206016885886
17.75	1.005027367954902
17.849999999999998	1.027583041492968
17.95	1.0481196447490442
18.05	1.065260104761225
18.15	1.0862388401560228
18.25	1.104855210371921
18.349999999999998	1.1184088112802886
18.45	1.1336654434261564
18.55	1.1488587478736267
18.65	1.1572640744879477
18.75	1.1642888616546143
18.849999999999998	1.1720084386344898
18.95	1.174854589954513
19.05	1.1780176347382234
19.15	1.1776769929564321
19.25	1.1713940839468915
19.35	1.1680693803259135
19.45	1.1621642497867786
19.55	1.1528335512907502
19.65	1.1434208730724242
19.75	1.131540138425087
19.85	1.12012154452049
19.95	1.1091322747232564
20.05	1.0946279024581058
20.15	1.0808306243312218
20.25	1.0677235409697607
20.35	1.0524017768986234
20.45	1.0373324215974715
20.55	1.0237502111294534
20.65	1.0094162898456478
20.75	0.9958434518535928
20.85	0.9849675396515344
20.95	0.9730696082428948
21.05	0.9589100100719387
21.15	0.948716775266117
21.25	0.9380450786776326
21.35	0.9247031376280287
21.45	0.9180634688949362
21.55	0.9086792566617607
21.65	0.90156671938532
21.75	0.8971719601521976
21.85	0.8948019715569628
21.95	0.8882493390143178
22.05	0.8847142106697323
22.15	0.8818557990473758
22.25	0.8805583934020191
22.35	0.8801648622925433
22.45	0.8813062708425192
22.55	0.8854346136406923
22.65	0.8869254990872268
22.75	0.8908314232307784
22.85	0.8944230320504563
22.95	NaN
23.05	0.9089287712844772
23.15	0.9183802053426396
23.25	0.9254305698559556
23.35	0.9370432004987889
23.45	0.9491469559549635
23.55	0.9552715850530062
23.65	0.9663064749580949
23.75	0.9769095232977396
23.85	0.9915180592840362
23.95	1.0044084115084544
24.05	1.0139148916830303
24.15	1.025093766986389
24.25	1.0372576497745478
24.35	1.0479066942436146
24.45	1.059625206357235
24.55	1.0706531592901045
24.65	1.0771866972143467
24.75	1.0835285646881563
24.85	1.091937423058391
24.95	1.0956235547014126
25.05	1.1009431665436022
25.15	1.1042366092530984
25.25	1.1061609589335073
25.35	1.1043838357907967
25.45	1.105535206130163
25.55	1.1040411863556292
25.65	1.0982652421757275
25.75	1.094932961120408
25.85	1.0898996258104547
25.95	1.0834990448565087
26.05	1.0763849939906178
26.15	1.0680261143378733
26.25	1.0600214968298087
26.35	1.0513673291113728
26.45	1.0437625270668145
26.55	1.0331726729204471
26.65	1.024973137474399
26.75	1.0173469186588888
26.85	1.0062451787393025
26.95	0.9992846922128861
27.05	0.9888309088504353
27.15	0.9818365278034644
27.25	0.9723777870755189
27.35	0.9654504713464287
27.45	0.9608345876689715
27.55	0.9535041896981726
27.65	0.9477028296433
27.75	0.9424626552247934
27.85	0.9322165711698902
27.95	0.9347205552541659
28.05	0.930745434435056
28.15	0.9293802316404264
28.25	0.9248115890553457
28.35	0.924773503915981
28.45	0.92422819132053
28.55	0.9246044892755635
28.65	0.925266735624536
28.75	0.926582860952193
28.85	0.926407728903586
28.95	0.9311075427127959
29.05	0.9362522377140692
29.15	0.9379782918185875
29.25	0.9442588742715581
29.35	0.9489451769002092
29.45	0.9513742784181204
29.55	0.9584623951929317
29.65	0.9666031638803881
29.75	0.9722703449435613
29.85	0.9769917333163415
29.95	0.9853422768956569
30.05	0.9932955148111023
30.15	0.9944045110312237
30.25	1.0086292120274873
30.35	1.015992904354505
30.45	1.0230678362507544
30.55	1.028647887900889
30.65	1.0354211305374348
30.75	1.042856236790906
30.85	1.0425566382057363
30.95	1.051946470968524
31.05	1.0549798411862494
31.15	1.059673394745912
31.25	1.0638189819014716
31.35	1.0656069305637796
31.45	1.0674284514680754
31.55	1.0698927314646867
31.65	1.068929397210587
31.75	1.0657007202209383
31.85	1.065950160389068
31.95	1.0621484585868186
32.05	1.062221986455413
32.15	1.0575678252822178
32.25	1.0533894813730282
32.35	1.0505947121159573
32.45	1.0418302353184106
32.55	1.0364994092402207
32.65	1.0319028034139275
32.75	1.025622862231062
32.85	1.0188441200644869
32.95	1.0118228039008117
33.05	1.008272144842815
33.15	1.0010348756240703
33.25	0.9934829282359805
33.35	0.9904018453665849
33.45	0.9851569284857375
33.55	0.9763394316726632
33.65	0.9752238150103256
33.75	0.9697098848111629
33.85	0.9671611758902637
33.95	0.9630180160642325
34.05	0.958970600838995
34.15	0.9552448921904405
34.25	0.9543636857775092
34.35	0.9479234492317034
34.45	0.9492863691799274
34.55	0.948884010471637
34.65	0.9444807413515881
34.75	0.946118302810251
34.85	0.9483555431520357
34.95	0.9479363024692926
35.05	0.9521844756141616
35.15	0.949140980025272
35.25	0.9533974977353471
35.35	0.9571678988045182
35.45	0.9590205904589425
35.55	0.9623809403356527
35.65	0.9664089521755597
35.75	0.9727511591561222
35.85	0.9753213676668919
35.95	0.9804014960745113
36.05	0.9842381768195647
36.15	0.9899129535244203
36.25	0.9930888252353662
36.35	0.9986385897625044
36.45	1.0033509621855103
36.55	NaN
36.65	1.0131775872246935
36.75	1.019037973992798
36.85	1.023741895367273
36.95	1.0277486022076632
37.05	1.0303098581464512
37.15	1.0341089910205161
37.25	1.0375098567215546
37.35	1.041374416519574
37.45	1.0432727133976378
37.55	1.0435414038429678
37.65	NaN
37.75	1.0474600491599095
37.85	1.0488678051733624
37.95	1.0470492949914243
38.05	1.0454632564048214
38.15	1.0452412742865105
38.25	1.0419911501425407
38.35	1.0386866742072418
38.45	1.0381829807436385
38.550000000000004	1.0349759754691412
38.65	1.0327496954866502
38.75	1.0301409709041278
38.85	1.0254157444871144
38.95	1.0189504190215835
39.050000000000004	1.0163728929908984
39.15	NaN
39.25	NaN
39.35	NaN
39.45	NaN
39.550000000000004	0.9953788529967895
39.65	0.9907342729924118
39.75	0.9867508908472861
39.85	0.9850704943220804
39.95	0.9774673944994952
40.050000000000004	0.977458312866545
40.15	NaN
40.25	0.9711665090935229
40.35	0.9672891000624354
40.45	0.9658092715860435
40.550000000000004	0.9647458119151543
40.65	0.9649302022801741
40.75	0.9611342861049731
40.85	0.961927404050497
40.95	0.9603065057398629
41.050000000000004	0.9599309223589846
41.15	0.9593970317481851
41.25	0.9604790342167905
41.35	0.9624132351960848
41.45	0.9665186435312864
41.550000000000004	NaN
41.65	0.9714442017416792
41.75	0.9710716681786032
41.85	0.9746734515294899
41.95	0.97706442646749
42.050000000000004	0.9793197560815583
42.15	NaN
42.25	0.9870923606048194
42.35	0.9900046271797024
42.45	0.9936376297585118
42.550000000000004	0.9991514018803012
42.65	0.9993170658356177
42.75	1.0041036286369154
42.85	1.0068740476572426
42.95	1.0110325000188418
43.050000000000004	1.0151967408434732
43.15	1.019324977673303
43.25	1.022232107333765
43.35	1.0235277755922225
43.45	1.0312685881790793
43.550000000000004	1.0284287070003466
43.65	NaN
43.75	1.0334444447275946
43.85	1.0323881919168618
43.95	1.0342217286451618
44.050000000000004	1.0329689009458236
44.15	1.0369581667556635
44.25	NaN
44.35	1.03390067732859
44.45	1.0332610126171327
44.550000000000004	1.0298024851581673
44.65	1.0303110680885763
44.75	1.027571841052016
44.85	1.0240828668834503
44.95	1.023241993624676
45.050000000000004	1.0215352708259162
45.15	1.0156534097274874
45.25	1.015051905207985
45.35	NaN
45.45	1.0072987057539409
45.550000000000004	1.004869689982134
45.65	NaN
45.75	1.0003120576605733
45.85	0.9953721442132193
45.95	0.9942480672207237
46.050000000000004	0.9906325958052671
46.15	0.9866479686145959
46.25	0.9833361274260823
46.35	0.9806974448157182
46.45	0.9786673763619486
46.550000000000004	0.9789520688692718
46.65	NaN
46.75	0.9749783363730038
46.85	0.974945653699179
46.95	0.9689457934670808
47.050000000000004	0.9714662748503933
47.15	0.9712143587358265
47.25	0.9728433979657363
47.35	0.9716156794406317
47.45	0.972022929746544
47.550000000000004	0.9690340034845712
47.65	0.9734107207310263
47.75	0.9746584924430587
47.85	0.9761120518033185
47.95	0.9773145903957725
48.050000000000004	0.9782664362437906
48.15	0.9812788096365764
48.25	0.9835150500242816
48.35	0.9868370809538007
48.45	0.9868851878960972
48.550000000000004	0.9915644038839967
48.65	0.995736465958553
48.75	0.997115060685013
48.85	0.9988357819648883
48.95	1.0018489638430077
49.050000000000004	1.0054006557142356
49.15	NaN
49.25	1.0107654249664189
49.35	1.0118345018234218
49.45	1.01617026266048
49.550000000000004	1.0170827436795913
49.65	1.0200142899332862
49.75	1.022688337311645
49.85	1.0230240930023813
49.95	1.0205143109347459
50.050000000000004	1.0248709932670126
50.15	1.0259485093128753
50.25	1.0256827683373417
50.35	1.0246189851013143
50.45	1.0287912381757116
50.550000000000004	1.026492080475906
50.65	1.0257097100234989
50.75	1.0224423526552617
50.85	1.0242133302788385
50.95	NaN
51.050000000000004	1.0205643333920618
51.15	1.0197634845724117
51.25	1.0173629411719227
51.35	1.013248099014625
51.45	1.012893047594843
51.550000000000004	NaN
51.65	1.008344596054457
51.75	1.00668489469879
51.85	1.0029951715536312
51.95	0.9996534946138539
52.050000000000004	NaN
52.15	0.9959232689367364
52.25	0.9937457697447815
52.35	0.9916812880850314
52.45	0.9898951327641774
52.550000000000004	0.9878774031856725
52.65	0.9837640848768653
52.75	0.9823653629419398
52.85	0.9818821884370035
52.95	NaN
53.050000000000004	0.9795588003615949
53.15	NaN
53.25	0.977312523574428
53.35	0.9782705086847551
53.45	0.9774972509283086
53.550000000000004	NaN
53.65	0.9766953076977163
53.75	NaN
53.85	0.9798332323898648
53.95	0.9775016111579488
54.050000000000004	NaN
54.15	0.9798301161939886
54.25	NaN
54.35	0.9840314946629444
54.45	0.9868252668325429
54.550000000000004	NaN
54.65	0.9893308426547784
54.75	0.9923902674333348
54.85	0.9931484075350347
54.95	0.9953505030310635
55.050000000000004	0.9982193252629808
55.15	0.999860806914126
55.25	1.0009177623158743
55.35	0.9999630652618829
55.45	1.005838879930677
55.550000000000004	1.0099692787739927
55.65	1.0067248540035234
55.75	1.01164932935645
55.85	1.0159915987951926
55.95	1.0168021815766544
56.050000000000004	1.0197027882026755
56.15	1.0134996580213675
56.25	1.0234235722641674
56.35	1.0199842599855036
56.45	1.0183326656119354
56.550000000000004	1.0211975993347109
56.65	1.0220370938139556
56.75	NaN
56.85	1.0213518910862958
56.95	1.0200298068451086
57.050000000000004	1.0200074287601446
57.15	1.0183429888709996
57.25	1.0159517514414942
57.35	NaN
57.45	1.016057905826712
57.550000000000004	1.0116097256054524
57.65	1.0116933413390696
57.75	1.00813369944476
57.85	1.0099451082000215
57.95	1.0062366668661202
58.050000000000004	1.0042645280784532
58.15	1.0021778191249604
58.25	0.9988498429539542
58.35	0.9983079227888809
58.45	NaN
58.550000000000004	0.9941882595930484
58.65	0.9932978350135021
58.75	NaN
58.85	0.989496434845683
58.95	NaN
59.050000000000004	0.9837720360688265
59.15	0.9845497646165124
59.25	0.9853924668158447
59.35	0.9810352948999932
59.45	0.9815782504070716
59.550000000000004	0.98327625878121
59.65	0.9808803801159666
59.75	0.983053968562451
59.85	NaN
59.95	0.9817224585979728
60.050000000000004	NaN
60.15	0.9829908645762606
60.25	0.9827846945259155
60.35	NaN
60.45	0.98607307084386
60.550000000000004	0.9845910255881399
60.65	0.9866981769649518
60.75	0.9876185761694112
60.85	0.9927406774692799
60.95	0.9916525962858658
61.050000000000004	0.9943759391423037
61.15	0.9959192520844999
61.25	0.9972706937903408
61.35	1.0007634489090955
61.45	1.0001268916223234
61.550000000000004	NaN
61.65	1.0058576940616015
61.75	NaN
61.85	NaN
61.95	1.0086895638537885
62.050000000000004	1.0101494186420448
62.15	1.0122495972220311
62.25	1.0149059984847897
62.35	1.0150321472446493
62.45	1.016982832991914
62.550000000000004	1.0153270805146168
62.65	1.01720669061639
62.75	1.016695689542909
62.85	1.01740149193788
62.95	1.0163897254586247
63.050000000000004	1.0186928124505266
63.15	1.0160324094975581
63.25	NaN
63.35	1.0162600568951299
63.45	1.0145214121853603
63.550000000000004	1.0125212344938084
63.65	1.0118793890814823
63.75	1.0137438730717885
63.85	1.0081575032318832
63.95	1.0087915130240044
64.05	1.0057788079231658
64.14999999999999	1.0054710785642764
64.25	1.0042604498905976
64.35	1.004749872799566
64.44999999999999	1.0019110545710461
64.55	1.0002787137998888
64.64999999999999	0.9996236328917852
64.75	0.9969946707398635
64.85	0.9935542345774673
64.94999999999999	0.9929272204296532
65.05	0.99130424094305
65.14999999999999	0.9895373541752807
65.25	NaN
65.35	0.9874988578858058
65.44999999999999	NaN
65.55	0.9855404129759261
65.64999999999999	0.9848713525244678
65.75	0.9847674845224904
65.85	0.9847993891385929
65.94999999999999	0.9848296061654072
66.05	NaN
66.14999999999999	0.9853834343264097
66.25	0.9831229411878167
66.35	0.9855239506085002
66.44999999999999	0.9860124324789292
66.55	0.986351020858358
66.64999999999999	NaN
66.75	0.9878788494292916
66.85	NaN
66.94999999999999	NaN
67.05	0.9904887590676191
67.14999999999999	0.9915032028981293
67.25	0.9937354218966465
67.35	0.9942908966249555
67.44999999999999	0.9969098535188692
67.55	0.9988703068358956
67.64999999999999	NaN
67.75	NaN
67.85	1.0012069934883998
67.94999999999999	1.0038936685608757
68.05	1.007559427707355
68.14999999999999	1.0059361729181444
68.25	NaN
68.35	1.0078056786742804
68.44999999999999	1.011380622158701
68.55	1.012887499438949
68.64999999999999	NaN
68.75	1.012384637601249
68.85	1.012817182405021
68.94999999999999	1.0146802698086148
69.05	1.0148158888397372
69.14999999999999	1.0148865015653816
69.25	1.013755803608313
69.35	1.014148302618206
69.44999999999999	NaN
69.55	1.0156632912492534
69.64999999999999	1.0127881062160915
69.75	NaN
69.85	1.0117677848503184
69.94999999999999	NaN
70.05	1.009249837415584
70.14999999999999	1.0075110431665393
70.25	NaN
70.35	1.0062363959503726
70.44999999999999	NaN
70.55	1.0039324918126955
70.64999999999999	1.000730721334143
70.75	1.0018583568680335
70.85	0.9998146213132694
70.94999999999999	0.9973426660189265
71.05	0.9993232149699875
71.14999999999999	0.9974123136364619
71.25	NaN
71.35	0.9901856767519589
71.44999999999999	0.9913119539697651
71.55	0.9916651833747896
71.64999999999999	0.989482875022563
71.75	0.9892587880344669
71.85	0.9880406138207771
71.94999999999999	0.9875128097162922
72.05	NaN
72.14999999999999	NaN
72.25	NaN
72.35	NaN
72.44999999999999	0.9863686318103124
72.55	0.987453039350782
72.64999999999999	0.9878726112760915
72.75	NaN
72.85	0.9898037478678463
72.94999999999999	0.9880052399133464
73.05	0.9903956807004629
73.14999999999999	0.9899494052505159
73.25	0.9892561742057117
73.35	0.992659953494931
73.44999999999999	NaN
73.55	0.9967377546479121
73.64999999999999	NaN
73.75	NaN
73.85	0.9981286051218866
73.94999999999999	0.999752488015617
74.05	1.001605443295736
74.14999999999999	0.9994764772133676
74.25	1.0048957258143965
74.35	1.0043505301061693
74.44999999999999	1.0052522234772945
74.55	1.0074333925395111
74.64999999999999	1.0092392116708495
74.75	1.009679995932313
74.85	1.0096444125359483
74.94999999999999	1.0082152241063103
75.05	1.0110979915807838
75.14999999999999	1.0115961792841088
75.25	NaN
75.35	NaN
75.44999999999999	NaN
75.55	1.012026387948781
75.64999999999999	NaN
75.75	NaN
75.85	1.0110294659441117
75.94999999999999	1.0104535638362657
76.05	1.0107749627510616
76.14999999999999	1.0094700565105872
76.25	NaN
76.35	1.0063716576131003
76.44999999999999	NaN
76.55	1.0075075041319304
76.64999999999999	1.0041183595987486
76.75	NaN
76.85	NaN
76.95	NaN
77.05	NaN
77.14999999999999	0.9992011227037018
77.25	0.9970460911668741
77.35	0.9978451150020831
77.45	0.9952629239308972
77.55	0.9947534630509709
77.64999999999999	0.9932536962676759
77.75	0.993448364828959
77.85	0.9931581061358737
77.95	0.9904080491813293
78.05	0.9908552200333204
78.14999999999999	0.9906497358420423
78.25	0.9893937792338301
78.35	0.9896801646648627
78.45	NaN
78.55	NaN
78.64999999999999	0.9880079431950871
78.75	0.9884332465724384
78.85	NaN
78.95	0.9888413684287666
79.05	NaN
79.14999999999999	NaN
79.25	0.9920389381690314
79.35	NaN
79.45	0.9909592962195926
79.55	0.9950190388664966
79.64999999999999	NaN
79.75	0.9951736298563123
79.85	0.9964403376399159
