0.15	0.03584085628734074
0.25	0.0377826471841929
0.35	0.03669548422777345
0.45	0.03644206422919141
0.55	0.03723823637429292
0.65	0.03801400863248108
0.7500000000000001	0.03825477830701548
0.85	0.0387200467555298
0.95	0.0390209665999377
1.05	0.039610171926885505
1.15	0.04052344685562704
1.25	0.040961399686442954
1.35	0.041946164828690194
1.45	0.0428263600917983
1.55	0.04372724402128483
1.65	0.04481503687576688
1.75	0.046172989074004855
1.85	0.0475567810246371
1.95	0.04874873191401627
2.05	0.05043168711165974
2.15	0.05209643405853668
2.25	0.054041857699891824
2.35	0.055788849832191935
2.45	0.05797969415285535
2.5500000000000003	0.06030038499858396
2.65	0.06313501285811843
2.75	0.0660267647807308
2.85	0.0689534580137595
2.95	0.0724646561397346
3.0500000000000003	0.07625214743323191
3.15	0.0803010324966724
3.25	0.08486964482088642
3.35	0.089929297789176
3.45	0.09558912601489745
3.5500000000000003	0.10149151500528761
3.65	0.10772588512993979
3.75	0.11590377964374789
3.85	0.12418732959570837
3.95	0.1335114149010128
4.05	0.14347711801961704
4.1499999999999995	0.1552674605360987
4.25	0.16830997633768757
4.35	0.1833414569060829
4.449999999999999	0.20026146645201875
4.55	0.22011351704064322
4.6499999999999995	0.24199409243886721
4.75	0.2675364045622912
4.85	0.29497076984903847
4.95	0.33019125643854835
5.05	0.36914527515102763
5.1499999999999995	0.41284219111892173
5.25	0.46514666623967116
5.35	0.5238196711309125
5.45	0.5963874908001109
5.55	0.676533790885438
5.6499999999999995	0.7748723824003819
5.75	0.8857745038915877
5.85	1.013608457248901
5.95	1.1508035709901494
6.05	1.308709011058238
6.1499999999999995	1.4807505202422726
6.25	1.6486289762771373
6.35	1.8113077236476542
6.45	1.954586691144929
6.55	2.0648309668933784
6.6499999999999995	2.124072106754489
6.75	2.13373318172406
6.85	2.0991797127013574
6.95	2.0317831649192843
7.05	1.9330943317173297
7.1499999999999995	1.8214810810316193
7.25	1.7016130414192523
7.35	1.5886045532190438
7.45	1.4698638210236865
7.55	1.370707570407315
7.6499999999999995	1.281378732115841
7.75	1.1952970274691634
7.85	1.1229943686091424
7.95	1.054315904194283
8.05	0.9967419214722882
8.15	0.9481742177484676
8.25	0.902823756323827
8.350000000000001	0.8639464303944696
8.450000000000001	0.8286387539026596
8.55	0.8001598579040642
8.65	0.776389803712239
8.75	0.7552389723135896
8.850000000000001	0.736199284744635
8.950000000000001	0.7227924840603074
9.05	0.7102999954943887
9.15	0.7007466360295503
9.25	0.6945947899892001
9.350000000000001	0.6892180860267876
9.450000000000001	0.6875109370860458
9.55	0.6850943710271687
9.65	0.6886457697351928
9.750000000000002	0.6907635720543785
9.85	0.6961551326133059
9.95	0.7040235452905833
10.049999999999999	0.7118490375219573
10.149999999999999	0.7208866483329186
10.25	0.7336692084446085
10.35	0.7489808523603709
10.45	0.7623051347877731
10.549999999999999	0.779566276556171
10.649999999999999	0.7980213884250984
10.75	0.8179711769252055
10.85	0.8392432488349533
10.95	0.862981457426872
11.049999999999999	0.8862409056477324
11.149999999999999	0.9115253075004341
11.25	0.9361317975342787
11.35	0.9624676217959051
11.45	0.9896805672150829
11.549999999999999	1.019946183625912
11.649999999999999	1.046635844377177
11.75	1.0732746468154108
11.85	1.0975696580114924
11.95	1.123089113884913
12.049999999999999	1.1470584710820861
12.149999999999999	1.1659839062643935
12.25	1.184790229794811
12.35	1.2045536176749196
12.45	1.2168348149042465
12.549999999999999	1.2271482609129265
12.649999999999999	1.234661497043614
12.75	1.2405439877399342
12.85	1.243838785568534
12.95	1.2401280794646612
13.049999999999999	1.23331998633519
13.149999999999999	1.2275181376146043
13.25	1.214357027948401
13.35	1.202742699908085
13.45	1.18365494552702
13.549999999999999	1.1686640876016576
13.649999999999999	1.149656433086544
13.75	1.1289553029261858
13.85	1.1104490045399102
13.95	1.0875173035403074
14.049999999999999	1.0668833629068595
14.149999999999999	1.0456882611618472
14.25	1.0245816238579877
14.35	1.004599766780919
14.45	0.9866716802615086
14.549999999999999	0.9688432107005979
14.649999999999999	0.9536335992441658
14.75	0.9359378680146662
14.85	0.9232225417777024
14.95	0.9124908594677061
15.049999999999999	0.9002090545229849
15.149999999999999	0.8886087297458259
15.25	0.8799960332462685
15.35	0.873743011027827
15.45	0.8677738937687176
15.549999999999999	0.8630456601814048
15.649999999999999	0.861258877954232
15.75	0.8599770026144298
15.85	0.8573435669032521
15.95	0.8565686371149571
16.05	0.8605418137853679
16.15	0.8642142477656283
16.25	0.8682908806091482
16.349999999999998	0.872554433740836
16.45	0.8788191018952225
16.55	0.8850908956979706
16.65	0.8934051262342588
16.75	0.9019418369844195
16.849999999999998	0.9134339379617592
16.95	0.9238122282577743
17.05	0.9333395336305949
17.15	0.9466994515004511
17.25	0.9587241803865683
17.349999999999998	0.9705871636500366
17.45	0.9848273142216051
17.55	0.9949342967165112
17.65	1.006880328024926
17.75	1.0201843116595448
17.849999999999998	1.0336287429354611
17.95	1.0449573384325028
18.05	1.0546809783613873
18.15	1.0654548491833287
18.25	1.0748844266200386
18.349999999999998	1.0862661769197484
18.45	1.0909849426646163
18.55	1.097371560090365
18.65	1.1045069688243725
18.75	1.1055406499025213
18.849999999999998	1.1096954385456443
18.95	1.1103076583542084
19.05	1.1100458806221647
19.15	1.1102053598241222
19.25	1.1066853038640974
19.35	1.102447115565533
19.45	1.096983773882455
19.55	1.092544277735318
19.65	1.0868818250733654
19.75	1.0774934839002894
19.85	1.0721516338617691
19.95	1.0626758735652595
20.05	1.053289500422293
20.15	1.0436426687638514
20.25	1.0344254911081152
20.35	1.024039933042778
20.45	1.0157955503173746
20.55	1.005316367642753
20.65	0.9956466056865726
20.75	0.9874458832495261
20.85	0.978712968215384
20.95	0.9712245107235347
21.05	0.962629528821851
21.15	0.9594958576001756
21.25	0.9531746680217039
21.35	0.9456004842998551
21.45	0.9396139639430734
21.55	0.9360596765633769
21.65	0.9308771237878729
21.75	0.927606071956948
21.85	0.925980345310196
21.95	0.9229504319387203
22.05	0.924506578470896
22.15	0.9237526304138145
22.25	0.9233612163761462
22.35	0.9256362503013752
22.45	0.9288878237141639
22.55	0.9274143118963768
22.65	0.9320882948043829
22.75	0.9354920945365818
22.85	0.940486650049472
22.95	0.9454296216141838
23.05	0.9505346781955275
23.15	0.9554716767906655
23.25	0.9627318769119936
23.35	0.9697424354056818
23.45	0.9772475232716462
23.55	0.9817265694863562
23.65	0.989667813127579
23.75	0.9960439206491999
23.85	1.0051474407668397
23.95	1.0124797012985545
24.05	1.0176746548716444
24.15	1.0243873048248664
24.25	1.0309468173101848
24.35	1.038366212892584
24.45	1.0418778476966717
24.55	1.0478851458278984
24.65	1.0499816766750767
24.75	1.0555378041267567
24.85	1.0559121078540927
24.95	1.0589526289700006
25.05	1.060874946039512
25.15	1.063378533429121
25.25	1.0629129046797798
25.35	1.0630639976142349
25.45	1.061177349952836
25.55	1.0602825850401643
25.65	1.0577182813142332
25.75	1.0566433554963983
25.85	1.051434734870675
25.95	1.0473860967192155
26.05	1.0435045008580177
26.15	1.0379435026692354
26.25	1.0356185843259507
26.35	1.025664915712405
26.45	1.0239312985659954
26.55	1.0177277129742632
26.65	1.0101918297901935
26.75	1.0061941188916967
26.85	0.999881969762889
26.95	0.9941607282066337
27.05	0.9899932522424699
27.15	0.9848907939837018
27.25	0.9787779831676612
27.35	0.9747708552826894
27.45	0.9718294478100837
27.55	0.9687673821810077
27.65	0.9647763676873081
27.75	0.961079271420309
27.85	0.9557615809602708
27.95	0.9570337758179995
28.05	0.9545200373232384
28.15	0.9532496786182817
28.25	0.9515293382952776
28.35	0.9532525966522689
28.45	0.953129787782858
28.55	0.9507746186906376
28.65	0.9540546594043381
28.75	0.9565722232683999
28.85	0.9573155927794401
28.95	0.9604691400955261
29.05	0.9620631014004385
29.15	0.9663867492334531
29.25	0.9681552407419038
29.35	0.9711706084082957
29.45	0.9761004281317798
29.55	0.9808841118533265
29.65	0.9848281627672205
29.75	0.987393731916673
29.85	0.9913116020324265
29.95	NaN
30.05	1.0008493186394483
30.15	1.0034092771659544
30.25	1.0061173160605548
30.35	1.0127936089639573
30.45	1.019331441473881
30.55	1.0211537207036254
30.65	1.0249988453199135
30.75	1.029360476529237
30.85	1.0322006657916543
30.95	1.034753964977652
31.05	1.0368775554944947
31.15	1.0389394231250346
31.25	1.0396717547295418
31.35	1.0395497895182715
31.45	1.0430146874273787
31.55	1.0434989338729919
31.65	1.0402743615296897
31.75	NaN
31.85	1.039121276615292
31.95	1.0357654795650464
32.05	1.0342637259974934
32.15	1.0353423919481972
32.25	1.0312590912683353
32.35	1.0271063592598717
32.45	1.0269662818909102
32.55	1.0180180482176324
32.65	1.0167390253847837
32.75	1.0154690945686855
32.85	1.0108343063147556
32.95	1.0065528759698756
33.05	1.0022569063880438
33.15	0.9978374385860226
33.25	0.9952086368591525
33.35	0.9927755496706178
33.45	0.9877807195532042
33.55	0.9840333950807946
33.65	0.9824080678774885
33.75	0.9801157375756673
33.85	0.9773054602521208
33.95	0.9738481777976927
34.05	0.971860335734876
34.15	0.9707852033711393
34.25	0.9691249389767451
34.35	0.9676739680820297
34.45	0.9662541557553758
34.55	0.9670266909217362
34.65	0.9677916172827006
34.75	0.9678960202267626
34.85	0.9677704322245674
34.95	0.9695295049530388
35.05	0.9649850945933929
35.15	0.9719970026499478
35.25	0.9727942787374099
35.35	0.9744744693749708
35.45	0.9753487472370425
35.55	0.9784797442187676
35.65	0.9811908687488082
35.75	0.9850783243761772
35.85	0.9878647661482024
35.95	0.9889458175455059
36.05	0.9933068448979836
36.15	0.996185878663171
36.25	0.999607658581961
36.35	1.0031736399626012
36.45	1.0040253810181257
36.55	1.0058936227818032
36.65	NaN
36.75	1.0181636000236884
36.85	1.0158685131895062
36.95	1.0185238423955154
37.05	1.0199404067969564
37.15	1.0217324774928587
37.25	1.0241224139405083
37.35	1.026530249106114
37.45	1.0287680115233313
37.55	1.0272405453525024
37.65	1.0288648570659042
37.75	1.0290684132972971
37.85	1.0304466348194783
37.95	1.0288084256514534
38.05	NaN
38.15	NaN
38.25	1.0250722382765425
38.35	1.0246417719966552
38.45	1.0216270284931832
38.550000000000004	1.0207315153874317
38.65	1.0156775273430418
38.75	1.0167608289027523
38.85	1.0149036585582052
38.95	1.0105337071823144
39.050000000000004	1.0065875172588796
39.15	1.0068352820515167
39.25	1.001034174496005
39.35	1.0007218734798842
39.45	0.9985622046600314
39.550000000000004	0.9946211594944434
39.65	NaN
39.75	0.9909431357479926
39.85	0.9889217807858374
39.95	0.9863355740299676
40.050000000000004	0.9835314455153876
40.15	0.9820828600477294
40.25	0.979388074547838
40.35	NaN
40.45	0.9782626400397629
40.550000000000004	0.9788431195958285
40.65	0.9762820100337621
40.75	0.9753867076122922
40.85	0.9757054152591105
40.95	0.9743839416975818
41.050000000000004	0.9761956939396481
41.15	0.9752673045878016
41.25	0.9757917571498681
41.35	0.9770906280104305
41.45	0.9789110731950467
41.550000000000004	0.9805214274434813
41.65	0.9822620746981311
41.75	0.9825228313976867
41.85	0.9878157698910544
41.95	0.9875755332739489
42.050000000000004	0.9892393673805636
42.15	0.9929105766251413
42.25	0.9919656372142224
42.35	0.9943245084136099
42.45	0.9972165932480842
42.550000000000004	0.9992863339024736
42.65	1.0020875476809794
42.75	1.00503752438597
42.85	1.0063250516362632
42.95	1.0083634018820082
43.050000000000004	1.0106482364321252
43.15	NaN
43.25	1.0138098264681308
43.35	1.0147975296897285
43.45	1.017723893403458
43.550000000000004	1.0189774984840023
43.65	NaN
43.75	NaN
43.85	1.0191443053277849
43.95	1.0207822702408338
44.050000000000004	1.022526286526241
44.15	1.0198114946939538
44.25	1.0219628706878736
44.35	1.0178719815573232
44.45	NaN
44.550000000000004	1.0180389778369043
44.65	1.0171879419281766
44.75	1.0115139217428872
44.85	1.0148688708511895
44.95	1.0129392783248252
45.050000000000004	1.0122537543029544
45.15	1.008666699187814
45.25	1.0071987827983706
45.35	1.004692358619554
45.45	1.0028503439495475
45.550000000000004	1.0021034747051372
45.65	1.0001267913818355
45.75	NaN
45.85	0.9955512897547948
45.95	NaN
46.050000000000004	0.9906497901696734
46.15	0.991609314123042
46.25	0.9917477438254639
46.35	NaN
46.45	0.9877448576074702
46.550000000000004	0.9861043199425319
46.65	NaN
46.75	0.9823552746367784
46.85	0.9818623491190165
46.95	0.9821910427425141
47.050000000000004	0.9834792778232415
47.15	0.9815620158168253
47.25	0.9803437296451182
47.35	0.981357935030765
47.45	NaN
47.550000000000004	0.9824331144013334
47.65	0.9857159762873569
47.75	0.9856223127270645
47.85	0.9853405990570168
47.95	0.9888232847540946
48.050000000000004	0.9880817231439281
48.15	0.9911541775500351
48.25	0.9912214755803652
48.35	0.9956497845548307
48.45	0.9944213943083663
48.550000000000004	0.9996691170828582
48.65	0.9939090710261124
48.75	0.9996575472139105
48.85	1.0005173806790193
48.95	1.003533029398324
49.050000000000004	1.0032074691144814
49.15	1.006186898269065
49.25	1.0084677531573953
49.35	1.007605300496066
49.45	1.008847699861361
49.550000000000004	1.009012240846786
49.65	1.0122035042791815
49.75	NaN
49.85	1.0142134595810042
49.95	1.0156641727532254
50.050000000000004	1.0148319694161545
50.15	1.0138008989628904
50.25	1.0165256718765139
50.35	1.0160621687784444
50.45	1.0162190737742531
50.550000000000004	1.0152783223244366
50.65	1.0160995962231594
50.75	1.013666550635805
50.85	1.013820127615776
50.95	1.0135728298116131
51.050000000000004	1.0116967394524417
51.15	1.011847202422215
51.25	1.0097475380990526
51.35	1.0091960193388416
51.45	1.0075217305426252
51.550000000000004	1.007383776897712
51.65	1.0033373159407166
51.75	1.0001304820532408
51.85	1.0022454722724337
51.95	1.0003826636614717
52.050000000000004	0.9985468293684772
52.15	NaN
52.25	0.9938164478726725
52.35	0.9922081209182033
52.45	0.9936414629990373
52.550000000000004	0.9914716489186209
52.65	0.9909978315901345
52.75	0.9896450941817013
52.85	0.9885549801596507
52.95	0.9867792005669695
53.050000000000004	0.9855354907064867
53.15	0.9863698989409696
53.25	0.9875926012517171
53.35	0.9867670051841679
53.45	0.9854047166973932
53.550000000000004	0.9857385634999457
53.65	0.9855329337273668
53.75	0.9858796822092604
53.85	0.9878671928168928
53.95	0.9886753406281666
54.050000000000004	0.9886985235508969
54.15	0.9875616519665095
54.25	0.9886980135468114
54.35	0.9900358190899908
54.45	0.9922132488642383
54.550000000000004	NaN
54.65	0.9927948782710848
54.75	0.9957480702580791
54.85	0.9973755826293954
54.95	0.997219530708596
55.050000000000004	1.000535707452945
55.15	1.0005048982138178
55.25	0.9998959455259934
55.35	1.005004265079052
55.45	1.0040977890107556
55.550000000000004	1.0055016317784402
55.65	NaN
55.75	1.0067631232123953
55.85	1.0088176661512083
55.95	1.0106014105563934
56.050000000000004	1.0109826410899982
56.15	1.011302853970831
56.25	1.0114193908920628
56.35	1.0062367369284029
56.45	1.0094341648286451
56.550000000000004	1.0118041930070594
56.65	1.0122044548673712
56.75	1.0124412788790198
56.85	1.0139561170451388
56.95	1.0115286823718763
57.050000000000004	1.0132620589382542
57.15	1.011488638840052
57.25	1.0106572414464967
57.35	1.0101631290616933
57.45	1.008657759642471
57.550000000000004	NaN
57.65	1.0064095246451905
57.75	1.004795894467498
57.85	1.0034037645334584
57.95	1.0006204380709618
58.050000000000004	NaN
58.15	1.0008601814806704
58.25	0.9992345411659479
58.35	0.9974305348971402
58.45	0.9973489859768254
58.550000000000004	0.9959550055711743
58.65	0.9945309419399226
58.75	NaN
58.85	0.9930463082721637
58.95	0.9930964330308237
59.050000000000004	0.9919267958393693
59.15	0.9898995615649935
59.25	0.9895922782104051
59.35	0.9903403455252017
59.45	0.989706091845967
59.550000000000004	0.9898614886780132
59.65	NaN
59.75	0.9888204704441943
59.85	0.9883573291306129
59.95	0.9894445683080825
60.050000000000004	0.9888922759178262
60.15	0.9901514837647297
60.25	0.9901671782350809
60.35	NaN
60.45	0.9912767799207626
60.550000000000004	0.9913704052013598
60.65	0.9925069961443329
60.75	0.9929512865450634
60.85	NaN
60.95	0.9961435243064592
61.050000000000004	0.9968760962516369
61.15	0.9989149274979221
61.25	0.9996326529659867
61.35	1.0000960166280832
61.45	1.0021124535624266
61.550000000000004	1.0029431729661586
61.65	1.0038403280638188
61.75	1.0048577633847917
61.85	1.0068484586270403
61.95	NaN
62.050000000000004	1.0107174108984833
62.15	1.006442496663319
62.25	1.007933470893207
62.35	1.0105516173096147
62.45	NaN
62.550000000000004	1.0094781798879104
62.65	NaN
62.75	NaN
62.85	1.0114384904850269
62.95	1.011719954149152
63.050000000000004	1.0111229669404669
63.15	1.0090997475731134
63.25	1.0101231323332975
63.35	1.0085699073454037
63.45	1.0093211270178033
63.550000000000004	1.0078934363708383
63.65	NaN
63.75	1.0057923418854842
63.85	NaN
63.95	1.004777820787655
64.05	1.0037157123504543
64.14999999999999	1.0048914380902696
64.25	1.0022402067776068
64.35	NaN
64.44999999999999	1.0039046148678292
64.55	0.9981743516934724
64.64999999999999	0.9982615366730879
64.75	0.9964134076760227
64.85	0.9943570094082093
64.94999999999999	0.9982661611415914
65.05	0.9954820362319663
65.14999999999999	NaN
65.25	0.9929087682592053
65.35	0.9914437980116101
65.44999999999999	0.9925141916946802
65.55	0.9928477675952211
65.64999999999999	NaN
65.75	0.9903305819086654
65.85	0.9907918246283981
65.94999999999999	NaN
66.05	NaN
66.14999999999999	0.9899659813459118
66.25	0.9904332544152831
66.35	0.9907494092955391
66.44999999999999	0.9927818967110154
66.55	NaN
66.64999999999999	0.9927252299730105
66.75	0.9947215538564509
66.85	NaN
66.94999999999999	NaN
67.05	NaN
67.14999999999999	NaN
67.25	0.9965918310370553
67.35	NaN
67.44999999999999	NaN
67.55	0.9997541474558255
67.64999999999999	1.0005626794691882
67.75	1.0003755186742989
67.85	1.0012987304286507
67.94999999999999	NaN
68.05	1.004285156666224
68.14999999999999	1.0048216963306547
68.25	1.0041295140512387
68.35	1.0053193294893892
68.44999999999999	1.006725182565512
68.55	1.0072192153051232
68.64999999999999	NaN
68.75	1.0083511073099793
68.85	1.0077111142524653
68.94999999999999	1.0081724086930988
69.05	NaN
69.14999999999999	1.0080008823635842
69.25	NaN
69.35	1.00952958596979
69.44999999999999	1.0081915865174766
69.55	1.0088556878029782
69.64999999999999	1.006178355425949
69.75	1.0061949859472863
69.85	1.0058736350214617
69.94999999999999	1.006981177755792
70.05	NaN
70.14999999999999	1.0044977688692867
70.25	1.0042237982300268
70.35	1.0026921272817246
70.44999999999999	1.0022830031715375
70.55	1.00115800768011
70.64999999999999	1.0009108991525966
70.75	1.0018671719504386
70.85	0.9988640899298579
70.94999999999999	0.9975809666820961
71.05	0.9994936894484165
71.14999999999999	NaN
71.25	0.9995577296444649
71.35	NaN
71.44999999999999	0.9942443479815344
71.55	0.9954776935933632
71.64999999999999	0.9933628781064605
71.75	0.9910574739339585
71.85	NaN
71.94999999999999	NaN
72.05	0.9934935787764472
72.14999999999999	NaN
72.25	0.9918563018500723
72.35	0.9922096657374633
72.44999999999999	NaN
72.55	NaN
72.64999999999999	0.9946159032705968
72.75	0.9921530320049716
72.85	0.9930105030781421
72.94999999999999	NaN
73.05	0.9930663154294894
73.14999999999999	0.995154148484843
73.25	0.9953524871788615
73.35	0.995615414989435
73.44999999999999	0.9939211224481934
73.55	0.9983740236558863
73.64999999999999	0.9963216063755811
73.75	0.9997277887306824
73.85	1.000377973889418
73.94999999999999	NaN
74.05	NaN
74.14999999999999	1.0012733641656104
74.25	1.0022485617802182
74.35	1.0042934644354364
74.44999999999999	1.0027732260715345
74.55	1.003628402651922
74.64999999999999	NaN
74.75	NaN
74.85	1.0052794885864442
74.94999999999999	1.0054165043173182
75.05	1.0058957389886047
75.14999999999999	1.0073507833356137
75.25	1.0071501992044938
75.35	1.0056534919767164
75.44999999999999	1.006022176083389
75.55	1.0066708130873971
75.64999999999999	1.0081666730740249
75.75	NaN
75.85	1.0069111807027258
75.94999999999999	NaN
76.05	1.006448950722765
76.14999999999999	1.0065398813241067
76.25	1.005747712746442
76.35	1.0035980327029657
76.44999999999999	NaN
76.55	1.0047620229053784
76.64999999999999	1.0001403208394617
76.75	NaN
76.85	1.0010276533290057
76.95	1.001805426164241
77.05	0.999979356046442
77.14999999999999	0.9985709222190139
77.25	NaN
77.35	NaN
77.45	NaN
77.55	0.9964686627357681
77.64999999999999	NaN
77.75	0.9993055204440006
77.85	0.9954444164250913
77.95	NaN
78.05	0.9942170713239803
78.14999999999999	NaN
78.25	0.9946707192853235
78.35	0.9925670214749457
78.45	NaN
78.55	NaN
78.64999999999999	NaN
78.75	0.9925540062215509
78.85	0.9944292737197501
78.95	0.9943971524067379
79.05	NaN
79.14999999999999	NaN
79.25	0.9958722426197267
79.35	0.9957914911452139
79.45	NaN
79.55	0.9988158750144195
79.64999999999999	NaN
79.75	0.996722324171401
79.85	0.9965109482718891
