0.15	0.018998976351545165
0.25	0.018787206435481835
0.35	0.019213863401828256
0.45	0.01917176016269458
0.55	0.019530760025522304
0.65	0.019522110555373208
0.7500000000000001	0.019644610977106906
0.85	0.019678994859892444
0.95	0.02026004312882889
1.05	0.02042188038256427
1.15	0.020940063640414265
1.25	0.02115095451032228
1.35	0.02174359611343958
1.45	0.021969962006019333
1.55	0.022558718573382867
1.65	0.023104100667391644
1.75	0.02364161233330563
1.85	0.024288149122835383
1.95	0.025024167849565813
2.05	0.025814399564958717
2.15	0.026632659751433627
2.25	0.02754806307824468
2.35	0.02853272516029575
2.45	0.02953408959907079
2.5500000000000003	0.030746739226858305
2.65	0.032029026284596536
2.75	0.033412104314607345
2.85	0.03486039298505469
2.95	0.03667284482142591
3.0500000000000003	0.038326545077124026
3.15	0.040322779712427106
3.25	0.04233812735492873
3.35	0.04509088213216271
3.45	0.0476276481657589
3.5500000000000003	0.05058281678552268
3.65	0.05376051485713508
3.75	0.0573726991764969
3.85	0.06092461878863452
3.95	0.06582326775643375
4.05	0.07073166924175286
4.1499999999999995	0.07622786605999148
4.25	0.08249134688602675
4.35	0.09009209687224344
4.449999999999999	0.09744060917093492
4.55	0.10654635017213912
4.6499999999999995	0.11663357404778617
4.75	0.12883745086942197
4.85	0.1432301677822006
4.95	0.15929999161211222
5.05	0.1771745517970323
5.1499999999999995	0.19969864753142352
5.25	0.22428500910929752
5.35	0.25510862039503157
5.45	0.29186132064799736
5.55	0.3358417366077082
5.6499999999999995	0.3864983153937376
5.75	0.45296533831829067
5.85	0.5303952180463882
5.95	0.6262363107071912
6.05	0.7472211340564222
6.1499999999999995	0.8996316553980668
6.25	1.0795918522294623
6.35	1.301834062624462
6.45	1.58230168385027
6.55	1.887094440458146
6.6499999999999995	2.2229647607516894
6.75	2.5382531132351676
6.85	2.7904517262240045
6.95	2.921922149164738
7.05	2.9168775586672018
7.1499999999999995	2.767725898825871
7.25	2.5582706557532333
7.35	2.293955269767821
7.45	2.042333480525216
7.55	1.8183034039870074
7.6499999999999995	1.6037139329915295
7.75	1.43418264819951
7.85	1.2831348974359487
7.95	1.1620908046918856
8.05	1.0624790934495054
8.15	0.9724884167199277
8.25	0.900690745631469
8.350000000000001	0.8386808315804051
8.450000000000001	0.7881818555180595
8.55	0.7449067939053452
8.65	0.7059612095504514
8.75	0.6762412118517993
8.850000000000001	0.6510830408702019
8.950000000000001	0.629581743972133
9.05	0.6121955563775429
9.15	0.5980291759994668
9.25	0.586730261685982
9.350000000000001	0.5786609879885355
9.450000000000001	0.5731648894899039
9.55	0.5698703638668642
9.65	0.5686907293118174
9.750000000000002	0.5697116765501389
9.85	0.5729184672975904
9.95	0.5779992451628742
10.049999999999999	0.5852235363791825
10.149999999999999	0.5951059508638199
10.25	0.6039759716448785
10.35	0.6184632669044886
10.45	0.6341688045674594
10.549999999999999	0.6516818711833785
10.649999999999999	0.671775192556254
10.75	0.696030795230439
10.85	0.7207306108358277
10.95	0.7455056874694117
11.049999999999999	0.7783495524436685
11.149999999999999	0.8104179939124514
11.25	0.8442372853663905
11.35	0.8822984301135972
11.45	0.9196814513572944
11.549999999999999	0.9616173613108906
11.649999999999999	1.0035723577768991
11.75	1.0432935589230035
11.85	1.0872396562311881
11.95	1.1255905500445447
12.049999999999999	1.1647929496419827
12.149999999999999	1.1988369488389283
12.25	1.2326611599670756
12.35	1.2606200729529853
12.45	1.2837075468444303
12.549999999999999	1.3032649988970966
12.649999999999999	1.3210783066295473
12.75	1.3299915073624446
12.85	1.3394325913945706
12.95	1.3395423499221444
13.049999999999999	1.338666349969962
13.149999999999999	1.3338163890527053
13.25	1.3283694962000834
13.35	1.318349318782729
13.45	1.3038660524335166
13.549999999999999	1.2853466976596724
13.649999999999999	1.2684920846968866
13.75	1.2420087676344824
13.85	1.2155507913127495
13.95	1.1910912749757916
14.049999999999999	1.1595889951307632
14.149999999999999	1.1279117746565044
14.25	1.0962808813701101
14.35	1.0661148332101238
14.45	1.0340396207079738
14.549999999999999	1.0017495210338712
14.649999999999999	0.9755837143667857
14.75	0.9465195375605092
14.85	0.9208699539902468
14.95	0.8960285440757192
15.049999999999999	0.8755461241855521
15.149999999999999	0.8589012834492042
15.25	0.8425498993757954
15.35	0.8261048637635263
15.45	0.8157919750975298
15.549999999999999	0.8055155405309182
15.649999999999999	0.7977029905448383
15.75	0.7892774293542479
15.85	0.7873185514412148
15.95	0.7832478062813716
16.05	0.7822984540487209
16.15	0.7843669698375662
16.25	0.7860608222035662
16.349999999999998	0.7922598168704104
16.45	0.7962138592511669
16.55	0.8055920157983909
16.65	0.8159916301576423
16.75	0.8276665377114816
16.849999999999998	0.8415808297460903
16.95	0.8537409562208488
17.05	0.8688410362357873
17.15	0.8866151572250978
17.25	0.9052316706168433
17.349999999999998	0.9252634073781164
17.45	0.9422061938344903
17.55	0.9623266651513659
17.65	0.9833804057710336
17.75	1.003906114922464
17.849999999999998	1.0259618915786455
17.95	1.0458490973575063
18.05	1.066367740051877
18.15	1.0862938615628506
18.25	1.1037472807270143
18.349999999999998	1.1177873179658588
18.45	1.1342462411457646
18.55	1.1469882685689023
18.65	1.158371941626828
18.75	1.1665678715976355
18.849999999999998	1.1708449858181589
18.95	1.1761027519908962
19.05	1.1749023165020525
19.15	1.1736975788101631
19.25	1.1717666385873138
19.35	1.1679550236678695
19.45	1.1590352454029689
19.55	1.1521227964035703
19.65	1.1438755314889215
19.75	1.132212908409884
19.85	1.1201429388112056
19.95	1.1057111799222807
20.05	1.0946342348163514
20.15	1.0821078752988558
20.25	1.0668074029671721
20.35	1.0526211773813037
20.45	1.0377342811308172
20.55	1.0246768677108526
20.65	1.0098213036918722
20.75	0.9987801909137377
20.85	0.986283963604414
20.95	0.9719866867192561
21.05	0.9582540839796478
21.15	0.9477858567987413
21.25	0.9349938948746166
21.35	0.9277489821970861
21.45	0.9167555628841751
21.55	0.9099460582985225
21.65	0.9014858125563995
21.75	0.8954026810425153
21.85	0.8886349366585563
21.95	0.8852169039193242
22.05	0.8831333542097278
22.15	0.8850224034580992
22.25	0.8807496247834645
22.35	0.8797016631404448
22.45	0.8801014353821213
22.55	0.8851065062183783
22.65	0.886420125692796
22.75	0.8916661582417832
22.85	0.8953214038840295
22.95	NaN
23.05	0.9100516520338567
23.15	0.9164801896095265
23.25	0.9265285252449558
23.35	0.9348960613816408
23.45	0.944972031576614
23.55	0.9544354176066828
23.65	0.9690602794999283
23.75	0.9790465544648811
23.85	0.9910381376127733
23.95	1.0038301679328028
24.05	1.0146484558144448
24.15	1.0265148688013916
24.25	1.0377976870693861
24.35	1.0469357916367616
24.45	1.0603553977005067
24.55	1.067515127747425
24.65	1.0750155011030114
24.75	1.0833374792363124
24.85	1.089628768043553
24.95	1.0963659030006767
25.05	1.100991888833881
25.15	1.1049926947630815
25.25	1.1051730340052097
25.35	1.1044322585949367
25.45	1.101574676311649
25.55	1.0999620400269654
25.65	1.09680279571727
25.75	1.0958787613363867
25.85	1.0885390729219195
25.95	1.0822812207705048
26.05	1.0757947387057871
26.15	1.0665732361133806
26.25	1.0590271342847157
26.35	1.0471905500044694
26.45	1.042617432824159
26.55	1.0335582160848011
26.65	1.0256919804365
26.75	1.015305759979134
26.85	1.0076651975847297
26.95	0.9977079176250121
27.05	0.9917901685122184
27.15	0.9818355391830457
27.25	0.9751265150386728
27.35	0.9672235970778943
27.45	0.9582547432125734
27.55	0.9542307115470525
27.65	0.9490016350705964
27.75	0.9422963289194736
27.85	0.9371910527301278
27.95	0.9340483515675205
28.05	0.930847118894606
28.15	0.9283925984205698
28.25	0.926292770939734
28.35	0.9249009652074541
28.45	0.9231923453037701
28.55	0.9234286010867518
28.65	0.9258641258661231
28.75	0.9256839370892311
28.85	0.9288715777679486
28.95	0.930406641775346
29.05	0.9336654410877944
29.15	0.9385548608015298
29.25	0.9421093372145251
29.35	0.9464311110830326
29.45	0.9526415717252708
29.55	0.9589379194287241
29.65	0.9655309711881233
29.75	0.9721356695971489
29.85	0.9790843239240052
29.95	0.9857305812592052
30.05	0.9952663549947046
30.15	1.0027759685764062
30.25	1.008310464623512
30.35	1.0150730407711686
30.45	1.02408602707836
30.55	1.0286375460151345
30.65	1.0356781183033634
30.75	1.0417365442763533
30.85	1.050383859339942
30.95	1.052312254061796
31.05	1.0542189174372891
31.15	1.060310640136012
31.25	1.0658565785423162
31.35	1.0652329622918577
31.45	1.0659539305646457
31.55	1.0662903618673765
31.65	1.0688904772874235
31.75	1.0660732757777853
31.85	1.0646635474368238
31.95	1.064375051625497
32.05	1.058152595979332
32.15	1.0571597757298181
32.25	1.0529738040262961
32.35	1.0494207886941964
32.45	1.04309499252871
32.55	1.0375615096797315
32.65	1.0321120918188011
32.75	1.026855385308063
32.85	1.0192182191252184
32.95	1.0118879084969559
33.05	1.0094683956813224
33.15	1.003574070334713
33.25	0.9956631478960706
33.35	0.9896542367252401
33.45	0.9841704324682126
33.55	0.9812291780290586
33.65	0.975259632105212
33.75	0.9677349590307825
33.85	0.9659137205941881
33.95	0.9611771646435859
34.05	0.9595697961627659
34.15	0.9553036983969019
34.25	0.9523111398691866
34.35	0.9497331995101261
34.45	0.9478309500761603
34.55	0.9479499904631721
34.65	0.9476123131810368
34.75	0.9472149290239177
34.85	0.946946323205941
34.95	0.9486140596993876
35.05	0.9491037087396993
35.15	0.9520003084227986
35.25	0.9561201426743097
35.35	0.9591250714857839
35.45	0.9577821514753889
35.55	0.962638152381023
35.65	0.9658436159946526
35.75	0.9714919210239211
35.85	0.9754584453107515
35.95	0.9798617442225599
36.05	0.9852448793507299
36.15	0.9878971861392426
36.25	0.9952516333080417
36.35	0.9976442147976636
36.45	1.0040339055211487
36.55	NaN
36.65	1.0156694036522873
36.75	1.0188815169333891
36.85	1.0181237128026581
36.95	1.0283684649967288
37.05	1.0314651899283471
37.15	1.033778037138613
37.25	1.0384159141895841
37.35	1.0417102459507752
37.45	1.0433698949537993
37.55	1.0440289160472465
37.65	NaN
37.75	1.0467768245480509
37.85	1.0463111311154454
37.95	1.0461784129419915
38.05	1.0462327993373617
38.15	1.0446985973801943
38.25	1.0421388106321101
38.35	1.0421897070569446
38.45	1.0353735335762966
38.550000000000004	1.0334154857767275
38.65	1.0311817517408512
38.75	1.0275434776225547
38.85	1.026036185231587
38.95	1.0197692722598053
39.050000000000004	1.011316631164074
39.15	NaN
39.25	NaN
39.35	NaN
39.45	NaN
39.550000000000004	0.9955370668985045
39.65	0.9911971785329727
39.75	0.9871232281321851
39.85	0.9831790151083438
39.95	0.9799742182850483
40.050000000000004	0.9807451304994516
40.15	NaN
40.25	0.9716488128923163
40.35	0.9690474007662013
40.45	0.966746514434302
40.550000000000004	0.9650720935308319
40.65	0.9625044874827221
40.75	0.9621315809675774
40.85	0.9602036681598464
40.95	0.9601020332444601
41.050000000000004	0.9610661968390896
41.15	0.961589246052566
41.25	0.9638691743443449
41.35	0.9626361738788795
41.45	0.9651302131776507
41.550000000000004	NaN
41.65	0.9681617132372496
41.75	0.9711505770791636
41.85	0.9735201817817063
41.95	0.9763041632321143
42.050000000000004	0.9801518701459763
42.15	NaN
42.25	0.9862767554480942
42.35	0.9923293382448602
42.45	0.9936116371643995
42.550000000000004	0.997200089498074
42.65	1.0008888947533712
42.75	1.00472841631489
42.85	1.0086611440001143
42.95	1.0132803795135819
43.050000000000004	1.015845614433885
43.15	1.0181930973375337
43.25	1.0210116617068226
43.35	1.0254635488432169
43.45	1.0260724539196977
43.550000000000004	1.0311492147036985
43.65	NaN
43.75	1.032421473201492
43.85	1.0335779470970512
43.95	1.0325359936024843
44.050000000000004	1.0351376583917498
44.15	1.035586807733075
44.25	NaN
44.35	1.0332699297452983
44.45	1.032661957389717
44.550000000000004	1.0303386292084287
44.65	1.0315236134341845
44.75	1.0264601184040474
44.85	1.0253214026668256
44.95	1.0218373966718084
45.050000000000004	1.0195651998583972
45.15	1.0181882925120862
45.25	1.0141821664340565
45.35	NaN
45.45	1.0091805127698517
45.550000000000004	1.0073270886049266
45.65	NaN
45.75	0.9986135010989076
45.85	0.9968570975771119
45.95	0.9912927488421317
46.050000000000004	0.98980465677523
46.15	0.9869909057049234
46.25	0.9849451715461338
46.35	0.9809124342377861
46.45	0.9796074063113119
46.550000000000004	0.9771033549477931
46.65	NaN
46.75	0.9736642587752032
46.85	0.973143268938057
46.95	0.9719791323799045
47.050000000000004	0.9707148294887357
47.15	0.9709451758435671
47.25	0.9702685200857601
47.35	0.9716191601180355
47.45	0.9711596503277674
47.550000000000004	0.971383886339917
47.65	0.9734622909296013
47.75	0.9740800176545353
47.85	0.9754055375957007
47.95	0.9770833257473587
48.050000000000004	0.9809135874382586
48.15	0.9797478384189385
48.25	0.9837799724960045
48.35	0.986431881987746
48.45	0.9875120532627979
48.550000000000004	0.9910256055794133
48.65	0.9937824687554131
48.75	0.9962478733164337
48.85	0.9988459657056943
48.95	1.002636435623022
49.050000000000004	1.0059104301782058
49.15	NaN
49.25	1.0104670002159708
49.35	1.0124980602190627
49.45	1.0156127148366232
49.550000000000004	1.0162657418007268
49.65	1.0198356948604148
49.75	1.0207181142452346
49.85	1.0232783769197704
49.95	1.0237418620377405
50.050000000000004	1.0247423342794737
50.15	1.0256749888944747
50.25	1.0248077732689056
50.35	1.02494853314866
50.45	1.0261294229090097
50.550000000000004	1.0255171156045775
50.65	1.0253282255153882
50.75	1.0257954878933737
50.85	1.0237802862767424
50.95	NaN
51.050000000000004	1.0208079644031767
51.15	1.0183341781016382
51.25	1.0171027590888881
51.35	1.0144436882981853
51.45	1.0123306611831684
51.550000000000004	NaN
51.65	1.009395855313572
51.75	1.005143450899195
51.85	1.0036478030737592
51.95	1.000637073855541
52.050000000000004	NaN
52.15	0.9964238291587572
52.25	0.9930210886051828
52.35	0.991117243704994
52.45	0.9902049706771051
52.550000000000004	0.9883120714518171
52.65	0.9875315596981583
52.75	0.9842684892425997
52.85	0.9817973048947806
52.95	NaN
53.050000000000004	0.9784370980702258
53.15	NaN
53.25	0.9764995122332057
53.35	0.9790385775763522
53.45	0.9745429705655858
53.550000000000004	NaN
53.65	0.9763883171531514
53.75	NaN
53.85	0.9766538702462687
53.95	0.980117254701083
54.050000000000004	NaN
54.15	0.9812072642838262
54.25	NaN
54.35	0.9833986780212121
54.45	0.9849605462613036
54.550000000000004	NaN
54.65	0.9919656076218366
54.75	0.9926554894529624
54.85	0.9939989453109039
54.95	0.9974723761558788
55.050000000000004	0.9986178979020995
55.15	0.9992526490420348
55.25	1.0015108564573671
55.35	1.003452380843174
55.45	1.006416999294439
55.550000000000004	1.009362555322059
55.65	1.0122726023123125
55.75	1.0117338511867167
55.85	1.0151510732415725
55.95	1.0148538959769264
56.050000000000004	1.0183346059648704
56.15	1.016928286367356
56.25	1.0160214929574152
56.35	1.0212848834930817
56.45	1.0205825033207654
56.550000000000004	1.021498348200684
56.65	1.0220049094912569
56.75	NaN
56.85	1.0197779163952227
56.95	1.019444211635282
57.050000000000004	1.0200198082888554
57.15	1.018617454879522
57.25	1.0134453533298853
57.35	NaN
57.45	1.0144724411816528
57.550000000000004	1.0133971648627955
57.65	1.01069865647553
57.75	1.0100412437532484
57.85	1.008269335625191
57.95	1.008874320249794
58.050000000000004	1.0045616056397912
58.15	1.0010029771322722
58.25	1.0008582272660964
58.35	0.9957190835883423
58.45	NaN
58.550000000000004	0.9943807720694237
58.65	0.9925473818607193
58.75	NaN
58.85	0.9881326694374355
58.95	NaN
59.050000000000004	0.9866529790976251
59.15	0.9847285737875452
59.25	0.983964231783195
59.35	0.9833872544835516
59.45	0.9831861353389485
59.550000000000004	0.979903469178944
59.65	0.9819247554401292
59.75	0.9826242029602598
59.85	NaN
59.95	0.9810739431979303
60.050000000000004	NaN
60.15	0.981341250148637
60.25	0.9828896339225449
60.35	NaN
60.45	0.9857705433847126
60.550000000000004	0.9865794793013625
60.65	0.9865363741714667
60.75	0.9885060100734191
60.85	0.9874387916381688
60.95	0.9928868309290234
61.050000000000004	0.9962608752312402
61.15	0.9947282612980539
61.25	0.9973875292991924
61.35	0.9995195819759497
61.45	0.9992504462096874
61.550000000000004	NaN
61.65	1.005556323259507
61.75	NaN
61.85	NaN
61.95	1.0092125404764536
62.050000000000004	1.0120946679161569
62.15	1.015221941946922
62.25	1.012946905379527
62.35	1.0136926372462784
62.45	1.0138795954498296
62.550000000000004	1.015385778735656
62.65	1.0157743221396554
62.75	1.0161505205975456
62.85	1.016245732233326
62.95	1.0167200969133463
63.050000000000004	1.0169194196854772
63.15	1.0164390004441335
63.25	NaN
63.35	1.015194513432738
63.45	1.0146537790931818
63.550000000000004	1.0135375750165634
63.65	1.013450673948165
63.75	1.0112007882526728
63.85	1.011277050965783
63.95	1.0079564791889672
64.05	1.0073818654162656
64.14999999999999	1.005717632074753
64.25	1.0052711378970471
64.35	1.005319333270328
64.44999999999999	1.002411379280763
64.55	0.9987663903506467
64.64999999999999	0.9978743234319982
64.75	0.9958298379244328
64.85	0.9962336420236408
64.94999999999999	0.993392180821703
65.05	0.9894077286610792
65.14999999999999	0.9903547698289742
65.25	NaN
65.35	0.9883652371406008
65.44999999999999	NaN
65.55	0.986777975314461
65.64999999999999	0.9855790658973523
65.75	0.9860523693343758
65.85	0.9853823146335019
65.94999999999999	0.9843849173821891
66.05	NaN
66.14999999999999	0.9839919982179982
66.25	0.9843502281149906
66.35	0.985811580025183
66.44999999999999	0.9870182067850439
66.55	0.9858881531340594
66.64999999999999	NaN
66.75	0.9864304416461546
66.85	NaN
66.94999999999999	NaN
67.05	0.9917429800299826
67.14999999999999	0.9916386281924158
67.25	0.9935349623570372
67.35	0.9934032891591835
67.44999999999999	0.9973623801942116
67.55	0.9978100288573093
67.64999999999999	NaN
67.75	NaN
67.85	0.9986951608419974
67.94999999999999	1.0046934918308317
68.05	1.0063018692549397
68.14999999999999	1.0077201692966464
68.25	NaN
68.35	1.0093241560329096
68.44999999999999	1.0116306471026772
68.55	1.009956860322191
68.64999999999999	NaN
68.75	1.0137932936956071
68.85	1.0118734304922934
68.94999999999999	1.0139094768611698
69.05	1.0143089017296696
69.14999999999999	1.0159289766380353
69.25	1.0162784623609469
69.35	1.0151464076603043
69.44999999999999	NaN
69.55	1.0131758313763386
69.64999999999999	1.0121932564362843
69.75	NaN
69.85	1.0107490282589082
69.94999999999999	NaN
70.05	1.0089730560256462
70.14999999999999	1.008608453629747
70.25	NaN
70.35	1.005503219990619
70.44999999999999	NaN
70.55	1.0038752226026912
70.64999999999999	1.0023404040144261
70.75	1.0004353293522719
70.85	0.997737425211668
70.94999999999999	0.9980220964674078
71.05	0.9951911951221415
71.14999999999999	0.9944190189563573
71.25	NaN
71.35	0.9923138924367735
71.44999999999999	0.9931664890480507
71.55	0.9904341486347856
71.64999999999999	0.9919804730494498
71.75	0.9897232078498232
71.85	0.9900640939760411
71.94999999999999	0.9887239251936627
72.05	NaN
72.14999999999999	NaN
72.25	NaN
72.35	NaN
72.44999999999999	0.9868369592340877
72.55	0.9873100833626278
72.64999999999999	0.9892085573487186
72.75	NaN
72.85	0.9890023201579896
72.94999999999999	0.9887009490970257
73.05	0.989004540134235
73.14999999999999	0.9918044643184227
73.25	0.9955020465341935
73.35	0.9927526949129512
73.44999999999999	NaN
73.55	0.9950484418033377
73.64999999999999	NaN
73.75	NaN
73.85	0.998173058074498
73.94999999999999	0.999595325340896
74.05	1.0011739840082023
74.14999999999999	1.0040247513451959
74.25	1.004372837497425
74.35	1.0046217086424702
74.44999999999999	1.0052200397406128
74.55	1.0058258181925548
74.64999999999999	1.0081008441289343
74.75	1.0075794375508746
74.85	1.00953198480936
74.94999999999999	1.0108302541450687
75.05	1.011365303919331
75.14999999999999	1.012042344326577
75.25	NaN
75.35	NaN
75.44999999999999	NaN
75.55	1.0117485696056507
75.64999999999999	NaN
75.75	NaN
75.85	1.0110201866843738
75.94999999999999	1.0108662807392979
76.05	1.0108076324702056
76.14999999999999	1.0090804944446465
76.25	NaN
76.35	1.0080502713760204
76.44999999999999	NaN
76.55	1.0057612628137849
76.64999999999999	1.0050091939934689
76.75	NaN
76.85	NaN
76.95	NaN
77.05	NaN
77.14999999999999	1.002194638311923
77.25	0.9979403934287217
77.35	0.9950161037230308
77.45	0.994541401678497
77.55	0.993952053215909
77.64999999999999	0.9928372872906533
77.75	0.9931997925542932
77.85	0.9927824873604321
77.95	0.9928174144814745
78.05	0.991594742490954
78.14999999999999	0.9907701022785897
78.25	0.9890347797745894
78.35	0.9883842166524313
78.45	NaN
78.55	NaN
78.64999999999999	0.9897701774305331
78.75	0.988685177207536
78.85	NaN
78.95	0.9887154854238158
79.05	NaN
79.14999999999999	NaN
79.25	0.9902183481254317
79.35	NaN
79.45	0.9908757612239361
79.55	0.9935798520469354
79.64999999999999	NaN
79.75	0.9945954626742526
79.85	0.9965356259309072
