0.15	0.035790801135545044
0.25	0.0380591520755812
0.35	0.037665571613947214
0.45	0.03726930335685267
0.55	0.03761575197504596
0.65	0.03777665640365811
0.7500000000000001	0.03817330304771831
0.85	0.03835746716327069
0.95	0.03913201463046304
1.05	0.03974751803035272
1.15	0.040301199203073096
1.25	0.04099106133039577
1.35	0.04181018255172928
1.45	0.04291398730018334
1.55	0.04352768448943361
1.65	0.04487547467655382
1.75	0.04609169082915891
1.85	0.04741260747376578
1.95	0.04887726353016738
2.05	0.05023470486125011
2.15	0.051917581614181633
2.25	0.053996468885483366
2.35	0.05586254644489854
2.45	0.05798672924457425
2.5500000000000003	0.060395434737875404
2.65	0.06308570579109399
2.75	0.06592639975274542
2.85	0.06913301108085936
2.95	0.0724590983097828
3.0500000000000003	0.07612588119229134
3.15	0.08015513474693618
3.25	0.08491809926752969
3.35	0.08994378131915205
3.45	0.09543626681344589
3.5500000000000003	0.1017884010051217
3.65	0.10807270869728736
3.75	0.11598302054539067
3.85	0.12401862331691271
3.95	0.13370819372622036
4.05	0.14324933718791172
4.1499999999999995	0.15507202827661662
4.25	0.168290218345044
4.35	0.18347840177004607
4.449999999999999	0.2002734981104418
4.55	0.21989507399512911
4.6499999999999995	0.24196266730534519
4.75	0.26782113533020957
4.85	0.2949275286802001
4.95	0.33023258521982224
5.05	0.368641350438712
5.1499999999999995	0.4129660840438619
5.25	0.4637615568706919
5.35	0.5239517628044833
5.45	0.5969217673708744
5.55	0.6763647264646996
5.6499999999999995	0.7744538636063791
5.75	0.8840099477436414
5.85	1.0132574819854958
5.95	1.1492607709759661
6.05	1.3086752631547358
6.1499999999999995	1.4790866635494442
6.25	1.6498533266256827
6.35	1.8162744964118351
6.45	1.9535217492249912
6.55	2.0642567563289953
6.6499999999999995	2.123850918406175
6.75	2.1345473794232106
6.85	2.1026538013197134
6.95	2.0304858242122954
7.05	1.932790828902442
7.1499999999999995	1.8179168256018556
7.25	1.702324526045502
7.35	1.585428546662053
7.45	1.4748416227890184
7.55	1.3719493262115958
7.6499999999999995	1.2783793832550354
7.75	1.1946225098750016
7.85	1.1218825659791214
7.95	1.054342138288274
8.05	0.998755366922216
8.15	0.948298145447928
8.25	0.9013694956795794
8.350000000000001	0.8630132446488918
8.450000000000001	0.8294872661885269
8.55	0.8010148093270609
8.65	0.775919459037494
8.75	0.7548754973184524
8.850000000000001	0.7381177899957597
8.950000000000001	0.7225705813777962
9.05	0.710399752106245
9.15	0.7008026740998173
9.25	0.694554124188958
9.350000000000001	0.6908195512211246
9.450000000000001	0.6870555988133535
9.55	0.6866882373031122
9.65	0.6868406838178419
9.750000000000002	0.6911989352889941
9.85	0.6962629694040167
9.95	0.7039622150837198
10.049999999999999	0.7114080748568392
10.149999999999999	0.7210625012629904
10.25	0.7352044095489684
10.35	0.7470771476776973
10.45	0.7618112798789478
10.549999999999999	0.7790599630254347
10.649999999999999	0.7972813178065012
10.75	0.8176460252507977
10.85	0.8395917694342916
10.95	0.8610579617684292
11.049999999999999	0.8846510822147676
11.149999999999999	0.9105926593501497
11.25	0.9381862551984183
11.35	0.9633435251283898
11.45	0.9924935274107969
11.549999999999999	1.0178196124440828
11.649999999999999	1.0443052405187738
11.75	1.0725601736075456
11.85	1.0987809506757176
11.95	1.1207210303829929
12.049999999999999	1.1436155399474142
12.149999999999999	1.1676058529530096
12.25	1.1858409735234163
12.35	1.2039660381273798
12.45	1.2163742604288497
12.549999999999999	1.2265204837056893
12.649999999999999	1.2374700065746393
12.75	1.242717429694558
12.85	1.245675772857934
12.95	1.2388739069337973
13.049999999999999	1.2339115568440826
13.149999999999999	1.2253800422759935
13.25	1.216231593850595
13.35	1.2022145561763418
13.45	1.18543164262518
13.549999999999999	1.1659016310375707
13.649999999999999	1.1500499510299163
13.75	1.1286063487018467
13.85	1.1087252677054427
13.95	1.0876246165746972
14.049999999999999	1.0678012730101205
14.149999999999999	1.0446704651271146
14.25	1.0239482355621414
14.35	1.0041323014408854
14.45	0.9868066629651113
14.549999999999999	0.969067432368997
14.649999999999999	0.9539145056232874
14.75	0.9380366262868468
14.85	0.923456315812652
14.95	0.9091088664716027
15.049999999999999	0.8997028445621273
15.149999999999999	0.8896397801110318
15.25	0.8817257463211371
15.35	0.8733997054088952
15.45	0.8694028175301528
15.549999999999999	0.8645918253075079
15.649999999999999	0.8606655239375739
15.75	0.8610034579311348
15.85	0.8562114387331764
15.95	0.8586829156407618
16.05	0.8591988837819055
16.15	0.8641834821205171
16.25	0.8670644002085733
16.349999999999998	0.8719839140316453
16.45	0.876985917786063
16.55	0.8853552836342011
16.65	0.8939319517145632
16.75	0.903858734720004
16.849999999999998	0.9117506205189222
16.95	0.9242614443759397
17.05	0.9344698277099526
17.15	0.9455055655261891
17.25	0.9575279669003415
17.349999999999998	0.9721116644135878
17.45	0.9820922981681136
17.55	0.9956160734483833
17.65	1.0066854650489112
17.75	1.0208963194265803
17.849999999999998	1.032468056937579
17.95	1.044939219585863
18.05	1.0552707469854388
18.15	1.0664404225370272
18.25	1.0763901629565085
18.349999999999998	1.0840606327354287
18.45	1.0916679596685825
18.55	1.0991430802708462
18.65	1.1038567136645465
18.75	1.108851443418201
18.849999999999998	1.1075336630692476
18.95	1.1094890875693242
19.05	1.1111542704009139
19.15	1.1073845927223243
19.25	1.1065313923493296
19.35	1.1025785831729307
19.45	1.0973934178053333
19.55	1.092542319103689
19.65	1.0864182339150754
19.75	1.0782550992272744
19.85	1.0729932103959325
19.95	1.060855782496716
20.05	1.053701107398162
20.15	1.0428646574849105
20.25	1.0342791533457816
20.35	1.0266277903953933
20.45	1.0190520352225463
20.55	1.004937740345799
20.65	0.9964829015406813
20.75	0.9879749770800345
20.85	0.9788726418937901
20.95	0.9731391681521575
21.05	0.9637021630834525
21.15	0.9564835347157044
21.25	0.9500386666405476
21.35	0.9432195580557503
21.45	0.940231664777717
21.55	0.9359149517973586
21.65	0.9312801926737009
21.75	0.9271552475303287
21.85	0.925645296226146
21.95	0.9238670964739291
22.05	0.9241590405209567
22.15	0.922239994981794
22.25	0.9208667147868428
22.35	0.9251680256018144
22.45	0.929489879435917
22.55	0.9272310779743841
22.65	0.9331875002227825
22.75	0.9382427382347975
22.85	0.941068157713693
22.95	0.9447038502248886
23.05	0.9519376147686563
23.15	0.956682341358048
23.25	0.9619176040514785
23.35	0.9690726910520768
23.45	0.9751947899562
23.55	0.9838032365571363
23.65	0.9888728502272025
23.75	0.995330435311472
23.85	1.003874705942162
23.95	1.0109719302783708
24.05	1.017591720828341
24.15	1.0256852376778676
24.25	1.0295177525263768
24.35	1.0372921910052049
24.45	1.0408541156952746
24.55	1.0488008204519208
24.65	1.0493905629757405
24.75	1.0531002306742987
24.85	1.0587651424830584
24.95	1.0608056483132964
25.05	1.064206110571939
25.15	1.0592633347827323
25.25	1.0653705279380645
25.35	1.0628294167709564
25.45	1.0622137876283921
25.55	1.061969994054234
25.65	1.0576519251287841
25.75	1.0550426365187082
25.85	1.0505106633919392
25.95	1.0472572711124355
26.05	1.0430069112728952
26.15	1.0391286754313533
26.25	1.031572209085568
26.35	1.0284632034873056
26.45	1.0233718262726124
26.55	1.0177176322987709
26.65	1.0122570779506048
26.75	1.0061915314896372
26.85	1.0000803554969282
26.95	0.9965039392701572
27.05	0.9902241672961302
27.15	0.98457968026426
27.25	0.9797874936665185
27.35	0.9760611510409553
27.45	0.9696611246695459
27.55	0.9664492329558523
27.65	0.9634352749989586
27.75	0.9613256987653859
27.85	0.9572764406271563
27.95	0.9562690343488695
28.05	0.9563683986474025
28.15	0.9543482087614591
28.25	0.9527557483819805
28.35	0.951940760269621
28.45	0.951397609204959
28.55	0.9514847438296888
28.65	0.9542295449939291
28.75	0.9554208681440969
28.85	0.9589637686049777
28.95	0.9586078037141087
29.05	0.960525886567574
29.15	0.9642044035199202
29.25	0.9689993100914487
29.35	0.969516918731907
29.45	0.9740728508332233
29.55	0.9779090253316138
29.65	0.9865128860117174
29.75	0.9880021090839912
29.85	0.9916885750690632
29.95	NaN
30.05	1.0019258687831563
30.15	1.0072969948924282
30.25	1.0102568509258032
30.35	1.0154025691578001
30.45	1.0166472850258526
30.55	1.0235819018032009
30.65	1.0259594997288846
30.75	1.029475079387775
30.85	1.0312081649320073
30.95	1.0332651334909628
31.05	1.0381457820728912
31.15	1.035849137473138
31.25	1.0395532460095063
31.35	1.0405834151069462
31.45	1.0399450730576663
31.55	1.0413584927026696
31.65	1.0391569724666276
31.75	NaN
31.85	1.0369801415918043
31.95	1.0349901521165865
32.05	1.0351576140529255
32.15	1.0318068807609382
32.25	1.0295540942936248
32.35	1.0273959467733087
32.45	1.0251148538789565
32.55	1.0234760294468042
32.65	1.0168537505621729
32.75	1.0126625790490298
32.85	1.0099410071508688
32.95	1.005492869866571
33.05	1.0039045156035715
33.15	0.9989305184853798
33.25	0.9961614276913747
33.35	0.9920168219694333
33.45	0.9866298182759304
33.55	0.9832536671027332
33.65	0.9838492057643445
33.75	0.9796927079138835
33.85	0.9753519604320817
33.95	0.9751518843269561
34.05	0.9715154104636283
34.15	0.9684914066586673
34.25	0.9696487096033557
34.35	0.9690644213466557
34.45	0.96968298588151
34.55	0.9683154291468812
34.65	0.9670378576119318
34.75	0.9674412924987255
34.85	0.9681984071081505
34.95	0.969163665748071
35.05	0.964897067298176
35.15	0.9729781793964135
35.25	0.9744086555759839
35.35	0.9737382341478814
35.45	0.9800855794188394
35.55	0.9798726726366072
35.65	0.9844299215136916
35.75	0.9831532957637428
35.85	0.9863795496315434
35.95	0.9893201491914442
36.05	0.9927876231518094
36.15	0.997927479671368
36.25	0.9999763309843595
36.35	1.000887162334311
36.45	1.004291684595845
36.55	1.0062047714914615
36.65	NaN
36.75	1.0142804642825056
36.85	1.0168730291588628
36.95	1.0180923797181638
37.05	1.0222138974517108
37.15	1.0216993717400071
37.25	1.0247376596188846
37.35	1.026625721184817
37.45	1.0267377440091556
37.55	1.0279840581009843
37.65	1.0291219396776394
37.75	1.029562023609483
37.85	1.0246673886958553
37.95	1.0251865791467971
38.05	NaN
38.15	NaN
38.25	1.024596760851513
38.35	1.0233369523407718
38.45	1.0195673614570318
38.550000000000004	1.0205103602990147
38.65	1.0159501608041719
38.75	1.01642437737624
38.85	1.0141605088176036
38.95	1.0104769305040673
39.050000000000004	1.0072271734122498
39.15	1.0069919839068688
39.25	1.0056426484328667
39.35	0.9984967243667543
39.45	0.998361421713541
39.550000000000004	0.9952319983257539
39.65	NaN
39.75	0.9901694665356195
39.85	0.9879930441908933
39.95	0.9862000948163168
40.050000000000004	0.9890017634050061
40.15	0.9829440560197916
40.25	0.9807719471425939
40.35	NaN
40.45	0.9781514962816403
40.550000000000004	0.9774229668667261
40.65	0.977475455303296
40.75	0.9784782426371353
40.85	0.9764965903098695
40.95	0.9770050715695245
41.050000000000004	0.9750821453560343
41.15	0.97633519140479
41.25	0.9781446321330401
41.35	0.9784489234615583
41.45	0.9790778507020886
41.550000000000004	0.9804278909687747
41.65	0.9819217047247987
41.75	0.9837534474439684
41.85	0.9858989128708561
41.95	0.987432874755515
42.050000000000004	0.9884421788958153
42.15	0.9904701193381834
42.25	0.9940591586571108
42.35	0.9965916007466784
42.45	0.9980750045609749
42.550000000000004	1.0004156150196133
42.65	1.00088921430516
42.75	1.004142394476908
42.85	1.0072938509856162
42.95	1.0102165337193145
43.050000000000004	1.0105034581684176
43.15	NaN
43.25	1.014953919144751
43.35	1.0168379997514467
43.45	1.0169299573405106
43.550000000000004	1.0239960683651534
43.65	NaN
43.75	NaN
43.85	1.019770972458632
43.95	1.0193895602955207
44.050000000000004	1.0202278719998512
44.15	1.0206567590798103
44.25	1.0207105394305944
44.35	1.0203489514154214
44.45	NaN
44.550000000000004	1.0195261330328422
44.65	1.017984295911688
44.75	1.0137764718230966
44.85	1.0142327872492314
44.95	1.0126893884559687
45.050000000000004	1.0105128376305108
45.15	1.0098431060727973
45.25	1.0091964925294268
45.35	1.0053308462469872
45.45	1.0042270532970132
45.550000000000004	1.0014582393605074
45.65	0.9984106295688995
45.75	NaN
45.85	0.9960637740658445
45.95	NaN
46.050000000000004	0.9907653318083418
46.15	0.9932354337284282
46.25	0.9886724989971482
46.35	NaN
46.45	0.9850566153157864
46.550000000000004	0.9853756825520383
46.65	NaN
46.75	0.9839642183306949
46.85	0.9844506644147603
46.95	0.9816396291949837
47.050000000000004	0.983457390906024
47.15	0.9822098032056531
47.25	0.9832303061361904
47.35	0.9834181939055439
47.45	NaN
47.550000000000004	0.9832893818088883
47.65	0.9853754249601908
47.75	0.9851573289409932
47.85	0.9859877939269177
47.95	0.9870986002666254
48.050000000000004	0.9907932983189272
48.15	0.9889460256988035
48.25	0.9913412343370118
48.35	0.9935732282784228
48.45	0.9950499410165794
48.550000000000004	0.9985204829393368
48.65	0.9945468095101717
48.75	0.9980398435415455
48.85	1.000627117204368
48.95	1.001969031539763
49.050000000000004	1.002867252470536
49.15	1.0064344139165993
49.25	1.0057714377724956
49.35	1.010221326963849
49.45	1.0101196951550284
49.550000000000004	1.0140687731241276
49.65	1.0133221203822618
49.75	NaN
49.85	1.0119342000435163
49.95	1.0145223118439732
50.050000000000004	1.0147363981581843
50.15	1.0174406168616177
50.25	1.0141692242952725
50.35	1.0157934837736253
50.45	1.0160757062736214
50.550000000000004	1.0157765244185843
50.65	1.0147461573747607
50.75	1.0151129159335566
50.85	1.014002913662578
50.95	1.0130721304054646
51.050000000000004	1.0124992758880433
51.15	1.0090260281893388
51.25	1.0100884720671828
51.35	1.00889897099741
51.45	1.006159310561568
51.550000000000004	1.0068984425562646
51.65	1.0055603746768826
51.75	1.0005955606233938
51.85	1.0002463912750739
51.95	0.9987647380901211
52.050000000000004	0.9979086203165787
52.15	NaN
52.25	0.9929686230782411
52.35	0.9946728437979256
52.45	0.9914737566602447
52.550000000000004	0.9898689236489446
52.65	0.9887055312564419
52.75	0.9902519065236131
52.85	0.9883285587586563
52.95	0.9862393390164086
53.050000000000004	0.9843325944680155
53.15	0.9862808597301255
53.25	0.9839965208792345
53.35	0.9868419640881647
53.45	0.9861571515147269
53.550000000000004	0.9859673106114895
53.65	0.9856607645053664
53.75	0.985813072196638
53.85	0.9872526478365373
53.95	0.9884598132117683
54.050000000000004	0.9881571141125983
54.15	0.9894400503054053
54.25	0.9894996717492781
54.35	0.9922784681994644
54.45	0.9935504216286907
54.550000000000004	NaN
54.65	0.9948819732965701
54.75	0.9974689682509473
54.85	0.9948711196164493
54.95	0.9973610916300892
55.050000000000004	0.9986153115832493
55.15	1.000647149731994
55.25	1.001718076547063
55.35	1.0055295443948544
55.45	1.0040847885815634
55.550000000000004	1.005096840874282
55.65	NaN
55.75	1.0071404253400487
55.85	1.0087899675599625
55.95	1.0100658666391351
56.050000000000004	1.0104125927311058
56.15	1.0110983892740701
56.25	1.011793432721199
56.35	1.0036258529055146
56.45	1.0086950508899424
56.550000000000004	1.012358780635556
56.65	1.0129391395684226
56.75	1.0141970835284082
56.85	1.0120973280193433
56.95	1.0101403193168395
57.050000000000004	1.0118854234830532
57.15	1.0108124660528182
57.25	1.0087046702451707
57.35	1.0101890608477102
57.45	1.0105111910946336
57.550000000000004	NaN
57.65	1.0059245815895073
57.75	1.003940658873361
57.85	1.0047595529066093
57.95	1.0017939824004298
58.050000000000004	NaN
58.15	1.0014971136293467
58.25	0.9990917175947575
58.35	0.9983088400619015
58.45	0.997120082080966
58.550000000000004	0.995389532926153
58.65	0.9948966127576446
58.75	NaN
58.85	0.9933511590036374
58.95	0.9910046538737824
59.050000000000004	0.9914060001949583
59.15	0.9916188536559146
59.25	0.9888799513976351
59.35	0.9896680274707139
59.45	0.9876535581985455
59.550000000000004	0.9890553209560623
59.65	NaN
59.75	0.9877154231635432
59.85	0.9888019801600827
59.95	0.9895747842059904
60.050000000000004	0.9891677786162527
60.15	0.9904290330176471
60.25	0.9913564191650152
60.35	NaN
60.45	0.9910562684275335
60.550000000000004	0.991657589138341
60.65	0.9926356453131554
60.75	0.991518443708666
60.85	NaN
60.95	0.9966096774384469
61.050000000000004	0.9971538748323129
61.15	0.9972125625771089
61.25	0.9991407918203288
61.35	0.9992171913965895
61.45	1.0024460034194043
61.550000000000004	1.0036558210617457
61.65	1.004592008933027
61.75	1.004074554974308
61.85	1.0045712289314908
61.95	NaN
62.050000000000004	1.0072891199261869
62.15	1.0074607859438078
62.25	1.0089305911590776
62.35	1.0086744840284618
62.45	NaN
62.550000000000004	1.0075401604894854
62.65	NaN
62.75	NaN
62.85	1.0093477671258086
62.95	1.0095613308066789
63.050000000000004	1.0081313145679036
63.15	1.0091745440225062
63.25	1.011616606016964
63.35	1.0087008442826235
63.45	1.009431226336289
63.550000000000004	1.0077420387980254
63.65	NaN
63.75	1.005818593143779
63.85	NaN
63.95	1.0049420971053167
64.05	1.003631445864644
64.14999999999999	1.0056151698823361
64.25	1.0018783280517294
64.35	NaN
64.44999999999999	1.000629559743861
64.55	1.0008389526767194
64.64999999999999	0.9991245333529716
64.75	0.9965599653788725
64.85	0.995190999366584
64.94999999999999	0.9919369486172768
65.05	0.995256304831552
65.14999999999999	NaN
65.25	0.9933848199658777
65.35	0.9918356919434843
65.44999999999999	0.9920246526545868
65.55	0.9911366196980668
65.64999999999999	NaN
65.75	0.9909981965259913
65.85	0.9920051849852628
65.94999999999999	NaN
66.05	NaN
66.14999999999999	0.9909147901417258
66.25	0.9910700899377267
66.35	0.9909644443361191
66.44999999999999	0.9921654324342095
66.55	NaN
66.64999999999999	0.9918512811031034
66.75	0.9940807477611229
66.85	NaN
66.94999999999999	NaN
67.05	NaN
67.14999999999999	NaN
67.25	0.996066424442556
67.35	NaN
67.44999999999999	NaN
67.55	1.0008922988979632
67.64999999999999	1.0006217100101649
67.75	1.0012976476874136
67.85	1.002882131061765
67.94999999999999	NaN
68.05	1.0037792748762464
68.14999999999999	1.00333690624848
68.25	1.0077105207142498
68.35	1.0055080546615536
68.44999999999999	1.0075812485186304
68.55	1.00736736310245
68.64999999999999	NaN
68.75	1.008152266212806
68.85	1.0080254209341382
68.94999999999999	1.0083483230454853
69.05	NaN
69.14999999999999	1.0089925462388654
69.25	NaN
69.35	1.0093516788354497
69.44999999999999	1.0076468149078706
69.55	1.008013629905075
69.64999999999999	1.0075566534671223
69.75	1.007851377064161
69.85	1.0064052004609312
69.94999999999999	1.0059408062264397
70.05	NaN
70.14999999999999	1.0046359870759374
70.25	1.004365778301677
70.35	1.0037142627232905
70.44999999999999	1.0023884005478059
70.55	1.002134207287843
70.64999999999999	1.0002111780726948
70.75	0.9989833816008582
70.85	0.9991287128631628
70.94999999999999	0.997063109635569
71.05	0.9997142821261622
71.14999999999999	NaN
71.25	0.9964736832330434
71.35	NaN
71.44999999999999	0.9967270428670872
71.55	0.9949361506154881
71.64999999999999	0.9936750255173464
71.75	0.9932650777614568
71.85	NaN
71.94999999999999	NaN
72.05	0.9933690428810775
72.14999999999999	NaN
72.25	0.9926138652047987
72.35	0.9927570603369648
72.44999999999999	NaN
72.55	NaN
72.64999999999999	0.9944213224125485
72.75	0.9927327028136302
72.85	0.9934418029391321
72.94999999999999	NaN
73.05	0.9939362865294853
73.14999999999999	0.9949494609273378
73.25	0.9933502566306353
73.35	0.9976730639887033
73.44999999999999	0.9966297808029576
73.55	0.9972462523223692
73.64999999999999	0.9985662318131804
73.75	0.9982625315253851
73.85	0.9997198725580927
73.94999999999999	NaN
74.05	NaN
74.14999999999999	1.000485865543076
74.25	1.0023604832223842
74.35	1.0033106711410462
74.44999999999999	1.003751467303968
74.55	1.0042081711380024
74.64999999999999	NaN
74.75	NaN
74.85	1.0060807903143523
74.94999999999999	1.007605495042073
75.05	1.0071535214840888
75.14999999999999	1.0072913269716066
75.25	1.0067623389630065
75.35	1.006710184794511
75.44999999999999	1.0070788231249086
75.55	1.007095610682916
75.64999999999999	1.0058902493372999
75.75	NaN
75.85	1.0062625156282692
75.94999999999999	NaN
76.05	1.007521836836246
76.14999999999999	1.0060042758240402
76.25	1.0036225912643337
76.35	1.0040781468678637
76.44999999999999	NaN
76.55	1.003808224458928
76.64999999999999	1.0017695762854582
76.75	NaN
76.85	1.0009391175966145
76.95	0.998873691889406
77.05	0.9998804378112865
77.14999999999999	0.9996440676530207
77.25	NaN
77.35	NaN
77.45	NaN
77.55	0.9954632287069837
77.64999999999999	NaN
77.75	0.9940228973948603
77.85	0.9958237340904852
77.95	NaN
78.05	0.9939885998778563
78.14999999999999	NaN
78.25	0.994006143141267
78.35	0.9938115109484845
78.45	NaN
78.55	NaN
78.64999999999999	NaN
78.75	0.9947212781282894
78.85	0.9916496109504223
78.95	0.993619529578341
79.05	NaN
79.14999999999999	NaN
79.25	0.9946700009661299
79.35	0.995981312913613
79.45	NaN
79.55	0.9933983483150955
79.64999999999999	NaN
79.75	0.9969674894141095
79.85	0.9969788853269844
