0.15	0.018490594025409077
0.25	0.01864003240328053
0.35	0.018953969457908487
0.45	0.0190262311202257
0.55	0.01932484001415307
0.65	0.019334743294603125
0.7500000000000001	0.019732196177349157
0.85	0.019952247180307876
0.95	0.020143902793549797
1.05	0.020499785760215314
1.15	0.020905637825524907
1.25	0.021229526707745375
1.35	0.02151415456559508
1.45	0.021916148405047402
1.55	0.022562966218541473
1.65	0.023029320248946824
1.75	0.023670876162102106
1.85	0.0243144378665767
1.95	0.025127051321883958
2.05	0.02582031764809644
2.15	0.026639637139384824
2.25	0.02754840987310093
2.35	0.02857575497477405
2.45	0.029617598156180248
2.5500000000000003	0.030755941036397345
2.65	0.03203122603568927
2.75	0.03340057214140233
2.85	0.03482469490180798
2.95	0.03678163919971711
3.0500000000000003	0.03836361461975188
3.15	0.04032095497565385
3.25	0.04243005228067436
3.35	0.045055823127782384
3.45	0.047458197213084204
3.5500000000000003	0.050613004740712106
3.65	0.053811430205245106
3.75	0.057550522046746655
3.85	0.060873726239465915
3.95	0.06583340818848082
4.05	0.07079227875099517
4.1499999999999995	0.07643177476285264
4.25	0.0822578906181989
4.35	0.08992238970515343
4.449999999999999	0.09746814680033158
4.55	0.10672658794377325
4.6499999999999995	0.11662884493804931
4.75	0.12885397473900478
4.85	0.14339016514715702
4.95	0.15937237931309417
5.05	0.1769647091573668
5.1499999999999995	0.19962815737556808
5.25	0.22457931406691525
5.35	0.25499853447486276
5.45	0.2920606343552277
5.55	0.3358337502452324
5.6499999999999995	0.3864983725644538
5.75	0.4536441075513984
5.85	0.530251830059147
5.95	0.6254488429550824
6.05	0.7476323185551601
6.1499999999999995	0.9006518670599022
6.25	1.0848483967008284
6.35	1.3051615852286902
6.45	1.5766124494965428
6.55	1.8878781586737778
6.6499999999999995	2.2204931686266223
6.75	2.538981213125327
6.85	2.787287715729944
6.95	2.9334122657049315
7.05	2.9115529932829216
7.1499999999999995	2.767790520721248
7.25	2.5554683019026974
7.35	2.2975817104835206
7.45	2.042254695504944
7.55	1.81262324143791
7.6499999999999995	1.6072998382088604
7.75	1.431922801786895
7.85	1.2819687221951115
7.95	1.1607634991752516
8.05	1.0589426731828175
8.15	0.9745879130571219
8.25	0.9000992617384453
8.350000000000001	0.8375392332215386
8.450000000000001	0.7881426375663406
8.55	0.7428617448511992
8.65	0.706909902171849
8.75	0.6776089481535578
8.850000000000001	0.6520466614649195
8.950000000000001	0.6292420208839465
9.05	0.6112933012231284
9.15	0.597815862719376
9.25	0.58692484212422
9.350000000000001	0.5781328177367985
9.450000000000001	0.5729729170663439
9.55	0.5689983640927287
9.65	0.5680236712442794
9.750000000000002	0.5703759023716536
9.85	0.5722553986547062
9.95	0.5774679132037199
10.049999999999999	0.5846846853705243
10.149999999999999	0.5945927640805297
10.25	0.6050884250261561
10.35	0.6191482693163282
10.45	0.6351451260348182
10.549999999999999	0.6526814137021436
10.649999999999999	0.6729410511732759
10.75	0.6955755933047322
10.85	0.7190725085630016
10.95	0.7483626595186363
11.049999999999999	0.7779405758319846
11.149999999999999	0.8107480005648144
11.25	0.8451919223952651
11.35	0.8817273571126483
11.45	0.9206650982055122
11.549999999999999	0.9605463032337361
11.649999999999999	1.0041207318238379
11.75	1.044841964348377
11.85	1.086296496075211
11.95	1.126588445014496
12.049999999999999	1.1653281125832882
12.149999999999999	1.2007406927343476
12.25	1.231861629701609
12.35	1.2599810646767238
12.45	1.2856398562430873
12.549999999999999	1.3026514097901536
12.649999999999999	1.3177112400880486
12.75	1.3337818960607655
12.85	1.3361034674477514
12.95	1.339297520037965
13.049999999999999	1.3374700813168234
13.149999999999999	1.3329499944593224
13.25	1.3287304801497557
13.35	1.318818227942693
13.45	1.3038207558647075
13.549999999999999	1.2846140515561892
13.649999999999999	1.2659239754663196
13.75	1.242839805803621
13.85	1.217377412209984
13.95	1.1910776984922133
14.049999999999999	1.159938805084881
14.149999999999999	1.1271712087191375
14.25	1.0975460678156859
14.35	1.0637473767718044
14.45	1.03413883403547
14.549999999999999	1.001782357571617
14.649999999999999	0.9719055622762748
14.75	0.9473924608300979
14.85	0.9209312063893781
14.95	0.8972720545149278
15.049999999999999	0.8772942895123205
15.149999999999999	0.8569865521793654
15.25	0.8393526628607023
15.35	0.8263442355325603
15.45	0.816329731631172
15.549999999999999	0.8038552940512675
15.649999999999999	0.7965949937646977
15.75	0.7891304032517131
15.85	0.7854052665016938
15.95	0.7836193651907033
16.05	0.782763208374055
16.15	0.7827521616027003
16.25	0.7865782907919457
16.349999999999998	0.7901168526433199
16.45	0.7980377570573013
16.55	0.8056682187085286
16.65	0.8173104737177355
16.75	0.8265607504572878
16.849999999999998	0.8407638112361849
16.95	0.8529027729857842
17.05	0.8685173280002946
17.15	0.886365709107784
17.25	0.90375024600784
17.349999999999998	0.9240838897999109
17.45	0.9432616697271154
17.55	0.9645255456969528
17.65	0.9835144467075001
17.75	1.003585129855875
17.849999999999998	1.0254188689724033
17.95	1.0465517852244204
18.05	1.0669584645233205
18.15	1.085159439319201
18.25	1.1042211511024418
18.349999999999998	1.1197345468855202
18.45	1.135552437788951
18.55	1.1479402476302984
18.65	1.1579292209806669
18.75	1.166541205532744
18.849999999999998	1.1711873644586406
18.95	1.1713546822779657
19.05	1.1740323388774943
19.15	1.1762668374325835
19.25	1.172569561320348
19.35	1.1669508757779359
19.45	1.1591030154184372
19.55	1.1528000285076205
19.65	1.1433895381948014
19.75	1.1332582362395955
19.85	1.1196256177615276
19.95	1.1093818307959922
20.05	1.095574874959758
20.15	1.0786011692277775
20.25	1.0661287480812665
20.35	1.0521353892099083
20.45	1.0386025074864214
20.55	1.0253101198912085
20.65	1.0105576240442495
20.75	0.9963950966772418
20.85	0.9831622626222118
20.95	0.9710998772317003
21.05	0.9601259561713523
21.15	0.948059835001009
21.25	0.9376364548802821
21.35	0.9270928031434628
21.45	0.9184619986687369
21.55	0.9081801976494994
21.65	0.9027739357891302
21.75	0.8945686945263571
21.85	0.8912977388553396
21.95	0.8856091304640861
22.05	0.8823696108164057
22.15	0.8823470857548782
22.25	0.8803853714869659
22.35	0.8803989750333528
22.45	0.881632641696637
22.55	0.8839060621401199
22.65	0.8862108747316942
22.75	0.8911058329455924
22.85	0.8945804997387816
22.95	NaN
23.05	0.9095500165315776
23.15	0.9162280582013874
23.25	0.9277471610977253
23.35	0.9361680586087795
23.45	0.9467282463685982
23.55	0.9540265314919262
23.65	0.9667504331915432
23.75	0.9778204066725171
23.85	0.9907860176561898
23.95	1.002053512073713
24.05	1.0151922626369723
24.15	1.0240874285625583
24.25	1.0383635285914292
24.35	1.0493410201850475
24.45	1.0572197435747235
24.55	1.0661229789437154
24.65	1.0756116924217767
24.75	1.087092598949966
24.85	1.0912989492553598
24.95	1.0956092571033738
25.05	1.100348227364459
25.15	1.1043623098377466
25.25	1.1046701287901022
25.35	1.1067046809905245
25.45	1.101234151750709
25.55	1.100355220736981
25.65	1.098481026792781
25.75	1.0938555917241122
25.85	1.0879425541234804
25.95	1.0834693956117607
26.05	1.0769951896956618
26.15	1.0662451458050926
26.25	1.0583726741265818
26.35	1.0518700156305067
26.45	1.042523819112788
26.55	1.0323049223383574
26.65	1.0243330752863058
26.75	1.015065874081223
26.85	1.0060380971771057
26.95	0.997495277069949
27.05	0.991355652543209
27.15	0.9820493283065079
27.25	0.9747669253144666
27.35	0.9675103417952916
27.45	0.9597076737177358
27.55	0.953567369011188
27.65	0.9477619765082553
27.75	0.9415416807263367
27.85	0.9396210550488937
27.95	0.9344093508318758
28.05	0.9292843314241855
28.15	0.9268846959771928
28.25	0.9271281932126296
28.35	0.9248081238488502
28.45	0.923857227481168
28.55	0.9241041971643233
28.65	0.9239822671441352
28.75	0.9271135658000645
28.85	0.9291249661851494
28.95	0.9327931453465792
29.05	0.9356192329400245
29.15	0.9368744454571801
29.25	0.9410543777362125
29.35	0.9481262327183818
29.45	0.9542515820443868
29.55	0.9585189867585526
29.65	0.9648326960313545
29.75	0.9709123115249627
29.85	0.9789244972441026
29.95	0.986960181229555
30.05	0.9936207465126106
30.15	0.9956307541774791
30.25	1.0089293957164953
30.35	1.0132379228268997
30.45	1.0229671263615385
30.55	1.0300182840473058
30.65	1.034533145965454
30.75	1.0409523239172154
30.85	1.045104008147729
30.95	1.0526946066335037
31.05	1.0538460811242356
31.15	1.0598620007789532
31.25	1.0615115789077432
31.35	1.0655715718443737
31.45	1.0666238577559901
31.55	1.0668284055881228
31.65	1.0688172810914314
31.75	1.0651543268822186
31.85	1.063909426380482
31.95	1.063895686779152
32.05	1.060975473598491
32.15	1.0541246963455246
32.25	1.0527669524216097
32.35	1.0473808950119903
32.45	1.0436808826251134
32.55	1.0373208678674561
32.65	1.03003127708199
32.75	1.0282665507376296
32.85	1.0192604871532023
32.95	1.015605367517202
33.05	1.0099373311421689
33.15	1.002187172686756
33.25	0.9935551702365554
33.35	0.9906891755286206
33.45	0.9844692767251416
33.55	0.9798402539241408
33.65	0.9747887510211452
33.75	0.9715956511659884
33.85	0.9651415838619899
33.95	0.9604749994102125
34.05	0.9589159458736773
34.15	0.9574867041328124
34.25	0.9523844573224551
34.35	0.951797881969692
34.45	0.9503905460540601
34.55	0.9490724954249773
34.65	0.9470602692509229
34.75	0.9470033225906879
34.85	0.9477000574372618
34.95	0.9499670449522963
35.05	0.9487450001052569
35.15	0.9517949395291561
35.25	0.9536251267419044
35.35	0.956354592242835
35.45	0.9585289634243371
35.55	0.9614480783593065
35.65	0.9677892615829
35.75	0.970542033298259
35.85	0.9739403999206042
35.95	0.9811155370187917
36.05	0.9834179844952716
36.15	0.9913666990711798
36.25	0.9935120884206451
36.35	0.9971000491632813
36.45	1.0058784982458928
36.55	NaN
36.65	1.014458432197231
36.75	1.0182050439163404
36.85	1.0218652504752799
36.95	1.0281113675738112
37.05	1.032675321975292
37.15	1.0346775192723505
37.25	1.0374624057132682
37.35	1.040650006194506
37.45	1.0421186298808267
37.55	1.0460488679436089
37.65	NaN
37.75	1.0417106852501252
37.85	1.0478842683728573
37.95	1.0490441170969123
38.05	1.0459554289347748
38.15	1.0448018040464373
38.25	1.0439279234763177
38.35	1.0394922843250163
38.45	1.0408146550088024
38.550000000000004	1.0366781246281145
38.65	1.033135689173236
38.75	1.0296724489732563
38.85	1.0246419355455936
38.95	1.0202586928378155
39.050000000000004	1.0172111510519184
39.15	NaN
39.25	NaN
39.35	NaN
39.45	NaN
39.550000000000004	0.9966508970380815
39.65	0.9939494274115661
39.75	0.988073243626304
39.85	0.9838189758340768
39.95	0.9810587608622864
40.050000000000004	0.978914481883474
40.15	NaN
40.25	0.9687901532174217
40.35	0.9688837836302767
40.45	0.9671409203617775
40.550000000000004	0.9650277705200324
40.65	0.9636458568490845
40.75	0.9627125620398292
40.85	0.9634590551216654
40.95	0.9607870813734205
41.050000000000004	0.96179393358574
41.15	0.964504295870172
41.25	0.962421556680462
41.35	0.9634353526967714
41.45	0.9642880384134663
41.550000000000004	NaN
41.65	0.969105369521019
41.75	0.970517760922903
41.85	0.9738050740058082
41.95	0.9771768927095985
42.050000000000004	0.9787157182103704
42.15	NaN
42.25	0.9870857743730327
42.35	0.9895541820487413
42.45	0.994722534664069
42.550000000000004	0.998067351535573
42.65	0.9994935558865181
42.75	1.0070426913227835
42.85	1.0109800780774074
42.95	1.01082595832941
43.050000000000004	1.015478055612982
43.15	1.018843641360953
43.25	1.0208026644858557
43.35	1.0234659146645966
43.45	1.028615457708023
43.550000000000004	1.0299998467323193
43.65	NaN
43.75	1.0310923749363874
43.85	1.0336536881394818
43.95	1.0354391971856678
44.050000000000004	1.0364203629297097
44.15	1.0327227793825577
44.25	NaN
44.35	1.0309054337452659
44.45	1.0314424890414027
44.550000000000004	1.0310787998116846
44.65	1.029759383584818
44.75	1.0278322050001218
44.85	1.0245119458037857
44.95	1.0229643127154917
45.050000000000004	1.018050009475456
45.15	1.016568462538923
45.25	1.0147188575298547
45.35	NaN
45.45	1.0081214892334263
45.550000000000004	1.0069991970307255
45.65	NaN
45.75	0.9994541979965486
45.85	0.9955348363938743
45.95	0.9932229302249731
46.050000000000004	0.9892392387769136
46.15	0.9867613968115845
46.25	0.983666437336154
46.35	0.9808763735499358
46.45	0.9795258085146021
46.550000000000004	0.977288931636807
46.65	NaN
46.75	0.9739866406494925
46.85	0.9739124176402792
46.95	0.9724403188298057
47.050000000000004	0.9709931293370333
47.15	0.9699398169267514
47.25	0.9703089222551661
47.35	0.9700669072368359
47.45	0.9705080484521934
47.550000000000004	0.9701579280715743
47.65	0.9728813684016636
47.75	0.9738282660966082
47.85	0.9760707734078741
47.95	0.9774316989080446
48.050000000000004	0.9793900445199395
48.15	0.9799905039016107
48.25	0.9830422165241607
48.35	0.9861452231109902
48.45	0.988791368910733
48.550000000000004	0.9919252659643902
48.65	0.993759284244423
48.75	0.9977959779963053
48.85	0.9989074486788599
48.95	1.0023452925279948
49.050000000000004	1.0037995669824626
49.15	NaN
49.25	1.0097140271204748
49.35	1.0120985716907869
49.45	1.0151687603727617
49.550000000000004	1.0180274236136715
49.65	1.0195795845307971
49.75	1.0212820981773088
49.85	1.022039027236992
49.95	1.0243837055742229
50.050000000000004	1.0252295500368784
50.15	1.0254758970037392
50.25	1.027338124843258
50.35	1.0282602876181648
50.45	1.0279879956457434
50.550000000000004	1.0276229516882547
50.65	1.0267474889331094
50.75	1.0278420765384348
50.85	1.0240102208648614
50.95	NaN
51.050000000000004	1.019936553167999
51.15	1.0183392905266793
51.25	1.0171351338726404
51.35	1.013385529250626
51.45	1.0119593885715197
51.550000000000004	NaN
51.65	1.0070146844240357
51.75	1.0065281833106448
51.85	1.0051267366240926
51.95	1.0016353117883812
52.050000000000004	NaN
52.15	0.9959377888495894
52.25	0.9938274893337291
52.35	0.9897333833524609
52.45	0.9853806374306044
52.550000000000004	0.9869446317553827
52.65	0.9866510362337557
52.75	0.9833034760279545
52.85	0.9819883956419125
52.95	NaN
53.050000000000004	0.9788790217372522
53.15	NaN
53.25	0.9761623518314075
53.35	0.9768604751713513
53.45	0.9786322203129515
53.550000000000004	NaN
53.65	0.9762308967670786
53.75	NaN
53.85	0.9790987751625598
53.95	0.9801017782362154
54.050000000000004	NaN
54.15	0.9812613424504653
54.25	NaN
54.35	0.9848501596429873
54.45	0.9854927692773039
54.550000000000004	NaN
54.65	0.9892602457764822
54.75	0.9916933849208323
54.85	0.9951064348234291
54.95	0.99556795944627
55.050000000000004	0.998961410397979
55.15	0.9995168763567721
55.25	1.0028548999317877
55.35	1.007078374757444
55.45	1.0075537513986972
55.550000000000004	1.0080187989851754
55.65	1.0101163898326588
55.75	1.0100281129659288
55.85	1.014156143193745
55.95	1.0171779693337137
56.050000000000004	1.0163803713645634
56.15	1.0183987973627187
56.25	1.0085183642221474
56.35	1.0198499701501438
56.45	1.0214686993559245
56.550000000000004	1.022071633076949
56.65	1.0205652528589515
56.75	NaN
56.85	1.0194166815883419
56.95	1.0205209624786071
57.050000000000004	1.0198967443601124
57.15	1.018256505818614
57.25	1.0187931930255094
57.35	NaN
57.45	1.0141164844606558
57.550000000000004	1.01295211822897
57.65	1.0123317763154411
57.75	1.0091906558802357
57.85	1.003368798214755
57.95	1.0038759081906001
58.050000000000004	1.005665434676516
58.15	1.0013819897578726
58.25	1.0006680153022713
58.35	0.9951399946350564
58.45	NaN
58.550000000000004	0.9956413505643361
58.65	0.9932003311898604
58.75	NaN
58.85	0.9886854821487284
58.95	NaN
59.050000000000004	0.9876312086499973
59.15	0.9844597466271913
59.25	0.9815223812212164
59.35	0.9842922595074459
59.45	0.9826785874640966
59.550000000000004	0.9821658076218825
59.65	0.9819494984531478
59.75	0.9803711504577451
59.85	NaN
59.95	0.9809617097242505
60.050000000000004	NaN
60.15	0.9831051944700754
60.25	0.9829371203298483
60.35	NaN
60.45	0.9864544483647111
60.550000000000004	0.9882700168639629
60.65	0.9880960969694904
60.75	0.9889745195584178
60.85	0.9907186568220889
60.95	0.9913193129971501
61.050000000000004	0.9942620296602201
61.15	0.9957753648124642
61.25	0.9964565594708266
61.35	0.9992860511950571
61.45	1.0011043603668202
61.550000000000004	NaN
61.65	1.0035546767199088
61.75	NaN
61.85	NaN
61.95	1.009447383089884
62.050000000000004	1.012703272899438
62.15	1.0128791668430284
62.25	1.0119060667879256
62.35	1.0138638096154544
62.45	1.012417552733768
62.550000000000004	1.017501736152512
62.65	1.0170686655258652
62.75	1.0183971475436573
62.85	1.0167132732439186
62.95	1.0182916978468408
63.050000000000004	1.0167104461861045
63.15	1.017152805960683
63.25	NaN
63.35	1.0149603579356241
63.45	1.0152448488391177
63.550000000000004	1.011984057101502
63.65	1.012397371025004
63.75	1.0111929425105748
63.85	1.011056603614903
63.95	1.0086832845271605
64.05	1.007056028406503
64.14999999999999	1.0069992730644564
64.25	1.0056506974283588
64.35	1.004238253351492
64.44999999999999	1.0007983956203919
64.55	0.9999630745818693
64.64999999999999	0.9966719134548868
64.75	0.9954606647484403
64.85	0.9945391287515151
64.94999999999999	0.9924862947633997
65.05	0.9909327023843595
65.14999999999999	0.9919053453335491
65.25	NaN
65.35	0.9882478790667563
65.44999999999999	NaN
65.55	0.986225494651289
65.64999999999999	0.9892269526307695
65.75	0.9842428716547282
65.85	0.9841164628142691
65.94999999999999	0.9850639984009792
66.05	NaN
66.14999999999999	0.9845811827622206
66.25	0.9857922030866387
66.35	0.9856003353567403
66.44999999999999	0.985751518670953
66.55	0.9856805455188705
66.64999999999999	NaN
66.75	0.9875685481383127
66.85	NaN
66.94999999999999	NaN
67.05	0.9912950204517658
67.14999999999999	0.9935331860575851
67.25	0.9938780465928659
67.35	0.9944930222113432
67.44999999999999	0.9963892130827301
67.55	1.000016750131285
67.64999999999999	NaN
67.75	NaN
67.85	1.0066080674836495
67.94999999999999	1.0050618178154227
68.05	1.0065014003160113
68.14999999999999	1.0064408442141
68.25	NaN
68.35	1.0091954173933084
68.44999999999999	1.0091514026208646
68.55	1.011726891376355
68.64999999999999	NaN
68.75	1.0127961858131178
68.85	1.0124143206910388
68.94999999999999	1.0134179662166412
69.05	1.0144718139865827
69.14999999999999	1.0108818595064997
69.25	1.0139349998447948
69.35	1.0146347192730323
69.44999999999999	NaN
69.55	1.0136642746624638
69.64999999999999	1.0121183268062068
69.75	NaN
69.85	1.0100474122885765
69.94999999999999	NaN
70.05	1.0098177845257177
70.14999999999999	1.0079332797826506
70.25	NaN
70.35	1.0055825979463249
70.44999999999999	NaN
70.55	1.0016929871363622
70.64999999999999	1.0018323185158913
70.75	1.0030636214201876
70.85	0.9982308272279605
70.94999999999999	0.9974669815786451
71.05	0.9958563360029384
71.14999999999999	0.9953096851084319
71.25	NaN
71.35	0.9930494603802881
71.44999999999999	0.9919537156142078
71.55	0.9900902118110266
71.64999999999999	0.9906326435548175
71.75	0.9896554666568517
71.85	0.9881985911164607
71.94999999999999	0.9888617681473945
72.05	NaN
72.14999999999999	NaN
72.25	NaN
72.35	NaN
72.44999999999999	0.9876860702776568
72.55	0.9871469187360847
72.64999999999999	0.9877091018581603
72.75	NaN
72.85	0.9882750579209391
72.94999999999999	0.9908240512997452
73.05	0.989703051902628
73.14999999999999	0.9910841158870316
73.25	0.9927579266316243
73.35	0.9929571169711818
73.44999999999999	NaN
73.55	0.9952238274278691
73.64999999999999	NaN
73.75	NaN
73.85	1.0003083459633646
73.94999999999999	1.0009507453028035
74.05	1.0018113236800368
74.14999999999999	1.001835559268882
74.25	1.0018375253384018
74.35	1.0056973320807163
74.44999999999999	1.0068763049881202
74.55	1.0096157820349236
74.64999999999999	1.006379326593243
74.75	1.009340519618486
74.85	1.0108589218813548
74.94999999999999	1.0081133066572077
75.05	1.0108706855779566
75.14999999999999	1.0121030021126791
75.25	NaN
75.35	NaN
75.44999999999999	NaN
75.55	1.0113491969095638
75.64999999999999	NaN
75.75	NaN
75.85	1.0128864233226424
75.94999999999999	1.0108223399887708
76.05	1.0110449472066398
76.14999999999999	1.0081378831654322
76.25	NaN
76.35	1.0080146990885288
76.44999999999999	NaN
76.55	1.0060384062752523
76.64999999999999	1.0052176217058277
76.75	NaN
76.85	NaN
76.95	NaN
77.05	NaN
77.14999999999999	0.9974330414498187
77.25	0.9971562769103531
77.35	0.9987064195151306
77.45	0.9973213463545715
77.55	0.9964153929404282
77.64999999999999	0.9948697279975464
77.75	0.9946738602216749
77.85	0.9928431626856665
77.95	0.9897770486232569
78.05	0.9903420346815868
78.14999999999999	0.9904697134284421
78.25	0.9889675681588139
78.35	0.9877585958854207
78.45	NaN
78.55	NaN
78.64999999999999	0.9912101054266663
78.75	0.9877331490751509
78.85	NaN
78.95	0.9893307408964367
79.05	NaN
79.14999999999999	NaN
79.25	0.9918047564416543
79.35	NaN
79.45	0.9933206888979882
79.55	0.9939239850364316
79.64999999999999	NaN
79.75	0.9953165589013222
79.85	0.9964017701903916
