0.15	0.0339041273419688
0.25	0.036469152539185416
0.35	0.03719050239664678
0.45	0.03707969663465841
0.55	0.037557617791027946
0.65	0.037538112580327
0.7500000000000001	0.038134827025251575
0.85	0.03873656202136255
0.95	0.03880659688385006
1.05	0.03977666344302724
1.15	0.04029978161681178
1.25	0.04090816503264196
1.35	0.04166087712251347
1.45	0.04268488966919307
1.55	0.04374553224218397
1.65	0.044718474195366446
1.75	0.04610594195188648
1.85	0.0474745606386016
1.95	0.04894185862358263
2.05	0.050411063213023306
2.15	0.05196391829941397
2.25	0.05400901099405625
2.35	0.05597062620225479
2.45	0.05795642827065082
2.5500000000000003	0.06033500960159032
2.65	0.06314686150918154
2.75	0.06601801575511282
2.85	0.06910657202822329
2.95	0.07221638710613527
3.0500000000000003	0.07621854328160967
3.15	0.08028443510594521
3.25	0.08486242048493532
3.35	0.08994848994774898
3.45	0.09556346636985466
3.5500000000000003	0.10161238035381397
3.65	0.10769781048032508
3.75	0.11582760193100358
3.85	0.12382795829795236
3.95	0.13348717173045188
4.05	0.14349253084462932
4.1499999999999995	0.1552103679915291
4.25	0.16831640356598548
4.35	0.18363709890090374
4.449999999999999	0.2004119892586817
4.55	0.22025679196319903
4.6499999999999995	0.24147149107991567
4.75	0.2680865869163932
4.85	0.2948956236370218
4.95	0.33019654308524454
5.05	0.3692144973331317
5.1499999999999995	0.41353033799710265
5.25	0.46407441157705726
5.35	0.5235488490171245
5.45	0.5978657147460755
5.55	0.675812263349933
5.6499999999999995	0.7744927450386165
5.75	0.8860882288942016
5.85	1.0158963160478691
5.95	1.1497024884060087
6.05	1.3065956201106994
6.1499999999999995	1.4822583127920597
6.25	1.648970285225815
6.35	1.8146690556626628
6.45	1.9554888189263244
6.55	2.0662354880330653
6.6499999999999995	2.1213516042578795
6.75	2.136093259765773
6.85	2.1031032794112967
6.95	2.0299429587457563
7.05	1.9325816759468566
7.1499999999999995	1.81836287475039
7.25	1.7013653135402964
7.35	1.586676064728836
7.45	1.4758431915329138
7.55	1.36997868997675
7.6499999999999995	1.2802574426157434
7.75	1.1947041977649853
7.85	1.122820861377924
7.95	1.0546907505374956
8.05	0.9975811842900468
8.15	0.9477631529288708
8.25	0.9028317119382345
8.350000000000001	0.8626672307201734
8.450000000000001	0.8306511950640358
8.55	0.7992259530760042
8.65	0.7764303074511227
8.75	0.755263804376393
8.850000000000001	0.7380405290118155
8.950000000000001	0.722071879661504
9.05	0.7125703876203595
9.15	0.7027136078262018
9.25	0.6936108110383006
9.350000000000001	0.6912384879339405
9.450000000000001	0.6866282778058298
9.55	0.6871306674990283
9.65	0.6875145297788621
9.750000000000002	0.6921994739614438
9.85	0.6961918594901462
9.95	0.7024668053905943
10.049999999999999	0.7116632524193245
10.149999999999999	0.7212013842388675
10.25	0.7333770015170854
10.35	0.7470697919290357
10.45	0.762481705070482
10.549999999999999	0.7777210593866785
10.649999999999999	0.79899513070558
10.75	0.8177015562517772
10.85	0.8381723125934383
10.95	0.8617350450083414
11.049999999999999	0.8864900110870366
11.149999999999999	0.9107445867459671
11.25	0.9379058532606538
11.35	0.9645702406735124
11.45	0.9911365097378024
11.549999999999999	1.0184275604846882
11.649999999999999	1.04515171425359
11.75	1.0702730080958547
11.85	1.097636713923122
11.95	1.1228380599809045
12.049999999999999	1.1448061822438216
12.149999999999999	1.168583583425064
12.25	1.1856789519124766
12.35	1.2032597815619113
12.45	1.2159408518192354
12.549999999999999	1.2274889441668195
12.649999999999999	1.235710588740169
12.75	1.2389776301406035
12.85	1.2415524435099685
12.95	1.239796775447274
13.049999999999999	1.2332261390354429
13.149999999999999	1.223507949130401
13.25	1.2134300367715884
13.35	1.2004687039378488
13.45	1.1862915351922636
13.549999999999999	1.1688192174779157
13.649999999999999	1.1474533207203155
13.75	1.1297273946989908
13.85	1.1099645141345242
13.95	1.0872153477234363
14.049999999999999	1.06670295759628
14.149999999999999	1.0464891972625876
14.25	1.0234429863041847
14.35	1.00812972443138
14.45	0.9870962972027965
14.549999999999999	0.9690829580095882
14.649999999999999	0.9535130684960814
14.75	0.9377696423998262
14.85	0.9248263511037336
14.95	0.9112447581804376
15.049999999999999	0.9005156452195672
15.149999999999999	0.8905416734748607
15.25	0.8814333891337007
15.35	0.8745645228064891
15.45	0.8666084705341168
15.549999999999999	0.8644341717338351
15.649999999999999	0.8611422940797482
15.75	0.8582081115098882
15.85	0.8599114648135835
15.95	0.8597240214534473
16.05	0.8609171405238402
16.15	0.8626703622502705
16.25	0.8693423750409323
16.349999999999998	0.8726380504262093
16.45	0.8792371358284707
16.55	0.8856362175955866
16.65	0.8943989777267861
16.75	0.9026865169840423
16.849999999999998	0.91308105161576
16.95	0.9219860211562203
17.05	0.9351825226488476
17.15	0.9450380768464447
17.25	0.9572246022956363
17.349999999999998	0.9699814266213008
17.45	0.982785114158077
17.55	0.9968162780140343
17.65	1.008451451299067
17.75	1.0194235118061212
17.849999999999998	1.0313854806294533
17.95	1.0445933518572648
18.05	1.055433543895683
18.15	1.0680299457579432
18.25	1.0752160945632976
18.349999999999998	1.0834561446125501
18.45	1.0940917702983
18.55	1.0962785802374762
18.65	1.1053679156736722
18.75	1.1065055893121662
18.849999999999998	1.1078702747193638
18.95	1.111747618620892
19.05	1.109381060541891
19.15	1.1097989988278194
19.25	1.1066423274747652
19.35	1.105939426122336
19.45	1.097577503530748
19.55	1.0909720764799054
19.65	1.0871070511287735
19.75	1.0780352771746347
19.85	1.0707316023964717
19.95	1.0623897796264288
20.05	1.055256144233312
20.15	1.0428444535520782
20.25	1.0338009551173888
20.35	1.0212372547383497
20.45	1.0139752244586568
20.55	1.0049708903087393
20.65	0.9964771857136188
20.75	0.989649816662563
20.85	0.9780122230894013
20.95	0.9741371069101157
21.05	0.9622915140700224
21.15	0.9567702312984352
21.25	0.9517830538559191
21.35	0.9433802088678265
21.45	0.9395724806133224
21.55	0.9346424830220502
21.65	0.9293347072778341
21.75	0.9278984768499039
21.85	0.9258920488127164
21.95	0.9248345658867321
22.05	0.9236372799048175
22.15	0.923414985718422
22.25	0.9216258852159351
22.35	0.9255522833858083
22.45	0.9268024782930806
22.55	0.9290187302630862
22.65	0.9297160599089179
22.75	0.9353679361152776
22.85	0.9414684494576413
22.95	0.9452984785257647
23.05	0.9512054639762468
23.15	0.9563657294540853
23.25	0.9632613077390849
23.35	0.9700839858540103
23.45	0.977292410691258
23.55	0.9834707594074374
23.65	0.992299661354586
23.75	0.995854510642739
23.85	1.00162747607171
23.95	1.0097898408053536
24.05	1.0168640975235308
24.15	1.025335450568583
24.25	1.0307456496218292
24.35	1.03455389521153
24.45	1.042160758545747
24.55	1.04524599004951
24.65	1.050475892980099
24.75	1.0555409906873463
24.85	1.05797407479547
24.95	1.060504622450163
25.05	1.0558931741656645
25.15	1.0638258635531603
25.25	1.0611286056930256
25.35	1.0623348911538475
25.45	1.0608655338602195
25.55	1.0602136147500174
25.65	1.0583696271386747
25.75	1.0544854566707373
25.85	1.0487337059747661
25.95	1.0466431165889911
26.05	1.0418449480002332
26.15	1.0378409454039257
26.25	1.0339139499990515
26.35	1.0281398896032699
26.45	1.0220440026570576
26.55	1.0149495835339366
26.65	1.008888655270462
26.75	1.0065097471951836
26.85	1.0014404192979363
26.95	0.9954347556068438
27.05	0.9900644699497678
27.15	0.9845186440765511
27.25	0.9793839774551205
27.35	0.9745825815536379
27.45	0.9711105316213369
27.55	0.9688407018980835
27.65	0.9632184828036244
27.75	0.962139591306496
27.85	0.9605543402472582
27.95	0.9570528204572425
28.05	0.9539254756577747
28.15	0.9519924820153589
28.25	0.9511246231231092
28.35	0.9525806381555492
28.45	0.9513271418404792
28.55	0.9514583214269114
28.65	0.9532385578564125
28.75	0.9547447109223915
28.85	0.9572412334400093
28.95	0.960034637122174
29.05	0.9608801050512358
29.15	0.9642556088708871
29.25	0.966149177584384
29.35	0.9712842725662045
29.45	0.9748584081420304
29.55	0.9805151946469286
29.65	0.9844692721235233
29.75	0.988001813870475
29.85	0.9907034745586377
29.95	NaN
30.05	1.0018037806391424
30.15	1.006628405180845
30.25	1.0080546143305549
30.35	1.0134581308106743
30.45	1.0179369969861507
30.55	1.0222299408531252
30.65	1.0248388337466794
30.75	1.028527331746475
30.85	1.03288205557307
30.95	1.0334401387213212
31.05	1.036483081393862
31.15	1.0382091947021408
31.25	1.04037554498745
31.35	1.0409372681425466
31.45	1.0431088503432542
31.55	1.039525859006292
31.65	1.0415876925181773
31.75	NaN
31.85	1.0383233771831273
31.95	1.0371607412118058
32.05	1.0349988278199054
32.15	1.0326065390257881
32.25	1.0318375996829365
32.35	1.026894270803617
32.45	1.0226928313521435
32.55	1.0206513352003892
32.65	1.016011251529852
32.75	1.0142108449599245
32.85	1.0089111256819094
32.95	1.0078881150740482
33.05	1.002358791526864
33.15	0.9979901295314799
33.25	0.9952344823960806
33.35	0.9905216277798403
33.45	0.9876605770299087
33.55	0.9850529120374928
33.65	0.9811438542063592
33.75	0.9803818510061245
33.85	0.9768129237723305
33.95	0.9748876228039086
34.05	0.9752769149715135
34.15	0.9703260499264952
34.25	0.9692741655725511
34.35	0.9692628619196432
34.45	0.968981571994479
34.55	0.9673457944917475
34.65	0.9669304289374949
34.75	0.9662901362585518
34.85	0.9683847202944194
34.95	0.969864626795407
35.05	0.9671769202378449
35.15	0.9729903071962016
35.25	0.9733431158332934
35.35	0.9762607915004067
35.45	0.974335501213319
35.55	0.9790886538088635
35.65	0.981195390790452
35.75	0.98377749774742
35.85	0.9861684570770838
35.95	0.9887638318602086
36.05	0.9936756959375643
36.15	0.9970415298769878
36.25	0.9974219821660548
36.35	1.0038802170933758
36.45	1.0044277119587843
36.55	1.0142627021383035
36.65	NaN
36.75	1.0152531343932891
36.85	1.0159739162072616
36.95	1.0188331988192694
37.05	1.0208145668993347
37.15	1.023184474904634
37.25	1.0228523649792316
37.35	1.0267438015472943
37.45	1.0257954893551375
37.55	1.0263669438781444
37.65	1.0290153732679368
37.75	1.028967601805251
37.85	1.0304079171993972
37.95	1.0273004899002498
38.05	NaN
38.15	NaN
38.25	1.0257316866544022
38.35	1.0233591314910695
38.45	1.022814914284821
38.550000000000004	1.0204763373168169
38.65	1.018695144119285
38.75	1.0169962294306698
38.85	1.0128436736640574
38.95	1.0113755590442077
39.050000000000004	1.0099202219439802
39.15	1.003011232478693
39.25	1.0030381870214458
39.35	1.0016152628966235
39.45	0.9986905042638802
39.550000000000004	0.9978211428801604
39.65	NaN
39.75	0.990037779362069
39.85	0.9876927442578276
39.95	0.9877676001549925
40.050000000000004	0.9845992193250886
40.15	0.9830833768294411
40.25	0.9828720558439719
40.35	NaN
40.45	0.9787515233625522
40.550000000000004	0.9784590662990521
40.65	0.9773538599280749
40.75	0.9723371871978759
40.85	0.9779030136513571
40.95	0.9737483884041724
41.050000000000004	0.9768249684262847
41.15	0.9762867922596574
41.25	0.9784003987926635
41.35	0.9793041684620899
41.45	0.9787804573119929
41.550000000000004	0.9806747898459857
41.65	0.9821528697690141
41.75	0.9838392327652137
41.85	0.9856816957460378
41.95	0.9875565055911855
42.050000000000004	0.9883937687352684
42.15	0.9912204668527292
42.25	0.9929381297259028
42.35	0.9959438796170944
42.45	0.996058299205226
42.550000000000004	0.9998054365512627
42.65	1.0047052969065877
42.75	1.003771563211543
42.85	1.0070536619301196
42.95	1.0080207447780027
43.050000000000004	1.0110151920621555
43.15	NaN
43.25	1.015815151385843
43.35	1.0160758745635055
43.45	1.0173107553328242
43.550000000000004	1.014570654140082
43.65	NaN
43.75	NaN
43.85	1.01790407087417
43.95	1.0206530658442265
44.050000000000004	1.0200822861248209
44.15	1.0222409302126372
44.25	1.019119185233343
44.35	1.0186693470532386
44.45	NaN
44.550000000000004	1.017757556124184
44.65	1.0174228264597236
44.75	1.0168133145393778
44.85	1.012023633681182
44.95	1.012152487880928
45.050000000000004	1.0110403756160067
45.15	1.0094528819823574
45.25	1.0086953389837805
45.35	1.0042774104410304
45.45	1.0057344643872228
45.550000000000004	1.0011745785099613
45.65	1.001734583456775
45.75	NaN
45.85	0.9974151449066916
45.95	NaN
46.050000000000004	0.9912308353329735
46.15	0.9923796950074836
46.25	0.9895301238128964
46.35	NaN
46.45	0.9870131303153777
46.550000000000004	0.9862373211187032
46.65	NaN
46.75	0.9832712287625337
46.85	0.9836603758910462
46.95	0.9826534160002295
47.050000000000004	0.9817406403821339
47.15	0.9820872479372242
47.25	0.9827240794707708
47.35	0.9825953041236026
47.45	NaN
47.550000000000004	0.9831371479409988
47.65	0.9836201197508259
47.75	0.9840285374572331
47.85	0.9863437074891288
47.95	0.9859760318061924
48.050000000000004	0.9874271477608597
48.15	0.9892944222753681
48.25	0.9911353488173414
48.35	0.9933361713222155
48.45	0.9936832190063116
48.550000000000004	0.9930389900856682
48.65	0.9983711253146369
48.75	1.0006503875282302
48.85	1.00115561668875
48.95	1.0029736958197275
49.050000000000004	1.0050854784013068
49.15	1.0074454667678703
49.25	1.0050836027893384
49.35	1.0079362317076868
49.45	1.0090146560181654
49.550000000000004	1.0104321424003286
49.65	1.0123809517160276
49.75	NaN
49.85	1.0127840153597252
49.95	1.0160614425999952
50.050000000000004	1.0162517703017349
50.15	1.0156757900069446
50.25	1.0149050708837344
50.35	1.0142765990325928
50.45	1.0145721316870306
50.550000000000004	1.0160434079644858
50.65	1.0144593716781674
50.75	1.0147465455752924
50.85	1.013154371770498
50.95	1.0135568243854234
51.050000000000004	1.0116965415364554
51.15	1.009848743292242
51.25	1.0111518119822474
51.35	1.005463791185732
51.45	1.0061247642518814
51.550000000000004	1.0043779686765133
51.65	1.0046413370588057
51.75	0.9999149443524603
51.85	1.0004508432827441
51.95	0.9994100784461595
52.050000000000004	0.9980650926539932
52.15	NaN
52.25	0.9967613446779244
52.35	0.9921702751786667
52.45	0.9913430429853878
52.550000000000004	0.9928817198505668
52.65	0.9892716393959429
52.75	0.9897175324355056
52.85	0.9891673475706688
52.95	0.9869807864580028
53.050000000000004	0.9845556714562878
53.15	0.9858028192094515
53.25	0.9868417146448332
53.35	0.9860116672729934
53.45	0.9849418918482867
53.550000000000004	0.9850520238796668
53.65	0.985097338776439
53.75	0.9880324600250722
53.85	0.9883514794744079
53.95	0.9883311603244401
54.050000000000004	0.9888805916969174
54.15	0.9889632719674141
54.25	0.9914545281168995
54.35	0.9901708386780762
54.45	0.9925445617842816
54.550000000000004	NaN
54.65	0.9940627150497843
54.75	0.9942407505897367
54.85	0.9993554350045829
54.95	0.9997041624254571
55.050000000000004	0.9973298214364301
55.15	1.0010964647128455
55.25	1.000495430909701
55.35	1.0052460662630458
55.45	1.0053440535370817
55.550000000000004	1.005041700152099
55.65	NaN
55.75	1.009322772444668
55.85	1.0083783076751973
55.95	1.010193979030269
56.050000000000004	1.0112251324427886
56.15	1.0105573297511712
56.25	1.0143120575105375
56.35	1.0114656731261207
56.45	1.012118122640592
56.550000000000004	1.0119602194077941
56.65	1.0126700654036755
56.75	1.0108717838623351
56.85	1.0135480744608432
56.95	1.0126566826599828
57.050000000000004	1.0109517540329198
57.15	1.0093150524375278
57.25	1.0107167546940916
57.35	1.0092579247989133
57.45	1.007880940476266
57.550000000000004	NaN
57.65	1.0074393239799462
57.75	1.006085835307457
57.85	1.0037258488173162
57.95	1.0027440667393044
58.050000000000004	NaN
58.15	1.0015062456842725
58.25	1.000551466629262
58.35	0.9960134485129253
58.45	0.9959723603282329
58.550000000000004	0.9950472821103405
58.65	0.9953352996154821
58.75	NaN
58.85	0.9922386306228327
58.95	0.9921616433507288
59.050000000000004	0.9906584716919757
59.15	0.9915839975828847
59.25	0.9902978211638289
59.35	0.9889309794468842
59.45	0.9874901863208964
59.550000000000004	0.9899799966299803
59.65	NaN
59.75	0.9877183585471951
59.85	0.9876924038339935
59.95	0.9904203603090262
60.050000000000004	0.9903779006579772
60.15	0.9916316207505947
60.25	0.9892984474183031
60.35	NaN
60.45	0.9903354514709124
60.550000000000004	0.9931527460875943
60.65	0.9926429618412135
60.75	0.9960890855038921
60.85	NaN
60.95	0.9959546234921574
61.050000000000004	0.9960396186797146
61.15	0.9976525047308356
61.25	1.0000201793895436
61.35	0.9989884794447831
61.45	1.0017253194529472
61.550000000000004	1.0022875874290087
61.65	1.0023476260995334
61.75	1.0033821469104345
61.85	1.0052045157893241
61.95	NaN
62.050000000000004	1.0061112119436701
62.15	1.009194145279861
62.25	1.0083228002075357
62.35	1.0096132335197887
62.45	NaN
62.550000000000004	1.0079980707904554
62.65	NaN
62.75	NaN
62.85	1.0105975100477955
62.95	1.0109052012357267
63.050000000000004	1.0097724444365963
63.15	1.0084223719726937
63.25	1.009065802706115
63.35	1.0094910769067913
63.45	1.0087949778052758
63.550000000000004	1.007949525723346
63.65	NaN
63.75	1.0056696749566012
63.85	NaN
63.95	1.0060873269934714
64.05	1.003176470230031
64.14999999999999	1.0010573023202274
64.25	1.0038045907583106
64.35	NaN
64.44999999999999	1.0021129795782324
64.55	0.9991347179190927
64.64999999999999	0.9982723480707506
64.75	0.9990603196623288
64.85	0.994666510828326
64.94999999999999	0.9972158967515311
65.05	0.9959880991326111
65.14999999999999	NaN
65.25	0.993238713715041
65.35	0.9927459407720557
65.44999999999999	0.9902430491621845
65.55	0.9924165942544662
65.64999999999999	NaN
65.75	0.989339848661731
65.85	0.9898679754824626
65.94999999999999	NaN
66.05	NaN
66.14999999999999	0.9908458713541424
66.25	0.9918221711612543
66.35	0.9934227285840487
66.44999999999999	0.9902603552950372
66.55	NaN
66.64999999999999	0.9933664615176343
66.75	0.9950161584032938
66.85	NaN
66.94999999999999	NaN
67.05	NaN
67.14999999999999	NaN
67.25	0.9977986203250487
67.35	NaN
67.44999999999999	NaN
67.55	0.9990120385522377
67.64999999999999	1.0001837731681116
67.75	1.0016062612378636
67.85	1.001162425779477
67.94999999999999	NaN
68.05	1.0055634709122112
68.14999999999999	1.0044038250471943
68.25	1.0054955102782859
68.35	1.004695934726182
68.44999999999999	1.0071487683299447
68.55	1.0067049008734699
68.64999999999999	NaN
68.75	1.007575766160516
68.85	1.0083498612645774
68.94999999999999	1.0085321225957609
69.05	NaN
69.14999999999999	1.0083284122591447
69.25	NaN
69.35	1.00789285429551
69.44999999999999	1.0085051474567246
69.55	1.0076722517051686
69.64999999999999	1.0070700187970538
69.75	1.0069057661540668
69.85	1.0067925305959669
69.94999999999999	1.0050571020483239
70.05	NaN
70.14999999999999	1.0046217368636714
70.25	1.0047580971071317
70.35	1.0022647251051895
70.44999999999999	1.002007419269064
70.55	1.0033784853788705
70.64999999999999	1.0000527268622073
70.75	1.0007307296124965
70.85	0.9982333528062803
70.94999999999999	0.9973478785831221
71.05	0.9970494302836614
71.14999999999999	NaN
71.25	0.9959882090970946
71.35	NaN
71.44999999999999	0.9963901952722695
71.55	0.9935368290463589
71.64999999999999	0.9933789705304676
71.75	0.994737910782358
71.85	NaN
71.94999999999999	NaN
72.05	0.9922414397950848
72.14999999999999	NaN
72.25	0.9925521514183265
72.35	0.9916590026755617
72.44999999999999	NaN
72.55	NaN
72.64999999999999	0.9939619638222233
72.75	0.9937438895053992
72.85	0.9927231146256931
72.94999999999999	NaN
73.05	0.9949396631625784
73.14999999999999	0.9944108647552926
73.25	0.995581061008557
73.35	0.9960369588166036
73.44999999999999	0.9974218342569979
73.55	0.9973429137739194
73.64999999999999	0.9986041910906461
73.75	0.9978617488089573
73.85	0.9997859749652618
73.94999999999999	NaN
74.05	NaN
74.14999999999999	1.0008845425166755
74.25	1.0017779400457647
74.35	1.0022343278060464
74.44999999999999	1.0028594412939411
74.55	1.0046116980818922
74.64999999999999	NaN
74.75	NaN
74.85	1.0054075507485973
74.94999999999999	1.0068174543665205
75.05	1.0058331783641663
75.14999999999999	1.0063028661431945
75.25	1.0070832044615765
75.35	1.0077283125637229
75.44999999999999	1.0065712277619971
75.55	1.0073053931308766
75.64999999999999	1.006169530694564
75.75	NaN
75.85	1.0073824905719246
75.94999999999999	NaN
76.05	1.0083742666280278
76.14999999999999	1.0060763243183233
76.25	1.005157490817809
76.35	1.0037572234507854
76.44999999999999	NaN
76.55	1.004779805019623
76.64999999999999	1.0026411426796444
76.75	NaN
76.85	1.0006753150250522
76.95	0.9993940362284085
77.05	0.9997066527666184
77.14999999999999	0.9988806985184309
77.25	NaN
77.35	NaN
77.45	NaN
77.55	0.9966575783164101
77.64999999999999	NaN
77.75	0.9927051915552658
77.85	0.9956362876671618
77.95	NaN
78.05	0.9941709210245576
78.14999999999999	NaN
78.25	0.9936473896163107
78.35	0.9932342682071833
78.45	NaN
78.55	NaN
78.64999999999999	NaN
78.75	0.9930153178212168
78.85	0.9933482097943557
78.95	0.9920623969203336
79.05	NaN
79.14999999999999	NaN
79.25	0.9950300148183437
79.35	0.9951637048696883
79.45	NaN
79.55	0.9961075947799578
79.64999999999999	NaN
79.75	0.9966150708029115
79.85	0.9987660710160667
