0.15	0.01913514849700991
0.25	0.01896300639603744
0.35	0.018485634649554345
0.45	0.019185433410226296
0.55	0.019251422075466824
0.65	0.019574054769286784
0.7500000000000001	0.01972222358624268
0.85	0.019926389718079057
0.95	0.020069266778630565
1.05	0.020435339943568005
1.15	0.020860085797981057
1.25	0.021235005863307257
1.35	0.02160332987600085
1.45	0.022041199079198596
1.55	0.022648196645195046
1.65	0.023016451164045857
1.75	0.023671136172428407
1.85	0.024275561495644873
1.95	0.025076670820119256
2.05	0.025671969519850162
2.15	0.02658370987019808
2.25	0.027634009427062865
2.35	0.028629090585285993
2.45	0.02963995931132105
2.5500000000000003	0.030731489872162163
2.65	0.03198207714969525
2.75	0.03329743299556262
2.85	0.034887912434444134
2.95	0.03668182856175675
3.0500000000000003	0.038276108788013435
3.15	0.04030521754638368
3.25	0.04250645251633784
3.35	0.045067864806728086
3.45	0.04753163932206285
3.5500000000000003	0.05051069621973277
3.65	0.053834816508361125
3.75	0.0574736914548086
3.85	0.06079924599029028
3.95	0.06589497475224222
4.05	0.07091216077946745
4.1499999999999995	0.07648113599320236
4.25	0.08230400392740332
4.35	0.08995320943744262
4.449999999999999	0.09745569910990959
4.55	0.10647940470675533
4.6499999999999995	0.11665886524872968
4.75	0.12895175780246648
4.85	0.14332576224055135
4.95	0.15963366433668813
5.05	0.1773156220554141
5.1499999999999995	0.19997912713301622
5.25	0.22445707635896167
5.35	0.25506958317349127
5.45	0.2917014584507076
5.55	0.33544225507305536
5.6499999999999995	0.3875346340667686
5.75	0.45281230189691707
5.85	0.5302865429998933
5.95	0.6263987949673538
6.05	0.7466183384386387
6.1499999999999995	0.9008465437625702
6.25	1.083394380423356
6.35	1.302750531035124
6.45	1.5790402801126924
6.55	1.8889178778441713
6.6499999999999995	2.222089633444206
6.75	2.5376225340112857
6.85	2.7896573527147406
6.95	2.9219057914626374
7.05	2.913872742997744
7.1499999999999995	2.773979912739863
7.25	2.550322248073823
7.35	2.292191714527642
7.45	2.041799715483406
7.55	1.8156055961892892
7.6499999999999995	1.6038614936879267
7.75	1.4342169342430946
7.85	1.2842856462667476
7.95	1.1594453650238792
8.05	1.0596579915976552
8.15	0.9745321054947611
8.25	0.9009199765795876
8.350000000000001	0.8381012635001003
8.450000000000001	0.7869619864637484
8.55	0.7438850428513999
8.65	0.7076340166721662
8.75	0.6777306181274819
8.850000000000001	0.6519345242284064
8.950000000000001	0.6295911501904908
9.05	0.6116393677953982
9.15	0.5981453471846733
9.25	0.5864868833888541
9.350000000000001	0.5789597905949319
9.450000000000001	0.572505280827271
9.55	0.5689784658699829
9.65	0.5671342996106722
9.750000000000002	0.569145003312659
9.85	0.5719512673952051
9.95	0.5774131416453007
10.049999999999999	0.5841719007093416
10.149999999999999	0.5951169679171533
10.25	0.6045490010551228
10.35	0.6199398602767714
10.45	0.6344495449917266
10.549999999999999	0.6528268226840136
10.649999999999999	0.6729763357192976
10.75	0.6948680054230818
10.85	0.7202296071640064
10.95	0.7471901132945246
11.049999999999999	0.777862022964276
11.149999999999999	0.8116831008891295
11.25	0.845410422122439
11.35	0.8837379233625317
11.45	0.9200024786878028
11.549999999999999	0.9618927907707536
11.649999999999999	1.0035697937461738
11.75	1.0446858655356632
11.85	1.0870010112050403
11.95	1.126413801313108
12.049999999999999	1.1634318675890447
12.149999999999999	1.2013103719114557
12.25	1.2325904816900313
12.35	1.2608359571176562
12.45	1.2848249496163695
12.549999999999999	1.3048666869624368
12.649999999999999	1.319365714158885
12.75	1.329731831974425
12.85	1.340919243379397
12.95	1.3384774428216648
13.049999999999999	1.3392933014266781
13.149999999999999	1.335614144875131
13.25	1.3267398693603552
13.35	1.3179700507844148
13.45	1.3017099771617013
13.549999999999999	1.2853213060540614
13.649999999999999	1.26537919664494
13.75	1.2432478191251282
13.85	1.2168284392570206
13.95	1.1890677618151893
14.049999999999999	1.1606034024749514
14.149999999999999	1.1281690784798024
14.25	1.097987882348588
14.35	1.0655593547078877
14.45	1.0348996810470845
14.549999999999999	1.0027005083652718
14.649999999999999	0.9725829240223959
14.75	0.947806720856441
14.85	0.9207348263018612
14.95	0.8971011480310628
15.049999999999999	0.8755772031882549
15.149999999999999	0.8584936473088344
15.25	0.8410955987823469
15.35	0.8264686792300667
15.45	0.813821497657505
15.549999999999999	0.8033331984155789
15.649999999999999	0.7961905332244132
15.75	0.790639744854655
15.85	0.7851248005190076
15.95	0.7823864893936741
16.05	0.781490699782074
16.15	0.7845337635828188
16.25	0.7867974771749198
16.349999999999998	0.7893864807975298
16.45	0.7986833425081792
16.55	0.8043184888171545
16.65	0.8147783721109717
16.75	0.8261297456075121
16.849999999999998	0.8411780239192738
16.95	0.8529257826719777
17.05	0.86955266982129
17.15	0.8837864378168775
17.25	0.9053742224850463
17.349999999999998	0.9232618343047457
17.45	0.9435376440219271
17.55	0.9629895644296763
17.65	0.9840292728303291
17.75	1.0044736316986456
17.849999999999998	1.027442409934997
17.95	1.0463237653655941
18.05	1.0682408169062712
18.15	1.0852932545766911
18.25	1.1052522034935386
18.349999999999998	1.120713005073484
18.45	1.135197682864306
18.55	1.1467757715646036
18.65	1.1561788601304284
18.75	1.1657921853985451
18.849999999999998	1.1733364497705583
18.95	1.1731978314980829
19.05	1.1772490766468995
19.15	1.176477400178192
19.25	1.1714309387185358
19.35	1.1678094334761724
19.45	1.1602224783032953
19.55	1.1519581496467985
19.65	1.1432360581544068
19.75	1.1312594797766444
19.85	1.1203627396065288
19.95	1.108308989217232
20.05	1.0946911036112177
20.15	1.0800572835512299
20.25	1.0668583524353656
20.35	1.0523173668940258
20.45	1.0387790427989008
20.55	1.02388346857808
20.65	1.0096956210402614
20.75	0.997927747895027
20.85	0.9835976456319163
20.95	0.9704558775580905
21.05	0.9575809509488298
21.15	0.9493477024303618
21.25	0.9373360795999304
21.35	0.9254362722835301
21.45	0.9180311101246003
21.55	0.9091901107681983
21.65	0.9027274458268422
21.75	0.895388896117856
21.85	0.8902984097737204
21.95	0.8847946429629191
22.05	0.8829722817865725
22.15	0.8813822129429613
22.25	0.879644521155621
22.35	0.8805690296509058
22.45	0.8815916430066051
22.55	0.8837421078122578
22.65	0.8863620029265741
22.75	0.8902054578417855
22.85	0.8978887325823247
22.95	NaN
23.05	0.90972389585866
23.15	0.9184565953480605
23.25	0.9274419301258747
23.35	0.9334512463335876
23.45	0.9461720722765536
23.55	0.9589620939581234
23.65	0.9671170199683906
23.75	0.9792228515067273
23.85	0.9901345565385308
23.95	1.0014253929772068
24.05	1.0162666175715478
24.15	1.0272295669414049
24.25	1.039547947454044
24.35	1.0461632120062982
24.45	1.0576550099605329
24.55	1.0684928410661174
24.65	1.0759840676018744
24.75	1.0850045428748898
24.85	1.0901128059471819
24.95	1.0953995398502647
25.05	1.0977777291953144
25.15	1.1035588168456767
25.25	1.1049321326510206
25.35	1.1061006873251507
25.45	1.1020881080890927
25.55	1.1026960945953599
25.65	1.097944002048414
25.75	1.0942671007134055
25.85	1.0898651018497179
25.95	1.0822456763486816
26.05	1.076308087872193
26.15	1.0682052932630854
26.25	1.0601329773007626
26.35	1.0471842348339868
26.45	1.0448911804703616
26.55	1.0329508128438776
26.65	1.0247708726183857
26.75	1.015347539330641
26.85	1.0074419122859295
26.95	0.9997701683803288
27.05	0.9907957985504646
27.15	0.9806895123424699
27.25	0.9738988777214677
27.35	0.9658903217686583
27.45	0.9592284267415593
27.55	0.9556228754712949
27.65	0.9493059008171225
27.75	0.9425551640493938
27.85	0.940430139518023
27.95	0.9341244252313519
28.05	0.9315728036039526
28.15	0.9266322527315448
28.25	0.9263716033860744
28.35	0.9228540580152683
28.45	0.9249253687553274
28.55	0.9244708202773141
28.65	0.9268546556818151
28.75	0.9268029104038251
28.85	0.9284406719628061
28.95	0.9307116552827273
29.05	0.9342142496096609
29.15	0.9376321165195055
29.25	0.941968332095161
29.35	0.9470690797656424
29.45	0.9531580949267302
29.55	0.9575301558289205
29.65	0.96415362343597
29.75	0.9707413714952037
29.85	0.9777295961091483
29.95	0.9869359404624157
30.05	0.9933202236644622
30.15	1.00097423536301
30.25	1.0071703801691128
30.35	1.0147882213485655
30.45	1.0200933206978515
30.55	1.0277399071695592
30.65	1.0360037297900178
30.75	1.040888299796961
30.85	1.0425330249403248
30.95	1.0528099802766506
31.05	1.0581429716209787
31.15	1.05989721163333
31.25	1.0624676646401991
31.35	1.065488833702242
31.45	1.0663187757594534
31.55	1.0677877840277876
31.65	1.0686848981374666
31.75	1.066534871089829
31.85	1.0651777001983427
31.95	1.0644104645594565
32.05	1.0616171133777526
32.15	1.0564580064468982
32.25	1.0544887195384818
32.35	1.048821270770959
32.45	1.0434044777798221
32.55	1.037133513443043
32.65	1.034822906495969
32.75	1.0280765062540174
32.85	1.0206139081340908
32.95	1.0128755099879074
33.05	1.0100949485054147
33.15	1.000079055969529
33.25	0.9959501773176028
33.35	0.9901281437309082
33.45	0.9859753942635917
33.55	0.9790026647427735
33.65	0.974605368546161
33.75	0.9699870321990002
33.85	0.9665201218770687
33.95	0.9586733090088535
34.05	0.9588101035683358
34.15	0.9558597858231971
34.25	0.9514510913900163
34.35	0.9492148072967781
34.45	0.9496413725235799
34.55	0.9497266550531123
34.65	0.9490324110698691
34.75	0.946101895321908
34.85	0.9459358681962786
34.95	0.9484246489561081
35.05	0.949745876417096
35.15	0.9517863130509087
35.25	0.9547541052551545
35.35	0.9579518923017959
35.45	0.9573429858350878
35.55	0.9632877786612662
35.65	0.9667593918110057
35.75	0.9693668821083283
35.85	0.9746942877243142
35.95	0.9795060182388612
36.05	0.9836821508831911
36.15	0.9888070503816556
36.25	0.9943812153276547
36.35	1.000494737207756
36.45	1.0037552375608916
36.55	NaN
36.65	1.0138378801396022
36.75	1.0187150511016987
36.85	1.028268134178922
36.95	1.028863340307456
37.05	1.030854145118276
37.15	1.0354918009288163
37.25	1.0365158224332855
37.35	1.040330467797063
37.45	1.0425565068217408
37.55	1.0434080710433955
37.65	NaN
37.75	1.0452150992552074
37.85	1.047261554350304
37.95	1.0467772387457246
38.05	1.0464043204041622
38.15	1.047775159307009
38.25	1.0434561861010525
38.35	1.0381763942364912
38.45	1.0409023287271728
38.550000000000004	1.0364632296132534
38.65	1.0323994022624532
38.75	1.0291029381993888
38.85	1.0256691043556125
38.95	1.0215544652992206
39.050000000000004	1.0181363452729713
39.15	NaN
39.25	NaN
39.35	NaN
39.45	NaN
39.550000000000004	0.9948393533513795
39.65	0.9919506881410864
39.75	0.9890878019467935
39.85	0.9838257393997815
39.95	0.9800553249374591
40.050000000000004	0.9748659137849823
40.15	NaN
40.25	0.9716364865073149
40.35	0.9681240915373927
40.45	0.9665392760876684
40.550000000000004	0.9647884332857998
40.65	0.9629865107285417
40.75	0.9622674615978976
40.85	0.9608421403857763
40.95	0.9602348701911381
41.050000000000004	0.9604221103021818
41.15	0.9614876078882099
41.25	0.9609844775947063
41.35	0.9631882819680764
41.45	0.963748697042635
41.550000000000004	NaN
41.65	0.9674619098173742
41.75	0.9730577641205448
41.85	0.9747159000247032
41.95	0.977657438658694
42.050000000000004	0.9798380208087542
42.15	NaN
42.25	0.9859719237371478
42.35	0.9916552062995285
42.45	0.9936194897825793
42.550000000000004	0.9972434538078857
42.65	1.000077461882401
42.75	1.0048544886353692
42.85	1.0079411574514892
42.95	1.0135636871743716
43.050000000000004	1.01564949043398
43.15	1.020212944560054
43.25	1.0214390997254994
43.35	1.0243446770260052
43.45	1.0306161992911158
43.550000000000004	1.0297224001215401
43.65	NaN
43.75	1.0308168545888803
43.85	1.033303901755433
43.95	1.034678912870911
44.050000000000004	1.0351344978659587
44.15	1.0327960769921642
44.25	NaN
44.35	1.0336176223011457
44.45	1.032269898137321
44.550000000000004	1.0328285644219217
44.65	1.0295392587878793
44.75	1.0264804290144438
44.85	1.0249478531068767
44.95	1.0226753936581552
45.050000000000004	1.0185848963394857
45.15	1.0177507109697597
45.25	1.0150344719838995
45.35	NaN
45.45	1.0074624813685684
45.550000000000004	1.0057784559345446
45.65	NaN
45.75	0.9987983177577056
45.85	0.9958090466148801
45.95	0.9931143890804269
46.050000000000004	0.9887643464149255
46.15	0.9870653057206706
46.25	0.9820227510450836
46.35	0.9779956174165038
46.45	0.979338889732168
46.550000000000004	0.977475010384418
46.65	NaN
46.75	0.9741219155296654
46.85	0.9739440011775651
46.95	0.9726742493836172
47.050000000000004	0.9710297425555843
47.15	0.9715603557986834
47.25	0.9719199198627148
47.35	0.9738598014639442
47.45	0.9720190634210131
47.550000000000004	0.9691093288308728
47.65	0.9731125124377694
47.75	0.9741361229450749
47.85	0.9757427775233771
47.95	0.9764445826287679
48.050000000000004	0.9789778655565609
48.15	0.9845632680649439
48.25	0.983638911471522
48.35	0.9860290278535824
48.45	0.9887806289363321
48.550000000000004	0.991657993326964
48.65	0.9941076718316038
48.75	0.9962869989547563
48.85	1.0000767696020252
48.95	1.002248191695017
49.050000000000004	1.00349820861089
49.15	NaN
49.25	1.0106113464205257
49.35	1.0134915319401157
49.45	1.015111325191243
49.550000000000004	1.0167746111722156
49.65	1.019118025476948
49.75	1.0233104759002685
49.85	1.0224059221120818
49.95	1.025484155591413
50.050000000000004	1.0259107529920888
50.15	1.0236509190795673
50.25	1.025340816790813
50.35	1.0276029050107263
50.45	1.0229106733977908
50.550000000000004	1.026463335200537
50.65	1.0272639259282526
50.75	1.0248784161649203
50.85	1.0236039011113847
50.95	NaN
51.050000000000004	1.0204956562432979
51.15	1.0183250199509375
51.25	1.0172002416653283
51.35	1.0150292981342977
51.45	1.0125568869548978
51.550000000000004	NaN
51.65	1.0081657276387515
51.75	1.0051676995340082
51.85	1.003466721765716
51.95	1.0018236634480375
52.050000000000004	NaN
52.15	0.9949407442779126
52.25	0.9933061274186579
52.35	0.9910888702101053
52.45	0.9918041049437015
52.550000000000004	0.9879239433053644
52.65	0.9867259463044964
52.75	0.9839741421236164
52.85	0.981538101237893
52.95	NaN
53.050000000000004	0.9807958692110119
53.15	NaN
53.25	0.9776251303279556
53.35	0.9766463638673306
53.45	0.9755595780421192
53.550000000000004	NaN
53.65	0.9772909772810856
53.75	NaN
53.85	0.9780527726937072
53.95	0.9772439031662509
54.050000000000004	NaN
54.15	0.9812011651849325
54.25	NaN
54.35	0.9841389769927894
54.45	0.9852460535319058
54.550000000000004	NaN
54.65	0.9896676566144683
54.75	0.9959540086611314
54.85	0.9937359481181991
54.95	0.9942532308933212
55.050000000000004	0.9980972713237908
55.15	0.9995953819955767
55.25	1.0013955521346163
55.35	1.0025907351477688
55.45	1.0074317087350366
55.550000000000004	1.0100342600433598
55.65	1.0115188214570436
55.75	1.0140015955860275
55.85	1.0133077700921829
55.95	1.0155067817638896
56.050000000000004	1.0130803951602778
56.15	1.0161564223477955
56.25	1.0166934913382164
56.35	1.020613995590229
56.45	1.0201727392085191
56.550000000000004	1.0214356507202682
56.65	1.020775069842079
56.75	NaN
56.85	1.0208844521379892
56.95	1.019347894183037
57.050000000000004	1.0199699331094052
57.15	1.0196625499210528
57.25	1.0150442365310868
57.35	NaN
57.45	1.0143608084008644
57.550000000000004	1.0131360855456562
57.65	1.0120563340187871
57.75	1.0084662346568654
57.85	1.0058647794937512
57.95	1.0052508916103122
58.050000000000004	1.0048805498558084
58.15	1.0035554346499371
58.25	1.000891841036782
58.35	0.9960679813170059
58.45	NaN
58.550000000000004	0.9937982832639916
58.65	0.9914121690990539
58.75	NaN
58.85	0.9892288712791976
58.95	NaN
59.050000000000004	0.987399905986919
59.15	0.9853540654759867
59.25	0.9834949583665938
59.35	0.9822511233809705
59.45	0.9831378175051125
59.550000000000004	0.9832724080238835
59.65	0.9807826537724912
59.75	0.9816227001789042
59.85	NaN
59.95	0.9813274841435695
60.050000000000004	NaN
60.15	0.9819175672285586
60.25	0.9838271461086309
60.35	NaN
60.45	0.985575708823386
60.550000000000004	0.9857284079829488
60.65	0.9875256648193338
60.75	0.9889008580033558
60.85	0.9885502399626099
60.95	0.9917210389183776
61.050000000000004	0.9935624925859676
61.15	0.9968194018111506
61.25	0.9974672989035348
61.35	0.9964017974797903
61.45	1.0007750479626414
61.550000000000004	NaN
61.65	1.0036347228058362
61.75	NaN
61.85	NaN
61.95	1.0079598973479034
62.050000000000004	1.0108221678454041
62.15	1.0134114712229885
62.25	1.0107915947399053
62.35	1.0137125357437462
62.45	1.0145708013545822
62.550000000000004	1.0160137216504759
62.65	1.0151124617726657
62.75	1.0179164328091164
62.85	1.0177469339003737
62.95	1.0167249683282138
63.050000000000004	1.0177978789827988
63.15	1.0156016658570166
63.25	NaN
63.35	1.0157318123717638
63.45	1.0129634260537852
63.550000000000004	1.0129574824147067
63.65	1.0094200457425901
63.75	1.0106320112882294
63.85	1.011147146305403
63.95	1.0080526650611406
64.05	1.006534044922416
64.14999999999999	1.0051798163907706
64.25	1.0049065917889024
64.35	0.9988816620813841
64.44999999999999	1.0011447907556423
64.55	0.9998925736720454
64.64999999999999	0.9980686289548305
64.75	0.9994520571704583
64.85	0.9971320275196546
64.94999999999999	0.9944560161660554
65.05	0.99015399875565
65.14999999999999	0.990956705727843
65.25	NaN
65.35	0.9877292452196571
65.44999999999999	NaN
65.55	0.9874634264404614
65.64999999999999	0.9842818074539597
65.75	0.9867736642102429
65.85	0.9848923969231858
65.94999999999999	0.9852666670552227
66.05	NaN
66.14999999999999	0.9844738478964062
66.25	0.9845388862724089
66.35	0.9849542500636158
66.44999999999999	0.9838416025009087
66.55	0.9861011036431652
66.64999999999999	NaN
66.75	0.988005133733482
66.85	NaN
66.94999999999999	NaN
67.05	0.990730810440119
67.14999999999999	0.992101776313557
67.25	0.9940756146156208
67.35	0.9955052451499278
67.44999999999999	0.997021422708301
67.55	0.9964886883758365
67.64999999999999	NaN
67.75	NaN
67.85	1.004169181394066
67.94999999999999	1.0031937725162585
68.05	1.0048938358723285
68.14999999999999	1.0062758143196688
68.25	NaN
68.35	1.0089997557722572
68.44999999999999	1.0094358565223074
68.55	1.0110683700905054
68.64999999999999	NaN
68.75	1.0124950939805406
68.85	1.0114928225361262
68.94999999999999	1.014140091613116
69.05	1.013426936599498
69.14999999999999	1.011249057134584
69.25	1.016575336939488
69.35	1.0124459105367092
69.44999999999999	NaN
69.55	1.0139840818034314
69.64999999999999	1.0134040476818709
69.75	NaN
69.85	1.0115185439900514
69.94999999999999	NaN
70.05	1.008166039479202
70.14999999999999	1.008218004949866
70.25	NaN
70.35	1.0053855413609223
70.44999999999999	NaN
70.55	1.0031130544493085
70.64999999999999	0.9994500670395602
70.75	1.001819988692095
70.85	0.9967133947346731
70.94999999999999	0.9996777106981602
71.05	0.9960461996168172
71.14999999999999	0.9959701806995737
71.25	NaN
71.35	0.9935001516121608
71.44999999999999	0.9905767454741683
71.55	0.9920021968883718
71.64999999999999	0.9891932051023966
71.75	0.9882700879771716
71.85	0.9882287776755777
71.94999999999999	0.9876423793857647
72.05	NaN
72.14999999999999	NaN
72.25	NaN
72.35	NaN
72.44999999999999	0.9864777079317607
72.55	0.9892527066226239
72.64999999999999	0.988051709867324
72.75	NaN
72.85	0.9893049710636252
72.94999999999999	0.9898714207738747
73.05	0.9898231743980911
73.14999999999999	0.9911426004543608
73.25	0.9920716788346317
73.35	0.9927931005796865
73.44999999999999	NaN
73.55	0.9947226887573886
73.64999999999999	NaN
73.75	NaN
73.85	0.9988446420638757
73.94999999999999	1.0013863907967453
74.05	1.001295033601351
74.14999999999999	1.0003582775098772
74.25	1.005682747602837
74.35	1.0051605731520838
74.44999999999999	1.0054752878850788
74.55	1.0056388378428975
74.64999999999999	1.009071649219677
74.75	1.0090128992090073
74.85	1.0094152131937026
74.94999999999999	1.0100093082985537
75.05	1.0114564853347958
75.14999999999999	1.011206913345908
75.25	NaN
75.35	NaN
75.44999999999999	NaN
75.55	1.0112309325272597
75.64999999999999	NaN
75.75	NaN
75.85	1.0118365188004839
75.94999999999999	1.0114848250113273
76.05	1.0103000317452475
76.14999999999999	1.0090410657563147
76.25	NaN
76.35	1.0075766684998908
76.44999999999999	NaN
76.55	1.0053907051259596
76.64999999999999	1.0051956521937313
76.75	NaN
76.85	NaN
76.95	NaN
77.05	NaN
77.14999999999999	0.9988720194562385
77.25	0.9975978415897008
77.35	0.9972996682853218
77.45	0.9953946622161212
77.55	0.9956672150998279
77.64999999999999	0.9934264008149564
77.75	0.9948501769302727
77.85	0.992552831934988
77.95	0.992001730018299
78.05	0.9894693338600505
78.14999999999999	0.9899494453775465
78.25	0.9912673390074049
78.35	0.9896075200844207
78.45	NaN
78.55	NaN
78.64999999999999	0.9918231573755704
78.75	0.9887822912497171
78.85	NaN
78.95	0.9889827375480095
79.05	NaN
79.14999999999999	NaN
79.25	0.9907300341464949
79.35	NaN
79.45	0.9895772531011868
79.55	0.993881081153822
79.64999999999999	NaN
79.75	0.9951619694534731
79.85	0.9959005964978801
