0.15	0.019248193864834607
0.25	0.01913151313856461
0.35	0.018953995407362804
0.45	0.019130590133374984
0.55	0.019182776751686097
0.65	0.019633420144743712
0.7500000000000001	0.019554998079383847
0.85	0.0199903656417298
0.95	0.020187811433464296
1.05	0.020506531937583145
1.15	0.020798931109325475
1.25	0.021209713669047378
1.35	0.021546512615479737
1.45	0.022056570894923234
1.55	0.022646610390975187
1.65	0.023039200916448895
1.75	0.023701416480150027
1.85	0.024249566710026697
1.95	0.025129870876449283
2.05	0.025751692433793667
2.15	0.026657152334958138
2.25	0.02760765352085216
2.35	0.028637206314690297
2.45	0.029565794445951296
2.5500000000000003	0.0306809477968161
2.65	0.03192415330193231
2.75	0.03345674828511478
2.85	0.0349431865218999
2.95	0.03668633163062114
3.0500000000000003	0.03832868625916965
3.15	0.04034377960882569
3.25	0.04248063472298968
3.35	0.04502624255941137
3.45	0.04754127990345574
3.5500000000000003	0.050546687022282155
3.65	0.053780146085839836
3.75	0.057431325226194846
3.85	0.06089307879437027
3.95	0.06584123551430343
4.05	0.07079138159587467
4.1499999999999995	0.0763634677916271
4.25	0.08248747979261302
4.35	0.08998766628719496
4.449999999999999	0.09775319243653198
4.55	0.10674828645267141
4.6499999999999995	0.11661935374779141
4.75	0.12894190846622042
4.85	0.1428686199223762
4.95	0.1592239886209403
5.05	0.1771980677710931
5.1499999999999995	0.19976711290451865
5.25	0.2241393734197992
5.35	0.2550961526077516
5.45	0.2921254007142215
5.55	0.3361451277979
5.6499999999999995	0.38847977574669595
5.75	0.4533427277323075
5.85	0.5300359439131818
5.95	0.6247327701865345
6.05	0.7473620240408015
6.1499999999999995	0.8996268083946133
6.25	1.0835095465217666
6.35	1.301503382052981
6.45	1.5774987512823202
6.55	1.887431581420546
6.6499999999999995	2.2250040024494733
6.75	2.5407423465015886
6.85	2.7940298605297
6.95	2.927499543925698
7.05	2.908398506930102
7.1499999999999995	2.7700108630833746
7.25	2.5541554256519845
7.35	2.2922711477780244
7.45	2.043468659565578
7.55	1.8160697965571273
7.6499999999999995	1.6046871047188078
7.75	1.431445138538114
7.85	1.281593675396221
7.95	1.160815067139212
8.05	1.0599748766968256
8.15	0.9737249274491666
8.25	0.8986247293176038
8.350000000000001	0.8379584365824281
8.450000000000001	0.788383473137414
8.55	0.7436582862794142
8.65	0.7066844731227911
8.75	0.6763873510389816
8.850000000000001	0.6517754834853249
8.950000000000001	0.629536971830089
9.05	0.6129425739770364
9.15	0.5973507418633764
9.25	0.5864975167534361
9.350000000000001	0.5790845498505256
9.450000000000001	0.573654142847703
9.55	0.5697222671663623
9.65	0.5687814488602047
9.750000000000002	0.5695497845183091
9.85	0.572887390984883
9.95	0.5773683678705899
10.049999999999999	0.5851020491129661
10.149999999999999	0.5938306290457938
10.25	0.6042822123655084
10.35	0.6188684359001516
10.45	0.6353591784601172
10.549999999999999	0.651599946925914
10.649999999999999	0.6717097539003171
10.75	0.6954204732797902
10.85	0.7197997150017375
10.95	0.7480672395172603
11.049999999999999	0.7769542650940718
11.149999999999999	0.8095678893687484
11.25	0.8447067256541952
11.35	0.881143121857181
11.45	0.9210381033022761
11.549999999999999	0.9627159007822117
11.649999999999999	1.0019040384397178
11.75	1.0444153181231801
11.85	1.0840705327571765
11.95	1.1263637494844554
12.049999999999999	1.1641331161982682
12.149999999999999	1.2013040772116
12.25	1.2317508294754218
12.35	1.2593486311466144
12.45	1.2839745869210417
12.549999999999999	1.3033873096869082
12.649999999999999	1.3196687164945595
12.75	1.3285728724429617
12.85	1.3356027327228535
12.95	1.3405703903294435
13.049999999999999	1.3378155523150774
13.149999999999999	1.3357193883249925
13.25	1.3273957150504003
13.35	1.3160320669338912
13.45	1.3016996306477986
13.549999999999999	1.2906963852672777
13.649999999999999	1.264041032797939
13.75	1.2440466925076978
13.85	1.214525037018732
13.95	1.1902943265889883
14.049999999999999	1.1594073842638715
14.149999999999999	1.1298099171001712
14.25	1.0981059106409363
14.35	1.0642830806990062
14.45	1.0338088926243487
14.549999999999999	1.0017980824261015
14.649999999999999	0.9737677373719347
14.75	0.9463914176658486
14.85	0.9210180711756056
14.95	0.8961836478913329
15.049999999999999	0.875823539122301
15.149999999999999	0.8584656878523804
15.25	0.8405959590937172
15.35	0.8265890311448316
15.45	0.8137322801095075
15.549999999999999	0.8035241407394677
15.649999999999999	0.7972732106041995
15.75	0.7888941070426895
15.85	0.7859446250812445
15.95	0.78210668011668
16.05	0.7829954205198426
16.15	0.7828775126332017
16.25	0.7870944143524994
16.349999999999998	0.7937886990413311
16.45	0.7991060542996292
16.55	0.8078153551001956
16.65	0.8151630114650404
16.75	0.8255138551154646
16.849999999999998	0.8390834077660431
16.95	0.855412134409482
17.05	0.8691671630431468
17.15	0.8855500304644615
17.25	0.9043724271777117
17.349999999999998	0.924081604768396
17.45	0.9419836259013485
17.55	0.9634874496719491
17.65	0.9837820257496451
17.75	1.0055897844714945
17.849999999999998	1.0276871740089035
17.95	1.0471750519127756
18.05	1.0655576539398912
18.15	1.0860548820884612
18.25	1.1040982733782694
18.349999999999998	1.1198815663069872
18.45	1.132842324337052
18.55	1.14679861772461
18.65	1.1576637364825522
18.75	1.1668921264293808
18.849999999999998	1.1697916631457606
18.95	1.1793050650224097
19.05	1.1768788153299055
19.15	1.1763383606490316
19.25	1.17088315210346
19.35	1.1686612997944867
19.45	1.1611040515195237
19.55	1.1512353588509783
19.65	1.143259351241463
19.75	1.1297578902309193
19.85	1.118661007255932
19.95	1.1081591992388067
20.05	1.0946169129232968
20.15	1.0810158980942732
20.25	1.0663863084984226
20.35	1.0530582974011635
20.45	1.039243762170385
20.55	1.0232111408617555
20.65	1.0112853695394612
20.75	0.9970145558013624
20.85	0.9815807337183946
20.95	0.9712370781357681
21.05	0.9592732395592705
21.15	0.948232450457379
21.25	0.9371638336612104
21.35	0.9230927577015455
21.45	0.9182894665966365
21.55	0.9090139254584123
21.65	0.9021729953854054
21.75	0.8947545274963719
21.85	0.890661218262643
21.95	0.8861675487996826
22.05	0.8819642718099585
22.15	0.8834183778942984
22.25	0.8813005968764307
22.35	0.8798877344099898
22.45	0.8820560814297548
22.55	0.8839094979951984
22.65	0.8873572132763583
22.75	0.8887396345119037
22.85	0.8955511109418973
22.95	NaN
23.05	0.9096351617891266
23.15	0.9185986261182215
23.25	0.9269346496133117
23.35	0.9362005783841156
23.45	0.9447529012278251
23.55	0.9568552588855823
23.65	0.9687369336860224
23.75	0.979189907451966
23.85	0.9905966869284585
23.95	1.0028149242230795
24.05	1.0138248837355193
24.15	1.0284799947024508
24.25	1.0379172656069606
24.35	1.045035378910413
24.45	1.0599702034926746
24.55	1.0666552726984184
24.65	1.076743665368293
24.75	1.085059516445029
24.85	1.0909611369117627
24.95	1.096101195498927
25.05	1.1019727134247033
25.15	1.104323813711709
25.25	1.1053291655557274
25.35	1.1066728393766734
25.45	1.1055447806687806
25.55	1.1000033244025096
25.65	1.0958825818485676
25.75	1.09526086084476
25.85	1.088788506319862
25.95	1.0830798061027027
26.05	1.0767821649834515
26.15	1.0675869269531868
26.25	1.0597179155201562
26.35	1.047487678873985
26.45	1.0411631860278865
26.55	1.0342364452280466
26.65	1.0261250880291966
26.75	1.0156218273591633
26.85	1.0071923747899378
26.95	0.9980064202765924
27.05	0.9907790594865276
27.15	0.9829823146176824
27.25	0.9739689799560388
27.35	0.96651688744931
27.45	0.9625378799497848
27.55	0.9518346795103012
27.65	0.948364495200815
27.75	0.9425846105361826
27.85	0.94200191323732
27.95	0.933934368225802
28.05	0.9310812637870173
28.15	0.92764251794202
28.25	0.926420560183763
28.35	0.9258179717584428
28.45	0.9230009833116163
28.55	0.9251544206145922
28.65	0.9235117946150686
28.75	0.9256530687328791
28.85	0.9274856868208782
28.95	0.930480719066847
29.05	0.933954641890052
29.15	0.9367843699806503
29.25	0.9425383294060525
29.35	0.9468150720762933
29.45	0.9531289467725739
29.55	0.9556320038825535
29.65	0.9649931620056001
29.75	0.9694375364496328
29.85	0.9785582730544228
29.95	0.9863956591744719
30.05	0.9932630273071148
30.15	1.0038322539983198
30.25	1.0081674416262838
30.35	1.0152630271762855
30.45	1.0224959633204713
30.55	1.0297835716021402
30.65	1.03484966741488
30.75	1.0414569636455755
30.85	1.0510596264029446
30.95	1.0521768101578537
31.05	1.0563625234345917
31.15	1.0604142120357019
31.25	1.06085013564749
31.35	1.0667359577064888
31.45	1.0668027591163363
31.55	1.0707045832967967
31.65	1.067632404808283
31.75	1.0662484064578164
31.85	1.06332235084486
31.95	1.064730731272652
32.05	1.0601781348798553
32.15	1.0563096780154195
32.25	1.0496164850319891
32.35	1.046051720211057
32.45	1.0415786657941406
32.55	1.0365570045166792
32.65	1.0319663563772574
32.75	1.0239548779596892
32.85	1.021271493873447
32.95	1.0156846094067693
33.05	1.0084723660905288
33.15	1.0006131533141582
33.25	0.9975739939844068
33.35	0.9887921201748782
33.45	0.9836540849391534
33.55	0.9799818448318995
33.65	0.9738720810238962
33.75	0.96989255511417
33.85	0.9652451775984322
33.95	0.961528598117995
34.05	0.9590032759103099
34.15	0.9547315819335316
34.25	0.9532849545401684
34.35	0.952504968810005
34.45	0.948807163327972
34.55	0.9472005184842639
34.65	0.9470035248948528
34.75	0.9476250028264334
34.85	0.9470378488826202
34.95	0.9481466743020154
35.05	0.9504578984732692
35.15	0.9491194741851737
35.25	0.9551238073459202
35.35	0.9567939987063759
35.45	0.9601965113877491
35.55	0.9618032809346971
35.65	0.9670163874473877
35.75	0.9684214679720826
35.85	0.9756066040545792
35.95	0.9795637465546341
36.05	0.9851199205821712
36.15	0.9880964511731322
36.25	0.9944345988740284
36.35	1.0004408536795892
36.45	1.002358746049752
36.55	NaN
36.65	1.0127186168618614
36.75	1.0199935744298019
36.85	1.0221645436192865
36.95	1.0278479002579208
37.05	1.0317090652148886
37.15	1.0344968460836186
37.25	1.0375799878410028
37.35	1.0410563084803979
37.45	1.042403220614042
37.55	1.044641599653226
37.65	NaN
37.75	1.0412253277026309
37.85	1.0458796812732172
37.95	1.0470922912990968
38.05	1.0435878682777255
38.15	1.044776060300274
38.25	1.042649205558388
38.35	1.0426968052429832
38.45	1.0403795685505914
38.550000000000004	1.0363388562414169
38.65	1.03341718680127
38.75	1.0287868825134028
38.85	1.0250125543558513
38.95	1.020009317430955
39.050000000000004	1.015913789976857
39.15	NaN
39.25	NaN
39.35	NaN
39.45	NaN
39.550000000000004	0.9952350800506301
39.65	0.991256473745716
39.75	0.9882458895950798
39.85	0.9825058317726904
39.95	0.9807366863985267
40.050000000000004	0.9756920549063262
40.15	NaN
40.25	0.9710305936254299
40.35	0.9688707870260257
40.45	0.9670313413896172
40.550000000000004	0.9649415956783421
40.65	0.9632366082953742
40.75	0.9611879324148815
40.85	0.9637049336129656
40.95	0.9598259228740509
41.050000000000004	0.9612466645480575
41.15	0.9598483876341679
41.25	0.9612718241534987
41.35	0.963331468296514
41.45	0.9644275385903138
41.550000000000004	NaN
41.65	0.9681096085006143
41.75	0.9713139535323454
41.85	0.9752315621152299
41.95	0.9764050031635195
42.050000000000004	0.9793308602539142
42.15	NaN
42.25	0.9872273645957742
42.35	0.990218340648587
42.45	0.9942687280938054
42.550000000000004	0.9972383696353339
42.65	0.9998024467220894
42.75	1.0054718190626843
42.85	1.008923377484268
42.95	1.0137031856633973
43.050000000000004	1.0157101652596399
43.15	1.017381657417109
43.25	1.0209553052936653
43.35	1.0238463070209267
43.45	1.0277766897654674
43.550000000000004	1.0307241048412834
43.65	NaN
43.75	1.0330016688001322
43.85	1.0334963582785324
43.95	1.0339093049061931
44.050000000000004	1.0342239912496454
44.15	1.0364657007939253
44.25	NaN
44.35	1.0328075359416737
44.45	1.0325545801493536
44.550000000000004	1.0307046698106244
44.65	1.0289117374465995
44.75	1.027852560901994
44.85	1.0248423521576009
44.95	1.021461519047137
45.050000000000004	1.019292969551801
45.15	1.0173275659910155
45.25	1.0148068239066832
45.35	NaN
45.45	1.008465518109649
45.550000000000004	1.0047298621577285
45.65	NaN
45.75	0.9971342010386302
45.85	0.996509358232643
45.95	0.9917895734766237
46.050000000000004	0.9907865257684764
46.15	0.9864366676004271
46.25	0.9851742308887008
46.35	0.9842033569229696
46.45	0.9791246405692666
46.550000000000004	0.9783813996287514
46.65	NaN
46.75	0.9738718075910562
46.85	0.9736680912190415
46.95	0.9728592447558798
47.050000000000004	0.970952828325768
47.15	0.9701244656506881
47.25	0.9711081815085546
47.35	0.9694704924618638
47.45	0.9716949254664313
47.550000000000004	0.9725538362709727
47.65	0.9722356544682843
47.75	0.974284656367347
47.85	0.9747865863326304
47.95	0.9770892596361399
48.050000000000004	0.9776183928239328
48.15	0.9790425435326217
48.25	0.9825238701439406
48.35	0.9878896930123733
48.45	0.9883592371902785
48.550000000000004	0.9928225799813496
48.65	0.9948559432114772
48.75	0.9967517268267346
48.85	1.000848355751559
48.95	1.0022805152689735
49.050000000000004	1.0051770543324434
49.15	NaN
49.25	1.0096134559397258
49.35	1.012267759244466
49.45	1.0149696717778103
49.550000000000004	1.0172879060500575
49.65	1.0184792669836422
49.75	1.0235999071849586
49.85	1.022307619004566
49.95	1.0238684082993215
50.050000000000004	1.0269351975716927
50.15	1.0269850566725454
50.25	1.0247929731432972
50.35	1.0253580823486799
50.45	1.0269369894039477
50.550000000000004	1.0268629483296552
50.65	1.0240413984024892
50.75	1.0243380503597945
50.85	1.0243514897889354
50.95	NaN
51.050000000000004	1.0207958344854833
51.15	1.0187034399015948
51.25	1.017473199416448
51.35	1.014721837466876
51.45	1.012218241913618
51.550000000000004	NaN
51.65	1.0073011076826204
51.75	1.0062574847629098
51.85	1.0030250983157956
51.95	1.0008408350591884
52.050000000000004	NaN
52.15	0.9963187316281781
52.25	0.9930236240932526
52.35	0.9911931541835854
52.45	0.9884843603549311
52.550000000000004	0.9862982420563884
52.65	0.9856119923842607
52.75	0.9832897537796823
52.85	0.9816094905049564
52.95	NaN
53.050000000000004	0.9793664412155748
53.15	NaN
53.25	0.9800097352649982
53.35	0.9774340341104785
53.45	0.9740193613228402
53.550000000000004	NaN
53.65	0.9767446731522264
53.75	NaN
53.85	0.9779463896067462
53.95	0.9770103018954084
54.050000000000004	NaN
54.15	0.9798918809349552
54.25	NaN
54.35	0.9832414586356107
54.45	0.9852991619229181
54.550000000000004	NaN
54.65	0.988993816303473
54.75	0.9915833661847555
54.85	0.9932702096341696
54.95	0.996548415094569
55.050000000000004	0.9991152516716942
55.15	1.0002846426833623
55.25	1.0031131484443405
55.35	1.0135376490369545
55.45	1.0059074034775504
55.550000000000004	1.0078864850618887
55.65	1.01061608577049
55.75	1.012428674438361
55.85	1.0145002801458305
55.95	1.0162001818465367
56.050000000000004	1.0158054495915363
56.15	1.0181445168053442
56.25	1.020963206643143
56.35	1.019411918571686
56.45	1.0203875665455653
56.550000000000004	1.0200532692425313
56.65	1.022671847683835
56.75	NaN
56.85	1.0217765726881536
56.95	1.0223134545980395
57.050000000000004	1.0199754926414102
57.15	1.0175611771404114
57.25	1.0172459555876874
57.35	NaN
57.45	1.0168523683122035
57.550000000000004	1.0130061291997898
57.65	1.0121499555009867
57.75	1.0108658052552548
57.85	1.009989975574636
57.95	1.006321757131403
58.050000000000004	1.0053913875184441
58.15	1.0009750699649107
58.25	1.001230192245659
58.35	0.9975290960058916
58.45	NaN
58.550000000000004	0.9936153013420557
58.65	0.9907376430213671
58.75	NaN
58.85	0.9891704826862237
58.95	NaN
59.050000000000004	0.9832760208466299
59.15	0.9849200861266536
59.25	0.9838112058063355
59.35	0.9818040866034774
59.45	0.9814828081635016
59.550000000000004	0.9829311846201503
59.65	0.9815652482155098
59.75	0.9802964259084338
59.85	NaN
59.95	0.9824166124137277
60.050000000000004	NaN
60.15	0.9829511585725502
60.25	0.9827991898325845
60.35	NaN
60.45	0.9846595478431204
60.550000000000004	0.9850882686799931
60.65	0.9861705750168903
60.75	0.989003613022651
60.85	0.9912220850543664
60.95	0.9928689340630071
61.050000000000004	0.99330269419609
61.15	0.9957638400742264
61.25	0.9975100772551546
61.35	0.9997715243683147
61.45	1.0023941746573988
61.550000000000004	NaN
61.65	1.004215770975867
61.75	NaN
61.85	NaN
61.95	1.0081471748680255
62.050000000000004	1.010938180137439
62.15	1.0119013989331807
62.25	1.0134959719593422
62.35	1.014048060143815
62.45	1.0136815245850894
62.550000000000004	1.0172328606419512
62.65	1.0161308410447836
62.75	1.0171570230258555
62.85	1.0173568030655502
62.95	1.0168078806631204
63.050000000000004	1.0148729461376587
63.15	1.0171458475163304
63.25	NaN
63.35	1.015966471516331
63.45	1.015006758416603
63.550000000000004	1.012561491785753
63.65	1.0137408196449273
63.75	1.0117941666965065
63.85	1.010033614068918
63.95	1.0079160137312408
64.05	1.0063643105931828
64.14999999999999	1.004280407923365
64.25	1.0037473914585284
64.35	1.001134537692521
64.44999999999999	1.0005233651796739
64.55	0.9986246049080529
64.64999999999999	0.9978885466980105
64.75	0.9951228646479938
64.85	0.9942313754684351
64.94999999999999	0.9927154520301109
65.05	0.9899463213504579
65.14999999999999	0.9904299359712311
65.25	NaN
65.35	0.9874842982804164
65.44999999999999	NaN
65.55	0.9857201553837903
65.64999999999999	0.9856688389939827
65.75	0.9851405962315588
65.85	0.9834766820056764
65.94999999999999	0.984340515507667
66.05	NaN
66.14999999999999	0.98513789725173
66.25	0.9836213864558762
66.35	0.9861737654490914
66.44999999999999	0.9858613517165108
66.55	0.9863122417085121
66.64999999999999	NaN
66.75	0.9896359138361641
66.85	NaN
66.94999999999999	NaN
67.05	0.9913039215784764
67.14999999999999	0.9933684690847373
67.25	0.992399039923749
67.35	0.9950246045985798
67.44999999999999	0.996824430498593
67.55	0.9985686457055781
67.64999999999999	NaN
67.75	NaN
67.85	1.0006058938405102
67.94999999999999	1.004373778250118
68.05	1.0056931621496468
68.14999999999999	1.0055694811934563
68.25	NaN
68.35	1.0078218334385147
68.44999999999999	1.011716050587122
68.55	1.0118029490308438
68.64999999999999	NaN
68.75	1.0141982575038793
68.85	1.0114754507328176
68.94999999999999	1.0146158410773192
69.05	1.0152559278586104
69.14999999999999	1.0144302096963655
69.25	1.014998170344924
69.35	1.0146985598993046
69.44999999999999	NaN
69.55	1.012704324159415
69.64999999999999	1.012052048252509
69.75	NaN
69.85	1.0118436904272288
69.94999999999999	NaN
70.05	1.0096393642358297
70.14999999999999	1.008280512162042
70.25	NaN
70.35	1.0052919002712386
70.44999999999999	NaN
70.55	1.0024356215807175
70.64999999999999	1.0036807620266828
70.75	1.002660677494663
70.85	0.9993302187836989
70.94999999999999	0.9982832043732756
71.05	0.995918664241808
71.14999999999999	0.9955841113271778
71.25	NaN
71.35	0.9925703400974064
71.44999999999999	0.9928165323440337
71.55	0.9917358743876957
71.64999999999999	0.992711615671191
71.75	0.9887197499405245
71.85	0.989476161105842
71.94999999999999	0.9892693348606546
72.05	NaN
72.14999999999999	NaN
72.25	NaN
72.35	NaN
72.44999999999999	0.9868636354703952
72.55	0.9870520954662264
72.64999999999999	0.9891970106720618
72.75	NaN
72.85	0.9893087032312552
72.94999999999999	0.9883164445351108
73.05	0.990633502441704
73.14999999999999	0.9912544711476398
73.25	0.9922585444181566
73.35	0.9922474714885477
73.44999999999999	NaN
73.55	0.9954271356368688
73.64999999999999	NaN
73.75	NaN
73.85	0.9996036545260979
73.94999999999999	0.9999739401733796
74.05	1.0022393673636216
74.14999999999999	0.9995858612884554
74.25	1.0024940232583253
74.35	1.005423992101896
74.44999999999999	1.0067789423552436
74.55	1.0063783491492007
74.64999999999999	1.0082319038523309
74.75	1.0094918671812678
74.85	1.009324580367226
74.94999999999999	1.0112666776428934
75.05	1.0103889299436892
75.14999999999999	1.0116567124207907
75.25	NaN
75.35	NaN
75.44999999999999	NaN
75.55	1.012020770522372
75.64999999999999	NaN
75.75	NaN
75.85	1.010959197338267
75.94999999999999	1.010438012310282
76.05	1.0098141807562138
76.14999999999999	1.0089717865576515
76.25	NaN
76.35	1.0087331726784268
76.44999999999999	NaN
76.55	1.004313103180854
76.64999999999999	1.0038700107008114
76.75	NaN
76.85	NaN
76.95	NaN
77.05	NaN
77.14999999999999	0.9975227352248376
77.25	0.9969195596414971
77.35	0.9984304465907232
77.45	0.9959191841677183
77.55	0.9953659645838228
77.64999999999999	0.9933843075642215
77.75	0.9925112761984631
77.85	0.9924091342145945
77.95	0.9936330420966528
78.05	0.9913296178432113
78.14999999999999	0.9902257142445753
78.25	0.9900193214516991
78.35	0.9905676123070488
78.45	NaN
78.55	NaN
78.64999999999999	0.9884426826172588
78.75	0.9877115478466179
78.85	NaN
78.95	0.988447999570414
79.05	NaN
79.14999999999999	NaN
79.25	0.990779370601459
79.35	NaN
79.45	0.9955043673441972
79.55	0.9937651044049803
79.64999999999999	NaN
79.75	0.9962186630980105
79.85	0.9954062459365312
