0.15	0.018366159420982707
0.25	0.018724815774987368
0.35	0.019173116691490293
0.45	0.019094277691835384
0.55	0.019367130946934246
0.65	0.01942234472262231
0.7500000000000001	0.01964949667812955
0.85	0.019828326025954
0.95	0.019969661215057062
1.05	0.02051696302090483
1.15	0.0209094097791227
1.25	0.021191541975359787
1.35	0.021616689420853093
1.45	0.021969397154900407
1.55	0.0225249276310502
1.65	0.023034715067722106
1.75	0.0236931818126912
1.85	0.024352516940214126
1.95	0.02508760258096733
2.05	0.025852018436069695
2.15	0.02658287633406555
2.25	0.027513064975779822
2.35	0.028592661331496075
2.45	0.029536659202006117
2.5500000000000003	0.030746594047105533
2.65	0.032001400455136546
2.75	0.033300720147670014
2.85	0.03485144420328974
2.95	0.036641716663027096
3.0500000000000003	0.038384071099431226
3.15	0.04029134555882261
3.25	0.04250362751593161
3.35	0.045099780430052826
3.45	0.04763820835901882
3.5500000000000003	0.050643305164402595
3.65	0.053768064577211956
3.75	0.0574532684559655
3.85	0.06093383052364523
3.95	0.06580219807557315
4.05	0.07071636102383896
4.1499999999999995	0.07644269442372426
4.25	0.0824397572340866
4.35	0.08994121829201816
4.449999999999999	0.09763447211974485
4.55	0.10634824695642986
4.6499999999999995	0.11648085762410992
4.75	0.12912172955743295
4.85	0.14303618695183606
4.95	0.159231641640562
5.05	0.17748424399010457
5.1499999999999995	0.1996949781311725
5.25	0.22440794067975312
5.35	0.2551785903300669
5.45	0.29220627818216477
5.55	0.3354939389950861
5.6499999999999995	0.38737506806095606
5.75	0.4543987718158775
5.85	0.529250697957992
5.95	0.6255346408123185
6.05	0.7483596043073296
6.1499999999999995	0.8996791075271677
6.25	1.0827920243408993
6.35	1.3031900430282088
6.45	1.5795985186374157
6.55	1.8874580735536999
6.6499999999999995	2.221807187690405
6.75	2.5411823255364316
6.85	2.7928842649574865
6.95	2.931174690300599
7.05	2.9129196160448285
7.1499999999999995	2.774350510148192
7.25	2.553766655702534
7.35	2.2962263085595263
7.45	2.042749017708418
7.55	1.8162299630271868
7.6499999999999995	1.6089598162058534
7.75	1.4343228370252468
7.85	1.2811624603274383
7.95	1.1605011898057114
8.05	1.061303349432
8.15	0.9734737208026352
8.25	0.8993051958572502
8.350000000000001	0.8394081275213654
8.450000000000001	0.787073085172237
8.55	0.7425571939774468
8.65	0.7070771721071082
8.75	0.6761259792373816
8.850000000000001	0.651304360372894
8.950000000000001	0.6292987297661032
9.05	0.6119525600161803
9.15	0.5975349277087313
9.25	0.5877946974442904
9.350000000000001	0.5792924004928331
9.450000000000001	0.5733770386641495
9.55	0.5687307978489476
9.65	0.5679434700645879
9.750000000000002	0.5692602843245637
9.85	0.5729374601483672
9.95	0.5778347815011212
10.049999999999999	0.5842420091054769
10.149999999999999	0.5930125027946348
10.25	0.6053535332205292
10.35	0.6185796459590375
10.45	0.6352341072775085
10.549999999999999	0.6508541101110911
10.649999999999999	0.6728295866885781
10.75	0.6947320300140553
10.85	0.7200409193160968
10.95	0.7486595851554612
11.049999999999999	0.7786598179307916
11.149999999999999	0.8093333132940028
11.25	0.846241822234567
11.35	0.8825047439647649
11.45	0.9191256226472206
11.549999999999999	0.9594967620874518
11.649999999999999	1.0025784750123556
11.75	1.045228520317295
11.85	1.0863475828206837
11.95	1.1251791008488983
12.049999999999999	1.1645021062768244
12.149999999999999	1.200158749301947
12.25	1.2346855985535896
12.35	1.2583115906070637
12.45	1.2850612087180828
12.549999999999999	1.303579400517519
12.649999999999999	1.3170081916164764
12.75	1.3306307462995504
12.85	1.3378918017345327
12.95	1.34155253887874
13.049999999999999	1.337713255715927
13.149999999999999	1.3340039821478746
13.25	1.3279297855449512
13.35	1.3162760168594778
13.45	1.3043441070560873
13.549999999999999	1.2871966839442521
13.649999999999999	1.2658015161859144
13.75	1.2437013227753377
13.85	1.2155367041052867
13.95	1.1896136740852807
14.049999999999999	1.1594156544524075
14.149999999999999	1.1268751657978389
14.25	1.096330179187024
14.35	1.0651214704416996
14.45	1.0342261654305902
14.549999999999999	1.001787674735182
14.649999999999999	0.9736682475305152
14.75	0.9472398154527841
14.85	0.9202444579920855
14.95	0.8971713983997831
15.049999999999999	0.8764580156568598
15.149999999999999	0.857333970069149
15.25	0.8397978547978414
15.35	0.8276866866619398
15.45	0.8144489357214141
15.549999999999999	0.804234256591249
15.649999999999999	0.7961681160021631
15.75	0.7899259391081689
15.85	0.7850288941117679
15.95	0.7822545031378759
16.05	0.7822132348302514
16.15	0.7849608325161129
16.25	0.7871067752547967
16.349999999999998	0.7916546590590772
16.45	0.7976639731601397
16.55	0.8064013155945051
16.65	0.8174484672127234
16.75	0.8263015294139462
16.849999999999998	0.840135605288918
16.95	0.8545548696792095
17.05	0.8689670149382231
17.15	0.886506563231646
17.25	0.9034150805110663
17.349999999999998	0.9234902008257168
17.45	0.9415932291124769
17.55	0.962350111301241
17.65	0.9844371789827725
17.75	1.006073510967031
17.849999999999998	1.0258362430335919
17.95	1.0464112328010446
18.05	1.0636628114223714
18.15	1.0851937617342877
18.25	1.1026172990048781
18.349999999999998	1.1196603822528115
18.45	1.1348560856697094
18.55	1.1461697249303102
18.65	1.1568492444393832
18.75	1.1633388656969446
18.849999999999998	1.1696067605930054
18.95	1.1765005350037583
19.05	1.175201094032721
19.15	1.1751316523051087
19.25	1.1726390521492343
19.35	1.166861042702211
19.45	1.1604731290889543
19.55	1.1529180484548955
19.65	1.1429883892270645
19.75	1.1324210438434126
19.85	1.1214557315296272
19.95	1.1073562018613246
20.05	1.0925420670160473
20.15	1.0802632022168905
20.25	1.0648174925709875
20.35	1.0531789986288076
20.45	1.0385898848504513
20.55	1.024624349083966
20.65	1.0096242961952948
20.75	0.9958112550988729
20.85	0.9827512883161856
20.95	0.9708140580217349
21.05	0.9585459079848683
21.15	0.947828788699464
21.25	0.9363832682715645
21.35	0.9279339498400168
21.45	0.9166307207957167
21.55	0.9085594377720927
21.65	0.9023642202740901
21.75	0.8954251131768761
21.85	0.8910159242220638
21.95	0.8880233931225797
22.05	0.8848892976671796
22.15	0.8825290409769851
22.25	0.8810933746577374
22.35	0.8806434317166213
22.45	0.8806384087387249
22.55	0.8856843294026767
22.65	0.8879919749568119
22.75	0.8913947577270152
22.85	0.8951136138863203
22.95	NaN
23.05	0.9093992327266807
23.15	0.9177346012889706
23.25	0.9266835689079784
23.35	0.9364683788605583
23.45	0.9448873257394308
23.55	0.9555005706722737
23.65	0.9698521957811876
23.75	0.9786552868422159
23.85	0.9910841494512356
23.95	1.0014430261888339
24.05	1.0144545081381433
24.15	1.0248566911821784
24.25	1.0395575386916656
24.35	1.0516934014564507
24.45	1.0586569798392027
24.55	1.0699870780751803
24.65	1.0758987896549828
24.75	1.0838925548198721
24.85	1.0909700486971468
24.95	1.0966004387794532
25.05	1.09969318655334
25.15	1.1030060452777048
25.25	1.104171021378733
25.35	1.1044657446409738
25.45	1.1041122820240539
25.55	1.1017448855845628
25.65	1.0987938953000067
25.75	1.0941723303780717
25.85	1.088754989001866
25.95	1.0819466810842946
26.05	1.0755274617884685
26.15	1.0667259204578887
26.25	1.0580224556583953
26.35	1.0509669909790649
26.45	1.0416318863239036
26.55	1.0358323949253032
26.65	1.0250763649045134
26.75	1.0154085863419327
26.85	1.0074841140143698
26.95	1.0006592674404307
27.05	0.9903542726508556
27.15	0.9834476231570886
27.25	0.9745119594210138
27.35	0.9679241050449314
27.45	0.9607659929019838
27.55	0.9536032152703368
27.65	0.9464599805850792
27.75	0.9429506784806355
27.85	0.9400055754458004
27.95	0.9342796695277921
28.05	0.9310818515476816
28.15	0.9273353850648128
28.25	0.9260875407491865
28.35	0.9241468728662957
28.45	0.9233388724069551
28.55	0.923506042737985
28.65	0.9238980256954941
28.75	0.9271380832610501
28.85	0.9287406593331894
28.95	0.9316423736532821
29.05	0.9360858520945392
29.15	0.9376852619197136
29.25	0.9419511752826141
29.35	0.9478088521224161
29.45	0.9537655335357312
29.55	0.9568960432062238
29.65	0.9646772860028042
29.75	0.9728733850806309
29.85	0.9779879004946149
29.95	0.9861097059478029
30.05	0.9921634003253975
30.15	1.005130330055155
30.25	1.0079448464588159
30.35	1.0148176465639793
30.45	1.023666946129721
30.55	1.0296513319608371
30.65	1.0348859819641005
30.75	1.0409315386060911
30.85	1.0496862564673741
30.95	1.0519087509138292
31.05	1.0539250262933935
31.15	1.060883746305875
31.25	1.0644126259800801
31.35	1.0650504945398034
31.45	1.0677102742172297
31.55	1.065940377409929
31.65	1.0672577107851238
31.75	1.0659031028763415
31.85	1.0645754363993618
31.95	1.063161921197915
32.05	1.0588631679054052
32.15	1.0548146134513388
32.25	1.0524255218620608
32.35	1.0531267493483183
32.45	1.0431233843969776
32.55	1.037604926579244
32.65	1.0337315325169
32.75	1.024937392924903
32.85	1.0166764641062056
32.95	1.0133887212761632
33.05	1.010482668352142
33.15	1.0028888382091286
33.25	0.9973144046423943
33.35	0.9898093183791716
33.45	0.9840559591613754
33.55	0.975998804219518
33.65	0.9747308007991969
33.75	0.9699830054931782
33.85	0.9644168445152329
33.95	0.9596221167982985
34.05	0.9578138502597592
34.15	0.9548650068913783
34.25	0.953907763635015
34.35	0.9512095066342741
34.45	0.9485079216660294
34.55	0.9465792014835844
34.65	0.9465395262125595
34.75	0.9464509610088823
34.85	0.9471723872822105
34.95	0.9489248929631601
35.05	0.9488521135541876
35.15	0.9522050837437979
35.25	0.9526702481239594
35.35	0.9569034063092811
35.45	0.9595723054926659
35.55	0.963102572859402
35.65	0.9656597626909946
35.75	0.9730178372887076
35.85	0.9753659021283201
35.95	0.9801915698332823
36.05	0.9843068889850484
36.15	0.9891430588599286
36.25	0.9939793662583075
36.35	0.9990044303106935
36.45	1.0043096055806364
36.55	NaN
36.65	1.0148072225946592
36.75	1.0193239604321662
36.85	1.0189813635860907
36.95	1.0279522960982672
37.05	1.0317031500755491
37.15	1.0358066140980113
37.25	1.0399244875667966
37.35	1.040048146080091
37.45	1.0429585225333255
37.55	1.0455355397738653
37.65	NaN
37.75	1.0464746850791007
37.85	1.0459632593956758
37.95	1.045480539288987
38.05	1.0465427797519318
38.15	1.0447227022120338
38.25	1.0455773783009645
38.35	1.0404956666137495
38.45	1.041800320274021
38.550000000000004	1.0344258149982741
38.65	1.0342621513155084
38.75	1.026897742967804
38.85	1.0249781433346674
38.95	1.0201236301730765
39.050000000000004	1.0176876492012494
39.15	NaN
39.25	NaN
39.35	NaN
39.45	NaN
39.550000000000004	0.9953272270498864
39.65	0.9921127476104287
39.75	0.9874176771893391
39.85	0.9840001592985262
39.95	0.979799623981778
40.050000000000004	0.9771324079198804
40.15	NaN
40.25	0.9717457401795337
40.35	0.9686955993780371
40.45	0.9661467929269543
40.550000000000004	0.9634840050309995
40.65	0.9630435056453684
40.75	0.9622522281434908
40.85	0.9610854578830582
40.95	0.9617721899322877
41.050000000000004	0.962732852512145
41.15	0.9624928893250674
41.25	0.9643331966537342
41.35	0.9625284434301764
41.45	0.9628909128907785
41.550000000000004	NaN
41.65	0.9696931673640167
41.75	0.9715530524962446
41.85	0.9728838319607765
41.95	0.9774582671519695
42.050000000000004	0.9805777353813685
42.15	NaN
42.25	0.9867680730035615
42.35	0.9902661126673182
42.45	0.9937557606392288
42.550000000000004	0.9982569971037685
42.65	1.0007403695882124
42.75	1.0057333482491808
42.85	1.0083798317814994
42.95	1.0112312236997447
43.050000000000004	1.014950244574638
43.15	1.016904709101531
43.25	1.0220462205430223
43.35	1.0260842130556134
43.45	1.0276973009531394
43.550000000000004	1.028145060069119
43.65	NaN
43.75	1.0324170407521378
43.85	1.0345787113976657
43.95	1.0339173603070024
44.050000000000004	1.0329425201258484
44.15	1.0344237565104084
44.25	NaN
44.35	1.0342137807209952
44.45	1.03248713196246
44.550000000000004	1.0311598649847362
44.65	1.0295394015688568
44.75	1.0279667852607186
44.85	1.0264215872515439
44.95	1.022333147883294
45.050000000000004	1.0203145302732952
45.15	1.0175514144891709
45.25	1.015471703618617
45.35	NaN
45.45	1.0100210613279994
45.550000000000004	1.0047544483001836
45.65	NaN
45.75	0.9957274463135161
45.85	0.9962329447687364
45.95	0.992080777269871
46.050000000000004	0.9912487809212034
46.15	0.987866234298483
46.25	0.9867290903717084
46.35	0.9821043773006639
46.45	0.9796497248618877
46.550000000000004	0.9770204836847064
46.65	NaN
46.75	0.9749203211884183
46.85	0.972760414286421
46.95	0.972376190417866
47.050000000000004	0.9713026435698544
47.15	0.9705928395250086
47.25	0.9714014238456823
47.35	0.9709815944054861
47.45	0.9692475406300093
47.550000000000004	0.9723883629092184
47.65	0.9728049696422887
47.75	0.9754266421178432
47.85	0.9754392933630093
47.95	0.9770442103980218
48.050000000000004	0.9793324769777582
48.15	0.9807709143201822
48.25	0.9818464190229241
48.35	0.9875275546324163
48.45	0.9884002003507731
48.550000000000004	0.9917230925333287
48.65	0.9932868232318185
48.75	0.9970452222661284
48.85	0.9989988545893171
48.95	1.0038486908736237
49.050000000000004	1.004199404661153
49.15	NaN
49.25	1.0115657608229365
49.35	1.0119919816742298
49.45	1.0154119402866577
49.550000000000004	1.018243926853953
49.65	1.02223080983297
49.75	1.020387975988979
49.85	1.0232138282895613
49.95	1.0245406077909271
50.050000000000004	1.0256710126304323
50.15	1.0253057844926132
50.25	1.0268888708338746
50.35	1.0277908770864694
50.45	1.0279995611281378
50.550000000000004	1.0268147260902871
50.65	1.0255491448493756
50.75	1.0257796008778857
50.85	1.0224067961550336
50.95	NaN
51.050000000000004	1.0207414982843053
51.15	1.0196305391573757
51.25	1.0174419729570956
51.35	1.013776183421028
51.45	1.0131778457707918
51.550000000000004	NaN
51.65	1.0092872873003582
51.75	1.0051570363604863
51.85	1.002598082529344
51.95	1.0008122459456081
52.050000000000004	NaN
52.15	0.9965544292484723
52.25	0.9931073004722158
52.35	0.9910853377268356
52.45	0.9887988441653369
52.550000000000004	0.9858617571158146
52.65	0.9824122469360119
52.75	0.9824899602664422
52.85	0.9819414389164676
52.95	NaN
53.050000000000004	0.9797236080274916
53.15	NaN
53.25	0.9777322880846584
53.35	0.9792747121111487
53.45	0.9755616636815003
53.550000000000004	NaN
53.65	0.9776356535049168
53.75	NaN
53.85	0.9783482691332078
53.95	0.9772478068168997
54.050000000000004	NaN
54.15	0.981765985595457
54.25	NaN
54.35	0.9839977697629997
54.45	0.9860122975223058
54.550000000000004	NaN
54.65	0.9902464374554973
54.75	0.9917854155354503
54.85	0.9924387093531511
54.95	0.9980629739061592
55.050000000000004	0.9964216674424884
55.15	0.9979680034240581
55.25	1.0020095725044886
55.35	1.0070765759590672
55.45	1.0084517949609701
55.550000000000004	1.0084895090171497
55.65	1.0098565698467004
55.75	1.007572170888215
55.85	1.013994936993898
55.95	1.0156178788916412
56.050000000000004	1.0163689338590836
56.15	1.0192884692097313
56.25	1.018760289445569
56.35	1.0190385873656738
56.45	1.0202365336837738
56.550000000000004	1.020457084786924
56.65	1.0224413562622974
56.75	NaN
56.85	1.0208448980572808
56.95	1.0190532804033492
57.050000000000004	1.0195662366706704
57.15	1.0167248236769566
57.25	1.0176982275599054
57.35	NaN
57.45	1.0151739687087946
57.550000000000004	1.0134407509301377
57.65	1.0142649309213227
57.75	1.0093004998711848
57.85	1.0078243521048753
57.95	1.0064277003397497
58.050000000000004	1.0041823736295445
58.15	1.0026254700886341
58.25	1.000638851721684
58.35	0.9993117472837597
58.45	NaN
58.550000000000004	0.9937898630571779
58.65	0.9922311947625022
58.75	NaN
58.85	0.9898465173366954
58.95	NaN
59.050000000000004	0.9848191178515104
59.15	0.9859061945771853
59.25	0.9830073236038799
59.35	0.9831431709267555
59.45	0.9821586722428683
59.550000000000004	0.9835667397943786
59.65	0.9812371953176069
59.75	0.9843734375705269
59.85	NaN
59.95	0.9836278422701353
60.050000000000004	NaN
60.15	0.9819671547616023
60.25	0.9833622147919786
60.35	NaN
60.45	0.984956758541117
60.550000000000004	0.9824123658846753
60.65	0.9881293626522999
60.75	0.98862054755147
60.85	0.99140113332734
60.95	0.9918825770521057
61.050000000000004	0.9947060527499935
61.15	0.9954274980243965
61.25	0.9961696458830126
61.35	0.9991006792749915
61.45	1.0011387007910217
61.550000000000004	NaN
61.65	1.0040473458026018
61.75	NaN
61.85	NaN
61.95	1.0106234990448741
62.050000000000004	1.009691697135715
62.15	1.013551494130001
62.25	1.013108132605671
62.35	1.0125604731423223
62.45	1.0144834484652863
62.550000000000004	1.0153781382174565
62.65	1.0141748948279763
62.75	1.0160567414866077
62.85	1.016451652443768
62.95	1.0170991796453954
63.050000000000004	1.0147867152704426
63.15	1.017377267110023
63.25	NaN
63.35	1.0170263162747195
63.45	1.0169822777345663
63.550000000000004	1.0138169164847575
63.65	1.0135446817368423
63.75	1.0128266190301816
63.85	1.0097753601564439
63.95	1.0082444818032943
64.05	1.007840486723515
64.14999999999999	1.00616649933259
64.25	1.0057844823262305
64.35	1.0004642010310743
64.44999999999999	1.0018168864520778
64.55	0.9993557857693671
64.64999999999999	0.9987762851283246
64.75	0.9949898806012621
64.85	0.9950797111797204
64.94999999999999	0.9929677298426963
65.05	0.9935445672465248
65.14999999999999	0.9920067074878641
65.25	NaN
65.35	0.986622830673942
65.44999999999999	NaN
65.55	0.9865157387720596
65.64999999999999	0.9877982546464836
65.75	0.9852142172753925
65.85	0.9853659905030862
65.94999999999999	0.9848375137776705
66.05	NaN
66.14999999999999	0.9845446848125088
66.25	0.9854576161980887
66.35	0.9859374714704897
66.44999999999999	0.9861596470628936
66.55	0.9868573156730435
66.64999999999999	NaN
66.75	0.9895828513492587
66.85	NaN
66.94999999999999	NaN
67.05	0.9915855078192799
67.14999999999999	0.992560045747893
67.25	0.9937408488224377
67.35	0.9959801744932396
67.44999999999999	0.9964907411365628
67.55	0.9981739536775545
67.64999999999999	NaN
67.75	NaN
67.85	1.0017504717948638
67.94999999999999	1.003227568620761
68.05	1.0058866620366993
68.14999999999999	1.008537442170601
68.25	NaN
68.35	1.0089563409624542
68.44999999999999	1.0100121031597524
68.55	1.011202878628081
68.64999999999999	NaN
68.75	1.0133172533506358
68.85	1.012339949843548
68.94999999999999	1.012340768160336
69.05	1.0129674232961143
69.14999999999999	1.0140695713188013
69.25	1.0121210096608835
69.35	1.014322251084977
69.44999999999999	NaN
69.55	1.0132598227099734
69.64999999999999	1.010822011607917
69.75	NaN
69.85	1.0111843865685957
69.94999999999999	NaN
70.05	1.0100079886659339
70.14999999999999	1.0079270173538823
70.25	NaN
70.35	1.0062384369674462
70.44999999999999	NaN
70.55	1.0048558789122337
70.64999999999999	1.0011645234737787
70.75	0.9989520785723914
70.85	0.9974308512036416
70.94999999999999	0.9979894456799169
71.05	0.995811338762482
71.14999999999999	0.9959574157028328
71.25	NaN
71.35	0.9921278044154792
71.44999999999999	0.9906682917788119
71.55	0.9914348934079965
71.64999999999999	0.9893119137710854
71.75	0.9884246412853785
71.85	0.9884981111957832
71.94999999999999	0.9873007964135329
72.05	NaN
72.14999999999999	NaN
72.25	NaN
72.35	NaN
72.44999999999999	0.9882960941927527
72.55	0.988073687604166
72.64999999999999	0.9878718459461571
72.75	NaN
72.85	0.9883004407042313
72.94999999999999	0.9895594358724841
73.05	0.9891163674413774
73.14999999999999	0.9918147757430716
73.25	0.990335453586797
73.35	0.9942666802939478
73.44999999999999	NaN
73.55	0.9958828364652397
73.64999999999999	NaN
73.75	NaN
73.85	0.9988645313440889
73.94999999999999	1.0006628365780557
74.05	0.9998741330714179
74.14999999999999	1.0043770513366326
74.25	1.0036846865117781
74.35	1.0051030586000758
74.44999999999999	1.0060916877771762
74.55	1.0078241329390358
74.64999999999999	1.0074791728460484
74.75	1.0075919585016846
74.85	1.0098866722854871
74.94999999999999	1.0129372567424628
75.05	1.0113362401525388
75.14999999999999	1.0110565104477518
75.25	NaN
75.35	NaN
75.44999999999999	NaN
75.55	1.0127501964793595
75.64999999999999	NaN
75.75	NaN
75.85	1.0116427828372507
75.94999999999999	1.0102310753477521
76.05	1.0105768152599637
76.14999999999999	1.0089585210060596
76.25	NaN
76.35	1.008411478340447
76.44999999999999	NaN
76.55	1.00591606911832
76.64999999999999	1.005362765988
76.75	NaN
76.85	NaN
76.95	NaN
77.05	NaN
77.14999999999999	1.0000161096798819
77.25	0.9980493413911249
77.35	0.997036502074449
77.45	0.9949598122503446
77.55	0.996019619660227
77.64999999999999	0.994024689961736
77.75	0.991933212246832
77.85	0.9917478640220907
77.95	0.9912329119286528
78.05	0.9907922663984273
78.14999999999999	0.9896755948370801
78.25	0.990373542071049
78.35	0.9891281971070636
78.45	NaN
78.55	NaN
78.64999999999999	0.9885881945070575
78.75	0.990445885784715
78.85	NaN
78.95	0.9888766924792419
79.05	NaN
79.14999999999999	NaN
79.25	0.9905655036760675
79.35	NaN
79.45	0.9944692950716859
79.55	0.9934314785443659
79.64999999999999	NaN
79.75	0.9940066822837633
79.85	0.9963644104566307
