0.15	0.036637651472251544
0.25	0.03697345302765062
0.35	0.0363549219749526
0.45	0.03719882451594225
0.55	0.03757744119688435
0.65	0.03822887580901371
0.7500000000000001	0.037959186304120485
0.85	0.03854422877255309
0.95	0.03919951660014068
1.05	0.03962414577379695
1.15	0.040495739313856104
1.25	0.04100128478428244
1.35	0.04193215296252134
1.45	0.042859187409848884
1.55	0.04371475769708949
1.65	0.04492877584751365
1.75	0.046063752067913126
1.85	0.04747078401017692
1.95	0.04869667443903692
2.05	0.05054006088112822
2.15	0.05206025292351113
2.25	0.05393639804639822
2.35	0.05599490381229114
2.45	0.058117298450488096
2.5500000000000003	0.06031970333313588
2.65	0.06306885845869808
2.75	0.06593251969170895
2.85	0.06908554142244959
2.95	0.07241455997763219
3.0500000000000003	0.07623612282823482
3.15	0.08028777041906764
3.25	0.08479216194892436
3.35	0.08994094314711888
3.45	0.09553041196009664
3.5500000000000003	0.10171582786948666
3.65	0.10775490396394928
3.75	0.11602951742922026
3.85	0.12387623849696884
3.95	0.13370682215603313
4.05	0.1437585591091372
4.1499999999999995	0.1550966835847754
4.25	0.1681820130758647
4.35	0.18354868549956074
4.449999999999999	0.20075808438498796
4.55	0.22007572929104183
4.6499999999999995	0.24188368665033919
4.75	0.26745589631420313
4.85	0.29523421353660645
4.95	0.3300073497211857
5.05	0.369308373875264
5.1499999999999995	0.4128103078977945
5.25	0.4632865087901313
5.35	0.523654873193379
5.45	0.5983293985126372
5.55	0.6770123700222961
5.6499999999999995	0.7742084831328122
5.75	0.8847998571590362
5.85	1.0139323565083609
5.95	1.1497366662386188
6.05	1.3069473471001694
6.1499999999999995	1.4792781779227475
6.25	1.6509939561299547
6.35	1.809842107212522
6.45	1.9571771054816451
6.55	2.0609899752349192
6.6499999999999995	2.122921453299869
6.75	2.1389497188954962
6.85	2.101588591922937
6.95	2.0269165605063595
7.05	1.9326183428082457
7.1499999999999995	1.8196196197773082
7.25	1.70154824005569
7.35	1.5845880640129932
7.45	1.473341943678358
7.55	1.3709135259330942
7.6499999999999995	1.2813019640538972
7.75	1.1943160975364213
7.85	1.1247697659084614
7.95	1.0566423331624433
8.05	0.9971273527383208
8.15	0.9484408814323598
8.25	0.901983351324389
8.350000000000001	0.8646778400970059
8.450000000000001	0.831508109437203
8.55	0.80104219870468
8.65	0.7760945150513829
8.75	0.7542405028194439
8.850000000000001	0.7373201693722428
8.950000000000001	0.7232243028454408
9.05	0.7108572731242415
9.15	0.7020279413935352
9.25	0.6946416857039474
9.350000000000001	0.6885937375145662
9.450000000000001	0.6863876442504092
9.55	0.6845031172378188
9.65	0.6873454325332722
9.750000000000002	0.6908291378781327
9.85	0.697403049442732
9.95	0.7033774036541003
10.049999999999999	0.7120558239636903
10.149999999999999	0.7216613168090804
10.25	0.7336345254747849
10.35	0.7458361548875861
10.45	0.7634968752509466
10.549999999999999	0.7790912712203526
10.649999999999999	0.7974714491232109
10.75	0.817546011672978
10.85	0.8387336084479903
10.95	0.8635503788444108
11.049999999999999	0.8866575521884295
11.149999999999999	0.9108812098315459
11.25	0.9367303586307585
11.35	0.9641069798568077
11.45	0.9905925100184435
11.549999999999999	1.016504615885518
11.649999999999999	1.0456130522714322
11.75	1.0720090432220803
11.85	1.1009966519204841
11.95	1.12118721046804
12.049999999999999	1.1424544089938
12.149999999999999	1.1666205684880426
12.25	1.1858464183689432
12.35	1.2027917805940997
12.45	1.2185613055701952
12.549999999999999	1.2283636849864268
12.649999999999999	1.2352703575027801
12.75	1.2422054287002762
12.85	1.2445780426170079
12.95	1.2381978166315373
13.049999999999999	1.2367331329458278
13.149999999999999	1.2261893802178019
13.25	1.2140809846018448
13.35	1.202593624032725
13.45	1.1867316828661407
13.549999999999999	1.1699960238942408
13.649999999999999	1.148496289420174
13.75	1.1287667273184414
13.85	1.1104887719968684
13.95	1.0878213006388708
14.049999999999999	1.0677612593097374
14.149999999999999	1.04746592644149
14.25	1.0254518968015518
14.35	1.0072066267775504
14.45	0.987890877626909
14.549999999999999	0.969823021731997
14.649999999999999	0.9534313249237444
14.75	0.9385225650328324
14.85	0.9242008891769072
14.95	0.9117260313046559
15.049999999999999	0.9008491077276463
15.149999999999999	0.8904820860987942
15.25	0.8815176164017109
15.35	0.8736090228384552
15.45	0.8690130380159742
15.549999999999999	0.8632555292951533
15.649999999999999	0.8611599207454381
15.75	0.8586890201978454
15.85	0.8580474708159096
15.95	0.8577039105275703
16.05	0.8610045295950042
16.15	0.8625974810480863
16.25	0.8681775518040916
16.349999999999998	0.8728801362258923
16.45	0.8788331223304999
16.55	0.8851238118659319
16.65	0.8931295778027977
16.75	0.9025109878491977
16.849999999999998	0.9120411955429302
16.95	0.9228715356570713
17.05	0.9334261846103766
17.15	0.9455737641627945
17.25	0.9575491823520872
17.349999999999998	0.970766338177911
17.45	0.9828507891706916
17.55	0.9949949096112308
17.65	1.0091423339595347
17.75	1.021981135617637
17.849999999999998	1.0340646860978018
17.95	1.0431977218542228
18.05	1.0558620360552025
18.15	1.0653622859327363
18.25	1.0732421309911837
18.349999999999998	1.0839852025266221
18.45	1.0928705270871968
18.55	1.0984665683946035
18.65	1.1023584462305354
18.75	1.107530768387484
18.849999999999998	1.1087495828544913
18.95	1.109050759354523
19.05	1.1116104209214277
19.15	1.1078477479938937
19.25	1.1060608157187848
19.35	1.1025132367774209
19.45	1.097893891096304
19.55	1.091918409587402
19.65	1.086587243721951
19.75	1.0804886601365515
19.85	1.0695929228375736
19.95	1.0627591731568276
20.05	1.0520226962480286
20.15	1.043616932577497
20.25	1.034609183999482
20.35	1.0214290025104567
20.45	1.0148674935744506
20.55	1.0039603288116603
20.65	0.9956172274012803
20.75	0.9871070458070003
20.85	0.9791693449326212
20.95	0.9705061286596386
21.05	0.9657074933363043
21.15	0.956750251183226
21.25	0.950194627394221
21.35	0.9442203940197261
21.45	0.9412120285413125
21.55	0.9342197405023047
21.65	0.9305085129796766
21.75	0.9268978610239923
21.85	0.9274110076864858
21.95	0.9235513644603349
22.05	0.9239810472008971
22.15	0.9230765894623335
22.25	0.9231904933947578
22.35	0.9239311155609429
22.45	0.9282636808300924
22.55	0.9296677997621906
22.65	0.9323098156917319
22.75	0.9362982291288483
22.85	0.9406660082034253
22.95	0.9448702597716779
23.05	0.9511649521703425
23.15	0.9563206361390878
23.25	0.962772210415947
23.35	0.9687345171444687
23.45	0.9769026677149493
23.55	0.9809017576919546
23.65	0.9908928573590053
23.75	0.9962987648975599
23.85	1.0064387540756206
23.95	1.0110128892933028
24.05	1.0176955286078884
24.15	1.0227283143634298
24.25	1.0306223818643434
24.35	1.036062487992771
24.45	1.0422394885602466
24.55	1.047011348733868
24.65	1.0526895700781398
24.75	1.054384296038786
24.85	1.0584307534103616
24.95	1.0600037942381222
25.05	1.0600484471497535
25.15	1.065597468153064
25.25	1.064957982056727
25.35	1.0644533052943492
25.45	1.0631040265259464
25.55	1.0600918517998044
25.65	1.055813142646387
25.75	1.054821874714642
25.85	1.049456856716266
25.95	1.0481144630149482
26.05	1.044401231587076
26.15	1.039400830610714
26.25	1.0319752841501257
26.35	1.0282469656804551
26.45	1.021850151052808
26.55	1.017360815949576
26.65	1.0134286452044838
26.75	1.0042966584989945
26.85	0.9996526674018394
26.95	0.9966797230352615
27.05	0.9883673089644267
27.15	0.9837800393404547
27.25	0.9794382453279862
27.35	0.9757698392353243
27.45	0.9696361514992234
27.55	0.9677557528085449
27.65	0.9666902451497905
27.75	0.9598826889680632
27.85	0.9567830879026346
27.95	0.9562279441505435
28.05	0.9537384240420134
28.15	0.9540872998987601
28.25	0.9528998036025713
28.35	0.9533944820465791
28.45	0.9531758737578072
28.55	0.9557250379608916
28.65	0.9537263634387706
28.75	0.9553462448125107
28.85	0.957111600222808
28.95	0.9598914658453713
29.05	0.9626670148321569
29.15	0.9644532119842997
29.25	0.9691253875255278
29.35	0.9719060154537401
29.45	0.9744833905716288
29.55	0.9779402656228148
29.65	0.9819978259704494
29.75	0.9878141179419225
29.85	0.9926038639640697
29.95	NaN
30.05	1.001602786270618
30.15	1.0060492252612752
30.25	1.0070810824702217
30.35	1.0129629817772245
30.45	1.0172263005310327
30.55	1.0218781236178436
30.65	1.0255133699897336
30.75	1.0282605863234604
30.85	1.031606292399289
30.95	1.0338253404684579
31.05	1.0366439763131476
31.15	1.0389568977666643
31.25	1.0406592049868915
31.35	1.0406558812472866
31.45	1.0405636163584517
31.55	1.040199057483955
31.65	1.0421253687619259
31.75	NaN
31.85	1.0394713883046298
31.95	1.0369549081254947
32.05	1.0352278269837911
32.15	1.0321529613738465
32.25	1.0302131023813177
32.35	1.027994791544901
32.45	1.0209454730650316
32.55	1.0185386239976395
32.65	1.0179888437931677
32.75	1.0113486200960697
32.85	1.009031149188331
32.95	1.005234339887251
33.05	1.0012169978426657
33.15	0.9982155078258653
33.25	0.9950072133319405
33.35	0.9925026640770976
33.45	0.9888162166561523
33.55	0.9852207394625861
33.65	0.9812232152788553
33.75	0.9785789594110362
33.85	0.9741550199584684
33.95	0.9740050575908445
34.05	0.973033633137472
34.15	0.9699296933074997
34.25	0.968985323494994
34.35	0.9682893250216805
34.45	0.9673363570247292
34.55	0.9655544849136662
34.65	0.9668876180593093
34.75	0.9654839904325989
34.85	0.9671005446042376
34.95	0.9682675491279675
35.05	0.9663662823256204
35.15	0.9729587057084924
35.25	0.9734373633486297
35.35	0.9725554955587786
35.45	0.9781958302653478
35.55	0.9798708982789879
35.65	0.9813398726531289
35.75	0.9845455911503882
35.85	0.9873348119710623
35.95	0.9898588344907656
36.05	0.9930027385623504
36.15	0.9939863523437924
36.25	1.0005722798556962
36.35	1.0025400796107102
36.45	1.0055982855974095
36.55	1.007844385184858
36.65	NaN
36.75	1.0175010978865833
36.85	1.0158239100743802
36.95	1.0171293186005579
37.05	1.0191010358064916
37.15	1.0233467016893985
37.25	1.0241204683949228
37.35	1.0252934943012084
37.45	1.0273248486888378
37.55	1.0300165500138387
37.65	1.0283830338507371
37.75	1.0271736301322687
37.85	1.0243501400188495
37.95	1.0271567348266084
38.05	NaN
38.15	NaN
38.25	1.0256170153087611
38.35	1.0240424723614916
38.45	1.0233223587530147
38.550000000000004	1.019802510372039
38.65	1.0143914401835799
38.75	1.0161466213975359
38.85	1.013477944937532
38.95	1.0114316353955866
39.050000000000004	1.0082893232819394
39.15	1.0064239290394026
39.25	1.0036367886031423
39.35	1.0021734345707463
39.45	0.9982289528738711
39.550000000000004	0.9958598120166101
39.65	NaN
39.75	0.9898188508643693
39.85	0.9875000093384961
39.95	0.9875804909847944
40.050000000000004	0.984858464050523
40.15	0.9831284481281346
40.25	0.9814925944329103
40.35	NaN
40.45	0.9779225332003463
40.550000000000004	0.9754045882831331
40.65	0.9775456481887432
40.75	0.9773288423435643
40.85	0.9766552860157518
40.95	0.9760317296043172
41.050000000000004	0.9779732726236003
41.15	0.977350764093868
41.25	0.9775551785033084
41.35	0.9781794240099605
41.45	0.9782504940426059
41.550000000000004	0.9828015376229271
41.65	0.9823252209918271
41.75	0.9840883532458156
41.85	0.9846188135178915
41.95	0.9872327761055424
42.050000000000004	0.9897863391143998
42.15	0.9922152481875376
42.25	0.9948956832209448
42.35	0.9953036522283383
42.45	0.9977149231103252
42.550000000000004	1.0037014354834708
42.65	1.000366419611684
42.75	1.0033799293020564
42.85	1.005861770564517
42.95	1.0092914969346278
43.050000000000004	1.0114029313620043
43.15	NaN
43.25	1.014252057249484
43.35	1.01625555099419
43.45	1.0173591695032234
43.550000000000004	1.0208734343091033
43.65	NaN
43.75	NaN
43.85	1.021185438821899
43.95	1.0208558266726762
44.050000000000004	1.021637702300007
44.15	1.020611833100028
44.25	1.0209405749896945
44.35	1.0178030225739192
44.45	NaN
44.550000000000004	1.018116294772188
44.65	1.0151161764444931
44.75	1.0152458916734286
44.85	1.0126688226242717
44.95	1.01481727288669
45.050000000000004	1.0122992660203793
45.15	1.0097861083181556
45.25	1.0062065937799318
45.35	1.0043283425896703
45.45	1.0028795513936635
45.550000000000004	1.0030005529534867
45.65	0.9991912473858388
45.75	NaN
45.85	0.9962441488292695
45.95	NaN
46.050000000000004	0.993982459171882
46.15	0.9908223384235872
46.25	0.9898111606712102
46.35	NaN
46.45	0.9872946078701895
46.550000000000004	0.985381844713885
46.65	NaN
46.75	0.9829600976333954
46.85	0.9846558083170829
46.95	0.9822564749453503
47.050000000000004	0.9815333253915112
47.15	0.9824644355020196
47.25	0.9839358377963983
47.35	0.9817031025146749
47.45	NaN
47.550000000000004	0.9826700345677982
47.65	0.9863695598991112
47.75	0.9842245047199473
47.85	0.9859399491343445
47.95	0.987986452849374
48.050000000000004	0.9877565407525937
48.15	0.989947757951414
48.25	0.9892678849151627
48.35	0.9934976635016074
48.45	0.9940042315345488
48.550000000000004	0.994606488714284
48.65	0.9944081764437135
48.75	0.9996672336314317
48.85	1.0017184286509808
48.95	1.001374133245881
49.050000000000004	1.0028169897109083
49.15	1.0046636217081744
49.25	1.0049169954250081
49.35	1.008003971527891
49.45	1.0077064078270177
49.550000000000004	1.0143824752832529
49.65	1.0112411558058978
49.75	NaN
49.85	1.0138347019447589
49.95	1.0155589811404064
50.050000000000004	1.0158621903117868
50.15	1.0155085772632555
50.25	1.0161082639420511
50.35	1.0148632440012346
50.45	1.014228026210801
50.550000000000004	1.0148071707087054
50.65	1.0129663181590653
50.75	1.0146753190935192
50.85	1.013710530475419
50.95	1.0107541777232887
51.050000000000004	1.0125677464057348
51.15	1.0111441696268728
51.25	1.0094772414581352
51.35	1.008456538738569
51.45	1.006295834502245
51.550000000000004	1.004571501029066
51.65	1.0074222755955349
51.75	1.00301829852
51.85	0.9999124179653017
51.95	0.998528941027042
52.050000000000004	0.9970291637518623
52.15	NaN
52.25	0.9995261495477427
52.35	0.9963429508237308
52.45	0.9935525034539318
52.550000000000004	0.9934778093000552
52.65	0.9879156022479599
52.75	0.9894137524066752
52.85	0.9889778171263642
52.95	0.9873910223754021
53.050000000000004	0.9868756407684036
53.15	0.9867698137476507
53.25	0.9886101041972527
53.35	0.9858967737824718
53.45	0.9856010220852441
53.550000000000004	0.9860419214581588
53.65	0.9870275891011026
53.75	0.9871680016751011
53.85	0.9858278476727681
53.95	0.9870968169819452
54.050000000000004	0.9887083859066311
54.15	0.9892459544108781
54.25	0.9895139730672142
54.35	0.9902176600414117
54.45	0.9931029106181564
54.550000000000004	NaN
54.65	0.9930470649701443
54.75	0.9961593441687142
54.85	0.998745906582981
54.95	1.000953624913809
55.050000000000004	0.9989903610668877
55.15	1.0012759532486113
55.25	1.0023466496438673
55.35	1.0045400268532454
55.45	1.0068022196688278
55.550000000000004	1.0073603887814024
55.65	NaN
55.75	1.008606870818495
55.85	1.0090238360015649
55.95	1.0098080909154956
56.050000000000004	1.0084502755253597
56.15	1.0121762218381742
56.25	1.0108980886076484
56.35	1.015542923498634
56.45	1.0158217502101154
56.550000000000004	1.0144757662822328
56.65	1.0108661260612133
56.75	1.0125703072331138
56.85	1.0126335835151594
56.95	1.0136381827922583
57.050000000000004	1.0105215833924552
57.15	1.0097118454261496
57.25	1.0113614306755336
57.35	1.0093120467577292
57.45	1.0054132593486387
57.550000000000004	NaN
57.65	1.0064802062001532
57.75	1.004558837645722
57.85	1.0047036888969076
57.95	1.0013219760516325
58.050000000000004	NaN
58.15	1.002230186953354
58.25	0.9989568077456035
58.35	0.9963303059957271
58.45	0.9963823136182123
58.550000000000004	0.9964278659101686
58.65	0.9945081899022955
58.75	NaN
58.85	0.9932658664244715
58.95	0.9924821751965258
59.050000000000004	0.9912584098430848
59.15	0.9916847587528519
59.25	0.9896755836713659
59.35	0.9895982745001654
59.45	0.9902394504662729
59.550000000000004	0.9885286761969128
59.65	NaN
59.75	0.9887935568648284
59.85	0.988004003204104
59.95	0.9901106722821437
60.050000000000004	0.9893817671999807
60.15	0.989766109058719
60.25	0.9898492868913091
60.35	NaN
60.45	0.9898363883361774
60.550000000000004	0.9925168890369622
60.65	0.9938757556925497
60.75	0.9948961749395961
60.85	NaN
60.95	0.9944845419837746
61.050000000000004	0.9970374126886405
61.15	0.9974196597048515
61.25	0.9982927132012148
61.35	1.0001406419494443
61.45	1.0024565310629676
61.550000000000004	1.0026900925641742
61.65	1.0018413807972981
61.75	1.004393331088798
61.85	1.0035481722189736
61.95	NaN
62.050000000000004	1.008192938133177
62.15	1.0071657017586573
62.25	1.0084961096104672
62.35	1.0084119299885914
62.45	NaN
62.550000000000004	1.0110468719069043
62.65	NaN
62.75	NaN
62.85	1.00997377096568
62.95	1.0097987715006695
63.050000000000004	1.0103476544381416
63.15	1.0109040503873525
63.25	1.009888789505431
63.35	1.0101648735147686
63.45	1.008175729026849
63.550000000000004	1.0071734939756887
63.65	NaN
63.75	1.005859633762332
63.85	NaN
63.95	1.0047090804750696
64.05	1.0033310982890493
64.14999999999999	1.0028227441894448
64.25	1.0015775008299261
64.35	NaN
64.44999999999999	0.9980746195869733
64.55	0.9990660389523862
64.64999999999999	0.9981759598097224
64.75	0.9961962549959619
64.85	0.9977259116316084
64.94999999999999	0.9963411268269092
65.05	0.9945067244962991
65.14999999999999	NaN
65.25	0.9931792094273321
65.35	0.9930530514803402
65.44999999999999	0.9938311668542633
65.55	0.9926053084489936
65.64999999999999	NaN
65.75	0.9921980136960477
65.85	0.9909750642741452
65.94999999999999	NaN
66.05	NaN
66.14999999999999	0.9899654686929825
66.25	0.992440647518878
66.35	0.9910889459049916
66.44999999999999	0.99094248607928
66.55	NaN
66.64999999999999	0.9927744995571913
66.75	0.9932162616412272
66.85	NaN
66.94999999999999	NaN
67.05	NaN
67.14999999999999	NaN
67.25	0.9959929240047756
67.35	NaN
67.44999999999999	NaN
67.55	0.9996804770820696
67.64999999999999	1.0016393107755235
67.75	1.00155122375693
67.85	1.0015063089492515
67.94999999999999	NaN
68.05	1.0032416877797616
68.14999999999999	1.004118895523923
68.25	1.0043795268798115
68.35	1.0067986670801958
68.44999999999999	1.0063671714677298
68.55	1.0067001982515935
68.64999999999999	NaN
68.75	1.008271789879515
68.85	1.008389809110374
68.94999999999999	1.00855467315105
69.05	NaN
69.14999999999999	1.008337729298887
69.25	NaN
69.35	1.0100761387322306
69.44999999999999	1.0069899102043216
69.55	1.0081054532711538
69.64999999999999	1.0077404656316282
69.75	1.0061893278887777
69.85	1.005004722640001
69.94999999999999	1.0060523855345829
70.05	NaN
70.14999999999999	1.0046497405582104
70.25	1.0035607032310463
70.35	1.0033514007914863
70.44999999999999	1.0018874784711713
70.55	1.0006129412382714
70.64999999999999	1.000744953998918
70.75	0.9973255773332439
70.85	1.0001243115576854
70.94999999999999	0.9988351586206365
71.05	0.9975298900762767
71.14999999999999	NaN
71.25	0.9956410978336515
71.35	NaN
71.44999999999999	0.9942129111227098
71.55	0.993230708926753
71.64999999999999	0.9937695228521627
71.75	0.9919472365715053
71.85	NaN
71.94999999999999	NaN
72.05	0.9931000522660912
72.14999999999999	NaN
72.25	0.9916874828216978
72.35	0.9920016919649757
72.44999999999999	NaN
72.55	NaN
72.64999999999999	0.9930521408046213
72.75	0.9929320851020251
72.85	0.992759603629462
72.94999999999999	NaN
73.05	0.9959795184334588
73.14999999999999	0.9952391682579954
73.25	0.9964935319481554
73.35	0.9959455245234748
73.44999999999999	0.9978457565943725
73.55	0.9982874377465224
73.64999999999999	0.9990152027965826
73.75	1.0001757113029284
73.85	0.998868768681475
73.94999999999999	NaN
74.05	NaN
74.14999999999999	1.0025231154814087
74.25	1.0034284475865904
74.35	1.0031766484203775
74.44999999999999	1.004953893633734
74.55	1.0044467886159507
74.64999999999999	NaN
74.75	NaN
74.85	1.0050596125354099
74.94999999999999	1.006716511445048
75.05	1.006293282297497
75.14999999999999	1.00632615903757
75.25	1.0074230239121573
75.35	1.0052216149312316
75.44999999999999	1.0063920963410657
75.55	1.0078179195528207
75.64999999999999	1.0063621737963995
75.75	NaN
75.85	1.0069856234924541
75.94999999999999	NaN
76.05	1.0067347975713066
76.14999999999999	1.003646777659641
76.25	1.0049491764568461
76.35	1.0040802464055159
76.44999999999999	NaN
76.55	1.0027939000768122
76.64999999999999	1.003722121754255
76.75	NaN
76.85	1.0021403995762244
76.95	0.9986594893428385
77.05	0.9990214501285989
77.14999999999999	0.9989960540037759
77.25	NaN
77.35	NaN
77.45	NaN
77.55	0.996790044540141
77.64999999999999	NaN
77.75	0.9956783689857699
77.85	0.9936724987125263
77.95	NaN
78.05	0.99510112068074
78.14999999999999	NaN
78.25	0.9942444403523593
78.35	0.9938927096842052
78.45	NaN
78.55	NaN
78.64999999999999	NaN
78.75	0.9934136219552167
78.85	0.9932884685221128
78.95	0.9940135722225465
79.05	NaN
79.14999999999999	NaN
79.25	0.9946331601729382
79.35	0.9950555561045604
79.45	NaN
79.55	0.9941029917720551
79.64999999999999	NaN
79.75	0.9977932017686794
79.85	0.99983515550565
