0.15	0.037799782399878926
0.25	0.03626592613782263
0.35	0.03690975828738144
0.45	0.0376536124369836
0.55	0.037504104179314046
0.65	0.03736746545004452
0.7500000000000001	0.038573676806390754
0.85	0.03849169417326119
0.95	0.03920045393386735
1.05	0.03985628744625338
1.15	0.04038470912449707
1.25	0.04094107866585187
1.35	0.04185310720858182
1.45	0.04277570244608529
1.55	0.04360588638935011
1.65	0.045099783444102426
1.75	0.04621444196168503
1.85	0.04751568106337462
1.95	0.048823239341551215
2.05	0.05034234954690322
2.15	0.05202197025323919
2.25	0.05403914498845753
2.35	0.05594859015428994
2.45	0.05811751259885678
2.5500000000000003	0.06020326163481384
2.65	0.06298989373378659
2.75	0.06587914449655767
2.85	0.06914934183448603
2.95	0.07242605300925246
3.0500000000000003	0.07607178440743777
3.15	0.08029305132421488
3.25	0.08494895702937394
3.35	0.0899408337874795
3.45	0.09558509297276602
3.5500000000000003	0.10142428354771325
3.65	0.10780139178033675
3.75	0.11560016743784213
3.85	0.12394630165565944
3.95	0.13356245487592225
4.05	0.14333672190138402
4.1499999999999995	0.1552426526168096
4.25	0.16839570308036692
4.35	0.18345563914956176
4.449999999999999	0.2008905629744639
4.55	0.2199009407500956
4.6499999999999995	0.24221724594896216
4.75	0.267844755503988
4.85	0.2952934554003891
4.95	0.3306209705049003
5.05	0.3696188429942382
5.1499999999999995	0.4134500243844968
5.25	0.4647857725790519
5.35	0.5234773207465406
5.45	0.598606487711911
5.55	0.6768851468817276
5.6499999999999995	0.7725970415313435
5.75	0.8857666332949367
5.85	1.0129788955430532
5.95	1.1492645171993854
6.05	1.3096629319647006
6.1499999999999995	1.4821130631504529
6.25	1.648445265562649
6.35	1.8139980852784972
6.45	1.9552442496725988
6.55	2.062442057539326
6.6499999999999995	2.1224745689010542
6.75	2.1354732787032518
6.85	2.104098900605427
6.95	2.0306447080138095
7.05	1.9323483866363829
7.1499999999999995	1.8165851633702388
7.25	1.702633372364749
7.35	1.5868698604149645
7.45	1.4708672373563898
7.55	1.3725486144505428
7.6499999999999995	1.2786742220755336
7.75	1.1933890819614796
7.85	1.120514390121489
7.95	1.05482349004108
8.05	0.998352247834138
8.15	0.9461512130391376
8.25	0.9033601379060583
8.350000000000001	0.8626853534860434
8.450000000000001	0.8309550801403848
8.55	0.8005552859911718
8.65	0.7752549487599875
8.75	0.7551008761244656
8.850000000000001	0.7363807976025826
8.950000000000001	0.7230918713269787
9.05	0.710027729480878
9.15	0.7011198207593585
9.25	0.693572452520274
9.350000000000001	0.6903374355067439
9.450000000000001	0.6859963989302948
9.55	0.6872268433157683
9.65	0.6879108317014334
9.750000000000002	0.6901930429201137
9.85	0.6948663580144863
9.95	0.7037580648388375
10.049999999999999	0.711966001206522
10.149999999999999	0.7219346089937788
10.25	0.7339148379874312
10.35	0.7466857020063089
10.45	0.7629250641786444
10.549999999999999	0.7791553505784182
10.649999999999999	0.7989392872551921
10.75	0.8183622943185864
10.85	0.8401693250330043
10.95	0.8616169484728455
11.049999999999999	0.8862174013967872
11.149999999999999	0.9123581707645934
11.25	0.938511323957199
11.35	0.9632436692210733
11.45	0.9893950787199838
11.549999999999999	1.017167438782786
11.649999999999999	1.045321907567017
11.75	1.070639693368289
11.85	1.099103946853154
11.95	1.1238662892037425
12.049999999999999	1.1485023924202677
12.149999999999999	1.1665431430876434
12.25	1.1855082954974687
12.35	1.2040347424359612
12.45	1.213570747779077
12.549999999999999	1.2277470923942746
12.649999999999999	1.236567356194455
12.75	1.2403500836506802
12.85	1.2398762052606729
12.95	1.2398005356641653
13.049999999999999	1.2317058533093146
13.149999999999999	1.2284300434643485
13.25	1.2131667070645258
13.35	1.1997987150192448
13.45	1.1845562873938398
13.549999999999999	1.1697458945780328
13.649999999999999	1.14881134629116
13.75	1.1298726847592662
13.85	1.1090126687562083
13.95	1.0899389534362407
14.049999999999999	1.0664180909984913
14.149999999999999	1.0456918753823836
14.25	1.0262966953459896
14.35	1.007055863573407
14.45	0.9876330283360834
14.549999999999999	0.9675969259421633
14.649999999999999	0.9531419078646772
14.75	0.9405632936711424
14.85	0.9239415044940394
14.95	0.9096707450933587
15.049999999999999	0.9000495042463007
15.149999999999999	0.8923572844800485
15.25	0.8816263462208007
15.35	0.873686909565985
15.45	0.868887533153056
15.549999999999999	0.863916105421285
15.649999999999999	0.8616160974423294
15.75	0.8573813428237124
15.85	0.8585425499058483
15.95	0.858564614999417
16.05	0.8610691014167445
16.15	0.8647429536538878
16.25	0.8679872877440442
16.349999999999998	0.87216679426767
16.45	0.8780657833838597
16.55	0.8849158586786571
16.65	0.8935691394736225
16.75	0.9026664158090686
16.849999999999998	0.913321964503051
16.95	0.92376510298067
17.05	0.9330618043067992
17.15	0.945058799808058
17.25	0.957361087399999
17.349999999999998	0.9701564209847879
17.45	0.9819057343004187
17.55	0.9943321642401122
17.65	1.0074541256793264
17.75	1.0210855646841708
17.849999999999998	1.0318043387812659
17.95	1.0427883793508974
18.05	1.0567850738018483
18.15	1.065923752553872
18.25	1.0742156173664235
18.349999999999998	1.085017505169803
18.45	1.0921250956697843
18.55	1.0989796813232897
18.65	1.1038349198079944
18.75	1.1086681166872119
18.849999999999998	1.1094232946831557
18.95	1.111158795560923
19.05	1.1126630687892536
19.15	1.1098008942719544
19.25	1.1076322988351137
19.35	1.1035363352267014
19.45	1.0990696321181637
19.55	1.0920063451948268
19.65	1.0850105366759666
19.75	1.0771360277264743
19.85	1.0703118671880614
19.95	1.0609664703093966
20.05	1.0560743921640783
20.15	1.0425075023762256
20.25	1.0319807867182025
20.35	1.0216593546013237
20.45	1.0161345633798953
20.55	1.0050169834216987
20.65	0.9975698480195277
20.75	0.9882197245152172
20.85	0.9788773962387006
20.95	0.96909974082078
21.05	0.9612527919895045
21.15	0.9594735702977918
21.25	0.949787543864451
21.35	0.9460350712622911
21.45	0.940026566603508
21.55	0.934540361842072
21.65	0.9303819726986394
21.75	0.9282273723951942
21.85	0.9249317133829158
21.95	0.922711534932422
22.05	0.9201782224964552
22.15	0.9236551164763321
22.25	0.9244154122782927
22.35	0.9246037652921666
22.45	0.9273533798023358
22.55	0.9283354127214191
22.65	0.932734042084938
22.75	0.934693962821566
22.85	0.9421670309515063
22.95	0.9467264054871262
23.05	0.9506184342428343
23.15	0.9577341289319015
23.25	0.9606581673566034
23.35	0.9694705841356769
23.45	0.9745239825856233
23.55	0.9840393302877379
23.65	0.9891826892702668
23.75	0.9988500921173658
23.85	1.005239124075792
23.95	1.0116744408040756
24.05	1.0178788434869306
24.15	1.022730721566979
24.25	1.0322806489396639
24.35	1.0387676263643393
24.45	1.0425031346095428
24.55	1.047776349678261
24.65	1.0536077407327809
24.75	1.0539523637291455
24.85	1.058520891242772
24.95	1.0606328973320194
25.05	1.0612016515103144
25.15	1.0629881594820765
25.25	1.0633487856985735
25.35	1.0635679083644005
25.45	1.062487200052987
25.55	1.0606736197628541
25.65	1.0562681842787585
25.75	1.0553194468231424
25.85	1.0513286538962912
25.95	1.0480844641057363
26.05	1.0439918742328187
26.15	1.0393741737922648
26.25	1.0321645125857728
26.35	1.0275522691739412
26.45	1.023033324510291
26.55	1.018367426388924
26.65	1.011957746193965
26.75	1.0061169833437835
26.85	1.0000095626418097
26.95	0.9926017025511324
27.05	0.9903424526026451
27.15	0.9843457342193548
27.25	0.9808265774381872
27.35	0.9754328824287747
27.45	0.973601906292909
27.55	0.9668485192351008
27.65	0.9645596204573349
27.75	0.9608746327300327
27.85	0.9547130283597395
27.95	0.9548157796015448
28.05	0.9549602942527848
28.15	0.952611013358409
28.25	0.9521180787851243
28.35	0.9522675174193881
28.45	0.9529664162837432
28.55	0.9527510213554272
28.65	0.9539431387373535
28.75	0.9567842446638736
28.85	0.9565477125316996
28.95	0.9590245392486859
29.05	0.9604487012340475
29.15	0.9637909646936346
29.25	0.9661614470688251
29.35	0.9728853682006472
29.45	0.9761865054230513
29.55	0.9798179928591677
29.65	0.982019379218528
29.75	0.9870157798974458
29.85	0.9931966791307056
29.95	NaN
30.05	1.0014481384892784
30.15	1.004806848109079
30.25	1.0104076915563363
30.35	1.0120751071017007
30.45	1.017796092118944
30.55	1.0220921291695342
30.65	1.0245793150159397
30.75	1.0283688620361298
30.85	1.0301714476526784
30.95	1.0357817579071422
31.05	1.0381257515519102
31.15	1.0378192577474363
31.25	1.039029146937392
31.35	1.0416708371864678
31.45	1.041524831800936
31.55	1.0406860529418365
31.65	1.0409907862503875
31.75	NaN
31.85	1.037806688521381
31.95	1.0372101975367938
32.05	1.0352201096057836
32.15	1.0310472410406237
32.25	1.03143644818545
32.35	1.0255944771418435
32.45	1.024806802955808
32.55	1.0204548644467943
32.65	1.0165181436554833
32.75	1.0139281211945335
32.85	1.00685541561579
32.95	1.004092963824004
33.05	1.0022896853463024
33.15	0.9981644841618305
33.25	0.9948889933478064
33.35	0.9936833171800007
33.45	0.9883035307771084
33.55	0.9841625346220544
33.65	0.9813706856625256
33.75	0.9782226161108779
33.85	0.9773055862548905
33.95	0.9743944640429939
34.05	0.9739604513149364
34.15	0.9704934014821126
34.25	0.9693109367203832
34.35	0.9703735118161217
34.45	0.9680804822988667
34.55	0.9668178920066358
34.65	0.9683461899655436
34.75	0.9670098881831171
34.85	0.9670415237338116
34.95	0.9694774699017039
35.05	0.974059275301761
35.15	0.9721063526560139
35.25	0.973824382317802
35.35	0.972660694586724
35.45	0.9769928478560262
35.55	0.9787850755367882
35.65	0.9805216116875454
35.75	0.9861798029978874
35.85	0.9867700170404439
35.95	0.9883801105533597
36.05	0.9924454242764728
36.15	0.996624580000919
36.25	0.9999869548803243
36.35	1.0020321733141373
36.45	1.0055287715563797
36.55	1.0029796997636005
36.65	NaN
36.75	1.0139596136593736
36.85	1.0165333439954636
36.95	1.0172272814463323
37.05	1.0209999197648747
37.15	1.022910864508068
37.25	1.0257311247157022
37.35	1.0264710967867048
37.45	1.0268578069087335
37.55	1.028513537746555
37.65	1.0269546649444292
37.75	1.0299233478544876
37.85	1.0299922744977266
37.95	1.028932526046561
38.05	NaN
38.15	NaN
38.25	1.022364797054012
38.35	1.0247585307724867
38.45	1.0223713153784468
38.550000000000004	1.0213381788674547
38.65	1.0153429575032877
38.75	1.0169457740491985
38.85	1.0133992049989147
38.95	1.0095338939308829
39.050000000000004	1.0076067868062257
39.15	1.0063620990388609
39.25	1.0063045271565332
39.35	1.0003933130913614
39.45	0.9976180434900405
39.550000000000004	0.9947339621366171
39.65	NaN
39.75	0.9896417829044828
39.85	0.9878256490901123
39.95	0.9859809500756829
40.050000000000004	0.9871834168064307
40.15	0.9836986168444645
40.25	0.9799464539778302
40.35	NaN
40.45	0.9791197880417374
40.550000000000004	0.9783927853561598
40.65	0.9772195799286815
40.75	0.9766887658331314
40.85	0.9756640368200172
40.95	0.97765100541206
41.050000000000004	0.9762901282857669
41.15	0.9755208885289557
41.25	0.9765654234748117
41.35	0.9777983347907351
41.45	0.9785666597779558
41.550000000000004	0.9790383923121171
41.65	0.9815565524704102
41.75	0.982790641722028
41.85	0.987775407273595
41.95	0.9881561996913883
42.050000000000004	0.988849067639151
42.15	0.9909574523640673
42.25	0.9928066991625171
42.35	0.996746223047913
42.45	0.9950250105883592
42.550000000000004	1.0015648942636235
42.65	1.0040456771228279
42.75	1.0063748429398365
42.85	1.0054113589960065
42.95	1.0080103770444546
43.050000000000004	1.010692748203712
43.15	NaN
43.25	1.0145108989865894
43.35	1.0163619827037964
43.45	1.0165144895650422
43.550000000000004	1.0152094998276209
43.65	NaN
43.75	NaN
43.85	1.02038175862073
43.95	1.0199982595291028
44.050000000000004	1.0201859521512835
44.15	1.022072255502541
44.25	1.0221520370768107
44.35	1.0194549393309167
44.45	NaN
44.550000000000004	1.0183004636777095
44.65	1.018090543189485
44.75	1.017480772992797
44.85	1.0142505137049458
44.95	1.0134652160855708
45.050000000000004	1.0094503022838124
45.15	1.0079970749674125
45.25	1.007884394124777
45.35	1.0053345653784242
45.45	1.0034861483174402
45.550000000000004	1.0021284950633602
45.65	0.9988853975095358
45.75	NaN
45.85	0.9970518407859462
45.95	NaN
46.050000000000004	0.9945978966270377
46.15	0.9913422360659103
46.25	0.9889411544117945
46.35	NaN
46.45	0.9859571079258145
46.550000000000004	0.9845152810037006
46.65	NaN
46.75	0.9845053548309232
46.85	0.9834172856572602
46.95	0.9823763067838241
47.050000000000004	0.9825978625675351
47.15	0.9824495695934728
47.25	0.9808343485929228
47.35	0.9817428373875844
47.45	NaN
47.550000000000004	0.9825197409470953
47.65	0.9832855104595077
47.75	0.9844169951611106
47.85	0.983964911948518
47.95	0.9864261173547604
48.050000000000004	0.9881278282018564
48.15	0.9889303380320734
48.25	0.9883633478378216
48.35	0.9919650242164847
48.45	0.9923713813087759
48.550000000000004	0.994560599367691
48.65	0.9981020054315635
48.75	1.0012848053630046
48.85	1.000090827764778
48.95	1.0019349193950478
49.050000000000004	1.0038400005199415
49.15	1.00550005127085
49.25	1.0091359241321545
49.35	1.00956942473367
49.45	1.011495774484829
49.550000000000004	1.01379657406206
49.65	1.0125269116898419
49.75	NaN
49.85	1.0141670856293041
49.95	1.01474287398856
50.050000000000004	1.0159251417725337
50.15	1.0148599505981575
50.25	1.0155040352752638
50.35	1.0170742290315327
50.45	1.0169368713725617
50.550000000000004	1.0163186014061998
50.65	1.0155021109204203
50.75	1.0161476272085381
50.85	1.0153456337670825
50.95	1.0129509251775846
51.050000000000004	1.0131185223015908
51.15	1.0108139086569565
51.25	1.0088106380859778
51.35	1.0107941236538074
51.45	1.0076815011552815
51.550000000000004	1.0046467320046013
51.65	1.0055672531780593
51.75	1.003467843582032
51.85	1.001861852319858
51.95	0.999088274746815
52.050000000000004	0.9983550348209909
52.15	NaN
52.25	0.9919252903642168
52.35	0.9938255266566002
52.45	0.9942896519095974
52.550000000000004	0.9920263393242734
52.65	0.9891663759422937
52.75	0.9896578742868044
52.85	0.9880588430029745
52.95	0.9879650941929753
53.050000000000004	0.9860340726476071
53.15	0.9863666805438461
53.25	0.9862736006383953
53.35	0.9863874260414164
53.45	0.9873760484981068
53.550000000000004	0.9840537550295589
53.65	0.9872405375215693
53.75	0.9865585853729912
53.85	0.9871975556647762
53.95	0.9887270658768766
54.050000000000004	0.9889198622029978
54.15	0.9891696564561078
54.25	0.9905074180281892
54.35	0.9914922881849483
54.45	0.9919203340961265
54.550000000000004	NaN
54.65	0.9935467666858858
54.75	0.9949683914694387
54.85	0.9959637610064159
54.95	0.9977683934641122
55.050000000000004	1.0003597868542204
55.15	1.0011280150344808
55.25	1.001719878508809
55.35	1.0035045939531755
55.45	1.0064032949106978
55.550000000000004	1.0076079846164874
55.65	NaN
55.75	1.0072332866534552
55.85	1.0082968580627623
55.95	1.0086002846150965
56.050000000000004	1.0101444099683488
56.15	1.0127332188131075
56.25	1.0115126632739984
56.35	1.0246530403629504
56.45	1.0143772972230094
56.550000000000004	1.012037251382827
56.65	1.012335265342265
56.75	1.0128404552305963
56.85	1.0121126655172337
56.95	1.0114695638021287
57.050000000000004	1.011203383944624
57.15	1.010757107583287
57.25	1.0112281904095868
57.35	1.0109240752547966
57.45	1.0086410473970744
57.550000000000004	NaN
57.65	1.0076404448975955
57.75	1.0064973787853984
57.85	1.0050637667750264
57.95	1.004816539767295
58.050000000000004	NaN
58.15	1.001272333436853
58.25	0.9994384937745668
58.35	0.9986572719465996
58.45	0.9966596944059757
58.550000000000004	0.9976934841700984
58.65	0.9943451506272588
58.75	NaN
58.85	0.9934712300124249
58.95	0.992831076295842
59.050000000000004	0.9913104717444663
59.15	0.9905370827125134
59.25	0.9904476292201456
59.35	0.9902266757382414
59.45	0.9903530426817351
59.550000000000004	0.9892162209220684
59.65	NaN
59.75	0.9893322050562559
59.85	0.9898284034799105
59.95	0.9881575545027466
60.050000000000004	0.9897519285768358
60.15	0.9894047889687595
60.25	0.9892951284659566
60.35	NaN
60.45	0.9909276155387583
60.550000000000004	0.9935397789731337
60.65	0.9924401838397807
60.75	0.9920921527145661
60.85	NaN
60.95	0.9961493068859715
61.050000000000004	0.9963626657436194
61.15	0.998460502874442
61.25	0.999561500817119
61.35	0.9975027277204749
61.45	1.0013954275388863
61.550000000000004	1.0017031868254829
61.65	1.0036255040164743
61.75	1.002733706828004
61.85	1.0059718498766823
61.95	NaN
62.050000000000004	1.00328488993409
62.15	1.0077956118636695
62.25	1.0087215951498099
62.35	1.008832676034697
62.45	NaN
62.550000000000004	1.0104392142284946
62.65	NaN
62.75	NaN
62.85	1.010164429107898
62.95	1.0108849769811732
63.050000000000004	1.0093939427593237
63.15	1.010992873253094
63.25	1.0094653203274628
63.35	1.0100781858272532
63.45	1.0083073482554328
63.550000000000004	1.0081883832197711
63.65	NaN
63.75	1.0072306576800665
63.85	NaN
63.95	1.0054908117732264
64.05	1.0046086129882748
64.14999999999999	1.001083878457799
64.25	1.0011547002969678
64.35	NaN
64.44999999999999	1.0010768438021327
64.55	1.0000060724420208
64.64999999999999	0.9972018515369095
64.75	0.9975593096000384
64.85	0.9956609375018366
64.94999999999999	0.9974849080255311
65.05	0.9950947851452538
65.14999999999999	NaN
65.25	0.9931281426353336
65.35	0.9931708871384263
65.44999999999999	0.9913362032453118
65.55	0.9911380001260677
65.64999999999999	NaN
65.75	0.9903490148270212
65.85	0.990769482331443
65.94999999999999	NaN
66.05	NaN
66.14999999999999	0.9901404755517982
66.25	0.9904052084479515
66.35	0.9910638879117335
66.44999999999999	0.9923436508126078
66.55	NaN
66.64999999999999	0.9930152281014354
66.75	0.9946610119867005
66.85	NaN
66.94999999999999	NaN
67.05	NaN
67.14999999999999	NaN
67.25	0.9971521875068878
67.35	NaN
67.44999999999999	NaN
67.55	0.9991443424236248
67.64999999999999	1.0000165361571194
67.75	1.001028961470718
67.85	1.0021439547611164
67.94999999999999	NaN
68.05	1.004991516028331
68.14999999999999	1.0035877257621204
68.25	1.0062123856751912
68.35	1.0055910480442198
68.44999999999999	1.0054756506800309
68.55	1.006731998354475
68.64999999999999	NaN
68.75	1.0079120970435904
68.85	1.0075265739720327
68.94999999999999	1.0088916111240267
69.05	NaN
69.14999999999999	1.006490248795993
69.25	NaN
69.35	1.008224326874978
69.44999999999999	1.0085046723951296
69.55	1.0076790486753655
69.64999999999999	1.007820555346628
69.75	1.0068548224081484
69.85	1.0082730967970097
69.94999999999999	1.005893962740851
70.05	NaN
70.14999999999999	1.0054625604487022
70.25	1.0050460218774973
70.35	1.0034801917005223
70.44999999999999	1.0016941651146416
70.55	1.001512191002075
70.64999999999999	1.000377749151111
70.75	1.0011944721968546
70.85	0.9990538392377698
70.94999999999999	0.998628892927106
71.05	0.9969158057956476
71.14999999999999	NaN
71.25	0.9965511823400568
71.35	NaN
71.44999999999999	0.9973780754804941
71.55	0.9932615357799739
71.64999999999999	0.9943708809763111
71.75	0.9928166249045864
71.85	NaN
71.94999999999999	NaN
72.05	0.9923257302761223
72.14999999999999	NaN
72.25	0.9920056129933411
72.35	0.9920616324333662
72.44999999999999	NaN
72.55	NaN
72.64999999999999	0.9931390480285859
72.75	0.9937879956332405
72.85	0.9946178144010446
72.94999999999999	NaN
73.05	0.993385933717669
73.14999999999999	0.9942344433108765
73.25	0.995898665164236
73.35	0.9965763374618537
73.44999999999999	0.9959524208375613
73.55	0.9959848521798
73.64999999999999	0.9982053011029606
73.75	0.9977069669920455
73.85	0.9996096494033129
73.94999999999999	NaN
74.05	NaN
74.14999999999999	1.00243743874478
74.25	1.0028675077705902
74.35	1.003176414506729
74.44999999999999	1.0034012600592292
74.55	1.004530359866507
74.64999999999999	NaN
74.75	NaN
74.85	1.0047810656544078
74.94999999999999	1.0076471975127081
75.05	1.0049193617129506
75.14999999999999	1.0077919374595334
75.25	1.0064764841909697
75.35	1.0052348190727576
75.44999999999999	1.0077394748455284
75.55	1.0066962845874485
75.64999999999999	1.0062903526209428
75.75	NaN
75.85	1.0073626430669753
75.94999999999999	NaN
76.05	1.0070461884019426
76.14999999999999	1.0036839694070379
76.25	1.0047766387891022
76.35	1.0044173736999664
76.44999999999999	NaN
76.55	1.004022150333893
76.64999999999999	1.003715153395721
76.75	NaN
76.85	1.0002151045611243
76.95	1.0022756823943686
77.05	0.9996712475043864
77.14999999999999	0.9989181909098312
77.25	NaN
77.35	NaN
77.45	NaN
77.55	0.9959410655060108
77.64999999999999	NaN
77.75	0.9970681413084356
77.85	0.9947566108486033
77.95	NaN
78.05	0.9948822558835874
78.14999999999999	NaN
78.25	0.9945726511669952
78.35	0.9939469030374638
78.45	NaN
78.55	NaN
78.64999999999999	NaN
78.75	0.9940290283187606
78.85	0.9932601525270365
78.95	0.9936794276234286
79.05	NaN
79.14999999999999	NaN
79.25	0.9947490939640677
79.35	0.9958798671814324
79.45	NaN
79.55	0.9966183044793588
79.64999999999999	NaN
79.75	0.9966541779286052
79.85	0.9977115845791109
