0.15	0.01875846409955143
0.25	0.019058228001792632
0.35	0.018823328926666414
0.45	0.018994241542396824
0.55	0.019364186860528775
0.65	0.019315450416443097
0.7500000000000001	0.01952082252401642
0.85	0.019857657753360444
0.95	0.02028548379303101
1.05	0.02041440650166833
1.15	0.02079305401048909
1.25	0.02118789400738309
1.35	0.021418517113914296
1.45	0.021997570370320678
1.55	0.022650990389769823
1.65	0.023057592106230568
1.75	0.02358959802761531
1.85	0.02437733239838045
1.95	0.025127370855636887
2.05	0.025743770741372952
2.15	0.02668504288381087
2.25	0.027476048391716076
2.35	0.02854898640552348
2.45	0.029566229749703993
2.5500000000000003	0.030825310267956676
2.65	0.032061778379544416
2.75	0.033364542793609106
2.85	0.03484945069318786
2.95	0.03664876984382946
3.0500000000000003	0.03832853517583482
3.15	0.040151846983296796
3.25	0.04245767823034321
3.35	0.045002058963952554
3.45	0.04761908995581965
3.5500000000000003	0.050631926596000715
3.65	0.053705198564392605
3.75	0.057469602578480015
3.85	0.061062601852554056
3.95	0.06588172359797834
4.05	0.07082001080673302
4.1499999999999995	0.0763382184487442
4.25	0.0824656343430531
4.35	0.09003675997311998
4.449999999999999	0.09762220915690722
4.55	0.10677211250168181
4.6499999999999995	0.11656703297893134
4.75	0.12880660390183138
4.85	0.14309561537969162
4.95	0.15962611487512118
5.05	0.176926383791237
5.1499999999999995	0.1999153804504024
5.25	0.22437160705252351
5.35	0.2548433255906734
5.45	0.2921936860106511
5.55	0.3355724642443227
5.6499999999999995	0.3876130241339032
5.75	0.4540614581349555
5.85	0.528124402771604
5.95	0.6257331502676554
6.05	0.7473163940449592
6.1499999999999995	0.9005014046694388
6.25	1.0825483157253295
6.35	1.3015840604152864
6.45	1.5784461754754162
6.55	1.8903744215580627
6.6499999999999995	2.226047289114529
6.75	2.5379119720626684
6.85	2.7876039827292693
6.95	2.927804844784985
7.05	2.916359921551766
7.1499999999999995	2.775483509197895
7.25	2.5550031682006193
7.35	2.295484730372564
7.45	2.042515154455887
7.55	1.8187577801202732
7.6499999999999995	1.605449423522621
7.75	1.4335790031365634
7.85	1.2816281067103985
7.95	1.1623838904958677
8.05	1.058782496194261
8.15	0.9768557034108695
8.25	0.9007206747379856
8.350000000000001	0.8373757985592158
8.450000000000001	0.7866563964380882
8.55	0.7445074388298739
8.65	0.7068829810666521
8.75	0.6775488292976724
8.850000000000001	0.6507211491689175
8.950000000000001	0.6293389831175126
9.05	0.6111967958447113
9.15	0.596980820242044
9.25	0.586973558480168
9.350000000000001	0.5792960905464015
9.450000000000001	0.5725496478786776
9.55	0.5700837608022321
9.65	0.5669494460742667
9.750000000000002	0.5684174369322623
9.85	0.5731163500786794
9.95	0.5777178514743402
10.049999999999999	0.5848013204332096
10.149999999999999	0.5933871149427726
10.25	0.6063690820270983
10.35	0.618235971900781
10.45	0.6343898583864697
10.549999999999999	0.6517462399362589
10.649999999999999	0.6723975811806929
10.75	0.6964440690707261
10.85	0.7205650577598665
10.95	0.7482471087316467
11.049999999999999	0.7782694157596867
11.149999999999999	0.8106534397890649
11.25	0.8425483176128817
11.35	0.8817931652391277
11.45	0.9197091165797064
11.549999999999999	0.9620343728571581
11.649999999999999	1.0013644332736484
11.75	1.0442120938950707
11.85	1.0843928049657046
11.95	1.1274883505705326
12.049999999999999	1.166450536405466
12.149999999999999	1.2000652513007908
12.25	1.2339244188676224
12.35	1.2599352188122157
12.45	1.281793881955253
12.549999999999999	1.304431762404698
12.649999999999999	1.3179180693409278
12.75	1.329473973625787
12.85	1.3358905600222293
12.95	1.3388141276359402
13.049999999999999	1.33915491916643
13.149999999999999	1.3368045085948395
13.25	1.3290637315312568
13.35	1.3166806540415323
13.45	1.303568771259727
13.549999999999999	1.2866907622585144
13.649999999999999	1.267680357656481
13.75	1.2444201745515098
13.85	1.2185920537024288
13.95	1.1865015988296415
14.049999999999999	1.1588192654454204
14.149999999999999	1.1291278334400254
14.25	1.0937744714878581
14.35	1.0641697255850904
14.45	1.0352388544662356
14.549999999999999	1.0038612425680482
14.649999999999999	0.9755369315632308
14.75	0.946204570170403
14.85	0.9208901454316263
14.95	0.897371393650091
15.049999999999999	0.8769015006883099
15.149999999999999	0.8584050851363968
15.25	0.8403931411197754
15.35	0.8264545838465096
15.45	0.8138902789410678
15.549999999999999	0.8029666983846814
15.649999999999999	0.7961834708347649
15.75	0.7904674963812891
15.85	0.7850103156567838
15.95	0.7830469854088299
16.05	0.783493767092124
16.15	0.7828962225982985
16.25	0.7868042913236618
16.349999999999998	0.7921222635749933
16.45	0.7977464736625901
16.55	0.8045194107591135
16.65	0.816021616923647
16.75	0.8268069932042267
16.849999999999998	0.8398696585701243
16.95	0.85339035017007
17.05	0.869593963487214
17.15	0.8865745597949991
17.25	0.9036006600133607
17.349999999999998	0.92230975636498
17.45	0.9409821587874566
17.55	0.9629274476898768
17.65	0.9835540327271234
17.75	1.0021360566919801
17.849999999999998	1.0266837778727
17.95	1.045858174754884
18.05	1.0662295251303016
18.15	1.0860596145506571
18.25	1.1037726238221965
18.349999999999998	1.120897852348892
18.45	1.1347518634332554
18.55	1.1478944924212588
18.65	1.1565641552562436
18.75	1.1659697191355995
18.849999999999998	1.1720783157368093
18.95	1.174041304763012
19.05	1.1775490234125143
19.15	1.1754462867430202
19.25	1.172027330031384
19.35	1.1686239428419056
19.45	1.1611044867768112
19.55	1.153118327389918
19.65	1.1434652990642908
19.75	1.130334348304432
19.85	1.1195227888327348
19.95	1.1060712597781643
20.05	1.095163185817905
20.15	1.0818267387647513
20.25	1.0648497756375617
20.35	1.0520340284373964
20.45	1.0365559327956424
20.55	1.0250898064934046
20.65	1.0093581611058362
20.75	0.9963965918127292
20.85	0.9820343000333385
20.95	0.9724540705183289
21.05	0.9587526885887716
21.15	0.9469649566854024
21.25	0.9357866119599426
21.35	0.9261291231914176
21.45	0.9175849151698432
21.55	0.907988887693316
21.65	0.9029083822109244
21.75	0.8961027476096923
21.85	0.8912839123034918
21.95	0.8867909381694168
22.05	0.8836684899776148
22.15	0.8808886700824302
22.25	0.8793173770539877
22.35	0.8816591406224857
22.45	0.8809142173208849
22.55	0.8839528114355019
22.65	0.8856190829039532
22.75	0.8906302550090357
22.85	0.8984299659603496
22.95	NaN
23.05	0.9082792592096537
23.15	0.9177544307440302
23.25	0.92769673669392
23.35	0.9370018740349306
23.45	0.9447147736420036
23.55	0.9563912472535419
23.65	0.9657826531441396
23.75	0.9800800571447033
23.85	0.9913358533011388
23.95	1.0011148015025608
24.05	1.0149601644762152
24.15	1.0269358993849733
24.25	1.0370135038334984
24.35	1.0474674550304774
24.45	1.060040306116913
24.55	1.0696995625624488
24.65	1.0777174657643933
24.75	1.0848848635893027
24.85	1.09132305157114
24.95	1.0960790238521525
25.05	1.0994397379788412
25.15	1.1033635977757976
25.25	1.1052886688504897
25.35	1.1041544785545394
25.45	1.1014954152930136
25.55	1.1027582655566301
25.65	1.0968013056501977
25.75	1.0940091253512065
25.85	1.0875993633768777
25.95	1.0818752550948758
26.05	1.075769568738517
26.15	1.0674933246179252
26.25	1.0600532754416438
26.35	1.0500134187852677
26.45	1.0424929610448226
26.55	1.035366698907008
26.65	1.0245192716777292
26.75	1.0161426665163837
26.85	1.0071122210960615
26.95	0.9974626224281322
27.05	0.9895150370308838
27.15	0.98135115450797
27.25	0.9734130047208224
27.35	0.9669457676170042
27.45	0.9585738059459129
27.55	0.9545819180985479
27.65	0.9468284254109481
27.75	0.9425785743599543
27.85	0.9387648341273463
27.95	0.9352818465229259
28.05	0.9292443199786035
28.15	0.9283913912872198
28.25	0.9273132659535452
28.35	0.9251315479218228
28.45	0.9251336596747847
28.55	0.9242787584089392
28.65	0.9240865590516137
28.75	0.9257159485415491
28.85	0.9276076531628669
28.95	0.9301033120543204
29.05	0.9321215822609049
29.15	0.9402324339621361
29.25	0.9426403414609369
29.35	0.9468325226463683
29.45	0.9513902039121304
29.55	0.9567538367305621
29.65	0.9652517695028088
29.75	0.9736125241009068
29.85	0.9777660846145307
29.95	0.9863330240371175
30.05	0.9923908261843863
30.15	1.0026297260489963
30.25	1.0091164622511506
30.35	1.0169264852461417
30.45	1.022286133973244
30.55	1.0297239109374352
30.65	1.0366059708363713
30.75	1.0415914740593073
30.85	1.0454903590914588
30.95	1.0530048419295475
31.05	1.0570538310189426
31.15	1.0593602726269058
31.25	1.0620341203920485
31.35	1.0668271064089212
31.45	1.0674684562133123
31.55	1.0677523068246337
31.65	1.0673861051344982
31.75	1.069328797269656
31.85	1.0652318491899275
31.95	1.0672056818913662
32.05	1.0596191873266985
32.15	1.0592124642992895
32.25	1.053898623370692
32.35	1.0476580396484159
32.45	1.0448314237224943
32.55	1.0372922589565894
32.65	1.0325580010367639
32.75	1.024858984304245
32.85	1.0207270713264078
32.95	1.0150971007252925
33.05	1.0069453178500638
33.15	1.00223952612742
33.25	0.997104998462886
33.35	0.9890417525348008
33.45	0.9860987956359674
33.55	0.9855609319135036
33.65	0.9737041747902496
33.75	0.9695518161113734
33.85	0.9667486560587406
33.95	0.9662291381978508
34.05	0.9590183754510687
34.15	0.9553570891495509
34.25	0.9529611328635096
34.35	0.9527252549773114
34.45	0.9490673994123079
34.55	0.9491712192737307
34.65	0.9486308698459965
34.75	0.946030597016252
34.85	0.9475682185734113
34.95	0.9475089511745507
35.05	0.9510529437232826
35.15	0.9522266798444763
35.25	0.9512717642994772
35.35	0.9590098442485949
35.45	0.9593016387679861
35.55	0.9624741279810182
35.65	0.9677094606908427
35.75	0.968953001323764
35.85	0.9741860819931898
35.95	0.9788789865159297
36.05	0.9842656010266586
36.15	0.9885573536069697
36.25	0.9946576461054436
36.35	0.9993201741123982
36.45	1.0039405784538376
36.55	NaN
36.65	1.0143231336437981
36.75	1.0182099772283524
36.85	1.0287943330374285
36.95	1.028538321361676
37.05	1.03081232810349
37.15	1.0348405831805318
37.25	1.0388831201822406
37.35	1.0433123614723696
37.45	1.0446294194809203
37.55	1.0446414588166042
37.65	NaN
37.75	1.0456685635100271
37.85	1.045755368842974
37.95	1.0481460888636343
38.05	1.0445688843795808
38.15	1.042151146829635
38.25	1.042088047333616
38.35	1.041936938949556
38.45	1.0382004862084178
38.550000000000004	1.035563357812912
38.65	1.030797010667313
38.75	1.027069175722272
38.85	1.0250625892739362
38.95	1.0221122290701674
39.050000000000004	1.0179374720072278
39.15	NaN
39.25	NaN
39.35	NaN
39.45	NaN
39.550000000000004	0.995331945297784
39.65	0.9918947215416462
39.75	0.9873001740557499
39.85	0.9833987336387491
39.95	0.9772536785543071
40.050000000000004	0.9757413095415998
40.15	NaN
40.25	0.9701600295771717
40.35	0.9686640862369661
40.45	0.9668267322585252
40.550000000000004	0.9639221355053094
40.65	0.9641773963582602
40.75	0.9634019445346832
40.85	0.9608199307239784
40.95	0.9613845946418894
41.050000000000004	0.9603348618853339
41.15	0.9607756954841448
41.25	0.9626856324288113
41.35	0.962727177897686
41.45	0.9649784082300352
41.550000000000004	NaN
41.65	0.9684560114023383
41.75	0.9702988463298546
41.85	0.9737520574510891
41.95	0.9761703792784996
42.050000000000004	0.9802752023359691
42.15	NaN
42.25	0.9861597603493164
42.35	0.991305831741442
42.45	0.9947116874366381
42.550000000000004	0.9984819385850673
42.65	1.001829671352977
42.75	1.0045122547067113
42.85	1.008853930053534
42.95	1.0141963852764957
43.050000000000004	1.015169555494773
43.15	1.0187446894634176
43.25	1.0204597963487572
43.35	1.0234042201350086
43.45	1.0274621262484427
43.550000000000004	1.0313301967042354
43.65	NaN
43.75	1.033295027192532
43.85	1.0330500253342136
43.95	1.0360775642237052
44.050000000000004	1.0351454701090994
44.15	1.03575150864191
44.25	NaN
44.35	1.0348108721573932
44.45	1.0337562199078199
44.550000000000004	1.029432412590521
44.65	1.0282660629891387
44.75	1.026009094505837
44.85	1.026787589534596
44.95	1.022514017344325
45.050000000000004	1.021266970641185
45.15	1.0161560474703106
45.25	1.0156801488642124
45.35	NaN
45.45	1.0070034145119258
45.550000000000004	1.0072533632593654
45.65	NaN
45.75	1.0006982386426002
45.85	0.995064200205715
45.95	0.9908850345026566
46.050000000000004	0.9882879302941906
46.15	0.9868596959227307
46.25	0.986095785892087
46.35	0.9824864968112745
46.45	0.9787067401265207
46.550000000000004	0.9761110225358212
46.65	NaN
46.75	0.9740614165102833
46.85	0.9727573495229658
46.95	0.9720300316046078
47.050000000000004	0.9712068961725714
47.15	0.9690668146550528
47.25	0.97016876296456
47.35	0.9741553900965092
47.45	0.9717315557869354
47.550000000000004	0.9715232130529298
47.65	0.9722981602279767
47.75	0.9745512699617229
47.85	0.9766047393369615
47.95	0.977127975073661
48.050000000000004	0.9790155377217548
48.15	0.9805662181311013
48.25	0.9839157739618604
48.35	0.9849976231559314
48.45	0.9884411792905675
48.550000000000004	0.9926325309037539
48.65	0.9938752609235654
48.75	0.9961600089128742
48.85	0.9994475091358871
48.95	1.003680333223608
49.050000000000004	1.0061535734471045
49.15	NaN
49.25	1.0088350777122244
49.35	1.0137658466668809
49.45	1.0154600463560501
49.550000000000004	1.0187107627901735
49.65	1.0192040172425503
49.75	1.022052126276936
49.85	1.0227794034640538
49.95	1.0255107958281902
50.050000000000004	1.0248299837427326
50.15	1.0257622026802768
50.25	1.0253160280562887
50.35	1.027355584072944
50.45	1.0251513819014675
50.550000000000004	1.0267193761159972
50.65	1.026185344316605
50.75	1.0256849258302403
50.85	1.0214128655206316
50.95	NaN
51.050000000000004	1.0207682851471553
51.15	1.0179074603367073
51.25	1.0168624387563432
51.35	1.0161161265600633
51.45	1.0124338029576294
51.550000000000004	NaN
51.65	1.0087838327448546
51.75	1.0057419765603852
51.85	1.0029381222352542
51.95	0.9993227322346191
52.050000000000004	NaN
52.15	0.9940496375481617
52.25	0.993509204166072
52.35	0.9908494893818959
52.45	0.9896929969321321
52.550000000000004	0.9877851648239416
52.65	0.9837987216783578
52.75	0.983926904137873
52.85	0.9809454156807774
52.95	NaN
53.050000000000004	0.9781271106915171
53.15	NaN
53.25	0.9759391402544697
53.35	0.9775215690851694
53.45	0.9768819220499229
53.550000000000004	NaN
53.65	0.9771666091530149
53.75	NaN
53.85	0.9781035435335123
53.95	0.9765218576123216
54.050000000000004	NaN
54.15	0.9816757775801082
54.25	NaN
54.35	0.9838893733535341
54.45	0.986203027611407
54.550000000000004	NaN
54.65	0.9899407946763903
54.75	0.9913437654637599
54.85	0.9934927183502378
54.95	0.9953387100546421
55.050000000000004	0.9976764118425708
55.15	0.9991617606033392
55.25	1.0025178802403276
55.35	1.008063539820922
55.45	1.007292115230551
55.550000000000004	1.007285756990268
55.65	1.0115647174305007
55.75	1.0140912323952138
55.85	1.015160602747256
55.95	1.01609444917408
56.050000000000004	1.0160785935442027
56.15	1.0155570496907895
56.25	1.0172629400482722
56.35	1.0195370414742695
56.45	1.0216823637764765
56.550000000000004	1.0193687712197417
56.65	1.0228234854792675
56.75	NaN
56.85	1.0206438195214993
56.95	1.018955125889432
57.050000000000004	1.019185071384662
57.15	1.018334192488725
57.25	1.016496176707349
57.35	NaN
57.45	1.014904918236223
57.550000000000004	1.0125245611130347
57.65	1.011615438882153
57.75	1.008264212293785
57.85	1.0054032585460595
57.95	1.0055587522127365
58.050000000000004	1.0059263231633115
58.15	0.9975956541190235
58.25	0.9989786883947076
58.35	0.9969125071184691
58.45	NaN
58.550000000000004	0.9954370470849244
58.65	0.9932275788390978
58.75	NaN
58.85	0.9882570581368462
58.95	NaN
59.050000000000004	0.9845273876358959
59.15	0.9859030186300106
59.25	0.9847001816132483
59.35	0.9844111500567977
59.45	0.9820285534494925
59.550000000000004	0.981724397815498
59.65	0.982307122096515
59.75	0.9810318328026243
59.85	NaN
59.95	0.9815703153262324
60.050000000000004	NaN
60.15	0.9833809181005236
60.25	0.9831569334951775
60.35	NaN
60.45	0.9849031235229131
60.550000000000004	0.9835769759477462
60.65	0.9851096863844311
60.75	0.9891091673711128
60.85	0.9906336974622628
60.95	0.9923581991191949
61.050000000000004	0.9940359933704561
61.15	0.99555279970474
61.25	0.997680341725278
61.35	0.9975754752263603
61.45	1.0018303055022344
61.550000000000004	NaN
61.65	1.0032012640137313
61.75	NaN
61.85	NaN
61.95	1.0082141449438922
62.050000000000004	1.0104207159851508
62.15	1.011695799522386
62.25	1.013359039006257
62.35	1.0152667575059076
62.45	1.0136340116919462
62.550000000000004	1.016253364228811
62.65	1.01659614497793
62.75	1.0174807821671408
62.85	1.0171329749131273
62.95	1.0165201138439324
63.050000000000004	1.0162334705838612
63.15	1.0173702881970794
63.25	NaN
63.35	1.014907375631521
63.45	1.0128115177680361
63.550000000000004	1.015241327622981
63.65	1.0121306612401775
63.75	1.0111881893612586
63.85	1.0095652032389335
63.95	1.0076293684239315
64.05	1.008397293504041
64.14999999999999	1.0040095968758638
64.25	1.0042587133339964
64.35	1.0048371122686777
64.44999999999999	1.0017461149491909
64.55	0.9996046228498424
64.64999999999999	0.9983444627203304
64.75	0.9946527224480628
64.85	0.9935678108705776
64.94999999999999	0.9937277022211196
65.05	0.9923397582196881
65.14999999999999	0.9911880862014906
65.25	NaN
65.35	0.9878469962681953
65.44999999999999	NaN
65.55	0.9872787676823817
65.64999999999999	0.9852617388117065
65.75	0.9846911748175172
65.85	0.984962666868948
65.94999999999999	0.98413422472388
66.05	NaN
66.14999999999999	0.9850620352097431
66.25	0.9849282422987861
66.35	0.9840709050399606
66.44999999999999	0.9858399095950324
66.55	0.9852401878074852
66.64999999999999	NaN
66.75	0.9886195419736414
66.85	NaN
66.94999999999999	NaN
67.05	0.9907396798431212
67.14999999999999	0.9946033996867115
67.25	0.9952329909015984
67.35	0.9946881303462295
67.44999999999999	0.9966381898481307
67.55	1.0000637004810158
67.64999999999999	NaN
67.75	NaN
67.85	1.0072791458634756
67.94999999999999	1.0034352621242397
68.05	1.0049816503497377
68.14999999999999	1.00812870540957
68.25	NaN
68.35	1.0095196239185342
68.44999999999999	1.008865343883361
68.55	1.010914800522205
68.64999999999999	NaN
68.75	1.0129522266927875
68.85	1.0119315424578832
68.94999999999999	1.0139041262611355
69.05	1.0151655869991745
69.14999999999999	1.01296904221887
69.25	1.0141051245151478
69.35	1.013968361294202
69.44999999999999	NaN
69.55	1.0135422595499703
69.64999999999999	1.0149190414103535
69.75	NaN
69.85	1.0103746529339943
69.94999999999999	NaN
70.05	1.007929849970897
70.14999999999999	1.0077805852960784
70.25	NaN
70.35	1.0052139750632845
70.44999999999999	NaN
70.55	1.0039641778013932
70.64999999999999	1.0017696811542958
70.75	1.0001681290432065
70.85	0.9988535955358827
70.94999999999999	0.9980999041678044
71.05	0.9955003656503177
71.14999999999999	0.9940429810840388
71.25	NaN
71.35	0.9927800697178413
71.44999999999999	0.9928019918847492
71.55	0.9905491423639203
71.64999999999999	0.9903821636441085
71.75	0.9897871737641698
71.85	0.9885505551953847
71.94999999999999	0.988539264415852
72.05	NaN
72.14999999999999	NaN
72.25	NaN
72.35	NaN
72.44999999999999	0.9882400680915275
72.55	0.9869039087909101
72.64999999999999	0.9875784201064727
72.75	NaN
72.85	0.9891106432780147
72.94999999999999	0.989963417203929
73.05	0.9907176250502087
73.14999999999999	0.9908026921080758
73.25	0.9935044332607523
73.35	0.9921132051888287
73.44999999999999	NaN
73.55	0.9942773380435422
73.64999999999999	NaN
73.75	NaN
73.85	0.9985684874062517
73.94999999999999	0.9999174733170247
74.05	0.9990352851291652
74.14999999999999	1.0023184572978652
74.25	1.0043210358701704
74.35	1.004827023409591
74.44999999999999	1.0090706034264096
74.55	1.0084053570235147
74.64999999999999	1.0070962944552289
74.75	1.0083760335813627
74.85	1.00946916042321
74.94999999999999	1.0061233956842799
75.05	1.0106449308508108
75.14999999999999	1.0104899377121068
75.25	NaN
75.35	NaN
75.44999999999999	NaN
75.55	1.0128495697628195
75.64999999999999	NaN
75.75	NaN
75.85	1.0108270832503488
75.94999999999999	1.0110838290357074
76.05	1.009705438892446
76.14999999999999	1.0098500947938804
76.25	NaN
76.35	1.0084501349983954
76.44999999999999	NaN
76.55	1.0055360656167753
76.64999999999999	1.004705981579246
76.75	NaN
76.85	NaN
76.95	NaN
77.05	NaN
77.14999999999999	0.9992573432017996
77.25	0.9974936226031873
77.35	0.9971682802530387
77.45	0.994166243517969
77.55	0.9956579663056511
77.64999999999999	0.9938265862106576
77.75	0.9918848830705939
77.85	0.9920223587942718
77.95	0.9918824411130466
78.05	0.9896936348939697
78.14999999999999	0.9903396350889696
78.25	0.9902409153164494
78.35	0.9882860125024523
78.45	NaN
78.55	NaN
78.64999999999999	0.9892493814895779
78.75	0.9887033441833288
78.85	NaN
78.95	0.9897115285946992
79.05	NaN
79.14999999999999	NaN
79.25	0.9900760328332473
79.35	NaN
79.45	0.9931687356456979
79.55	0.99317172354695
79.64999999999999	NaN
79.75	0.9957646577778779
79.85	0.9967520228852129
