0.15	0.02010784103371243
0.25	0.019005858277092186
0.35	0.01948941609215925
0.45	0.019085371388270562
0.55	0.019308811027860993
0.65	0.019488896553794335
0.7500000000000001	0.01950063253123971
0.85	0.019890164624680465
0.95	0.020305272879819897
1.05	0.020515774434504728
1.15	0.020887209791714167
1.25	0.021151297908056255
1.35	0.021420537233782014
1.45	0.021938390060869166
1.55	0.022539640771763163
1.65	0.023000225708998137
1.75	0.023630544676156568
1.85	0.02434071500522439
1.95	0.025064523120128145
2.05	0.02578652225650206
2.15	0.026701819175068583
2.25	0.027551427492158685
2.35	0.02859250330232656
2.45	0.0295532970314651
2.5500000000000003	0.030756135542581525
2.65	0.03205773978951271
2.75	0.03340711378463607
2.85	0.03484595285825012
2.95	0.03666048178760859
3.0500000000000003	0.038304814392281956
3.15	0.04025178892010481
3.25	0.042537210504450876
3.35	0.04503861570104321
3.45	0.04746307705419996
3.5500000000000003	0.050506959807750405
3.65	0.053720799588856026
3.75	0.057494284617223904
3.85	0.06093015492986245
3.95	0.06574777786551698
4.05	0.07065827107590772
4.1499999999999995	0.07633128488524228
4.25	0.08238441813745398
4.35	0.08988680943058633
4.449999999999999	0.09755437313961074
4.55	0.10639040644599693
4.6499999999999995	0.11645287822895758
4.75	0.12889621092475534
4.85	0.14295020083817656
4.95	0.15939725306598643
5.05	0.17706678848145205
5.1499999999999995	0.19972728279283417
5.25	0.22448854470101806
5.35	0.2546426763681912
5.45	0.29188492566189844
5.55	0.33595182248220273
5.6499999999999995	0.3876317640297839
5.75	0.4538825398698045
5.85	0.5294176492150188
5.95	0.6258109201453508
6.05	0.7465093419926078
6.1499999999999995	0.9001774942492604
6.25	1.0834809372597616
6.35	1.302268239983152
6.45	1.5798999309619244
6.55	1.8888973062834626
6.6499999999999995	2.22247792670225
6.75	2.5372511616838525
6.85	2.7951449573916105
6.95	2.9271760841535452
7.05	2.9141571029723234
7.1499999999999995	2.7714563188500736
7.25	2.5555729872983592
7.35	2.2941191906345355
7.45	2.0380512187206974
7.55	1.8182554623933058
7.6499999999999995	1.604606283495692
7.75	1.4323457990132622
7.85	1.28074966470676
7.95	1.1596440445606369
8.05	1.0590527285966835
8.15	0.9759295088965321
8.25	0.8996440888418173
8.350000000000001	0.836898207757886
8.450000000000001	0.7876293111035091
8.55	0.7435982567594295
8.65	0.7081951372523291
8.75	0.6766099409107169
8.850000000000001	0.651333251082782
8.950000000000001	0.6286826249437073
9.05	0.6116157384297222
9.15	0.5976421390998247
9.25	0.5874663601181039
9.350000000000001	0.5790440598425571
9.450000000000001	0.5737876015596802
9.55	0.5686216823255891
9.65	0.5686816595994126
9.750000000000002	0.5696638738259917
9.85	0.5722554426302217
9.95	0.5780748837752385
10.049999999999999	0.585469786204832
10.149999999999999	0.5950003438284848
10.25	0.6065506968360583
10.35	0.6197214077658619
10.45	0.6353131678929558
10.549999999999999	0.6517690629417303
10.649999999999999	0.6717435607838994
10.75	0.6952516568023682
10.85	0.7218216047571611
10.95	0.7468646313755722
11.049999999999999	0.7767057609951958
11.149999999999999	0.8097516733976239
11.25	0.8445437416707555
11.35	0.8815789980453158
11.45	0.9188005363527769
11.549999999999999	0.9601055832371342
11.649999999999999	1.002435218832522
11.75	1.0448330617362536
11.85	1.0851983966158498
11.95	1.1264216717983129
12.049999999999999	1.1640930798799947
12.149999999999999	1.2020276982144538
12.25	1.2347443640814737
12.35	1.2635639861898933
12.45	1.285819869931307
12.549999999999999	1.3033687961013734
12.649999999999999	1.3183255464230894
12.75	1.3293865327988743
12.85	1.3350722305142508
12.95	1.3407236483715572
13.049999999999999	1.3379618900063655
13.149999999999999	1.332553539931562
13.25	1.3267308356021872
13.35	1.3165507939127987
13.45	1.3025103012360784
13.549999999999999	1.2867306985678508
13.649999999999999	1.2677182335025639
13.75	1.2439196498189036
13.85	1.2173942723721465
13.95	1.1892273160196487
14.049999999999999	1.159280853109295
14.149999999999999	1.127229893754773
14.25	1.0974111670674174
14.35	1.0648057723732327
14.45	1.033833216297314
14.549999999999999	1.0034021018141877
14.649999999999999	0.9730499295592553
14.75	0.9474549227510463
14.85	0.921814300658636
14.95	0.8971989482435213
15.049999999999999	0.877721020923716
15.149999999999999	0.8567728756080629
15.25	0.8414982663081425
15.35	0.8262664770451468
15.45	0.8132511544621582
15.549999999999999	0.804532781036589
15.649999999999999	0.7946411106832505
15.75	0.7901196763329762
15.85	0.7841665319265747
15.95	0.7829026520186199
16.05	0.7821839084041049
16.15	0.7850675183589154
16.25	0.7871086791432104
16.349999999999998	0.7925975774359045
16.45	0.7979625720318927
16.55	0.8066091735965694
16.65	0.8161497576092988
16.75	0.8252506593193185
16.849999999999998	0.8382040841657207
16.95	0.854783222436041
17.05	0.8703960566873987
17.15	0.8863163608178364
17.25	0.9044124182658198
17.349999999999998	0.9208997743576749
17.45	0.9430385738483262
17.55	0.9646525302407057
17.65	0.9844444733798481
17.75	1.0074101255346015
17.849999999999998	1.0241483026312617
17.95	1.0469769532882074
18.05	1.0645463406197242
18.15	1.086639309738883
18.25	1.1039606392056491
18.349999999999998	1.1198759198206756
18.45	1.1351308091075962
18.55	1.1486251743147828
18.65	1.1569143615557886
18.75	1.1647711951040212
18.849999999999998	1.1725275019157027
18.95	1.1721794764769244
19.05	1.1765951553037197
19.15	1.1757137891420772
19.25	1.1701998680139043
19.35	1.1686603431312548
19.45	1.1617977897429839
19.55	1.1519127135442397
19.65	1.143344002677525
19.75	1.1308210133362653
19.85	1.1183587100108137
19.95	1.1068235718309487
20.05	1.0949024336402073
20.15	1.0803820243424918
20.25	1.0661330746391537
20.35	1.0530395558042462
20.45	1.038246617835704
20.55	1.0231689015949867
20.65	1.0106706285033207
20.75	0.9973396181739185
20.85	0.9849755684596027
20.95	0.9695459131511471
21.05	0.9589129754311221
21.15	0.9463287998424611
21.25	0.9370163768495872
21.35	0.9259727229557453
21.45	0.9167896997194893
21.55	0.9093224593432315
21.65	0.9025168296959915
21.75	0.8956122456353626
21.85	0.8917003141734319
21.95	0.8868614793543194
22.05	0.8838793356399302
22.15	0.8816715420374176
22.25	0.8807594085454153
22.35	0.8803929004673651
22.45	0.8819461468365272
22.55	0.8851220984493205
22.65	0.8855567866969218
22.75	0.8896742120987715
22.85	0.8979794791734322
22.95	NaN
23.05	0.9108217833783055
23.15	0.9165320138150266
23.25	0.9255987069416747
23.35	0.9331798789859108
23.45	0.9436039360879748
23.55	0.9573035120092216
23.65	0.9647260636402227
23.75	0.9767096723592952
23.85	0.9887535885004562
23.95	1.0030550766598778
24.05	1.014499090363353
24.15	1.0254679041152484
24.25	1.0389562315945668
24.35	1.0481141686992992
24.45	1.0590341615223198
24.55	1.0662532323724434
24.65	1.0752677299338507
24.75	1.082603433967425
24.85	1.0921559949964867
24.95	1.0986133375184262
25.05	1.1008142024520418
25.15	1.1019307137801293
25.25	1.1053425647212272
25.35	1.1052504048522898
25.45	1.1062530175100356
25.55	1.1039307258251485
25.65	1.0982292875802193
25.75	1.0932629835536984
25.85	1.0869840888622733
25.95	1.0830990211211322
26.05	1.0761077430741544
26.15	1.0679558345098128
26.25	1.0610525813174307
26.35	1.0522823068807992
26.45	1.0430401999560088
26.55	1.033788159690513
26.65	1.0244713159109207
26.75	1.0181359135996324
26.85	1.005969174281706
26.95	0.9993649229083942
27.05	0.9883470869369138
27.15	0.9827967281846308
27.25	0.9721875357995784
27.35	0.9669057860481787
27.45	0.9614745638188457
27.55	0.954944737265584
27.65	0.949093913251621
27.75	0.943113074296809
27.85	0.9372773903411237
27.95	0.9342283323128392
28.05	0.9301580597652966
28.15	0.9280928918059234
28.25	0.925743597686759
28.35	0.9243739033130438
28.45	0.92263630682044
28.55	0.9236100503381515
28.65	0.9217523422597259
28.75	0.9262558254337738
28.85	0.9290864694488312
28.95	0.928683481948115
29.05	0.9329442990308261
29.15	0.93863551334679
29.25	0.9414531446150655
29.35	0.9460518564520028
29.45	0.9529583972342413
29.55	0.9588335730147309
29.65	0.9653345263460118
29.75	0.9699062391901568
29.85	0.9802779268620699
29.95	0.9865662181321845
30.05	0.9939794946465536
30.15	0.998942491563541
30.25	1.0071137419646707
30.35	1.0162181676438735
30.45	1.0246618370135059
30.55	1.0305956093775874
30.65	1.0333641757566248
30.75	1.041502505036619
30.85	1.0489491130949906
30.95	1.0527028060907435
31.05	1.0569852541676124
31.15	1.059715418975061
31.25	1.06388201057913
31.35	1.0645242384982319
31.45	1.066421636163622
31.55	1.0678447584795756
31.65	1.0666119502650881
31.75	1.0675046530887402
31.85	1.0659067002330762
31.95	1.0642975257443987
32.05	1.0606635086376708
32.15	1.0578113970710725
32.25	1.0529995903121567
32.35	1.0544083096492645
32.45	1.0415546773823727
32.55	1.0372107220826325
32.65	1.0304041952031306
32.75	1.0246412793054605
32.85	1.0194478012123183
32.95	1.0137475805362908
33.05	1.00907480209988
33.15	1.0004891910235243
33.25	0.9950895210812236
33.35	0.9898479135836303
33.45	0.9841873204973193
33.55	0.9833892237337384
33.65	0.9756768900895777
33.75	0.9706788871026824
33.85	0.965219924516957
33.95	0.960981349328513
34.05	0.9583935699151397
34.15	0.9536029694731663
34.25	0.9521760493057709
34.35	0.9520417580991105
34.45	0.9479569259954566
34.55	0.9484796773362268
34.65	0.9470958603235955
34.75	0.9466176593164958
34.85	0.9476507045433613
34.95	0.9475503072912106
35.05	0.949584439864057
35.15	0.9523844915322822
35.25	0.9532911011100467
35.35	0.9580862570395114
35.45	0.9601511020170238
35.55	0.9639040098007228
35.65	0.9652467907615542
35.75	0.9714008613959365
35.85	0.9746351637279347
35.95	0.980665432978559
36.05	0.9836407271145448
36.15	0.9892443774253746
36.25	0.9934258790238001
36.35	0.9982337592986396
36.45	1.0035279824369405
36.55	NaN
36.65	1.0151875417139262
36.75	1.019163223177803
36.85	1.0260192682269562
36.95	1.027109104343564
37.05	1.0309439031889982
37.15	1.0344568610089657
37.25	1.0375062343127557
37.35	1.042462551378403
37.45	1.0419727442403452
37.55	1.0456750917028008
37.65	NaN
37.75	1.0485245374055217
37.85	1.0473629180867012
37.95	1.0484806148931323
38.05	1.0483087439325196
38.15	1.0444262403278812
38.25	1.0443402892687683
38.35	1.0396874493302417
38.45	1.0419805492488414
38.550000000000004	1.0363797318142467
38.65	1.0342265398451906
38.75	1.028216026564638
38.85	1.0252632508386237
38.95	1.0227880335252
39.050000000000004	1.0175017216524616
39.15	NaN
39.25	NaN
39.35	NaN
39.45	NaN
39.550000000000004	0.9951087501906039
39.65	0.9922445279678535
39.75	0.9865218520752318
39.85	0.9840334761937534
39.95	0.9795474887451439
40.050000000000004	0.9796464474746561
40.15	NaN
40.25	0.9699377107615264
40.35	0.967138498640356
40.45	0.9675555661696373
40.550000000000004	0.9648411330137343
40.65	0.962694643290964
40.75	0.9622906648127164
40.85	0.9623329703217366
40.95	0.9621748166081302
41.050000000000004	0.9612012678913697
41.15	0.9612576671140868
41.25	0.9618576544515571
41.35	0.9643900205826876
41.45	0.9647274730090883
41.550000000000004	NaN
41.65	0.9688877751435987
41.75	0.9730992497050568
41.85	0.9740944320086744
41.95	0.9781267073742933
42.050000000000004	0.979516750198161
42.15	NaN
42.25	0.986915893104931
42.35	0.9895836314511249
42.45	0.9941781628744447
42.550000000000004	0.9981584921633467
42.65	1.0006870768069112
42.75	1.0046456158131913
42.85	1.0087622683001205
42.95	1.014784427833149
43.050000000000004	1.0157255766673021
43.15	1.0190580318964557
43.25	1.021681601522748
43.35	1.0242171263278235
43.45	1.0269684063083202
43.550000000000004	1.0302069286593636
43.65	NaN
43.75	1.0333735546894924
43.85	1.034037988342771
43.95	1.0343812044342193
44.050000000000004	1.036657183379575
44.15	1.0352940096275658
44.25	NaN
44.35	1.033399127357723
44.45	1.032396319448786
44.550000000000004	1.0315107056495645
44.65	1.0290756468368005
44.75	1.0279147477753878
44.85	1.0247472058119653
44.95	1.0240222694065524
45.050000000000004	1.0194461440842835
45.15	1.0181588808379418
45.25	1.0154429540574497
45.35	NaN
45.45	1.00902839651136
45.550000000000004	1.0056011384296428
45.65	NaN
45.75	0.9986345336720923
45.85	0.9952900666834378
45.95	0.99102041342981
46.050000000000004	0.9892943216851741
46.15	0.9870228533531019
46.25	0.9839530496432976
46.35	0.9821868166227271
46.45	0.9781385624381888
46.550000000000004	0.9772277957790604
46.65	NaN
46.75	0.9734806884551224
46.85	0.9733122598393074
46.95	0.9711080936480236
47.050000000000004	0.9712547618238994
47.15	0.9717732829223812
47.25	0.9697523486701295
47.35	0.9704951008179981
47.45	0.9704085447120422
47.550000000000004	0.970884573461877
47.65	0.9729004599625777
47.75	0.9735653041999016
47.85	0.9746769563497247
47.95	0.9780472488832824
48.050000000000004	0.9788864256592754
48.15	0.9805180807835949
48.25	0.9833576240929348
48.35	0.9853706655596932
48.45	0.9860336051052346
48.550000000000004	0.9904465365342607
48.65	0.9944407029265441
48.75	0.9970522618706257
48.85	1.0007717871606752
48.95	1.000576170274098
49.050000000000004	1.0050908783601833
49.15	NaN
49.25	1.010137278284928
49.35	1.0124017032049657
49.45	1.0147631922048497
49.550000000000004	1.0177790056793778
49.65	1.020951062258235
49.75	1.0223098988311032
49.85	1.0235272761102445
49.95	1.025091623506738
50.050000000000004	1.0239327951331605
50.15	1.02695543543269
50.25	1.0269881434736006
50.35	1.02728513809777
50.45	1.0253551612795166
50.550000000000004	1.0259035211155039
50.65	1.0231574432211414
50.75	1.0242822140496302
50.85	1.022574005792259
50.95	NaN
51.050000000000004	1.0197016325765687
51.15	1.020304509308231
51.25	1.0172071407694838
51.35	1.0149869372779703
51.45	1.0132647053153732
51.550000000000004	NaN
51.65	1.007748544623293
51.75	1.0052716867746347
51.85	1.0020983528939513
51.95	1.0007348965342657
52.050000000000004	NaN
52.15	0.9959071274373321
52.25	0.9939810096346355
52.35	0.9904090070118258
52.45	0.9899660978771353
52.550000000000004	0.9889586841042749
52.65	0.9837781492410373
52.75	0.9837018228858206
52.85	0.9807113068806085
52.95	NaN
53.050000000000004	0.9785507681167159
53.15	NaN
53.25	0.9775749987905872
53.35	0.9773117580989108
53.45	0.9787231203359349
53.550000000000004	NaN
53.65	0.9747630200330261
53.75	NaN
53.85	0.977894825940114
53.95	0.9785214702150608
54.050000000000004	NaN
54.15	0.9814543623034302
54.25	NaN
54.35	0.984952007229073
54.45	0.985984435341471
54.550000000000004	NaN
54.65	0.9881722704315772
54.75	0.9941929142289561
54.85	0.9931166849624937
54.95	0.997848631069704
55.050000000000004	0.9969607781181182
55.15	1.001095972878445
55.25	1.0018442366076192
55.35	1.004788923438551
55.45	1.0079551346750204
55.550000000000004	1.0082758365880293
55.65	1.0158864433896775
55.75	1.0129226975838317
55.85	1.0145170852137328
55.95	1.0161260893660795
56.050000000000004	1.017009980662713
56.15	1.0182746769631406
56.25	1.0114126521297462
56.35	1.0197368335212198
56.45	1.019904832392865
56.550000000000004	1.0225049598076643
56.65	1.0226826128706907
56.75	NaN
56.85	1.0220236477711488
56.95	1.0201999897310634
57.050000000000004	1.0194281673703383
57.15	1.0182746335867052
57.25	1.0167342622176063
57.35	NaN
57.45	1.014185706171699
57.550000000000004	1.0132100644087196
57.65	1.0114927187387033
57.75	1.0097420604046452
57.85	1.0075155731602239
57.95	1.0058244334026822
58.050000000000004	1.0039775020138266
58.15	1.0004909825129746
58.25	1.003269811359889
58.35	0.9985231379830365
58.45	NaN
58.550000000000004	0.9936339957017194
58.65	0.9914896741370484
58.75	NaN
58.85	0.9892128368878407
58.95	NaN
59.050000000000004	0.9859846222821438
59.15	0.9853724572567062
59.25	0.983894636786945
59.35	0.9817846216964463
59.45	0.982756986457187
59.550000000000004	0.9811437420253396
59.65	0.9822870075019552
59.75	0.9836480451829992
59.85	NaN
59.95	0.9817948983413586
60.050000000000004	NaN
60.15	0.9811837827484168
60.25	0.9835630692503325
60.35	NaN
60.45	0.9858133261503222
60.550000000000004	0.9880631421750674
60.65	0.9865626274500751
60.75	0.989038651208288
60.85	0.9921331513839483
60.95	0.992591534276953
61.050000000000004	0.9947752207258881
61.15	0.9954400548896599
61.25	0.9973342897160631
61.35	0.9975345265427679
61.45	1.0007240238560315
61.550000000000004	NaN
61.65	1.0047266696775454
61.75	NaN
61.85	NaN
61.95	1.0087928335513476
62.050000000000004	1.0117955752808439
62.15	1.016402432755395
62.25	1.0121191126256341
62.35	1.014819181893929
62.45	1.0170880466009675
62.550000000000004	1.0159147868809901
62.65	1.0145055264038096
62.75	1.0162197670768536
62.85	1.0156190720737188
62.95	1.0176370471154959
63.050000000000004	1.0162921562900484
63.15	1.0171944065754326
63.25	NaN
63.35	1.0153700094852445
63.45	1.0164452030914433
63.550000000000004	1.0104868736371593
63.65	1.0142583154648175
63.75	1.0119545357815212
63.85	1.0111962939754588
63.95	1.0081289050122055
64.05	1.0082516581933088
64.14999999999999	1.0061856445683184
64.25	1.004675028376099
64.35	1.004344470433775
64.44999999999999	1.0024613988358142
64.55	0.9992237786556494
64.64999999999999	0.9992525837366093
64.75	0.9986475346555854
64.85	0.9939649574654896
64.94999999999999	0.9932154611635051
65.05	0.9921046443240336
65.14999999999999	0.9898730811993283
65.25	NaN
65.35	0.989045993389333
65.44999999999999	NaN
65.55	0.9862963691311993
65.64999999999999	0.9873053552267963
65.75	0.9851730691057253
65.85	0.9866849744963309
65.94999999999999	0.984355992815784
66.05	NaN
66.14999999999999	0.9845110956459312
66.25	0.9858054786123278
66.35	0.9858106067877074
66.44999999999999	0.9840284915014079
66.55	0.9857981643195358
66.64999999999999	NaN
66.75	0.9880635622168592
66.85	NaN
66.94999999999999	NaN
67.05	0.9916681494649356
67.14999999999999	0.99177648371865
67.25	0.9935623136541226
67.35	0.9954706843375619
67.44999999999999	0.9967715281020205
67.55	0.9979879414846791
67.64999999999999	NaN
67.75	NaN
67.85	1.0046564901220008
67.94999999999999	1.0038629994875026
68.05	1.0043308716608987
68.14999999999999	1.0079327259224264
68.25	NaN
68.35	1.007053620826578
68.44999999999999	1.0079629588741397
68.55	1.0115009015755698
68.64999999999999	NaN
68.75	1.0133036332854009
68.85	1.0129218677991374
68.94999999999999	1.014641703547708
69.05	1.0145995756499355
69.14999999999999	1.009979658558743
69.25	1.0135430030448047
69.35	1.0139313089872608
69.44999999999999	NaN
69.55	1.0145840634585814
69.64999999999999	1.014172029059436
69.75	NaN
69.85	1.011376571917323
69.94999999999999	NaN
70.05	1.007839029406272
70.14999999999999	1.007983521563308
70.25	NaN
70.35	1.0046072868795493
70.44999999999999	NaN
70.55	1.00227798496882
70.64999999999999	1.0007083786958622
70.75	0.9982446479243664
70.85	1.0004063496550717
70.94999999999999	0.9981985494625005
71.05	0.9972597491622847
71.14999999999999	0.9941162323275272
71.25	NaN
71.35	0.9937223364542288
71.44999999999999	0.9920911340102442
71.55	0.9924017936585563
71.64999999999999	0.9887610940687875
71.75	0.9898680995057882
71.85	0.9890660037629776
71.94999999999999	0.9873185194488149
72.05	NaN
72.14999999999999	NaN
72.25	NaN
72.35	NaN
72.44999999999999	0.9853687336019141
72.55	0.9873817559927679
72.64999999999999	0.9862237558952555
72.75	NaN
72.85	0.9881962555555391
72.94999999999999	0.9899604469404825
73.05	0.9911996909562406
73.14999999999999	0.9923480255865024
73.25	0.9927614934274729
73.35	0.9937457977042122
73.44999999999999	NaN
73.55	0.996220589587999
73.64999999999999	NaN
73.75	NaN
73.85	0.998726148720712
73.94999999999999	0.9993139638003005
74.05	1.001471253135624
74.14999999999999	1.0015223781343954
74.25	1.0012145135618544
74.35	1.0055931388550274
74.44999999999999	1.0053052665388276
74.55	1.0059689288973837
74.64999999999999	1.006906500265705
74.75	1.0095142458666804
74.85	1.0097679902347334
74.94999999999999	1.0097871175269189
75.05	1.0102172781743484
75.14999999999999	1.0113738194933126
75.25	NaN
75.35	NaN
75.44999999999999	NaN
75.55	1.011511205159397
75.64999999999999	NaN
75.75	NaN
75.85	1.0111175179533403
75.94999999999999	1.0105891138278518
76.05	1.010215229911121
76.14999999999999	1.009093388283257
76.25	NaN
76.35	1.007879720322588
76.44999999999999	NaN
76.55	1.0050415810788438
76.64999999999999	1.004768714585109
76.75	NaN
76.85	NaN
76.95	NaN
77.05	NaN
77.14999999999999	0.9982293116807361
77.25	0.9972265738798585
77.35	0.9962848690027245
77.45	0.9979391523407192
77.55	0.9956744585376297
77.64999999999999	0.9944896788022155
77.75	0.9927123133096153
77.85	0.9921811960845234
77.95	0.9932188416861805
78.05	0.9916626449683915
78.14999999999999	0.9893494011805314
78.25	0.9889192800590754
78.35	0.9899049800237315
78.45	NaN
78.55	NaN
78.64999999999999	0.9894429495196647
78.75	0.988780921563292
78.85	NaN
78.95	0.9899731086236557
79.05	NaN
79.14999999999999	NaN
79.25	0.9910292826379283
79.35	NaN
79.45	0.9935278053553194
79.55	0.9950116499570064
79.64999999999999	NaN
79.75	0.9952709436186759
79.85	0.9957615246422526
