0.15	0.03649832429558543
0.25	0.03626107906354767
0.35	0.037417629638812525
0.45	0.037451394673078904
0.55	0.037504661831355306
0.65	0.037478017602371495
0.7500000000000001	0.03814263477228447
0.85	0.03877961522293884
0.95	0.0390900517096075
1.05	0.0396767272327587
1.15	0.04028455261406212
1.25	0.04122447042690118
1.35	0.04195632687338055
1.45	0.04281992537942036
1.55	0.0436492504055718
1.65	0.04484416477645223
1.75	0.046163427946225
1.85	0.047434000224161575
1.95	0.04888206917242363
2.05	0.05023535267575371
2.15	0.051919880601995975
2.25	0.05402937415121295
2.35	0.055844823955668435
2.45	0.05796441932608449
2.5500000000000003	0.06026521339833238
2.65	0.06305241618927479
2.75	0.06598556566974802
2.85	0.06913633425804702
2.95	0.07251274921321808
3.0500000000000003	0.07616807239006208
3.15	0.0803131599644204
3.25	0.08494004567334361
3.35	0.08994205028442614
3.45	0.09555793177616327
3.5500000000000003	0.10165282058196257
3.65	0.10781510349389727
3.75	0.11578590938400304
3.85	0.1241005846926738
3.95	0.13358789434907814
4.05	0.14362625677073573
4.1499999999999995	0.15522725605579496
4.25	0.16823881957678888
4.35	0.1839263337157989
4.449999999999999	0.20057654949647188
4.55	0.2198955330880633
4.6499999999999995	0.2416764612686162
4.75	0.2679309716722796
4.85	0.29525233200565815
4.95	0.329989083096677
5.05	0.36925883258995573
5.1499999999999995	0.41349370403517366
5.25	0.4636200746146466
5.35	0.5237679737722557
5.45	0.5982931764104703
5.55	0.676506073820726
5.6499999999999995	0.773526367336355
5.75	0.8856328156984682
5.85	1.013559140022508
5.95	1.151425646332791
6.05	1.3074095537317771
6.1499999999999995	1.4806415455693087
6.25	1.6484334050665859
6.35	1.815612561497798
6.45	1.9569697056070583
6.55	2.05821035284866
6.6499999999999995	2.12385082471824
6.75	2.1372958477534656
6.85	2.105610105570208
6.95	2.031672265617031
7.05	1.933174944594094
7.1499999999999995	1.819803443456125
7.25	1.7035503443387034
7.35	1.5885284344988513
7.45	1.4738429604363126
7.55	1.3704191088530964
7.6499999999999995	1.283637626161304
7.75	1.1950012310082345
7.85	1.120814203792614
7.95	1.0561159404770588
8.05	0.9966204310145252
8.15	0.9471045161249914
8.25	0.9018193604282486
8.350000000000001	0.8641691894036434
8.450000000000001	0.8296418727306213
8.55	0.8022743473954688
8.65	0.7771855039983786
8.75	0.7553601206311658
8.850000000000001	0.738000259852433
8.950000000000001	0.7240529162527464
9.05	0.7105540452006145
9.15	0.701284241721898
9.25	0.6950363828864236
9.350000000000001	0.6896120265550847
9.450000000000001	0.6874813234042341
9.55	0.6859809812246113
9.65	0.6883618720342308
9.750000000000002	0.6909172954192908
9.85	0.6962878305239623
9.95	0.7012972919732128
10.049999999999999	0.7113844390224423
10.149999999999999	0.7216691162660318
10.25	0.7336872076224213
10.35	0.746178892304331
10.45	0.7645682420456098
10.549999999999999	0.7794430398345694
10.649999999999999	0.7974340152957163
10.75	0.8179547396857515
10.85	0.8396800928650934
10.95	0.862043989166946
11.049999999999999	0.885833884281723
11.149999999999999	0.9112142761849523
11.25	0.9373408967474398
11.35	0.96366548705306
11.45	0.9912201295195402
11.549999999999999	1.017067991693637
11.649999999999999	1.0436591701209126
11.75	1.0716207445798989
11.85	1.0945631355501273
11.95	1.1221866709502974
12.049999999999999	1.1464357229635809
12.149999999999999	1.1674135778572836
12.25	1.186043257275309
12.35	1.202188268796814
12.45	1.2168999381895331
12.549999999999999	1.2260279207151337
12.649999999999999	1.2350894401085
12.75	1.239630771144547
12.85	1.2429003057996177
12.95	1.240656625156332
13.049999999999999	1.2356319134131115
13.149999999999999	1.2253951529462657
13.25	1.2149564529387415
13.35	1.2019598524787518
13.45	1.1859217585089936
13.549999999999999	1.169139975349122
13.649999999999999	1.1487567595077846
13.75	1.129382990375148
13.85	1.1089915528864471
13.95	1.08712598390051
14.049999999999999	1.0666806456340097
14.149999999999999	1.0454125624897803
14.25	1.0265108014955169
14.35	1.0049438303956932
14.45	0.988998486163077
14.549999999999999	0.9719757994330436
14.649999999999999	0.9530670396193834
14.75	0.9379030733075738
14.85	0.9230102501282733
14.95	0.9109208391604396
15.049999999999999	0.8985855866384072
15.149999999999999	0.8896001244750832
15.25	0.8803757660534052
15.35	0.8745891462701845
15.45	0.8678955264983884
15.549999999999999	0.8647103205647608
15.649999999999999	0.8612689693690017
15.75	0.8602565468754618
15.85	0.8585052030409589
15.95	0.8589363767246809
16.05	0.8612166792381597
16.15	0.8627009003497257
16.25	0.8669561233299137
16.349999999999998	0.8721057226114544
16.45	0.8788070157582673
16.55	0.8864721614822577
16.65	0.8929681561189424
16.75	0.9017289758075109
16.849999999999998	0.9135365533851485
16.95	0.9205271780002635
17.05	0.9328989229067123
17.15	0.9462851372676621
17.25	0.9578703036979195
17.349999999999998	0.9697530851046021
17.45	0.9831226319881718
17.55	0.9960590349558472
17.65	1.0078963281189175
17.75	1.0211559844356959
17.849999999999998	1.032216389221735
17.95	1.0451727533449782
18.05	1.055684148920255
18.15	1.0650811378445544
18.25	1.0742431676947108
18.349999999999998	1.0839333443931527
18.45	1.0899862357501129
18.55	1.0972364427350005
18.65	1.1023421086691707
18.75	1.1071234894627984
18.849999999999998	1.109440590725545
18.95	1.109672444290273
19.05	1.1123146363523704
19.15	1.1084345636575865
19.25	1.1078614889659921
19.35	1.1042626404822984
19.45	1.0998062491602651
19.55	1.0923922951482075
19.65	1.08539095274503
19.75	1.0784192867990186
19.85	1.0701177036442364
19.95	1.061640259903889
20.05	1.0538846663049468
20.15	1.0436704432619686
20.25	1.034204993896023
20.35	1.0264580614660823
20.45	1.0116454774909078
20.55	1.0063055137137957
20.65	0.9966842132000122
20.75	0.9887772982871187
20.85	0.9798974072627505
20.95	0.9737869004595048
21.05	0.9667238608526241
21.15	0.955893992209687
21.25	0.9494451426508124
21.35	0.9449814059883498
21.45	0.9394598072627962
21.55	0.9353079643173069
21.65	0.9308339146715318
21.75	0.9285116826599629
21.85	0.9259508879532703
21.95	0.9239098473880354
22.05	0.9233056919831102
22.15	0.9233540214170219
22.25	0.9228682961464094
22.35	0.9245630749104142
22.45	0.9271301110664565
22.55	0.9329490885784972
22.65	0.9319784807205677
22.75	0.9340322918956185
22.85	0.9405822094048667
22.95	0.945524483081578
23.05	0.9509523692196528
23.15	0.9564718887807233
23.25	0.9615035516986107
23.35	0.9695273987751729
23.45	0.9771568437105301
23.55	0.9820820487304517
23.65	0.9888436685054378
23.75	0.9969472017939854
23.85	1.006598565695285
23.95	1.0120169946553266
24.05	1.01872303224773
24.15	1.0252161739607502
24.25	1.0314201212798608
24.35	1.0370303271492662
24.45	1.042582269952132
24.55	1.0462583736297228
24.65	1.0530503662868396
24.75	1.054594441799922
24.85	1.0588324879887223
24.95	1.061463010306758
25.05	1.0582582436964414
25.15	1.0633760149466631
25.25	1.064985475531895
25.35	1.0635734418732952
25.45	1.0631653549705127
25.55	1.0605710720416792
25.65	1.0581111716669416
25.75	1.0535282767123513
25.85	1.0508341418480083
25.95	1.046789571708612
26.05	1.04288811263819
26.15	1.0384875875467334
26.25	1.0337540963938887
26.35	1.0274627717660325
26.45	1.0244017087135946
26.55	1.0182485183732097
26.65	1.0120713984174046
26.75	1.0060215774580894
26.85	0.9989999488942994
26.95	0.9952420953073732
27.05	0.989986689430847
27.15	0.9844223821366006
27.25	0.9801842414147826
27.35	0.975777269126316
27.45	0.9686116217578417
27.55	0.9677012632361719
27.65	0.9613691755053682
27.75	0.9616616200326938
27.85	0.9589336079099627
27.95	0.956081744264139
28.05	0.9539267136740057
28.15	0.9537210932727422
28.25	0.9519646616182037
28.35	0.9521487930822082
28.45	0.9525931041801441
28.55	0.9522883008797467
28.65	0.9543608232053488
28.75	0.9540485611891342
28.85	0.9556794336931652
28.95	0.9590995456433808
29.05	0.9618644191448832
29.15	0.9650119901648427
29.25	0.9692019590520675
29.35	0.9730228478588075
29.45	0.9770575339069589
29.55	0.9783656912310249
29.65	0.9855743185801569
29.75	0.9883764051969087
29.85	0.9922885874247556
29.95	NaN
30.05	1.0023458072063558
30.15	1.0055980097835757
30.25	1.010588953542915
30.35	1.0118989695534841
30.45	1.018235713008349
30.55	1.0219686908385277
30.65	1.0250951483236195
30.75	1.028435875714655
30.85	1.0312522602641305
30.95	1.0344704085371639
31.05	1.0370372662193892
31.15	1.0379303216594291
31.25	1.0394609730954825
31.35	1.0408698238961407
31.45	1.0417982014184013
31.55	1.041060134894803
31.65	1.0414086775353357
31.75	NaN
31.85	1.037924482525568
31.95	1.036635598716713
32.05	1.03456156663789
32.15	1.032142576117104
32.25	1.0312780135306656
32.35	1.0270880101526643
32.45	1.024771042600235
32.55	1.0211609694072086
32.65	1.0156894150018883
32.75	1.0120199241935417
32.85	1.010613404338068
32.95	1.0065155274684712
33.05	1.00243851511571
33.15	0.9987405523013584
33.25	0.9959100497622937
33.35	0.9907613391674596
33.45	0.9888355190766289
33.55	0.9842095069367519
33.65	0.9827268207533417
33.75	0.9804256273281159
33.85	0.9776492534158768
33.95	0.9762690973680377
34.05	0.9748355493530284
34.15	0.970327989837812
34.25	0.9690069469503149
34.35	0.9693955231860054
34.45	0.9650335202384259
34.55	0.9644832154192315
34.65	0.9675891586991792
34.75	0.9672809517969967
34.85	0.9678301978489042
34.95	0.9676587413461895
35.05	0.9752452345981768
35.15	0.9701779751488445
35.25	0.9727060856690702
35.35	0.9758637012582633
35.45	0.9812827565222562
35.55	0.979154556634601
35.65	0.9800031950306662
35.75	0.9834170144672244
35.85	0.986338863382248
35.95	0.9898544421327317
36.05	0.9924932261131247
36.15	0.9950230713031347
36.25	1.000246194551277
36.35	1.0028324405079994
36.45	1.0055542852739163
36.55	1.0080258710483292
36.65	NaN
36.75	1.0149102582245417
36.85	1.015772687920572
36.95	1.0198223077179918
37.05	1.0201666034382093
37.15	1.0234626906266215
37.25	1.0252782962673086
37.35	1.0281483342140247
37.45	1.0274347721955104
37.55	1.0279098036643668
37.65	1.026682041926112
37.75	1.0275775446438744
37.85	1.03053976412642
37.95	1.0279728386316809
38.05	NaN
38.15	NaN
38.25	1.0311245520875052
38.35	1.0244747243999475
38.45	1.023400942182597
38.550000000000004	1.0211502409959867
38.65	1.0198577330139178
38.75	1.0178687738726213
38.85	1.0127964946589025
38.95	1.0113506650468853
39.050000000000004	1.00942183419839
39.15	1.004322996428906
39.25	1.0037376654530012
39.35	1.0021497433316608
39.45	0.9992255952937237
39.550000000000004	0.9953982797538344
39.65	NaN
39.75	0.9892725785154116
39.85	0.9887125074266029
39.95	0.9874733472539413
40.050000000000004	0.9835142118724277
40.15	0.9831766647491934
40.25	0.98094828055651
40.35	NaN
40.45	0.9791164890228228
40.550000000000004	0.978368088436534
40.65	0.9768194139946732
40.75	0.9770499149091383
40.85	0.9760066431087338
40.95	0.9762053535280982
41.050000000000004	0.9753819513421177
41.15	0.97772260977254
41.25	0.9760554906830023
41.35	0.9754563395870076
41.45	0.9798218876645646
41.550000000000004	0.9812624065980874
41.65	0.9825300050415194
41.75	0.9847072975180103
41.85	0.9878800052861062
41.95	0.9879803521984336
42.050000000000004	0.990317689605197
42.15	0.9902808493569863
42.25	0.99205823351027
42.35	0.9967129030789099
42.45	0.9965686679532998
42.550000000000004	0.9991909589831275
42.65	1.0024364168829811
42.75	1.0054747485395559
42.85	1.0082534023409848
42.95	1.0091571030412818
43.050000000000004	1.0124621982190851
43.15	NaN
43.25	1.0159726392224022
43.35	1.0148287591787444
43.45	1.0175298273945443
43.550000000000004	1.0158484295692283
43.65	NaN
43.75	NaN
43.85	1.02289753129264
43.95	1.0223458349275925
44.050000000000004	1.0208699433113992
44.15	1.020197192696806
44.25	1.0211095181905105
44.35	1.0195216374453355
44.45	NaN
44.550000000000004	1.0169231827704255
44.65	1.0155826562921972
44.75	1.0165247700546127
44.85	1.0135154983179289
44.95	1.0124818642393618
45.050000000000004	1.0106900647522408
45.15	1.0100968898474494
45.25	1.0080915871260059
45.35	1.0057338383409857
45.45	1.0043863695571438
45.550000000000004	1.0013925805041712
45.65	1.0006232622480435
45.75	NaN
45.85	0.9960194787566787
45.95	NaN
46.050000000000004	0.9946167558248994
46.15	0.9923646812952893
46.25	0.9885389393857212
46.35	NaN
46.45	0.9861640262764424
46.550000000000004	0.9847166892259022
46.65	NaN
46.75	0.9842712425080156
46.85	0.9821376887333314
46.95	0.9837455991167039
47.050000000000004	0.9830692469879259
47.15	0.9821878090052554
47.25	0.982806015289103
47.35	0.9822931304746825
47.45	NaN
47.550000000000004	0.9813335945369649
47.65	0.9839754099408545
47.75	0.9855764294409576
47.85	0.9868356594860179
47.95	0.9869892205569599
48.050000000000004	0.9884716918235992
48.15	0.9885458815636406
48.25	0.9896989180820027
48.35	0.9932477164264345
48.45	0.9935642228931815
48.550000000000004	0.9948731151730535
48.65	0.9917542235428395
48.75	0.9982298601880331
48.85	0.9999992842483099
48.95	1.002404106915903
49.050000000000004	1.0020146644194543
49.15	1.0054361853393146
49.25	1.0081834899304187
49.35	1.0085563531904933
49.45	1.0093904668967797
49.550000000000004	1.0108864749118525
49.65	1.0108665747481467
49.75	NaN
49.85	1.0142039042314743
49.95	1.014377672780332
50.050000000000004	1.0140290203543358
50.15	1.0148689554871393
50.25	1.0155118338015359
50.35	1.0160122024677372
50.45	1.01669970750656
50.550000000000004	1.0167477684567903
50.65	1.0147641805299448
50.75	1.015061700720072
50.85	1.015181721988266
50.95	1.0142234338401173
51.050000000000004	1.013359755900356
51.15	1.0128211104204388
51.25	1.010783246302261
51.35	1.0079707927491242
51.45	1.006515448030083
51.550000000000004	1.003586446877978
51.65	1.0070105337202693
51.75	1.0028716080770892
51.85	1.0002279161743581
51.95	1.0008565420120743
52.050000000000004	0.9965672837529223
52.15	NaN
52.25	0.9961192391711908
52.35	0.9934281326915939
52.45	0.9921207421246796
52.550000000000004	0.9923004333142775
52.65	0.9903103854859164
52.75	0.9890648444987413
52.85	0.9885847026124722
52.95	0.9870118961675133
53.050000000000004	0.98824616448642
53.15	0.986149850996996
53.25	0.986676759740518
53.35	0.9854627747534055
53.45	0.9854610990796405
53.550000000000004	0.9875436842757556
53.65	0.9854907067347116
53.75	0.9866842344695023
53.85	0.9883693495872221
53.95	0.988621414573078
54.050000000000004	0.9878507107774953
54.15	0.990599451980033
54.25	0.990360252313905
54.35	0.9924891140289213
54.45	0.99208754475378
54.550000000000004	NaN
54.65	0.9937900385275317
54.75	0.9937304242625143
54.85	0.9961024583606292
54.95	0.9979360453879356
55.050000000000004	1.0014833353002113
55.15	1.0005424094146995
55.25	1.0051904255492694
55.35	1.0042223451993182
55.45	1.0047575475798654
55.550000000000004	1.0055641345444148
55.65	NaN
55.75	1.0098088622740045
55.85	1.009994128996867
55.95	1.0088062924018468
56.050000000000004	1.0117500651806315
56.15	1.012322798718996
56.25	1.0100075105248132
56.35	1.0133118530467062
56.45	1.0108243470014697
56.550000000000004	1.014526346362288
56.65	1.0115876277393754
56.75	1.0127037605425302
56.85	1.0103332683770618
56.95	1.0124127826871123
57.050000000000004	1.0124104010844495
57.15	1.010597266318701
57.25	1.0106503449554134
57.35	1.0087311763914009
57.45	1.009713704343738
57.550000000000004	NaN
57.65	1.007463550081883
57.75	1.0054327011066715
57.85	1.0031856530842465
57.95	1.0029277726817931
58.050000000000004	NaN
58.15	1.0005833557207844
58.25	1.0004266243188313
58.35	0.9970231003112111
58.45	0.9973839812009332
58.550000000000004	0.9963449108496528
58.65	0.9952588668673098
58.75	NaN
58.85	0.9927037348015283
58.95	0.9919690852080959
59.050000000000004	0.9912154978249623
59.15	0.9907836015466814
59.25	0.9895325578434824
59.35	0.9898078237461242
59.45	0.9894452625114328
59.550000000000004	0.9889593190636725
59.65	NaN
59.75	0.9899318657633008
59.85	0.9877077439494804
59.95	0.9881658718105358
60.050000000000004	0.9888475776402997
60.15	0.9880485044885842
60.25	0.9911152871125475
60.35	NaN
60.45	0.9923792942056587
60.550000000000004	0.9908634684823157
60.65	0.9924570875580551
60.75	0.9950933326385623
60.85	NaN
60.95	0.9962529803376536
61.050000000000004	0.997133276474374
61.15	0.9992964471880436
61.25	0.9996476970863344
61.35	1.002372740581975
61.45	1.0015382863998743
61.550000000000004	1.0020153415668718
61.65	1.0013449594731103
61.75	1.0035393274820759
61.85	1.0045657276518698
61.95	NaN
62.050000000000004	1.0053946345592204
62.15	1.0063606645242744
62.25	1.007505545850905
62.35	1.0085917257984063
62.45	NaN
62.550000000000004	1.009992771633101
62.65	NaN
62.75	NaN
62.85	1.0110161786477725
62.95	1.010578811848986
63.050000000000004	1.009982371068546
63.15	1.0081572713952653
63.25	1.010806991650841
63.35	1.0082854263095187
63.45	1.0071987147923978
63.550000000000004	1.0084025393569693
63.65	NaN
63.75	1.0076537776020797
63.85	NaN
63.95	1.0037808451860926
64.05	1.0033885365945774
64.14999999999999	1.0024398514049067
64.25	1.0027748768212474
64.35	NaN
64.44999999999999	1.0004952253058697
64.55	1.0005002772165876
64.64999999999999	0.9990516804793811
64.75	0.9969081029044519
64.85	0.9959529499029669
64.94999999999999	0.9969692262852945
65.05	0.9942351594694376
65.14999999999999	NaN
65.25	0.9930754967727433
65.35	0.9918950723671752
65.44999999999999	0.9917894398751592
65.55	0.991389044541659
65.64999999999999	NaN
65.75	0.9914069440192664
65.85	0.9915687852020432
65.94999999999999	NaN
66.05	NaN
66.14999999999999	0.9912813401874025
66.25	0.9923721968174007
66.35	0.9922007192544391
66.44999999999999	0.9925042388531266
66.55	NaN
66.64999999999999	0.9928600615337471
66.75	0.9906737305750518
66.85	NaN
66.94999999999999	NaN
67.05	NaN
67.14999999999999	NaN
67.25	0.9962212194595845
67.35	NaN
67.44999999999999	NaN
67.55	1.0000382213120578
67.64999999999999	1.0003002991757004
67.75	0.999419886686643
67.85	1.0041745371595647
67.94999999999999	NaN
68.05	1.00488478017272
68.14999999999999	1.006994351813469
68.25	1.0047086334801163
68.35	1.0070515252126435
68.44999999999999	1.005090059112109
68.55	1.0062184926580264
68.64999999999999	NaN
68.75	1.0076903185253088
68.85	1.0076610134317707
68.94999999999999	1.00874885270529
69.05	NaN
69.14999999999999	1.0074925581194534
69.25	NaN
69.35	1.0069896646338758
69.44999999999999	1.0087035482583435
69.55	1.0083011847539463
69.64999999999999	1.0065629387359147
69.75	1.0086450006184375
69.85	1.007195628398749
69.94999999999999	1.0073443382668805
70.05	NaN
70.14999999999999	1.0046759148646989
70.25	1.0019455996517852
70.35	1.003739103596003
70.44999999999999	1.0021457734346244
70.55	1.0016251794497975
70.64999999999999	1.0007571426295006
70.75	1.0019905812892043
70.85	1.000564424297778
70.94999999999999	0.998938510214118
71.05	0.9984347350782653
71.14999999999999	NaN
71.25	0.9967614853957171
71.35	NaN
71.44999999999999	0.9948405412243307
71.55	0.9939409599441879
71.64999999999999	0.9933984634884067
71.75	0.9930291320244361
71.85	NaN
71.94999999999999	NaN
72.05	0.9938378680039953
72.14999999999999	NaN
72.25	0.9932556722055607
72.35	0.9931979963420056
72.44999999999999	NaN
72.55	NaN
72.64999999999999	0.9925668979454363
72.75	0.9930259059038438
72.85	0.9929101327737728
72.94999999999999	NaN
73.05	0.9950943798784396
73.14999999999999	0.9939312595501959
73.25	0.997010935405406
73.35	0.9962450263229046
73.44999999999999	0.99668521992843
73.55	0.998122820678434
73.64999999999999	0.9979108107393867
73.75	1.0003706614292247
73.85	0.9988734078574614
73.94999999999999	NaN
74.05	NaN
74.14999999999999	1.0012332609301287
74.25	1.0030960025860618
74.35	1.0039608688699952
74.44999999999999	1.0039767304110334
74.55	1.0042129796535213
74.64999999999999	NaN
74.75	NaN
74.85	1.0055569121789953
74.94999999999999	1.0048643690059431
75.05	1.007072662149911
75.14999999999999	1.0066029923210018
75.25	1.0072154728454061
75.35	1.007989784676433
75.44999999999999	1.0070012859746722
75.55	1.0070218778245348
75.64999999999999	1.0078633838353797
75.75	NaN
75.85	1.0062418840772327
75.94999999999999	NaN
76.05	1.0053007274228865
76.14999999999999	1.0057048652848044
76.25	1.004223413301473
76.35	1.0043484905403675
76.44999999999999	NaN
76.55	1.0017148098013493
76.64999999999999	1.0012203263344712
76.75	NaN
76.85	1.0014456698997318
76.95	0.9992452280270891
77.05	0.999239155096731
77.14999999999999	0.9996358243113797
77.25	NaN
77.35	NaN
77.45	NaN
77.55	0.9973032262383206
77.64999999999999	NaN
77.75	0.9953642884437562
77.85	0.993924045646661
77.95	NaN
78.05	0.9957296756090651
78.14999999999999	NaN
78.25	0.994034688296147
78.35	0.993284320883336
78.45	NaN
78.55	NaN
78.64999999999999	NaN
78.75	0.9930961674999508
78.85	0.9946685149156848
78.95	0.9933133430052005
79.05	NaN
79.14999999999999	NaN
79.25	0.9948044633047584
79.35	0.9957210709648416
79.45	NaN
79.55	0.9966463965260389
79.64999999999999	NaN
79.75	0.998144745073567
79.85	0.9973158365402481
