0.15	0.03699250785024084
0.25	0.03638211576761938
0.35	0.03698076543850333
0.45	0.03722045897644249
0.55	0.03768298009924399
0.65	0.03724639438748479
0.7500000000000001	0.03804822633296928
0.85	0.0388484856607507
0.95	0.03902652647963321
1.05	0.03977146349104671
1.15	0.04022398736556377
1.25	0.04107884801230901
1.35	0.04194206884393504
1.45	0.042814794194032946
1.55	0.043665551365309814
1.65	0.04473650974080507
1.75	0.04605765374831006
1.85	0.04764391588174496
1.95	0.04868411159010981
2.05	0.05047141567015636
2.15	0.0521764710088642
2.25	0.05405321430515042
2.35	0.05592480680318041
2.45	0.05802730076491865
2.5500000000000003	0.060274928159951564
2.65	0.06314326977519637
2.75	0.06597040603323694
2.85	0.06912817186067076
2.95	0.07245094994504396
3.0500000000000003	0.07615221508378743
3.15	0.08015058979161722
3.25	0.08485906006446724
3.35	0.08994978977018803
3.45	0.09559670406905744
3.5500000000000003	0.10153086796993809
3.65	0.10786925882631691
3.75	0.11564270262546546
3.85	0.1238539893303646
3.95	0.13369125376518384
4.05	0.14335064162207853
4.1499999999999995	0.15495559751958532
4.25	0.16829933646947692
4.35	0.18310243304952997
4.449999999999999	0.20040780099288485
4.55	0.22002258301333896
4.6499999999999995	0.24209047291651303
4.75	0.2680358306683286
4.85	0.29491292409313136
4.95	0.330330706998641
5.05	0.3682964800345558
5.1499999999999995	0.41257305751784606
5.25	0.46402790115242404
5.35	0.5236796091172498
5.45	0.5974842856965009
5.55	0.6765365261248131
5.6499999999999995	0.7745204679762937
5.75	0.885254202411353
5.85	1.012851904244701
5.95	1.1521463984768692
6.05	1.3116013618954145
6.1499999999999995	1.4786241702170257
6.25	1.6509228959485516
6.35	1.8115749387815545
6.45	1.9520052959581702
6.55	2.0644181448898533
6.6499999999999995	2.1246777617204624
6.75	2.137127699497604
6.85	2.103641271307061
6.95	2.0281957655683605
7.05	1.9317736005675779
7.1499999999999995	1.8183150204134597
7.25	1.700080389058942
7.35	1.5897427810276505
7.45	1.4737466699514392
7.55	1.3708955349495822
7.6499999999999995	1.2829189072831269
7.75	1.1961796550547499
7.85	1.12166948156385
7.95	1.0564650045815729
8.05	0.9963975420196498
8.15	0.9446168353799768
8.25	0.901854582116212
8.350000000000001	0.8624552543901625
8.450000000000001	0.8301865333137106
8.55	0.7997743290474757
8.65	0.7780154265420723
8.75	0.7554339717732118
8.850000000000001	0.7381908945364855
8.950000000000001	0.7228481490132727
9.05	0.7114939216970604
9.15	0.7023523653308715
9.25	0.6946194003634171
9.350000000000001	0.6897221310101588
9.450000000000001	0.6876293333076557
9.55	0.6873743176416458
9.65	0.6869522867711073
9.750000000000002	0.6922723474617077
9.85	0.6963426922657058
9.95	0.7042003301107144
10.049999999999999	0.710244211676332
10.149999999999999	0.7213163704823843
10.25	0.7330092169980642
10.35	0.7478960625261646
10.45	0.763106458758209
10.549999999999999	0.7780970675579488
10.649999999999999	0.7964983263143828
10.75	0.8162235013813438
10.85	0.8400330579032261
10.95	0.8606297484368483
11.049999999999999	0.886462367050655
11.149999999999999	0.9118173452879546
11.25	0.9374732229706118
11.35	0.9631055177738251
11.45	0.991160294749329
11.549999999999999	1.0174215677968848
11.649999999999999	1.047028588968121
11.75	1.0699717814414764
11.85	1.0967779161609186
11.95	1.120298945027617
12.049999999999999	1.1447431230462881
12.149999999999999	1.165909698966807
12.25	1.1861369864362479
12.35	1.2031822386211986
12.45	1.2171958816915878
12.549999999999999	1.2253920294681933
12.649999999999999	1.2365963092297274
12.75	1.2406684777551802
12.85	1.2413500942328128
12.95	1.2386451036520825
13.049999999999999	1.2343611395999454
13.149999999999999	1.2247426521865008
13.25	1.21761434926554
13.35	1.1992263569860426
13.45	1.1875970410330412
13.549999999999999	1.168331822313097
13.649999999999999	1.1490791018762352
13.75	1.1306260245755166
13.85	1.1104881271194842
13.95	1.0889121216061726
14.049999999999999	1.067039261258604
14.149999999999999	1.0448705900310655
14.25	1.0248126432971418
14.35	1.005391232211765
14.45	0.9887045415021581
14.549999999999999	0.9699231400118501
14.649999999999999	0.9538470032021299
14.75	0.9382793875589381
14.85	0.9228723658640935
14.95	0.9098631133817445
15.049999999999999	0.9002009472660943
15.149999999999999	0.8901834039600406
15.25	0.8816089697938134
15.35	0.8736064927572934
15.45	0.8670913789431052
15.549999999999999	0.8649083869697125
15.649999999999999	0.8607924868058248
15.75	0.8591609638228477
15.85	0.8582238992735209
15.95	0.859533232681176
16.05	0.8598718290601837
16.15	0.8632908660848091
16.25	0.8673081087928564
16.349999999999998	0.8723066056714626
16.45	0.8781650374548172
16.55	0.8871873577184406
16.65	0.8951097733416667
16.75	0.902260276146842
16.849999999999998	0.9127371073508825
16.95	0.9232271792165795
17.05	0.9342460075115182
17.15	0.9461249606870483
17.25	0.9585489844760299
17.349999999999998	0.969014898796773
17.45	0.9818933226304216
17.55	0.9948003862648286
17.65	1.0075358703315276
17.75	1.0192960334535088
17.849999999999998	1.033642056602362
17.95	1.0434524065411979
18.05	1.056296977729624
18.15	1.0668911262793164
18.25	1.0766602695787257
18.349999999999998	1.083625041521452
18.45	1.091497624189702
18.55	1.096917590690216
18.65	1.1052154483937497
18.75	1.1071550374178765
18.849999999999998	1.1092853561613398
18.95	1.1137836230097642
19.05	1.1104365583199296
19.15	1.110851635875248
19.25	1.1072245285014894
19.35	1.1032018526632699
19.45	1.0986375459166
19.55	1.0938288061071055
19.65	1.0860463270139091
19.75	1.0795263887487656
19.85	1.0693396543607456
19.95	1.0613472112368525
20.05	1.051537983184103
20.15	1.0447838739371487
20.25	1.0353235376734835
20.35	1.0235543761501684
20.45	1.015343669960905
20.55	1.0061319186704516
20.65	0.9965760472024979
20.75	0.9879986814747383
20.85	0.980740691091804
20.95	0.9717595466593981
21.05	0.9656037351693725
21.15	0.9578332588199816
21.25	0.9488454361152607
21.35	0.9432013917980369
21.45	0.9382118007883845
21.55	0.9351136082555874
21.65	0.9318803090208106
21.75	0.927303697508358
21.85	0.9258908287873134
21.95	0.9250066103556911
22.05	0.9244455244245887
22.15	0.9235544547397562
22.25	0.923735345503121
22.35	0.9249569237049937
22.45	0.9274280661192854
22.55	0.9263396112941426
22.65	0.9320252336027574
22.75	0.9360257656462
22.85	0.9399560486464821
22.95	0.9440889719809139
23.05	0.9504618201621017
23.15	0.9560368876031321
23.25	0.962753721541399
23.35	0.969164974306282
23.45	0.9769052803229434
23.55	0.9843303523037003
23.65	0.9893983909791149
23.75	0.9943603198391663
23.85	1.0043175743601682
23.95	1.0111268299836709
24.05	1.0182221917244965
24.15	1.0248800977473123
24.25	1.0311829284724745
24.35	1.0376087694758485
24.45	1.0432625813327745
24.55	1.0466369144655039
24.65	1.0499241419210517
24.75	1.0559794049961162
24.85	1.059334799194325
24.95	1.0603747896106588
25.05	1.0620564667355576
25.15	1.0630522148948947
25.25	1.0643292201089323
25.35	1.0633318048439826
25.45	1.05985967142419
25.55	1.0598956647486049
25.65	1.0554567556244783
25.75	1.0555891418653351
25.85	1.0487223853936787
25.95	1.0491019558616947
26.05	1.043758166859858
26.15	1.0361622711274725
26.25	1.033385776121566
26.35	1.0271555990633685
26.45	1.0221457186643395
26.55	1.0174825937104337
26.65	1.0081739317800293
26.75	1.006010306563401
26.85	1.001307997717943
26.95	0.9965253924367548
27.05	0.9912532150863167
27.15	0.9867811743593021
27.25	0.9801663097936865
27.35	0.9742324367662935
27.45	0.9710865320475621
27.55	0.9663395563158502
27.65	0.962579648933013
27.75	0.9600356716326409
27.85	0.9620161282315502
27.95	0.9571368647832785
28.05	0.9552858996495539
28.15	0.9533875578007404
28.25	0.9537243051071305
28.35	0.952300853486977
28.45	0.9524817122609609
28.55	0.9556899103149895
28.65	0.9520332657731008
28.75	0.9558356177948886
28.85	0.9581151932756369
28.95	0.9593959788920622
29.05	0.9629418348381369
29.15	0.9650920680931657
29.25	0.9688737125129406
29.35	0.9707232387464159
29.45	0.9753858846569659
29.55	0.9793362431444913
29.65	0.9837987039886381
29.75	0.9896163892104353
29.85	0.9919265942309355
29.95	NaN
30.05	1.0008090336475162
30.15	1.006865850052807
30.25	1.0089555413885902
30.35	1.014300296986473
30.45	1.0182749127287967
30.55	1.0204958347431818
30.65	1.0258231031418388
30.75	1.0283525360801715
30.85	1.0298169864938869
30.95	1.033151619377332
31.05	1.0361754969977761
31.15	1.0381342755954825
31.25	1.040714212021694
31.35	1.0388220087065119
31.45	1.0400403862243874
31.55	1.0408890528458734
31.65	1.0405689059252554
31.75	NaN
31.85	1.0375838270448472
31.95	1.0357664484529354
32.05	1.032805194001147
32.15	1.0340414770206616
32.25	1.0288814581997678
32.35	1.026743390902074
32.45	1.0240025969160553
32.55	1.020229762448284
32.65	1.016335771790653
32.75	1.0140301328602384
32.85	1.0102731316740743
32.95	1.0065003035163425
33.05	1.004895631901306
33.15	0.9974384816329547
33.25	0.9948966606362267
33.35	0.992335361238535
33.45	0.9882809219452605
33.55	0.9854965006662928
33.65	0.9820575891550452
33.75	0.9797904339188003
33.85	0.9772523238480896
33.95	0.9745063108043066
34.05	0.9754277754897145
34.15	0.9705752085332829
34.25	0.9691635815072536
34.35	0.96769566636092
34.45	0.9696330133549588
34.55	0.9684044114517074
34.65	0.9663409201312957
34.75	0.96750190290485
34.85	0.9675376370846539
34.95	0.9680243925961923
35.05	0.9645140389990359
35.15	0.9719544144139033
35.25	0.9716967569469575
35.35	0.9748736010013381
35.45	0.9746005014436114
35.55	0.9797525743325319
35.65	0.9823951471622446
35.75	0.9831275465464357
35.85	0.9859184971787535
35.95	0.9904191238915298
36.05	0.9927814018462933
36.15	0.9965827047367989
36.25	0.9997951061635976
36.35	1.0022452824680121
36.45	1.0049586222611826
36.55	1.0056964880151074
36.65	NaN
36.75	1.0107997564771625
36.85	1.0156033684572048
36.95	1.0188153928655856
37.05	1.020117505611846
37.15	1.0208148194527393
37.25	1.0238077828777084
37.35	1.0262886920900847
37.45	1.027550919266512
37.55	1.028318021104414
37.65	1.0279463169629994
37.75	1.0288077313681965
37.85	1.0273262607701616
37.95	1.0276243217285168
38.05	NaN
38.15	NaN
38.25	1.0250973915182209
38.35	1.0247005054569807
38.45	1.0227114803030046
38.550000000000004	1.0200449911127407
38.65	1.0193099574190816
38.75	1.015999091194969
38.85	1.0137813364281656
38.95	1.0101892398545997
39.050000000000004	1.0108450974871066
39.15	1.0072958848350668
39.25	1.0043492682710147
39.35	0.9986835965026538
39.45	0.9983643601647187
39.550000000000004	0.9959225365541501
39.65	NaN
39.75	0.989990666844068
39.85	0.987911228203676
39.95	0.986586933672537
40.050000000000004	0.984292148801285
40.15	0.9822778939242683
40.25	0.9827079571779462
40.35	NaN
40.45	0.9789411017310764
40.550000000000004	0.9774378378433379
40.65	0.9771785683920214
40.75	0.9785210952240279
40.85	0.9786855308554032
40.95	0.9776603236394376
41.050000000000004	0.9767834560468083
41.15	0.9771015234940144
41.25	0.9789723150430881
41.35	0.9759483665723189
41.45	0.9797892174648514
41.550000000000004	0.9812408952644405
41.65	0.9824919775554102
41.75	0.9823909802875767
41.85	0.9850376366578485
41.95	0.9871351952710087
42.050000000000004	0.9892976673842132
42.15	0.9910648645227769
42.25	0.9958562202145417
42.35	0.9942757273245671
42.45	0.9997615994441875
42.550000000000004	0.9997223807822535
42.65	1.002462195569955
42.75	1.00204245276301
42.85	1.0062948488704297
42.95	1.0083419152166315
43.050000000000004	1.009561578133307
43.15	NaN
43.25	1.0129180763461487
43.35	1.01538534310789
43.45	1.0177407583207658
43.550000000000004	1.0144715275776985
43.65	NaN
43.75	NaN
43.85	1.0212120268944007
43.95	1.020458509392242
44.050000000000004	1.0221964272966662
44.15	1.0202995293077812
44.25	1.0212737185940866
44.35	1.0225055989461838
44.45	NaN
44.550000000000004	1.0157384862327645
44.65	1.015708132994282
44.75	1.016512832965125
44.85	1.0182525874233839
44.95	1.0137975976898776
45.050000000000004	1.013012577423203
45.15	1.0087390702720804
45.25	1.0065727457019424
45.35	1.0068498447374128
45.45	1.002827560250131
45.550000000000004	1.0026785100106093
45.65	1.0005067468328837
45.75	NaN
45.85	0.9960353713184984
45.95	NaN
46.050000000000004	0.9923633055096994
46.15	0.9899867803297825
46.25	0.9894340578111539
46.35	NaN
46.45	0.9864014398371735
46.550000000000004	0.9853212743463722
46.65	NaN
46.75	0.9833281567721776
46.85	0.9823478873693655
46.95	0.9821605703087485
47.050000000000004	0.9817505099990335
47.15	0.9818224051213728
47.25	0.9825465305466873
47.35	0.9835792982316675
47.45	NaN
47.550000000000004	0.984684013528481
47.65	0.9826047927020447
47.75	0.9848084041934101
47.85	0.9857569288911907
47.95	0.9880636633222217
48.050000000000004	0.9884792769331762
48.15	0.9901810496115552
48.25	0.9894942206652422
48.35	0.9921209925576736
48.45	0.9946012031345695
48.550000000000004	0.9958244472032038
48.65	0.9947998588900595
48.75	0.9992970815142092
48.85	1.0000813617320534
48.95	1.0026982690827642
49.050000000000004	1.0019930183638313
49.15	1.0055734454550886
49.25	1.0078850356148652
49.35	1.0081467820178092
49.45	1.009877213064793
49.550000000000004	1.0104888586804999
49.65	1.011702917185714
49.75	NaN
49.85	1.0149034190701631
49.95	1.0156721385035008
50.050000000000004	1.0168043208341397
50.15	1.0157715202037028
50.25	1.0138517406212852
50.35	1.0141785240216692
50.45	1.0177885317542217
50.550000000000004	1.0156707543398045
50.65	1.014152645585436
50.75	1.0139743153524066
50.85	1.0151445124026663
50.95	1.0134106030865206
51.050000000000004	1.0127855835672956
51.15	1.0145949806035515
51.25	1.0102017944217248
51.35	1.009034234568835
51.45	1.0062956373858198
51.550000000000004	1.0049167412472917
51.65	1.0038914950674016
51.75	1.0027960114191716
51.85	1.001007268012549
51.95	0.9999218170964335
52.050000000000004	0.9975063758703495
52.15	NaN
52.25	0.9949589632267481
52.35	0.9928239981783201
52.45	0.9919980246078798
52.550000000000004	0.9891733234636254
52.65	0.9898556019658333
52.75	0.9902219750577803
52.85	0.9884127266656215
52.95	0.9880470036812644
53.050000000000004	0.9885817519828884
53.15	0.9880819575078397
53.25	0.9850497781610459
53.35	0.9851481257173068
53.45	0.9871536352783433
53.550000000000004	0.9855887525072372
53.65	0.9859476841621985
53.75	0.9863406354592879
53.85	0.9864489500176091
53.95	0.9839852302056135
54.050000000000004	0.9867381538243869
54.15	0.9889709758616777
54.25	0.9910826786333369
54.35	0.9901772346472791
54.45	0.9902245486719561
54.550000000000004	NaN
54.65	0.994245732045927
54.75	0.996618802438014
54.85	0.997753452342724
54.95	1.0007568929021609
55.050000000000004	0.9989321915220412
55.15	1.0006492229478843
55.25	1.0025789509010987
55.35	1.0047582532226176
55.45	1.0022365123452817
55.550000000000004	1.0056928250302866
55.65	NaN
55.75	1.0071209636787928
55.85	1.0094281864050776
55.95	1.0105389351030662
56.050000000000004	1.0112376332310722
56.15	1.01027573480253
56.25	1.0110010966313334
56.35	1.0146801202571931
56.45	1.0141990720622849
56.550000000000004	1.0120200585270025
56.65	1.0127241045359912
56.75	1.011565977112926
56.85	1.0111592730581862
56.95	1.011165832472937
57.050000000000004	1.0128611756984776
57.15	1.0115771769757858
57.25	1.0081349501174615
57.35	1.009745829867605
57.45	1.0072523519961194
57.550000000000004	NaN
57.65	1.007788377757103
57.75	1.0061742418075772
57.85	1.0032900284818547
57.95	1.002400026230244
58.050000000000004	NaN
58.15	0.9995478956932726
58.25	0.9985703239364673
58.35	0.997972919315954
58.45	0.9985972507445591
58.550000000000004	0.9964458336882925
58.65	0.9951605370006326
58.75	NaN
58.85	0.9925201339142615
58.95	0.9929620018802449
59.050000000000004	0.9925366548759396
59.15	0.9916827246130594
59.25	0.9902400469398973
59.35	0.9880355575916013
59.45	0.9896784887582327
59.550000000000004	0.988269309745155
59.65	NaN
59.75	0.9877038164187028
59.85	0.9891826749857185
59.95	0.9889669520941435
60.050000000000004	0.990515310792221
60.15	0.9876808731114561
60.25	0.9903250207846732
60.35	NaN
60.45	0.9918858661286323
60.550000000000004	0.9910951391612414
60.65	0.9932416360187887
60.75	0.9947086036496918
60.85	NaN
60.95	0.9959636809065744
61.050000000000004	0.9959927873628291
61.15	0.9982663500318635
61.25	0.9993365221465214
61.35	1.0015518456673056
61.45	0.9999042829683612
61.550000000000004	1.0043400017187294
61.65	1.0034042617408039
61.75	1.0059225280826054
61.85	1.0054224343130866
61.95	NaN
62.050000000000004	1.0096200320472635
62.15	1.0088307346196885
62.25	1.0098645395507093
62.35	1.0092590744621905
62.45	NaN
62.550000000000004	1.0086286096867836
62.65	NaN
62.75	NaN
62.85	1.009825967009786
62.95	1.0102775643755417
63.050000000000004	1.0090148120739897
63.15	1.0092769975099312
63.25	1.0087469712125423
63.35	1.009556885181237
63.45	1.0085502134565927
63.550000000000004	1.0082898166011969
63.65	NaN
63.75	1.008289403414631
63.85	NaN
63.95	1.004324567755096
64.05	1.0043823590669216
64.14999999999999	1.001028775393351
64.25	1.0031157438423188
64.35	NaN
64.44999999999999	1.0000764429126268
64.55	1.0005031730112566
64.64999999999999	0.9972692391936822
64.75	0.9966682653698259
64.85	0.9961875603647563
64.94999999999999	0.9951597589621629
65.05	0.9954378644703488
65.14999999999999	NaN
65.25	0.9927452419206476
65.35	0.9931219003762844
65.44999999999999	0.992493655371988
65.55	0.9916071372329625
65.64999999999999	NaN
65.75	0.9902715803939082
65.85	0.9900880820936767
65.94999999999999	NaN
66.05	NaN
66.14999999999999	0.9910390559521244
66.25	0.9908629394840361
66.35	0.9925380292118967
66.44999999999999	0.9905467556458709
66.55	NaN
66.64999999999999	0.9916657163238611
66.75	0.9925138662923132
66.85	NaN
66.94999999999999	NaN
67.05	NaN
67.14999999999999	NaN
67.25	0.9968054704955942
67.35	NaN
67.44999999999999	NaN
67.55	1.0014457991946972
67.64999999999999	1.000310893661332
67.75	1.0014125344771432
67.85	1.0024175476044943
67.94999999999999	NaN
68.05	1.0034201300437087
68.14999999999999	1.0060104957418985
68.25	1.0054765379562636
68.35	1.005888728004448
68.44999999999999	1.0060638268882345
68.55	1.0073459738927784
68.64999999999999	NaN
68.75	1.0082240613852311
68.85	1.0082498459768723
68.94999999999999	1.0059214745710492
69.05	NaN
69.14999999999999	1.0094724281168035
69.25	NaN
69.35	1.0083619708795593
69.44999999999999	1.0066187434892202
69.55	1.0079211769969505
69.64999999999999	1.007635929993748
69.75	1.0066805950671152
69.85	1.0065248005885024
69.94999999999999	1.006851977739221
70.05	NaN
70.14999999999999	1.0052339569445723
70.25	1.0041253101521186
70.35	1.0028852242412096
70.44999999999999	1.0021304837333296
70.55	1.001465956987344
70.64999999999999	0.9999025340712321
70.75	1.0012121035010229
70.85	0.9980889959605326
70.94999999999999	0.9986191726919874
71.05	0.9970988862973785
71.14999999999999	NaN
71.25	0.9949446921405455
71.35	NaN
71.44999999999999	0.9956488754671187
71.55	0.9954334960208401
71.64999999999999	0.993454244100067
71.75	0.9912805549000574
71.85	NaN
71.94999999999999	NaN
72.05	0.9932210568749497
72.14999999999999	NaN
72.25	0.9910931619449583
72.35	0.9925088043339582
72.44999999999999	NaN
72.55	NaN
72.64999999999999	0.9926373868725628
72.75	0.9926875587576686
72.85	0.9917252802702663
72.94999999999999	NaN
73.05	0.993802745231188
73.14999999999999	0.9946520183172849
73.25	0.9942379755330524
73.35	0.9952747296547398
73.44999999999999	0.9958327533962337
73.55	0.9973019429756361
73.64999999999999	0.9975449538036557
73.75	1.0006934944984525
73.85	0.9994007242100128
73.94999999999999	NaN
74.05	NaN
74.14999999999999	1.0009639702197362
74.25	1.0028564197201417
74.35	1.0034992146674813
74.44999999999999	1.004137175822882
74.55	1.0051830446951988
74.64999999999999	NaN
74.75	NaN
74.85	1.0050978261015748
74.94999999999999	1.005920703710833
75.05	1.007830230573734
75.14999999999999	1.0062751133154466
75.25	1.0070719029684776
75.35	1.0058312502749842
75.44999999999999	1.0084440282650635
75.55	1.0074032041440675
75.64999999999999	1.0069588433224737
75.75	NaN
75.85	1.0068602320141602
75.94999999999999	NaN
76.05	1.0055476928305804
76.14999999999999	1.0043914709380173
76.25	1.0050045014610953
76.35	1.0042341126856673
76.44999999999999	NaN
76.55	1.0027019985203474
76.64999999999999	0.9998587734695522
76.75	NaN
76.85	1.001422175755294
76.95	1.002211226311394
77.05	0.998929077254892
77.14999999999999	0.9975860216152378
77.25	NaN
77.35	NaN
77.45	NaN
77.55	0.9965066256463879
77.64999999999999	NaN
77.75	0.9951377952292808
77.85	0.9948853121187483
77.95	NaN
78.05	0.9935744032656639
78.14999999999999	NaN
78.25	0.9943917940293088
78.35	0.9942625668366716
78.45	NaN
78.55	NaN
78.64999999999999	NaN
78.75	0.9946522026711845
78.85	0.9925257294419858
78.95	0.9957733785762496
79.05	NaN
79.14999999999999	NaN
79.25	0.9945591896682696
79.35	0.9950011028540118
79.45	NaN
79.55	0.99504307828164
79.64999999999999	NaN
79.75	0.9971346434039757
79.85	0.9964045972623079
