0.15	0.018890397749336235
0.25	0.019022699279628477
0.35	0.01916702017602177
0.45	0.01885287151656061
0.55	0.019586308720147758
0.65	0.019538438536085573
0.7500000000000001	0.0196500732825126
0.85	0.019854797365538936
0.95	0.02025595358005728
1.05	0.020482180275158763
1.15	0.020881719352619448
1.25	0.021183767618383902
1.35	0.021517686587143224
1.45	0.022016400712014286
1.55	0.022549215860989305
1.65	0.023027328068259773
1.75	0.023696570953984378
1.85	0.024364817188139046
1.95	0.025066013472172532
2.05	0.025731202715224746
2.15	0.02659919452087801
2.25	0.027585586255836198
2.35	0.028529354851138097
2.45	0.029544281274628503
2.5500000000000003	0.03067557042313254
2.65	0.03210744691851437
2.75	0.03338165426827271
2.85	0.03488820751475834
2.95	0.03675496749119583
3.0500000000000003	0.038371194938038984
3.15	0.04024830465884609
3.25	0.042483625369925976
3.35	0.04499733318682911
3.45	0.04753299023678752
3.5500000000000003	0.050550974870802554
3.65	0.05381681431571369
3.75	0.057501936450955644
3.85	0.06084237883144043
3.95	0.06580926868653984
4.05	0.07065798789864355
4.1499999999999995	0.07633053681835338
4.25	0.0823932628553064
4.35	0.08997465867346409
4.449999999999999	0.09763172125182697
4.55	0.10657701097662826
4.6499999999999995	0.1165386391839686
4.75	0.1289421478669485
4.85	0.1430410078658213
4.95	0.15951332175014532
5.05	0.17738315176866104
5.1499999999999995	0.19955013923142773
5.25	0.22473056796099009
5.35	0.25490006982758884
5.45	0.2920879983362899
5.55	0.33561763166634695
5.6499999999999995	0.38766041854961597
5.75	0.4534598766075169
5.85	0.5300014184045484
5.95	0.6260656001181198
6.05	0.7469965162513359
6.1499999999999995	0.8996644864037766
6.25	1.082011934696891
6.35	1.3030110568550428
6.45	1.5773779066186917
6.55	1.8872747814200463
6.6499999999999995	2.2247772259500858
6.75	2.535572304078253
6.85	2.78323516895004
6.95	2.920195165314147
7.05	2.91724166355763
7.1499999999999995	2.7726574033086577
7.25	2.5556490752863046
7.35	2.292473709218491
7.45	2.042715327970669
7.55	1.8154417997572048
7.6499999999999995	1.6056669111551491
7.75	1.43141883026794
7.85	1.28320843456428
7.95	1.1596959326460687
8.05	1.057481697653644
8.15	0.9743699431049322
8.25	0.9000639717214557
8.350000000000001	0.838460260617911
8.450000000000001	0.7875107027923813
8.55	0.74405634364917
8.65	0.7050768687845381
8.75	0.6762411200493279
8.850000000000001	0.6505729085666276
8.950000000000001	0.6294512778237752
9.05	0.612326655428431
9.15	0.5988686884097869
9.25	0.5863187329065024
9.350000000000001	0.5788829389880424
9.450000000000001	0.572889009923597
9.55	0.5678106415469022
9.65	0.5674840242934441
9.750000000000002	0.5691195694312012
9.85	0.5718885264254666
9.95	0.5775947725474069
10.049999999999999	0.5855053718062431
10.149999999999999	0.5948248664609842
10.25	0.6052212753653657
10.35	0.6185016923897407
10.45	0.6338008200915558
10.549999999999999	0.6531054206296342
10.649999999999999	0.6717627662323271
10.75	0.696143372809692
10.85	0.7205946176702943
10.95	0.7479575535929043
11.049999999999999	0.7782162835319747
11.149999999999999	0.8110375156587993
11.25	0.8442326356204525
11.35	0.8802125334280397
11.45	0.9225102564266527
11.549999999999999	0.9610536473062675
11.649999999999999	1.0029759193959427
11.75	1.0454990641089354
11.85	1.0858780057241297
11.95	1.1260807491029285
12.049999999999999	1.1663159486350143
12.149999999999999	1.1998642760493972
12.25	1.2318881179304233
12.35	1.260674569165991
12.45	1.2867411015556607
12.549999999999999	1.3040100594442834
12.649999999999999	1.3177739603991272
12.75	1.3298255059742952
12.85	1.3387191240974607
12.95	1.3410588273437591
13.049999999999999	1.3396565780045027
13.149999999999999	1.3347416719639902
13.25	1.326482740248888
13.35	1.3165979712186875
13.45	1.3029728225202613
13.549999999999999	1.285045575806296
13.649999999999999	1.2653929239200954
13.75	1.2415169197832108
13.85	1.2195283365326637
13.95	1.1889033473542943
14.049999999999999	1.1614320889555463
14.149999999999999	1.127512134313006
14.25	1.0952236534348165
14.35	1.0634958449860186
14.45	1.0338577949068035
14.549999999999999	1.0029135311601773
14.649999999999999	0.9732352656449662
14.75	0.9474497755669651
14.85	0.9186891803737733
14.95	0.899574139068461
15.049999999999999	0.8757902761324865
15.149999999999999	0.8579529611267398
15.25	0.8415686083378586
15.35	0.8257632570025751
15.45	0.814621871281086
15.549999999999999	0.8046899786042576
15.649999999999999	0.7974161817672426
15.75	0.7902143326433032
15.85	0.7854360034860629
15.95	0.7832165203572571
16.05	0.7821214746411225
16.15	0.7853625015868005
16.25	0.7868527777500852
16.349999999999998	0.7917706680188557
16.45	0.797065544880112
16.55	0.8056880257921575
16.65	0.8155379297184189
16.75	0.8251782265667178
16.849999999999998	0.8399505358497323
16.95	0.8522711784173023
17.05	0.8698189430449242
17.15	0.8849365898876458
17.25	0.9033822353111419
17.349999999999998	0.9215820374149063
17.45	0.9423789574240151
17.55	0.9637408938643875
17.65	0.9835429167744021
17.75	1.004386159783592
17.849999999999998	1.0259900714590613
17.95	1.045956685352078
18.05	1.0681796654083668
18.15	1.0841031551993108
18.25	1.1033742219766656
18.349999999999998	1.1192350212016657
18.45	1.1353962703296268
18.55	1.1466164402173413
18.65	1.1576268160534928
18.75	1.1677442352284437
18.849999999999998	1.1714783426824007
18.95	1.1731051399147394
19.05	1.1780195532125661
19.15	1.176356565393903
19.25	1.1719047754349265
19.35	1.1679397395917201
19.45	1.1610178564963363
19.55	1.1530960124871104
19.65	1.1419416671134284
19.75	1.1318913398077417
19.85	1.1219700056772157
19.95	1.1070424445644633
20.05	1.094078262603575
20.15	1.0807847304578433
20.25	1.0665698466575653
20.35	1.0516161402572797
20.45	1.0372012501220034
20.55	1.021947962312438
20.65	1.0123536610446007
20.75	0.9972084840624083
20.85	0.9845942727225183
20.95	0.9708500972826137
21.05	0.9585447921537863
21.15	0.9489143505107713
21.25	0.9377238409938331
21.35	0.9272421320441836
21.45	0.9164649465209371
21.55	0.9096292688714122
21.65	0.9013704707443728
21.75	0.897947724138127
21.85	0.8911027027670678
21.95	0.8862282241873256
22.05	0.8829253221281289
22.15	0.8811379974476374
22.25	0.8790713760353874
22.35	0.8804983972099947
22.45	0.8817899510304462
22.55	0.8834732288374496
22.65	0.8882439283366126
22.75	0.8911857166653123
22.85	0.8958948816187293
22.95	NaN
23.05	0.9097014809280443
23.15	0.9175499220273069
23.25	0.9254577282692266
23.35	0.9352619681379514
23.45	0.9466583226761649
23.55	0.9559258783105216
23.65	0.9656143189574136
23.75	0.97912544411731
23.85	0.9902710709942611
23.95	1.001412523856757
24.05	1.0154340331363818
24.15	1.0262978532093368
24.25	1.0382685567763021
24.35	1.0492764985176315
24.45	1.057221150638128
24.55	1.0678044922087615
24.65	1.0763426815647728
24.75	1.082486948051749
24.85	1.0910751823226512
24.95	1.0977964230736772
25.05	1.1012380663480543
25.15	1.1031507675491536
25.25	1.1051042821518133
25.35	1.1059462758964127
25.45	1.1040563903539995
25.55	1.1007553324060635
25.65	1.0983316260780576
25.75	1.0929522715914772
25.85	1.088339295850264
25.95	1.0813711959667447
26.05	1.07666150667428
26.15	1.0690611434845927
26.25	1.0600332965615298
26.35	1.053424729857559
26.45	1.0442009768056282
26.55	1.0345819883028768
26.65	1.024179148251685
26.75	1.0158016841008444
26.85	1.0074652593311126
26.95	0.9965488133886139
27.05	0.9894610845736062
27.15	0.9829576237715444
27.25	0.9724765746627003
27.35	0.9691159712700694
27.45	0.9603117476743823
27.55	0.9513696505288595
27.65	0.949098999209604
27.75	0.9435323768323913
27.85	0.9410931985937547
27.95	0.9335052600119083
28.05	0.9305098006712809
28.15	0.928423387682491
28.25	0.925222037598215
28.35	0.9228517994271467
28.45	0.9246856405440762
28.55	0.9248918545342434
28.65	0.9231270161954827
28.75	0.9265612140494685
28.85	0.9278568330476912
28.95	0.9324960459434443
29.05	0.9343116283162525
29.15	0.9382583551814064
29.25	0.9444233245774799
29.35	0.9491061356301745
29.45	0.9518369091008699
29.55	0.9588830194398287
29.65	0.9661960743662706
29.75	0.9716869562570635
29.85	0.9795298071715467
29.95	0.9870359655841492
30.05	0.9935130739936548
30.15	0.992422484472069
30.25	1.0068019829332027
30.35	1.0142725422691297
30.45	1.0224998098773515
30.55	1.0294328180941297
30.65	1.0364040899040416
30.75	1.0420141978623392
30.85	1.0495775365413438
30.95	1.0530216605757923
31.05	1.0566085762470296
31.15	1.0599109260081012
31.25	1.0628953285610527
31.35	1.065297964816654
31.45	1.0666522960864073
31.55	1.06741357553636
31.65	1.068850423181719
31.75	1.0662051705029245
31.85	1.0669255882025646
31.95	1.0622468108618774
32.05	1.0601135662234709
32.15	1.0565577035701006
32.25	1.0509620806397284
32.35	1.042595588152693
32.45	1.041396563919632
32.55	1.0372728476199768
32.65	1.0311989512698914
32.75	1.0271572639513835
32.85	1.0184221192102605
32.95	1.0145076891806426
33.05	1.0079203094411686
33.15	1.0025633802296428
33.25	0.9934721914548693
33.35	0.9903187451609052
33.45	0.9853306773426059
33.55	0.9747347802224634
33.65	0.9757618802313381
33.75	0.9693263298115283
33.85	0.9668658633044641
33.95	0.9638443643508198
34.05	0.9585095634515621
34.15	0.955785901612573
34.25	0.953147464854142
34.35	0.9493501185417761
34.45	0.9486927614427821
34.55	0.9469625882345943
34.65	0.9480704032425389
34.75	0.9487072423481985
34.85	0.9467189167180391
34.95	0.9503078198852366
35.05	0.9481163546168208
35.15	0.9521590716388912
35.25	0.9541155096665643
35.35	0.9549098363866049
35.45	0.9617062465018993
35.55	0.9629799829717914
35.65	0.9680305363224553
35.75	0.9714430508419244
35.85	0.9740222930872864
35.95	0.9796186175814849
36.05	0.9832707530800144
36.15	0.9894529517270431
36.25	0.9946056266332995
36.35	0.9993680723416565
36.45	1.0035122785758772
36.55	NaN
36.65	1.0148355680664356
36.75	1.0182649475072558
36.85	1.0320315626935983
36.95	1.027021694625148
37.05	1.0318362144410682
37.15	1.033951730452833
37.25	1.037628946112819
37.35	1.0403126174807462
37.45	1.0432223965839535
37.55	1.0456816373673763
37.65	NaN
37.75	1.0454558670469012
37.85	1.0472378104668547
37.95	1.0482176722613186
38.05	1.0465076516891403
38.15	1.0428843579531493
38.25	1.042331987548034
38.35	1.0411757666339936
38.45	1.0401171469204928
38.550000000000004	1.035544195651587
38.65	1.0318225668163352
38.75	1.028329577626661
38.85	1.0246619649466469
38.95	1.0233315427768515
39.050000000000004	1.0152656853456556
39.15	NaN
39.25	NaN
39.35	NaN
39.45	NaN
39.550000000000004	0.9952034117522875
39.65	0.9921060284579224
39.75	0.9871983064799599
39.85	0.9841644899935059
39.95	0.9796954663532158
40.050000000000004	0.9747141017697003
40.15	NaN
40.25	0.9712203682304313
40.35	0.9668697790239575
40.45	0.9666390479358129
40.550000000000004	0.9651889624627846
40.65	0.9628721791308228
40.75	0.9606848237035107
40.85	0.9629217265220381
40.95	0.9625729371076386
41.050000000000004	0.9616764488933001
41.15	0.9612926909354848
41.25	0.9626617824428005
41.35	0.9631338030250781
41.45	0.964723459365024
41.550000000000004	NaN
41.65	0.9720137148629933
41.75	0.9717708991415838
41.85	0.9744761937508108
41.95	0.9763388634293967
42.050000000000004	0.9796148060407452
42.15	NaN
42.25	0.9854803174479648
42.35	0.9912794006686116
42.45	0.9933136963445566
42.550000000000004	0.9987057460268185
42.65	1.0023513300778508
42.75	1.004811484324948
42.85	1.0095357361341806
42.95	1.009652381568553
43.050000000000004	1.0158772846685562
43.15	1.0190685062236804
43.25	1.0234073040940306
43.35	1.0228152623001776
43.45	1.027733327203225
43.550000000000004	1.0291846993118619
43.65	NaN
43.75	1.030486348757686
43.85	1.032610271146365
43.95	1.0355899002605575
44.050000000000004	1.0375111126749794
44.15	1.0344147157512158
44.25	NaN
44.35	1.0314605316177812
44.45	1.0326896326262665
44.550000000000004	1.0322507218722352
44.65	1.030480602624121
44.75	1.0274713088301388
44.85	1.024690324940575
44.95	1.0231518295398303
45.050000000000004	1.0199772148216235
45.15	1.0177461210787275
45.25	1.0164646778266608
45.35	NaN
45.45	1.0099431372955356
45.550000000000004	1.0052344560698177
45.65	NaN
45.75	1.0012078755137488
45.85	0.9963307248434796
45.95	0.991340908583064
46.050000000000004	0.9886866120059006
46.15	0.9883858846702961
46.25	0.9827886062141516
46.35	0.9804706597675432
46.45	0.9796096201298442
46.550000000000004	0.9770885667566485
46.65	NaN
46.75	0.9750569205960417
46.85	0.9742260295164844
46.95	0.9722682192117148
47.050000000000004	0.9731285150636294
47.15	0.9705530980460583
47.25	0.970424657354931
47.35	0.9698867498718255
47.45	0.9725814551885547
47.550000000000004	0.970136495316194
47.65	0.9730617942401038
47.75	0.9730930114630812
47.85	0.9762987129383763
47.95	0.9772617007145294
48.050000000000004	0.9781262469374216
48.15	0.9806270719731657
48.25	0.9842475198286321
48.35	0.9877327065975114
48.45	0.9881418473148105
48.550000000000004	0.9905194644857297
48.65	0.9938540100988343
48.75	0.9965479304824485
48.85	1.0000001493674515
48.95	1.0023497518969957
49.050000000000004	1.0037495375684697
49.15	NaN
49.25	1.0103921850107576
49.35	1.012758292903509
49.45	1.0152153949843212
49.550000000000004	1.0170394996626628
49.65	1.0191073934508377
49.75	1.0199182636436226
49.85	1.0223776352985787
49.95	1.0217818318867524
50.050000000000004	1.0250397777885676
50.15	1.02465044563264
50.25	1.0278085614169412
50.35	1.0259697579593512
50.45	1.0272501764856365
50.550000000000004	1.0264510800507713
50.65	1.0230008343367525
50.75	1.0251017652696095
50.85	1.0221059824869665
50.95	NaN
51.050000000000004	1.0210707449296
51.15	1.0174895820986563
51.25	1.0168993313625556
51.35	1.0135997119071904
51.45	1.012995625702093
51.550000000000004	NaN
51.65	1.0094066886261353
51.75	1.007301948639149
51.85	1.002631212690278
51.95	0.9993397529146621
52.050000000000004	NaN
52.15	0.9966790499309771
52.25	0.9924829786583197
52.35	0.989994235848725
52.45	0.9886351971975834
52.550000000000004	0.9868046276686958
52.65	0.9906825935409753
52.75	0.9840186620363672
52.85	0.9815060148343256
52.95	NaN
53.050000000000004	0.9790054331479731
53.15	NaN
53.25	0.9776234811806493
53.35	0.9758539289802931
53.45	0.9792273619910736
53.550000000000004	NaN
53.65	0.9760533532054847
53.75	NaN
53.85	0.9776611287930986
53.95	0.9785591490032272
54.050000000000004	NaN
54.15	0.9806995623044694
54.25	NaN
54.35	0.9839888834618069
54.45	0.9853864222869445
54.550000000000004	NaN
54.65	0.9890213241187912
54.75	0.9923985907455527
54.85	0.9941521674668881
54.95	0.9967298104583698
55.050000000000004	0.9977217743889581
55.15	1.0017778154153496
55.25	1.002341270844477
55.35	1.003471571598685
55.45	1.0070840857578667
55.550000000000004	1.008620271223755
55.65	1.0153463675679044
55.75	1.0162976519629738
55.85	1.0142734555862223
55.95	1.0168579607811874
56.050000000000004	1.015950278076853
56.15	1.0183324824702336
56.25	1.020818898662579
56.35	1.0192244024799084
56.45	1.0234977133109284
56.550000000000004	1.020267142830377
56.65	1.0222341660639946
56.75	NaN
56.85	1.0196065182947902
56.95	1.0195825421702933
57.050000000000004	1.019783031578723
57.15	1.0166961596782167
57.25	1.017449409156967
57.35	NaN
57.45	1.015308880178171
57.550000000000004	1.0133441623075958
57.65	1.008751787060717
57.75	1.009853681419773
57.85	1.005325231541886
57.95	1.0066859174122436
58.050000000000004	1.0047499131831155
58.15	1.0015248594898787
58.25	0.9990952990207271
58.35	0.997414072302789
58.45	NaN
58.550000000000004	0.9943396470926491
58.65	0.9924448931819487
58.75	NaN
58.85	0.9892027824513804
58.95	NaN
59.050000000000004	0.9856427021721373
59.15	0.9853571341973345
59.25	0.9840177537275104
59.35	0.9847063106018876
59.45	0.9815001647536081
59.550000000000004	0.9813528075829132
59.65	0.9821367577540249
59.75	0.9782080259491738
59.85	NaN
59.95	0.9826190878793134
60.050000000000004	NaN
60.15	0.9839639387480874
60.25	0.9823788270781104
60.35	NaN
60.45	0.9826557370966043
60.550000000000004	0.9893313948923396
60.65	0.9857986408977673
60.75	0.9883390192022308
60.85	0.9932340437775302
60.95	0.9916719641045773
61.050000000000004	0.9932798218507736
61.15	0.9948804735296807
61.25	0.9993143885875987
61.35	0.9978504605102376
61.45	1.0000269877020458
61.550000000000004	NaN
61.65	1.004728644372414
61.75	NaN
61.85	NaN
61.95	1.007846693136165
62.050000000000004	1.0105609136442464
62.15	1.0119132591099331
62.25	1.0126065866621123
62.35	1.0131440201744697
62.45	1.0155657223370886
62.550000000000004	1.0159158155010566
62.65	1.0147368701890895
62.75	1.0155492424053456
62.85	1.016565529005602
62.95	1.0168166365287583
63.050000000000004	1.0147775292541419
63.15	1.0178082802320425
63.25	NaN
63.35	1.0152794350876728
63.45	1.0138364769936603
63.550000000000004	1.014736658208871
63.65	1.011574618674551
63.75	1.0111432774201357
63.85	1.009625435345237
63.95	1.0102350345373947
64.05	1.0070859451501732
64.14999999999999	1.004813194994236
64.25	1.0057084688360998
64.35	1.007481839873827
64.44999999999999	1.0002666379476206
64.55	0.9985928014786054
64.64999999999999	0.9978463711243778
64.75	0.9967186469189007
64.85	0.9944130556101243
64.94999999999999	0.9936479223140517
65.05	0.9896550023697029
65.14999999999999	0.9913761310827045
65.25	NaN
65.35	0.9893938215505824
65.44999999999999	NaN
65.55	0.9865957404483091
65.64999999999999	0.9845279263128152
65.75	0.9854749864609702
65.85	0.985475297294857
65.94999999999999	0.9840973529809081
66.05	NaN
66.14999999999999	0.9845922444835611
66.25	0.9838746236143728
66.35	0.984317562429603
66.44999999999999	0.986290357990743
66.55	0.9873984128331617
66.64999999999999	NaN
66.75	0.9875790780121083
66.85	NaN
66.94999999999999	NaN
67.05	0.9909087951658888
67.14999999999999	0.9939294869890842
67.25	0.9928294469137178
67.35	0.9955030147708434
67.44999999999999	0.9962209920122879
67.55	0.9985811074714653
67.64999999999999	NaN
67.75	NaN
67.85	1.002403552223677
67.94999999999999	1.004541648733407
68.05	1.0056831214331317
68.14999999999999	1.0050864755870892
68.25	NaN
68.35	1.007717085925446
68.44999999999999	1.0104189946232551
68.55	1.0101823322078813
68.64999999999999	NaN
68.75	1.012574019160237
68.85	1.0114007958565467
68.94999999999999	1.0136414859809912
69.05	1.0143271279236576
69.14999999999999	1.016435878352975
69.25	1.0143220152981267
69.35	1.0159161589380228
69.44999999999999	NaN
69.55	1.0135135621602132
69.64999999999999	1.0126740590058292
69.75	NaN
69.85	1.0099461840332713
69.94999999999999	NaN
70.05	1.009186548508885
70.14999999999999	1.0068296616159207
70.25	NaN
70.35	1.0055286866706843
70.44999999999999	NaN
70.55	1.0041422595310159
70.64999999999999	1.0044175271987574
70.75	1.0017805530550812
70.85	0.9995749092380067
70.94999999999999	0.9976874056903492
71.05	0.9973219609119183
71.14999999999999	0.9948465388040367
71.25	NaN
71.35	0.9927998960879985
71.44999999999999	0.9913727726102523
71.55	0.9895701081501627
71.64999999999999	0.9901336729650102
71.75	0.989455251034382
71.85	0.9893806188076013
71.94999999999999	0.9884875729716249
72.05	NaN
72.14999999999999	NaN
72.25	NaN
72.35	NaN
72.44999999999999	0.9884374006438784
72.55	0.9878612934728369
72.64999999999999	0.9864712167127313
72.75	NaN
72.85	0.9893222467694951
72.94999999999999	0.9889901773205755
73.05	0.9901254965436439
73.14999999999999	0.9900930880362295
73.25	0.9935496332130198
73.35	0.9938153389868404
73.44999999999999	NaN
73.55	0.9949896264935276
73.64999999999999	NaN
73.75	NaN
73.85	0.9985735442330911
73.94999999999999	1.0017003470737058
74.05	1.002728975311118
74.14999999999999	1.001434339501217
74.25	1.003629828885693
74.35	1.00464000378187
74.44999999999999	1.0081215281814602
74.55	1.0050952153108896
74.64999999999999	1.0079894655738226
74.75	1.008482498905756
74.85	1.0101218906397957
74.94999999999999	1.0108137793460756
75.05	1.0104490774396528
75.14999999999999	1.0107357989136487
75.25	NaN
75.35	NaN
75.44999999999999	NaN
75.55	1.012430782045658
75.64999999999999	NaN
75.75	NaN
75.85	1.0103711973773029
75.94999999999999	1.0114193953603525
76.05	1.009984387813939
76.14999999999999	1.0095995513478804
76.25	NaN
76.35	1.0082908500885184
76.44999999999999	NaN
76.55	1.0051573145943329
76.64999999999999	1.0047657182321361
76.75	NaN
76.85	NaN
76.95	NaN
77.05	NaN
77.14999999999999	0.9986452791149089
77.25	0.9988176044217568
77.35	0.9968818750616248
77.45	0.9956539069937385
77.55	0.9942523535328539
77.64999999999999	0.9937847417615018
77.75	0.9933664619854071
77.85	0.9923232217884292
77.95	0.9890936573877376
78.05	0.9896854120578716
78.14999999999999	0.9905550046561549
78.25	0.9899705678993859
78.35	0.9912055821819978
78.45	NaN
78.55	NaN
78.64999999999999	0.9882437228249088
78.75	0.9892516103299054
78.85	NaN
78.95	0.990404670010139
79.05	NaN
79.14999999999999	NaN
79.25	0.9913959061510746
79.35	NaN
79.45	0.9914237647770774
79.55	0.993240060519042
79.64999999999999	NaN
79.75	0.994559158956639
79.85	0.9947636533005659
