0.15	0.03568925280698796
0.25	0.03574876209484486
0.35	0.036840178024908556
0.45	0.03701366647659445
0.55	0.03742796619641468
0.65	0.03772875088456084
0.7500000000000001	0.0382156969450363
0.85	0.03881337093011647
0.95	0.03902304602657747
1.05	0.0397831425084525
1.15	0.04029843038734948
1.25	0.04099432165679478
1.35	0.04197839704200956
1.45	0.042949607571590685
1.55	0.04368684450816856
1.65	0.044896241433367935
1.75	0.046066851268026704
1.85	0.04757999203019568
1.95	0.04874975923883499
2.05	0.05046544052597343
2.15	0.052164746258507456
2.25	0.054089302948668275
2.35	0.05582052719308663
2.45	0.05793878336645581
2.5500000000000003	0.06030798271287007
2.65	0.06322303352457997
2.75	0.06601811031927195
2.85	0.0690769337341254
2.95	0.0726519520118987
3.0500000000000003	0.07628839044593444
3.15	0.08032660632421504
3.25	0.084697670237932
3.35	0.09011171965433581
3.45	0.09569518661741126
3.5500000000000003	0.10169331320987438
3.65	0.10776307132714698
3.75	0.11572202965193461
3.85	0.1236831956706767
3.95	0.13364598262259705
4.05	0.14369837394794857
4.1499999999999995	0.1552721909642075
4.25	0.16827040604799587
4.35	0.1837289531763602
4.449999999999999	0.2004704277328728
4.55	0.21978202530807017
4.6499999999999995	0.24195576963589507
4.75	0.26782541646941616
4.85	0.29468331576138146
4.95	0.33046947465859805
5.05	0.3687876792135469
5.1499999999999995	0.4135959928770357
5.25	0.4638212231461807
5.35	0.5231672030402084
5.45	0.5976511861595268
5.55	0.6769622966673934
5.6499999999999995	0.7736369466804632
5.75	0.8863840517660988
5.85	1.0132764479392293
5.95	1.1512475473772372
6.05	1.3081151733299619
6.1499999999999995	1.4809231517993626
6.25	1.6506130836428687
6.35	1.8133194905514773
6.45	1.955014507635537
6.55	2.059420514885002
6.6499999999999995	2.1250346233256696
6.75	2.1321752161308685
6.85	2.104122388981464
6.95	2.0301868695201972
7.05	1.9281234330476285
7.1499999999999995	1.8188076516355474
7.25	1.7016447333744162
7.35	1.5885723971144254
7.45	1.4769648154108201
7.55	1.3699922544354544
7.6499999999999995	1.2807309435290275
7.75	1.1946965451586489
7.85	1.124154879312622
7.95	1.0535102826636917
8.05	0.9958704193226077
8.15	0.946952370535765
8.25	0.9032740856149744
8.350000000000001	0.8631080180293259
8.450000000000001	0.8290484124412296
8.55	0.8013871388111534
8.65	0.7759844510226411
8.75	0.7546825342117766
8.850000000000001	0.7375310050299672
8.950000000000001	0.7238438395310174
9.05	0.7108648975332834
9.15	0.7027360841479512
9.25	0.6952511052285537
9.350000000000001	0.6898766853648451
9.450000000000001	0.6867922867382029
9.55	0.6864931205101626
9.65	0.6886376426843349
9.750000000000002	0.6906152950059133
9.85	0.6978697111426485
9.95	0.7023814088352688
10.049999999999999	0.7110256790284465
10.149999999999999	0.7214678874340013
10.25	0.7328872397660336
10.35	0.7477540913020156
10.45	0.7627861422236213
10.549999999999999	0.7786603876508255
10.649999999999999	0.7976685024195812
10.75	0.8174520137223074
10.85	0.8388373794922644
10.95	0.8606716379318899
11.049999999999999	0.8887393534107376
11.149999999999999	0.9113056334025497
11.25	0.9372059055699898
11.35	0.9629626129816053
11.45	0.9891067049157333
11.549999999999999	1.0192617464288312
11.649999999999999	1.0445640753618906
11.75	1.0707542797979224
11.85	1.098298573196484
11.95	1.1229091610768318
12.049999999999999	1.1453398578574352
12.149999999999999	1.1667508367334378
12.25	1.1850872964988346
12.35	1.2040273429605606
12.45	1.2172361334285131
12.549999999999999	1.228719336576547
12.649999999999999	1.2342787616960593
12.75	1.2416418515867549
12.85	1.240276489080797
12.95	1.2396678712219695
13.049999999999999	1.2337576941452806
13.149999999999999	1.2265987579593096
13.25	1.2157294800942025
13.35	1.2034944973423642
13.45	1.1860366474071784
13.549999999999999	1.1682057856512806
13.649999999999999	1.1478257837676
13.75	1.1309972728112871
13.85	1.1066689396861562
13.95	1.087680650909215
14.049999999999999	1.0671388291126422
14.149999999999999	1.0449450976953314
14.25	1.0236799871780067
14.35	1.0074735272531168
14.45	0.9863797185926996
14.549999999999999	0.9693031739478957
14.649999999999999	0.9543566111602243
14.75	0.9369701749710997
14.85	0.9244937330676317
14.95	0.9124954148847386
15.049999999999999	0.8998931165254578
15.149999999999999	0.891641129169247
15.25	0.8819263345048554
15.35	0.8727161965453332
15.45	0.8689402896477575
15.549999999999999	0.8641643703883779
15.649999999999999	0.861312310320927
15.75	0.8585621835422874
15.85	0.859371324650897
15.95	0.8596953193613586
16.05	0.8595849009609066
16.15	0.8626060610596792
16.25	0.8676389368286389
16.349999999999998	0.8738988050685899
16.45	0.8802779392600001
16.55	0.8868842017176075
16.65	0.8938212964577847
16.75	0.9036752120595543
16.849999999999998	0.9122645062012441
16.95	0.9233103832491906
17.05	0.9350777995512016
17.15	0.9455749096095941
17.25	0.9559398716824266
17.349999999999998	0.9707778480375553
17.45	0.9828184528506615
17.55	0.9937473088631944
17.65	1.0080192450385097
17.75	1.0195189868070613
17.849999999999998	1.033436326991426
17.95	1.0465890915275016
18.05	1.0564562051980844
18.15	1.065968642984585
18.25	1.0759130017905953
18.349999999999998	1.0854614511441996
18.45	1.0910266646602027
18.55	1.09678136605045
18.65	1.1028975890317212
18.75	1.1082088573923823
18.849999999999998	1.1093778751210075
18.95	1.1106204770719177
19.05	1.1121194343869394
19.15	1.1097543038479456
19.25	1.1059223221439938
19.35	1.1031577684185836
19.45	1.0963275308567852
19.55	1.0919280947483663
19.65	1.0839008378774033
19.75	1.079708218991382
19.85	1.0730551615037411
19.95	1.0598073542591357
20.05	1.052812079880036
20.15	1.0438935421596578
20.25	1.0346584153867795
20.35	1.0256281467538124
20.45	1.015549176429207
20.55	1.004868804815559
20.65	0.9963880207267002
20.75	0.986052616969736
20.85	0.9802671211843355
20.95	0.9728327858304944
21.05	0.9629781102245771
21.15	0.9554854400090421
21.25	0.9491099448823962
21.35	0.943276209717354
21.45	0.9409841738799092
21.55	0.936339735847204
21.65	0.9302456500941377
21.75	0.9280513104548124
21.85	0.9249391687881314
21.95	0.9228419267182963
22.05	0.9244939710070482
22.15	0.9225612575731788
22.25	0.9233736776717777
22.35	0.9237327923353527
22.45	0.9287127383694905
22.55	0.9304166614523676
22.65	0.9329334755126247
22.75	0.9360884678427769
22.85	0.9392555922020784
22.95	0.946043024445848
23.05	0.9502390800455549
23.15	0.9577803167365342
23.25	0.9621696470690466
23.35	0.9694335746036495
23.45	0.9761266844408314
23.55	0.9841370277040102
23.65	0.9883221311243978
23.75	1.0002739349508034
23.85	1.0022927732833868
23.95	1.0118869561087693
24.05	1.0154014588225149
24.15	1.022190320767316
24.25	1.0298962104831517
24.35	1.035357410571472
24.45	1.041403538345366
24.55	1.045702042108192
24.65	1.0492098698291832
24.75	1.0542901051020026
24.85	1.0585249815807736
24.95	1.0605786234423686
25.05	1.0598128953085446
25.15	1.063957881922846
25.25	1.0641594608292957
25.35	1.0626923730331796
25.45	1.0617666108978832
25.55	1.0612374593305915
25.65	1.0594561486971315
25.75	1.0560839753050413
25.85	1.0511819040633026
25.95	1.0471564489118672
26.05	1.0426288782727169
26.15	1.0382002903297942
26.25	1.0359817432357592
26.35	1.0293834367831243
26.45	1.0224419509414604
26.55	1.016295092039755
26.65	1.0121285459873934
26.75	1.0053886374613763
26.85	1.0002087344150012
26.95	0.9935930862237046
27.05	0.9888567698202471
27.15	0.9854350427817943
27.25	0.9804806109374873
27.35	0.9748766585215559
27.45	0.9732230338522316
27.55	0.9657053194831957
27.65	0.9627268427910552
27.75	0.9617699145983228
27.85	0.9576738441623388
27.95	0.9571009436489633
28.05	0.955080777351752
28.15	0.953065026455384
28.25	0.9522840700309724
28.35	0.9502293561044576
28.45	0.9513464750404561
28.55	0.9541791108539852
28.65	0.9537665649657376
28.75	0.9556039740319136
28.85	0.9567688403044117
28.95	0.9609009994750213
29.05	0.9607717691676924
29.15	0.965030880217414
29.25	0.9674870845574927
29.35	0.971936983171195
29.45	0.9753050559359735
29.55	0.9798337483295408
29.65	0.9833234189937929
29.75	0.9879409141185124
29.85	0.9905883304944351
29.95	NaN
30.05	1.0003417384069202
30.15	1.0074774014058319
30.25	1.0114520185121412
30.35	1.0140954317707676
30.45	1.0188499253519485
30.55	1.0209581252350939
30.65	1.024384772936542
30.75	1.0290923167419215
30.85	1.031605261823725
30.95	1.035296037215998
31.05	1.0376849427365145
31.15	1.0368245852433908
31.25	1.0379941148897454
31.35	1.040005476413034
31.45	1.0409949040248565
31.55	1.0409348162611005
31.65	1.0408659714951312
31.75	NaN
31.85	1.0399762508135517
31.95	1.03646948262801
32.05	1.0352719416295293
32.15	1.0344209120350412
32.25	1.0290059257853206
32.35	1.0276435163632336
32.45	1.0240402436299465
32.55	1.0216236506301655
32.65	1.0183280652746722
32.75	1.012649118255003
32.85	1.0107026992589103
32.95	1.003884225989242
33.05	1.0048593822408203
33.15	0.9983518752558268
33.25	0.9962202720683763
33.35	0.9918411623952729
33.45	0.988463703157674
33.55	0.98644028690789
33.65	0.981108119803642
33.75	0.9790199215220549
33.85	0.9778435909309318
33.95	0.9753052655312798
34.05	0.9744288374566104
34.15	0.9711348209123344
34.25	0.969635025908057
34.35	0.9694269096557485
34.45	0.9670250533519135
34.55	0.9684478933651005
34.65	0.965910703720018
34.75	0.9687306213521372
34.85	0.9672650097283934
34.95	0.9672072044462842
35.05	0.9701901473547454
35.15	0.9700672044690013
35.25	0.974559009356213
35.35	0.9757027820363677
35.45	0.9791865852812114
35.55	0.9805873262741941
35.65	0.9804403160862342
35.75	0.9849020585896352
35.85	0.9864481077965382
35.95	0.9907647784739493
36.05	0.9935510759622691
36.15	0.9957064261795874
36.25	0.9977065055102001
36.35	1.0036299368746577
36.45	1.0057668213376445
36.55	1.0091306370252826
36.65	NaN
36.75	1.014819694897546
36.85	1.0156604481364973
36.95	1.01705124631725
37.05	1.0215835728491807
37.15	1.0224976833060933
37.25	1.0248966795802659
37.35	1.0261778780320945
37.45	1.026893180825486
37.55	1.0275864262014711
37.65	1.0261080386487156
37.75	1.0294110144303228
37.85	1.0267655998117984
37.95	1.0296835633422563
38.05	NaN
38.15	NaN
38.25	1.020180214610204
38.35	1.0252173390122585
38.45	1.0221480503954763
38.550000000000004	1.02122461454676
38.65	1.0200765742392923
38.75	1.015631611133087
38.85	1.0133434289928025
38.95	1.0104903301893209
39.050000000000004	1.0108043710551189
39.15	1.0075506613026817
39.25	1.0055218179972898
39.35	1.0014165327158266
39.45	0.9989550011646432
39.550000000000004	0.9960947141562143
39.65	NaN
39.75	0.9896686439892528
39.85	0.9895087514165877
39.95	0.987088939851142
40.050000000000004	0.9857563432897922
40.15	0.9832042768543019
40.25	0.9806374869003198
40.35	NaN
40.45	0.9781713167227196
40.550000000000004	0.9786505092306538
40.65	0.9778695224448114
40.75	0.9749196168185116
40.85	0.9750024125145986
40.95	0.9762394796965633
41.050000000000004	0.976977143336925
41.15	0.9751493491070035
41.25	0.9786461121181685
41.35	0.978854192505068
41.45	0.9798158393729911
41.550000000000004	0.9795061755866723
41.65	0.982603424889721
41.75	0.9848920182193117
41.85	0.9851951157953559
41.95	0.9874239211163021
42.050000000000004	0.9900779816999165
42.15	0.9908558323853466
42.25	0.9917814392159088
42.35	0.9950966398268762
42.45	0.9945275110039961
42.550000000000004	1.000542340539996
42.65	1.0016613230120748
42.75	1.0043990649845853
42.85	1.0080352918695332
42.95	1.008747441697416
43.050000000000004	1.010548753577435
43.15	NaN
43.25	1.014756592720147
43.35	1.0171354994027137
43.45	1.016789699002936
43.550000000000004	1.0205504175647753
43.65	NaN
43.75	NaN
43.85	1.02414863576234
43.95	1.019702298500458
44.050000000000004	1.021985990510209
44.15	1.0210135951281447
44.25	1.0205379912255947
44.35	1.0185825423350048
44.45	NaN
44.550000000000004	1.0183550940481532
44.65	1.0164679710485762
44.75	1.014357634944596
44.85	1.0158175470425
44.95	1.012771650609715
45.050000000000004	1.0109613228924479
45.15	1.008802421848353
45.25	1.006562834805915
45.35	1.0063021385554007
45.45	1.0030203843256194
45.550000000000004	1.0011249964429836
45.65	0.9992514715573158
45.75	NaN
45.85	0.9967126527981054
45.95	NaN
46.050000000000004	0.9912969420069841
46.15	0.9895350095423108
46.25	0.9897367306118556
46.35	NaN
46.45	0.9865289020797817
46.550000000000004	0.9852793896451932
46.65	NaN
46.75	0.9824684202564663
46.85	0.9847152178656656
46.95	0.9807751011682314
47.050000000000004	0.9814006280861475
47.15	0.981792755280072
47.25	0.9812190275588927
47.35	0.9824131824881783
47.45	NaN
47.550000000000004	0.9830854207471176
47.65	0.9856062332478239
47.75	0.9848055640919129
47.85	0.9864934061278408
47.95	0.9858208841671546
48.050000000000004	0.9885604967590677
48.15	0.9896995724586902
48.25	0.9889941411996402
48.35	0.9923434071978852
48.45	0.9936862617992518
48.550000000000004	0.9991158596474454
48.65	1.0000604405458842
48.75	0.9998525969471381
48.85	1.000982052324226
48.95	1.0027131627874561
49.050000000000004	1.0055894187714172
49.15	1.0025261443363358
49.25	1.009059969663167
49.35	1.0079061682372603
49.45	1.0101954667885449
49.550000000000004	1.013078192479142
49.65	1.0114048479274382
49.75	NaN
49.85	1.0134807056394939
49.95	1.0159134436737824
50.050000000000004	1.0170454459190843
50.15	1.01416021975724
50.25	1.016073587958862
50.35	1.0171591416115406
50.45	1.0157978471744717
50.550000000000004	1.0142650879094282
50.65	1.014346645854804
50.75	1.0150813190741057
50.85	1.0137933597558555
50.95	1.0150413939746934
51.050000000000004	1.0128473076390165
51.15	1.010661177826081
51.25	1.007838977072549
51.35	1.0086786992784893
51.45	1.007703902542271
51.550000000000004	1.0057447329224571
51.65	1.0044210824416704
51.75	1.004478061548649
51.85	1.001009471058541
51.95	0.9997271908109098
52.050000000000004	0.9962112592198281
52.15	NaN
52.25	0.9932229850890366
52.35	0.9928727785041693
52.45	0.9919789190558163
52.550000000000004	0.9919105605156296
52.65	0.9898220737040339
52.75	0.99074465289357
52.85	0.9879674710834537
52.95	0.9887320079980707
53.050000000000004	0.9852473816601821
53.15	0.9860412551098464
53.25	0.9839876940533202
53.35	0.9849883279811262
53.45	0.9865295268222862
53.550000000000004	0.9864645321054284
53.65	0.9861979916430277
53.75	0.9884317798865825
53.85	0.9868762216737892
53.95	0.9887931241935396
54.050000000000004	0.9877281612321448
54.15	0.9914419746271964
54.25	0.9877470533964668
54.35	0.9919487249778207
54.45	0.9930108761125738
54.550000000000004	NaN
54.65	0.9934418482487264
54.75	0.996419901588288
54.85	0.9977707159340163
54.95	0.9982601391361766
55.050000000000004	0.999299227229603
55.15	1.0001948613717528
55.25	1.0037604862881149
55.35	1.00376804523731
55.45	1.0039260609132035
55.550000000000004	1.0064864664767665
55.65	NaN
55.75	1.0088501437190773
55.85	1.0098863073564144
55.95	1.0109333662228084
56.050000000000004	1.0095519555033623
56.15	1.0101721382689535
56.25	1.017183556771759
56.35	1.0035083925535708
56.45	1.0139407519258707
56.550000000000004	1.0099850841168347
56.65	1.012115878940151
56.75	1.0132955568871997
56.85	1.0124835774109817
56.95	1.0122665799349522
57.050000000000004	1.0106715726060989
57.15	1.0124236076826252
57.25	1.0115084751978243
57.35	1.008890285692718
57.45	1.0099432839463274
57.550000000000004	NaN
57.65	1.0047070270950464
57.75	1.0051474309743038
57.85	1.0024508365141753
57.95	1.0015202166550694
58.050000000000004	NaN
58.15	0.9997840110887752
58.25	0.9988213400169108
58.35	0.9988909318411622
58.45	0.9974964665978082
58.550000000000004	0.9948331764329731
58.65	0.9939707064427098
58.75	NaN
58.85	0.9930114775869473
58.95	0.9917552137333866
59.050000000000004	0.9903989013650445
59.15	0.9915242713269323
59.25	0.9907407613713185
59.35	0.9902115965545315
59.45	0.9891229347876883
59.550000000000004	0.9891481536476394
59.65	NaN
59.75	0.9880265186094471
59.85	0.9890075400965394
59.95	0.9888837711564533
60.050000000000004	0.9893016419762448
60.15	0.9893072616078691
60.25	0.988542641440483
60.35	NaN
60.45	0.9918715625357627
60.550000000000004	0.9922221222429346
60.65	0.9929596342946484
60.75	0.9933924167811868
60.85	NaN
60.95	0.9948674506657201
61.050000000000004	0.9967696326867181
61.15	0.9983998640113314
61.25	0.9988235478936625
61.35	1.0011588317651186
61.45	1.002807649770351
61.550000000000004	1.001863427274443
61.65	1.0035339223851805
61.75	1.0042547906991228
61.85	1.0052734498740636
61.95	NaN
62.050000000000004	1.010497692123331
62.15	1.007206701954208
62.25	1.0095832655279875
62.35	1.008921395369641
62.45	NaN
62.550000000000004	1.0096274716361988
62.65	NaN
62.75	NaN
62.85	1.009736297132765
62.95	1.0099254716869037
63.050000000000004	1.0089654979989024
63.15	1.0094975354874618
63.25	1.0107575212212738
63.35	1.009116073675854
63.45	1.008947117449541
63.550000000000004	1.0085073704264376
63.65	NaN
63.75	1.0060032140756712
63.85	NaN
63.95	1.004523459154902
64.05	1.004164269963823
64.14999999999999	1.0048765988023898
64.25	1.0011666605321594
64.35	NaN
64.44999999999999	0.9994268484150713
64.55	1.0008873216513694
64.64999999999999	0.9981339054777109
64.75	0.9979342838488966
64.85	0.9979747772882874
64.94999999999999	0.9938528176086668
65.05	0.995648186467058
65.14999999999999	NaN
65.25	0.9916304247636265
65.35	0.9924914515523376
65.44999999999999	0.9915818789397772
65.55	0.991522357585638
65.64999999999999	NaN
65.75	0.9886434317247773
65.85	0.9917330025241238
65.94999999999999	NaN
66.05	NaN
66.14999999999999	0.9904761895003688
66.25	0.9906964521164386
66.35	0.9913559447073649
66.44999999999999	0.9923069759879636
66.55	NaN
66.64999999999999	0.9919814219469911
66.75	0.9945014665794145
66.85	NaN
66.94999999999999	NaN
67.05	NaN
67.14999999999999	NaN
67.25	0.9976395311831457
67.35	NaN
67.44999999999999	NaN
67.55	0.9985996402692168
67.64999999999999	0.9995045260839266
67.75	1.0012961688743578
67.85	1.0022904559874664
67.94999999999999	NaN
68.05	1.0029948343685309
68.14999999999999	1.0045871409321792
68.25	1.0078546403305095
68.35	1.0063309379622365
68.44999999999999	1.0071519506692594
68.55	1.0075747530743342
68.64999999999999	NaN
68.75	1.0084169711376256
68.85	1.0080365846624157
68.94999999999999	1.0094543713522126
69.05	NaN
69.14999999999999	1.0097038006074743
69.25	NaN
69.35	1.008259510143835
69.44999999999999	1.0083937644545942
69.55	1.0069226850435924
69.64999999999999	1.0068021673615466
69.75	1.0072473062405136
69.85	1.006193331350557
69.94999999999999	1.00547370100155
70.05	NaN
70.14999999999999	1.00490345392654
70.25	1.0052456794162852
70.35	1.0032514513231128
70.44999999999999	1.0033185060116008
70.55	1.0025080353512195
70.64999999999999	1.0008993024175148
70.75	1.000411825762491
70.85	0.9990035283086718
70.94999999999999	0.9989388829035816
71.05	0.9968993635072921
71.14999999999999	NaN
71.25	0.9958806176429733
71.35	NaN
71.44999999999999	0.9939518203800802
71.55	0.9946045880578858
71.64999999999999	0.992849243865945
71.75	0.9919853936725779
71.85	NaN
71.94999999999999	NaN
72.05	0.9923838145259628
72.14999999999999	NaN
72.25	0.9920893891874103
72.35	0.9924282304013412
72.44999999999999	NaN
72.55	NaN
72.64999999999999	0.99283976367824
72.75	0.9927667372577988
72.85	0.9929093770781142
72.94999999999999	NaN
73.05	0.994951204471238
73.14999999999999	0.9953153677891983
73.25	0.9949023591105319
73.35	0.99728588353156
73.44999999999999	0.9964853287685768
73.55	0.9978039983181795
73.64999999999999	0.9978120235289123
73.75	0.9985387659182694
73.85	1.0006259801143433
73.94999999999999	NaN
74.05	NaN
74.14999999999999	1.0025533251321992
74.25	1.0026243419079301
74.35	1.0030466968568192
74.44999999999999	1.0038155681472212
74.55	1.0043355910310665
74.64999999999999	NaN
74.75	NaN
74.85	1.0056122008379604
74.94999999999999	1.0057611653883987
75.05	1.0050200209432079
75.14999999999999	1.0078393798888419
75.25	1.0065592248631592
75.35	1.0070849278318812
75.44999999999999	1.0080095032561505
75.55	1.006482797484259
75.64999999999999	1.0064036605467879
75.75	NaN
75.85	1.0079942688571881
75.94999999999999	NaN
76.05	1.0062307632443814
76.14999999999999	1.0057442807092174
76.25	1.0044015065652423
76.35	1.0043185277343756
76.44999999999999	NaN
76.55	1.0030888355011176
76.64999999999999	1.004648491019286
76.75	NaN
76.85	1.0005238355767783
76.95	1.0020768285071564
77.05	1.0015205926634692
77.14999999999999	0.9996640331006489
77.25	NaN
77.35	NaN
77.45	NaN
77.55	0.9955076539248798
77.64999999999999	NaN
77.75	0.9946965437142066
77.85	0.9955671746883857
77.95	NaN
78.05	0.9946776659988279
78.14999999999999	NaN
78.25	0.9935850097722085
78.35	0.9933928742378572
78.45	NaN
78.55	NaN
78.64999999999999	NaN
78.75	0.9935774721787203
78.85	0.9918811648886794
78.95	0.992522146241388
79.05	NaN
79.14999999999999	NaN
79.25	0.995096206250235
79.35	0.9944539385775603
79.45	NaN
79.55	0.9949675378318897
79.64999999999999	NaN
79.75	0.997062490738849
79.85	0.9987591112846307
