0.15	0.018569431141526975
0.25	0.019169928020149146
0.35	0.018897385592543565
0.45	0.019085871914013
0.55	0.019423589572496326
0.65	0.01933746362295007
0.7500000000000001	0.019782098119742
0.85	0.019859675944188106
0.95	0.02026489575665591
1.05	0.020560353876954252
1.15	0.020716653626523047
1.25	0.021216543435052866
1.35	0.021701043593106893
1.45	0.022074895423938704
1.55	0.022541637985131997
1.65	0.023166882185206635
1.75	0.02370161558570237
1.85	0.024279286041440168
1.95	0.02516104970633772
2.05	0.025787578366840234
2.15	0.0265795405843037
2.25	0.027543906245171685
2.35	0.02852865814718526
2.45	0.029585307349429785
2.5500000000000003	0.030774476653252007
2.65	0.0319892446689495
2.75	0.03334810874919211
2.85	0.034823685856095944
2.95	0.03660435981054059
3.0500000000000003	0.0383157378971926
3.15	0.04020139267673051
3.25	0.04248576609119455
3.35	0.045009203036752314
3.45	0.04747973973703775
3.5500000000000003	0.05056841582982117
3.65	0.05376731350226183
3.75	0.05753102893222054
3.85	0.06089845874945876
3.95	0.06581490104630466
4.05	0.07072759611154747
4.1499999999999995	0.07646722708822813
4.25	0.08241662567524016
4.35	0.08991423222845091
4.449999999999999	0.09759402306587855
4.55	0.10666063905107043
4.6499999999999995	0.11649773944284748
4.75	0.12887710209978945
4.85	0.14299842343636837
4.95	0.15949229473139215
5.05	0.17681486410330535
5.1499999999999995	0.20012666403149906
5.25	0.22402859341414105
5.35	0.2549060810721871
5.45	0.2917675810244653
5.55	0.3355545469279904
5.6499999999999995	0.3875118620815625
5.75	0.45371987814601694
5.85	0.5297548419148977
5.95	0.6260903332867052
6.05	0.7475532634887996
6.1499999999999995	0.9005243974652247
6.25	1.0843527878806647
6.35	1.3006972966885566
6.45	1.577059911676681
6.55	1.888521587839928
6.6499999999999995	2.2235759546637466
6.75	2.5402114005316476
6.85	2.794233358172744
6.95	2.9226364161402225
7.05	2.9156608494661973
7.1499999999999995	2.7749152090384737
7.25	2.5481730130822338
7.35	2.293822816089203
7.45	2.0427494764227316
7.55	1.8171806787901328
7.6499999999999995	1.6070858319618198
7.75	1.4336373192490863
7.85	1.2818975225380351
7.95	1.1592967258178692
8.05	1.0604300402094564
8.15	0.973847559961727
8.25	0.9001893207216225
8.350000000000001	0.8375965949430231
8.450000000000001	0.7876197715916196
8.55	0.7439447208881322
8.65	0.7055716372407796
8.75	0.6766781716087117
8.850000000000001	0.6523869980654031
8.950000000000001	0.6286017877187678
9.05	0.6120912847257062
9.15	0.5973473340847296
9.25	0.5875818272075912
9.350000000000001	0.5781954465264577
9.450000000000001	0.572549297595754
9.55	0.5703377782755422
9.65	0.5674813922392505
9.750000000000002	0.5701167443403433
9.85	0.5724601655489943
9.95	0.5773020335748599
10.049999999999999	0.5850549267815146
10.149999999999999	0.5938215190644492
10.25	0.6057679900856531
10.35	0.619469622238216
10.45	0.6350241898373983
10.549999999999999	0.6524698208570593
10.649999999999999	0.6721098950733068
10.75	0.6959588761526115
10.85	0.720817091007236
10.95	0.7477650671640484
11.049999999999999	0.7771843399504981
11.149999999999999	0.809495509623785
11.25	0.8451011553232638
11.35	0.8810317677411699
11.45	0.9189184956467664
11.549999999999999	0.9607455544878492
11.649999999999999	1.0011026412262165
11.75	1.0433167009481648
11.85	1.0856245489770957
11.95	1.1272370385542008
12.049999999999999	1.1638930474798137
12.149999999999999	1.1981732087002057
12.25	1.2310502029452528
12.35	1.2601571179062667
12.45	1.2855976443439905
12.549999999999999	1.3042206451942662
12.649999999999999	1.3195010565537262
12.75	1.3302679922358558
12.85	1.3351480470160442
12.95	1.3384838098724916
13.049999999999999	1.3385328232341007
13.149999999999999	1.3346295724981725
13.25	1.3273754664068946
13.35	1.3180552292838297
13.45	1.3022565244834443
13.549999999999999	1.2846545557208482
13.649999999999999	1.2667852918202314
13.75	1.2433747786172822
13.85	1.2189600048049627
13.95	1.1910571189866836
14.049999999999999	1.1616660795448377
14.149999999999999	1.1292110766052181
14.25	1.095064470364281
14.35	1.0643218705194364
14.45	1.0353525841488342
14.549999999999999	1.002292547079358
14.649999999999999	0.9739812950630181
14.75	0.9452808264468392
14.85	0.9203238329461302
14.95	0.8988690954533145
15.049999999999999	0.8752652994319672
15.149999999999999	0.85810954392624
15.25	0.8402578361868569
15.35	0.8269675723024708
15.45	0.8137041114825092
15.549999999999999	0.8027446020311857
15.649999999999999	0.7949104106558279
15.75	0.7898876341123459
15.85	0.7861595360441724
15.95	0.7822372145913512
16.05	0.7823158108509061
16.15	0.7839334431638479
16.25	0.7874820452950613
16.349999999999998	0.792852357912466
16.45	0.7991385656069615
16.55	0.8054159807436513
16.65	0.8148781876510975
16.75	0.8272363132303406
16.849999999999998	0.8391241179037141
16.95	0.8527506556116125
17.05	0.8688100103133817
17.15	0.8883439905296011
17.25	0.9032310683152539
17.349999999999998	0.9218418344690937
17.45	0.9422260347406339
17.55	0.9637002620453542
17.65	0.9842767992732023
17.75	1.0055820925119359
17.849999999999998	1.0239827280992846
17.95	1.0478369684017301
18.05	1.066986977249625
18.15	1.08476011499284
18.25	1.1043469535572565
18.349999999999998	1.1167776586255895
18.45	1.1345515551839525
18.55	1.1490772668599893
18.65	1.157333619315268
18.75	1.1667282064312614
18.849999999999998	1.170243512648657
18.95	1.1739167046979189
19.05	1.1766975318295465
19.15	1.1752757290881009
19.25	1.1703746454672126
19.35	1.168343453070431
19.45	1.1597010734033484
19.55	1.1520081945593175
19.65	1.1421716471804106
19.75	1.133080608726365
19.85	1.120166432595433
19.95	1.1054479964878965
20.05	1.0939026909698188
20.15	1.0816419277392653
20.25	1.0671763819216087
20.35	1.0519687716770096
20.45	1.0401689100388627
20.55	1.0230338188882309
20.65	1.0118381194761634
20.75	0.9971439121676726
20.85	0.9848499808956286
20.95	0.9714815365367727
21.05	0.9587279148533562
21.15	0.9481449388517352
21.25	0.9359567804272715
21.35	0.9264686314612269
21.45	0.9179923476389588
21.55	0.9104854008443618
21.65	0.9033501848527328
21.75	0.8967783965093183
21.85	0.8906907178058322
21.95	0.8873644763352444
22.05	0.885923079506435
22.15	0.882249473189455
22.25	0.8794462489167233
22.35	0.8793777729911543
22.45	0.8810492281118344
22.55	0.8827128442633204
22.65	0.8861586317606704
22.75	0.8915054897541046
22.85	0.8957857027793973
22.95	NaN
23.05	0.9080765641165123
23.15	0.9181169193344594
23.25	0.9260532249123212
23.35	0.9381168958179252
23.45	0.9441551175663642
23.55	0.9557715339996552
23.65	0.9679772843730773
23.75	0.9788088671057033
23.85	0.9891153069857391
23.95	1.0027775994301222
24.05	1.0159844415397072
24.15	1.0248663941167244
24.25	1.0390413602171964
24.35	1.048470835435416
24.45	1.0578985994135823
24.55	1.0692669429093562
24.65	1.07818497056001
24.75	1.083531902456254
24.85	1.0882276756796232
24.95	1.0956143010396462
25.05	1.100732368738476
25.15	1.102706440251508
25.25	1.1050600499206402
25.35	1.1044684664484943
25.45	1.1037449008066709
25.55	1.1005060063865073
25.65	1.0990305770155264
25.75	1.0919232053541417
25.85	1.0869240448274362
25.95	1.08259132688891
26.05	1.0758157012608927
26.15	1.06830902632927
26.25	1.0601380760188803
26.35	1.0524554586109323
26.45	1.0444398932391112
26.55	1.0337149623084525
26.65	1.0251412934746889
26.75	1.0148899173622217
26.85	1.008190437216365
26.95	0.9999614286238356
27.05	0.9903027376430926
27.15	0.982566881078373
27.25	0.9747759007652306
27.35	0.9656644475408998
27.45	0.9600839454859372
27.55	0.9518458095796057
27.65	0.9474799056271185
27.75	0.9414300385325088
27.85	0.9435205484115519
27.95	0.9351865698479125
28.05	0.9310589863105911
28.15	0.9292428135042013
28.25	0.9269097333302088
28.35	0.9251530705998137
28.45	0.923754488133089
28.55	0.9244137979337333
28.65	0.9258617166156174
28.75	0.9257214234271857
28.85	0.9287598501772064
28.95	0.9304602510000787
29.05	0.9329236850174184
29.15	0.9380776542378537
29.25	0.9403828186112587
29.35	0.947857475867415
29.45	0.9547492351006648
29.55	0.957152846400926
29.65	0.964725077452568
29.75	0.970170412980655
29.85	0.976674602429836
29.95	0.9860133776840169
30.05	0.9941637430823123
30.15	1.002994165099343
30.25	1.0077232242097276
30.35	1.0165193489725588
30.45	1.0220368885278321
30.55	1.0298037799566664
30.65	1.034808765606097
30.75	1.0421164308448247
30.85	1.0482148072451725
30.95	1.0518950363148334
31.05	1.0544071869005396
31.15	1.0596455796120525
31.25	1.0637122549621365
31.35	1.06513552904685
31.45	1.0662508879367791
31.55	1.0669007049035253
31.65	1.0676495295235793
31.75	1.067363373634141
31.85	1.0652533416805163
31.95	1.0630769396102808
32.05	1.060318869203843
32.15	1.0561245325581332
32.25	1.050335507183527
32.35	1.049324564813779
32.45	1.0415976445378876
32.55	1.0377851925572943
32.65	1.0332078773594426
32.75	1.0259772939307759
32.85	1.020195392551061
32.95	1.0147967072550625
33.05	1.0086037281468012
33.15	1.0016602074768945
33.25	0.992810309636681
33.35	0.9905290081963302
33.45	0.985172843644126
33.55	0.9792059808213166
33.65	0.9738667350196677
33.75	0.969672219689992
33.85	0.9659972800259246
33.95	0.9614579412481707
34.05	0.9586813903441623
34.15	0.9561591069586427
34.25	0.9524260104839161
34.35	0.9508801456298515
34.45	0.9479273103173035
34.55	0.9458436173368032
34.65	0.9469290388577496
34.75	0.9465497340150704
34.85	0.9468334568642914
34.95	0.9483686178671401
35.05	0.9501529078479152
35.15	0.9527146602057711
35.25	0.9547388185200131
35.35	0.9569182522743285
35.45	0.9575934952156441
35.55	0.9627747002635849
35.65	0.9668361732981907
35.75	0.9694033414605516
35.85	0.9744299880728234
35.95	0.9789845841864317
36.05	0.9843116747313432
36.15	0.9896285123607494
36.25	0.9955766581120684
36.35	0.9986935839254484
36.45	1.0051285142640842
36.55	NaN
36.65	1.0138363621838067
36.75	1.0182341477954473
36.85	1.0144344693774456
36.95	1.0271080779311557
37.05	1.0310708139640024
37.15	1.0348669334258933
37.25	1.040391513687618
37.35	1.041417950323899
37.45	1.0436397132226336
37.55	1.042665009880992
37.65	NaN
37.75	1.0468519989134393
37.85	1.0470881516320627
37.95	1.0465540050737823
38.05	1.0438023299085204
38.15	1.04471312479202
38.25	1.0449658375753266
38.35	1.041009561623208
38.45	1.038891563737969
38.550000000000004	1.0354952922919691
38.65	1.031762986699901
38.75	1.0273918613610602
38.85	1.0249467753353452
38.95	1.0216796078193298
39.050000000000004	1.0135424699461215
39.15	NaN
39.25	NaN
39.35	NaN
39.45	NaN
39.550000000000004	0.9944726548290476
39.65	0.9929385767228374
39.75	0.9882850089083819
39.85	0.9848349803128371
39.95	0.980074671117924
40.050000000000004	0.9724310399390629
40.15	NaN
40.25	0.9715074296631879
40.35	0.9700502326356022
40.45	0.9678437411499672
40.550000000000004	0.9640698165478088
40.65	0.9636990688627388
40.75	0.9625738947334794
40.85	0.9640438162157587
40.95	0.9615061503097501
41.050000000000004	0.9615703689915336
41.15	0.9615118761781243
41.25	0.9612326208467972
41.35	0.9635158594608625
41.45	0.9647125552139483
41.550000000000004	NaN
41.65	0.9690824800852291
41.75	0.9720330069138028
41.85	0.9737957964286083
41.95	0.9765452289639079
42.050000000000004	0.9816015363130224
42.15	NaN
42.25	0.986519573954086
42.35	0.9904554483612287
42.45	0.9948797250822694
42.550000000000004	0.9961107665097627
42.65	1.002695147119367
42.75	1.005690672478
42.85	1.009522485078103
42.95	1.0107593170227596
43.050000000000004	1.0143551207668162
43.15	1.0193444345729545
43.25	1.022205634727528
43.35	1.0252154619767888
43.45	1.0262725967663433
43.550000000000004	1.026476275503147
43.65	NaN
43.75	1.0337854325312728
43.85	1.034846614751901
43.95	1.0333976555739437
44.050000000000004	1.0334290569310682
44.15	1.033844119468707
44.25	NaN
44.35	1.0329992460343334
44.45	1.032673810021598
44.550000000000004	1.0325485938324086
44.65	1.0285135408248824
44.75	1.0278881412570484
44.85	1.0256981011436446
44.95	1.0219607541073128
45.050000000000004	1.023581328980947
45.15	1.0173913258177907
45.25	1.013316178049174
45.35	NaN
45.45	1.0081074753208041
45.550000000000004	1.0042933287989968
45.65	NaN
45.75	0.9961981444487926
45.85	0.9950659170343931
45.95	0.9933325179590877
46.050000000000004	0.9896011787654245
46.15	0.9871791090654891
46.25	0.982045137585554
46.35	0.9833109405014806
46.45	0.9797716352622813
46.550000000000004	0.9769015919748459
46.65	NaN
46.75	0.9741027603101438
46.85	0.973394751913445
46.95	0.9710435524229668
47.050000000000004	0.9711356466415112
47.15	0.9709058587338032
47.25	0.9699723619669184
47.35	0.9714108519112441
47.45	0.9710114086387825
47.550000000000004	0.9716476155111944
47.65	0.9723237670264786
47.75	0.9752510442796498
47.85	0.9757935906942201
47.95	0.978901675382836
48.050000000000004	0.9797777986603772
48.15	0.9811470613257202
48.25	0.9827525772321613
48.35	0.9842918282595691
48.45	0.9881293660115288
48.550000000000004	0.9896759846961491
48.65	0.9925355844973675
48.75	0.996286868911961
48.85	0.9991776166995372
48.95	1.0035616649161045
49.050000000000004	1.005474727798058
49.15	NaN
49.25	1.0109454101387183
49.35	1.0123554320266959
49.45	1.0159147330951905
49.550000000000004	1.0165443164637336
49.65	1.020109087168706
49.75	1.0220925629720066
49.85	1.0234722355058392
49.95	1.0249716085094815
50.050000000000004	1.0244364642690336
50.15	1.026893044016761
50.25	1.0276122974549131
50.35	1.0264771105393102
50.45	1.0233953690032036
50.550000000000004	1.028446560878937
50.65	1.024971292731042
50.75	1.0249171150582164
50.85	1.021947744926969
50.95	NaN
51.050000000000004	1.01825836946301
51.15	1.0191392455921993
51.25	1.0175434835568011
51.35	1.0155188420375254
51.45	1.0137826930061702
51.550000000000004	NaN
51.65	1.0082953207497893
51.75	1.0048285270088977
51.85	1.0044623033978548
51.95	0.9994353504790678
52.050000000000004	NaN
52.15	0.9949224519415889
52.25	0.9931391441766881
52.35	0.9900025011899124
52.45	0.9889246213858853
52.550000000000004	0.9854862826800163
52.65	0.9838303589947336
52.75	0.9829633877416155
52.85	0.9823098487244846
52.95	NaN
53.050000000000004	0.9788259469921581
53.15	NaN
53.25	0.9783219852599114
53.35	0.9776961599558212
53.45	0.9771934238330146
53.550000000000004	NaN
53.65	0.9753848158136724
53.75	NaN
53.85	0.9782527952322174
53.95	0.9776141170152817
54.050000000000004	NaN
54.15	0.9820017957218926
54.25	NaN
54.35	0.9834050346354942
54.45	0.9857923690082783
54.550000000000004	NaN
54.65	0.9888220557280986
54.75	0.9893021688773059
54.85	0.9917767035685943
54.95	0.9964305635124387
55.050000000000004	0.9990775226297098
55.15	0.9994906141808036
55.25	1.0029330093952673
55.35	1.0032799121499405
55.45	1.0075117093047086
55.550000000000004	1.008343371741911
55.65	1.0097333408602964
55.75	1.0109609713055276
55.85	1.0135920491531154
55.95	1.015634525485363
56.050000000000004	1.0180051287575742
56.15	1.0171792371725674
56.25	1.015648912161813
56.35	1.020541798702085
56.45	1.0208097263128266
56.550000000000004	1.019947177611116
56.65	1.0243543709483929
56.75	NaN
56.85	1.0227313434034526
56.95	1.0209041739306186
57.050000000000004	1.020153469255751
57.15	1.0193324769522403
57.25	1.0150223063607504
57.35	NaN
57.45	1.0132657744152314
57.550000000000004	1.0134685413609512
57.65	1.0126039395190258
57.75	1.0106907664795817
57.85	1.0046576213899205
57.95	1.006359364928986
58.050000000000004	1.0026318943012118
58.15	1.0011768969430876
58.25	0.9970908611646251
58.35	0.9971004051643085
58.45	NaN
58.550000000000004	0.994338644544924
58.65	0.9916854021792011
58.75	NaN
58.85	0.9887707426206941
58.95	NaN
59.050000000000004	0.9864602944057296
59.15	0.9850576343474544
59.25	0.9850995075495268
59.35	0.9818492376228377
59.45	0.9826626538501494
59.550000000000004	0.9822024292027212
59.65	0.9817209833495633
59.75	0.9796229106582021
59.85	NaN
59.95	0.9817800228664774
60.050000000000004	NaN
60.15	0.9824263194627606
60.25	0.984481692864559
60.35	NaN
60.45	0.9845734082164803
60.550000000000004	0.9831067884233294
60.65	0.99145622032267
60.75	0.9897909811857992
60.85	0.9943016349940931
60.95	0.9917736325403251
61.050000000000004	0.9930827811321621
61.15	0.9950608619062953
61.25	0.9971645896584918
61.35	0.997380919147881
61.45	1.0003031628477492
61.550000000000004	NaN
61.65	1.0037472039133446
61.75	NaN
61.85	NaN
61.95	1.0083700834311027
62.050000000000004	1.010287127401259
62.15	1.0138463858222
62.25	1.0140614402724852
62.35	1.0140365367217594
62.45	1.014582108873434
62.550000000000004	1.0149908157353005
62.65	1.0149430727548152
62.75	1.016329858911041
62.85	1.0170327687856977
62.95	1.0167416733527717
63.050000000000004	1.015688710135828
63.15	1.016730282541044
63.25	NaN
63.35	1.016178834781318
63.45	1.015782665054491
63.550000000000004	1.0137258729873218
63.65	1.0121475028179885
63.75	1.0113182218038872
63.85	1.0109841066010523
63.95	1.0086921337645232
64.05	1.0069540947478806
64.14999999999999	1.0063735115053813
64.25	1.0025042846118328
64.35	1.0041038756945722
64.44999999999999	0.9998095429291108
64.55	0.9993796701829005
64.64999999999999	0.9967752335573653
64.75	0.9945729017577664
64.85	0.9938702592199486
64.94999999999999	0.9938894363305977
65.05	0.9943280047824489
65.14999999999999	0.9935351723525315
65.25	NaN
65.35	0.9881541524364049
65.44999999999999	NaN
65.55	0.9865518529910124
65.64999999999999	0.9850484972712024
65.75	0.9843417661891325
65.85	0.9843946001655953
65.94999999999999	0.984745671833514
66.05	NaN
66.14999999999999	0.9847766455809353
66.25	0.9847910555846154
66.35	0.9848860492808561
66.44999999999999	0.985826390374602
66.55	0.9868792795505739
66.64999999999999	NaN
66.75	0.9872256184669864
66.85	NaN
66.94999999999999	NaN
67.05	0.991076911726883
67.14999999999999	0.9925972896038769
67.25	0.9959528392821674
67.35	0.9956920725173084
67.44999999999999	0.9962650959445275
67.55	0.9978222994426272
67.64999999999999	NaN
67.75	NaN
67.85	1.003051151010546
67.94999999999999	1.0044245361534025
68.05	1.0063206248537162
68.14999999999999	1.0063140336161698
68.25	NaN
68.35	1.0103319787986291
68.44999999999999	1.0106975763702593
68.55	1.011351305082394
68.64999999999999	NaN
68.75	1.0129278221284508
68.85	1.0129598148941075
68.94999999999999	1.0145950531457104
69.05	1.0130660048356295
69.14999999999999	1.014272328518648
69.25	1.0154006630510333
69.35	1.0142782433352797
69.44999999999999	NaN
69.55	1.01429031379488
69.64999999999999	1.0114404194047166
69.75	NaN
69.85	1.008702538204637
69.94999999999999	NaN
70.05	1.0097154643215427
70.14999999999999	1.0071750701323845
70.25	NaN
70.35	1.0055918397071069
70.44999999999999	NaN
70.55	1.0046785102864668
70.64999999999999	1.0038994719791052
70.75	1.0029579383775051
70.85	0.9993189508787884
70.94999999999999	0.9978922159243206
71.05	0.9954376129076126
71.14999999999999	0.9952020286858168
71.25	NaN
71.35	0.9938824129648908
71.44999999999999	0.9913975642320428
71.55	0.9914787711699213
71.64999999999999	0.9900663571000254
71.75	0.9893434869141421
71.85	0.9894588874557404
71.94999999999999	0.9878963452052488
72.05	NaN
72.14999999999999	NaN
72.25	NaN
72.35	NaN
72.44999999999999	0.9874713898267783
72.55	0.9868800284152779
72.64999999999999	0.9868888423864822
72.75	NaN
72.85	0.9860427107442243
72.94999999999999	0.98953081567947
73.05	0.9905516859388628
73.14999999999999	0.9913828286194747
73.25	0.9907985272234159
73.35	0.9935729716577715
73.44999999999999	NaN
73.55	0.9953278612661813
73.64999999999999	NaN
73.75	NaN
73.85	0.9991002748127269
73.94999999999999	1.000130740819194
74.05	1.0014469520728007
74.14999999999999	1.0021596208907826
74.25	1.0033011126695528
74.35	1.0039727836630636
74.44999999999999	1.0054705696744568
74.55	1.0062934445418126
74.64999999999999	1.0069603629158659
74.75	1.0094024209301211
74.85	1.0116657474105584
74.94999999999999	1.0112480048592096
75.05	1.0115087182843299
75.14999999999999	1.011305011517315
75.25	NaN
75.35	NaN
75.44999999999999	NaN
75.55	1.0110876350246538
75.64999999999999	NaN
75.75	NaN
75.85	1.0122130782250462
75.94999999999999	1.0106947137719304
76.05	1.0092735168836249
76.14999999999999	1.010250701139246
76.25	NaN
76.35	1.0079608955523878
76.44999999999999	NaN
76.55	1.0049121906033864
76.64999999999999	1.005137690008993
76.75	NaN
76.85	NaN
76.95	NaN
77.05	NaN
77.14999999999999	0.9987236611587488
77.25	0.9986720908323896
77.35	0.9984979280528181
77.45	0.9977568611333787
77.55	0.9957142011719274
77.64999999999999	0.9942922522635551
77.75	0.9945689684063969
77.85	0.9927708170593454
77.95	0.9907748014261436
78.05	0.9898514280155187
78.14999999999999	0.9899847023579932
78.25	0.989654398536546
78.35	0.9893371800684088
78.45	NaN
78.55	NaN
78.64999999999999	0.989067631149128
78.75	0.9877637762415135
78.85	NaN
78.95	0.9879621473268674
79.05	NaN
79.14999999999999	NaN
79.25	0.9898375661634623
79.35	NaN
79.45	0.99361763717863
79.55	0.9925450574466852
79.64999999999999	NaN
79.75	0.9949221365141407
79.85	0.9961135479462847
