0.15	0.019486993077908438
0.25	0.018893701696804856
0.35	0.01890930981627646
0.45	0.019409107154912283
0.55	0.019461395618793096
0.65	0.01956725397649414
0.7500000000000001	0.019654529825530436
0.85	0.019920580914024665
0.95	0.020310674072999746
1.05	0.020553588160018
1.15	0.02093672416252541
1.25	0.02123832172907832
1.35	0.02160785886707078
1.45	0.02210162283521305
1.55	0.022498213398459588
1.65	0.023064373539152017
1.75	0.023611812044044108
1.85	0.024290192708969583
1.95	0.025161696699119298
2.05	0.025783215444672408
2.15	0.026609227709352964
2.25	0.027557231678707706
2.35	0.02856109266752991
2.45	0.029566683279036797
2.5500000000000003	0.03079020168206981
2.65	0.0320888690616647
2.75	0.03341723704712591
2.85	0.03490172432816606
2.95	0.036703517521337985
3.0500000000000003	0.038294236447691914
3.15	0.040328125591714274
3.25	0.042486072078984805
3.35	0.045051824070736796
3.45	0.04751873679720987
3.5500000000000003	0.050452996914358866
3.65	0.05378315420474148
3.75	0.05758807118074581
3.85	0.06083176723721313
3.95	0.0657619881567892
4.05	0.07076434486614262
4.1499999999999995	0.07634748502964539
4.25	0.08250323696464398
4.35	0.09000213467451082
4.449999999999999	0.0977820799367262
4.55	0.10659077902643771
4.6499999999999995	0.11663801827616331
4.75	0.1289933164256549
4.85	0.14278846108678184
4.95	0.15922537063240003
5.05	0.17730207432274417
5.1499999999999995	0.19982832661354344
5.25	0.2243182272938435
5.35	0.25497933946852136
5.45	0.2923273600363593
5.55	0.3356435155529307
5.6499999999999995	0.3870139071497649
5.75	0.4542034461781092
5.85	0.5299264861252162
5.95	0.6262433395682596
6.05	0.7472468930084785
6.1499999999999995	0.9002847389311259
6.25	1.083700736810422
6.35	1.3018808584144343
6.45	1.5798538654710081
6.55	1.8889392013249253
6.6499999999999995	2.2193878429381444
6.75	2.5422740992895023
6.85	2.7945927781466056
6.95	2.9282221822346397
7.05	2.905962162543473
7.1499999999999995	2.7758280637769994
7.25	2.550547327743058
7.35	2.2960078687865546
7.45	2.042053609732793
7.55	1.8173883700884859
7.6499999999999995	1.603939698145423
7.75	1.4321372529872087
7.85	1.2807648157805935
7.95	1.1617180131651166
8.05	1.0591973685766052
8.15	0.9752966261393494
8.25	0.8997371316100065
8.350000000000001	0.8383110914818382
8.450000000000001	0.7892757459260996
8.55	0.74406409174265
8.65	0.7056403572902382
8.75	0.677456308270332
8.850000000000001	0.6509148291511456
8.950000000000001	0.6287930494307892
9.05	0.612602279276133
9.15	0.5991041776103945
9.25	0.5870965226817233
9.350000000000001	0.57746329768523
9.450000000000001	0.5721043831387558
9.55	0.5701370330715786
9.65	0.5684722494512855
9.750000000000002	0.5699583276735941
9.85	0.5721781370273293
9.95	0.5773277517404762
10.049999999999999	0.584951224304385
10.149999999999999	0.5934634000836295
10.25	0.6050354934465056
10.35	0.6201104436580168
10.45	0.6356110665287714
10.549999999999999	0.652191154692493
10.649999999999999	0.671136149227733
10.75	0.695187656087716
10.85	0.7207134517976483
10.95	0.7477794508954121
11.049999999999999	0.7774261250671244
11.149999999999999	0.8111838044228713
11.25	0.8444791812452583
11.35	0.8811005750998612
11.45	0.9206708331779048
11.549999999999999	0.9608361296655415
11.649999999999999	1.0050872702093632
11.75	1.04436659309846
11.85	1.0855918775219358
11.95	1.1244578489117283
12.049999999999999	1.1637783439871285
12.149999999999999	1.19978335869809
12.25	1.2326882073343237
12.35	1.2604532098550518
12.45	1.284519792583541
12.549999999999999	1.304034279750433
12.649999999999999	1.3178237327244522
12.75	1.332137635633903
12.85	1.3349304632957024
12.95	1.337384326991794
13.049999999999999	1.3379102092424893
13.149999999999999	1.33629226129609
13.25	1.3271399877364365
13.35	1.315104797746228
13.45	1.304835728598651
13.549999999999999	1.2836043867159663
13.649999999999999	1.2681226558438021
13.75	1.2431806819113664
13.85	1.2172743396144137
13.95	1.1914261290204815
14.049999999999999	1.1608649221176823
14.149999999999999	1.1285983678382492
14.25	1.0970118845466337
14.35	1.0632477649340684
14.45	1.0335593709688975
14.549999999999999	1.0026444388712794
14.649999999999999	0.9729322641422846
14.75	0.9463500399967967
14.85	0.9222794137117418
14.95	0.896953855464389
15.049999999999999	0.8754910779041148
15.149999999999999	0.8573813764677403
15.25	0.8410220257828809
15.35	0.8257635273373239
15.45	0.8144650580300812
15.549999999999999	0.8040527530634475
15.649999999999999	0.7943969628188031
15.75	0.7889389822751892
15.85	0.7846735008848637
15.95	0.782223490526099
16.05	0.7831427387894901
16.15	0.7848984321951078
16.25	0.7860021165623841
16.349999999999998	0.7925013545338709
16.45	0.7966169288502873
16.55	0.8049631266573092
16.65	0.8150608392526381
16.75	0.8253884903376859
16.849999999999998	0.8402790624768147
16.95	0.8533659202492129
17.05	0.8689354430493784
17.15	0.888301138674714
17.25	0.9034600969146682
17.349999999999998	0.9239589338502436
17.45	0.9429658482687701
17.55	0.9629445039787743
17.65	0.982973130779575
17.75	1.0058607876618528
17.849999999999998	1.0227286561045141
17.95	1.0462519583598124
18.05	1.0675223456975977
18.15	1.0869568277311221
18.25	1.1037969373489809
18.349999999999998	1.1193053714066987
18.45	1.136180090590389
18.55	1.146417275478438
18.65	1.158888721041561
18.75	1.1653944549002813
18.849999999999998	1.1695485107882577
18.95	1.1746005920379503
19.05	1.1765584443395622
19.15	1.1764856266704553
19.25	1.1741774652095642
19.35	1.168155071993316
19.45	1.1608710391567632
19.55	1.152031437231891
19.65	1.1430147272105213
19.75	1.1317310951240822
19.85	1.1198244469509833
19.95	1.1080745191921049
20.05	1.0940392752479562
20.15	1.0797489935423337
20.25	1.0653114026959303
20.35	1.0520034087016246
20.45	1.0379995376433715
20.55	1.02339136588068
20.65	1.0103954067824155
20.75	0.9982044693302473
20.85	0.9838446962510627
20.95	0.9711241857041317
21.05	0.9592191840160965
21.15	0.9473125404520489
21.25	0.9371135351937608
21.35	0.9267653499872073
21.45	0.9182041437307787
21.55	0.9096451272068183
21.65	0.9020313003477859
21.75	0.8966286530487062
21.85	0.890630013621338
21.95	0.8880559731654505
22.05	0.8824102872005111
22.15	0.8796915720864985
22.25	0.8794050451663042
22.35	0.8789910690278198
22.45	0.8812165674456411
22.55	0.8826043849545109
22.65	0.887718543234387
22.75	0.8919099090106821
22.85	0.8941909594364961
22.95	NaN
23.05	0.9085463326809885
23.15	0.9187987535953808
23.25	0.9264054106313306
23.35	0.9331433250287953
23.45	0.944490561805052
23.55	0.9589553833581423
23.65	0.9680096115984845
23.75	0.9793756352285652
23.85	0.9918143561568278
23.95	1.0029848379208173
24.05	1.0154439016940044
24.15	1.026522784021406
24.25	1.0382250519917433
24.35	1.0494118708690343
24.45	1.0610600891066602
24.55	1.0662348071054282
24.65	1.0753758652370091
24.75	1.0845978197383306
24.85	1.0906876598103739
24.95	1.097055137008502
25.05	1.099599523492592
25.15	1.1033564868379453
25.25	1.1044084386783386
25.35	1.1041306696615951
25.45	1.1062119059950926
25.55	1.1034875039614347
25.65	1.1006685751066083
25.75	1.0947038014439172
25.85	1.0891892771324263
25.95	1.0827058457003604
26.05	1.0748346739525376
26.15	1.065892894235733
26.25	1.05989568192241
26.35	1.049010446307657
26.45	1.0418313725150008
26.55	1.0332434259186634
26.65	1.024940222487696
26.75	1.016772335133867
26.85	1.0079061430291505
26.95	0.9981320490224304
27.05	0.9882375698886635
27.15	0.9828203957909257
27.25	0.9749507733797163
27.35	0.9662581362417718
27.45	0.9609262869192583
27.55	0.9551559233743683
27.65	0.948528507233531
27.75	0.9422755810067747
27.85	0.9424087467228155
27.95	0.9338109001772865
28.05	0.9310839373774267
28.15	0.9277450053576857
28.25	0.9245964880059689
28.35	0.9230667318533075
28.45	0.9244114108480942
28.55	0.925685384372961
28.65	0.9272657465521238
28.75	0.9271129801120174
28.85	0.9272167611208545
28.95	0.9308740334779906
29.05	0.9331240418774599
29.15	0.938829770357682
29.25	0.9432853625618274
29.35	0.9492271643836624
29.45	0.952855577482476
29.55	0.9591775429024356
29.65	0.9660068660567338
29.75	0.9732554737344343
29.85	0.9789600974187357
29.95	0.9853199489617387
30.05	0.9945080985696566
30.15	0.9972910374270009
30.25	1.0096739349728259
30.35	1.0166675198861428
30.45	1.0227893990650214
30.55	1.0299646836260203
30.65	1.0341861813006503
30.75	1.0421344716670888
30.85	1.0450473507017806
30.95	1.0525327740325041
31.05	1.056605275917494
31.15	1.060436166659313
31.25	1.065152923236607
31.35	1.0655019374094994
31.45	1.066759392279411
31.55	1.0664044104603059
31.65	1.067498297306922
31.75	1.0687159670462107
31.85	1.064052160995691
31.95	1.0635283405165348
32.05	1.0601816965829383
32.15	1.0563176841294992
32.25	1.0529447987774014
32.35	1.0524717509296344
32.45	1.0425411799449713
32.55	1.0377035418281455
32.65	1.0323235192306692
32.75	1.02280955900789
32.85	1.01742495008001
32.95	1.0144120954623177
33.05	1.008015610803888
33.15	1.0041518244861853
33.25	0.9955501963785709
33.35	0.989943371510261
33.45	0.9858293603715897
33.55	0.9797234503036647
33.65	0.9756808199898988
33.75	0.9714835405255792
33.85	0.9667878849053143
33.95	0.9603339373257107
34.05	0.9579667668558864
34.15	0.9529209677370937
34.25	0.952591102624812
34.35	0.9457552851576536
34.45	0.9481455635552117
34.55	0.9473886881917466
34.65	0.9474735553977169
34.75	0.9467306313633659
34.85	0.9484323452556218
34.95	0.9505873571578112
35.05	0.9488928452100455
35.15	0.9512315168054492
35.25	0.9519596349483108
35.35	0.9553258352668136
35.45	0.9575304409514015
35.55	0.9619796374616167
35.65	0.9675526691082293
35.75	0.9700579143192349
35.85	0.9763327037883472
35.95	0.9798031207274864
36.05	0.9842774478142361
36.15	0.9893515340699063
36.25	0.9945361524216155
36.35	0.9997151441838523
36.45	1.0036938072069392
36.55	NaN
36.65	1.0134806042625413
36.75	1.0196271063169788
36.85	1.0232069601274667
36.95	1.0278733671856406
37.05	1.0320074225143396
37.15	1.0343705354610222
37.25	1.0370819152290118
37.35	1.0408787618504107
37.45	1.0432017325261216
37.55	1.0442063611717922
37.65	NaN
37.75	1.0473826194350773
37.85	1.050486156669248
37.95	1.047021334875029
38.05	1.04515211879325
38.15	1.0446916301231857
38.25	1.0463043850822837
38.35	1.0398191225210136
38.45	1.0383659914890668
38.550000000000004	1.0370891832024096
38.65	1.0321858064112295
38.75	1.0282375065825986
38.85	1.0258295693745965
38.95	1.016444204179494
39.050000000000004	1.0211704819775418
39.15	NaN
39.25	NaN
39.35	NaN
39.45	NaN
39.550000000000004	0.9961767393917766
39.65	0.991458600512819
39.75	0.9884504037951363
39.85	0.9838664808017605
39.95	0.9819733893161854
40.050000000000004	0.9773060385811927
40.15	NaN
40.25	0.9709854653711208
40.35	0.967561540297455
40.45	0.9655988811183334
40.550000000000004	0.9643400711041521
40.65	0.9633057627192668
40.75	0.9631119531868206
40.85	0.9614075645162985
40.95	0.9616244320569691
41.050000000000004	0.9620334545551291
41.15	0.9618857509099943
41.25	0.9629488497994955
41.35	0.9640325960594378
41.45	0.9640234073414308
41.550000000000004	NaN
41.65	0.9692398202983953
41.75	0.969618741726728
41.85	0.9726429505197145
41.95	0.9766751356312284
42.050000000000004	0.9792707289089518
42.15	NaN
42.25	0.9862794048099199
42.35	0.9899527935608566
42.45	0.9952795225592952
42.550000000000004	0.9987437875156516
42.65	0.9988359871645576
42.75	1.0052506121195321
42.85	1.008875950592568
42.95	1.0104503908212934
43.050000000000004	1.0154771470264816
43.15	1.0182408980111155
43.25	1.02050185788796
43.35	1.0229739246870007
43.45	1.0255535317544502
43.550000000000004	1.0294478112937904
43.65	NaN
43.75	1.032167147645511
43.85	1.0334031576502973
43.95	1.0323278605330566
44.050000000000004	1.0331190616031378
44.15	1.0350875346623438
44.25	NaN
44.35	1.0345215228483722
44.45	1.0320661996975045
44.550000000000004	1.0300513704062113
44.65	1.0298522729130344
44.75	1.02831229194043
44.85	1.0252841762483331
44.95	1.0230042294232513
45.050000000000004	1.0224638974652913
45.15	1.016283298392679
45.25	1.0156048286853536
45.35	NaN
45.45	1.0082023051969065
45.550000000000004	1.004538449807961
45.65	NaN
45.75	0.9976633872176843
45.85	0.9948407585363298
45.95	0.9930025443290773
46.050000000000004	0.9896561842916584
46.15	0.9876478922919035
46.25	0.9805344225804905
46.35	0.9831230590141248
46.45	0.9792554783918085
46.550000000000004	0.9780241818347942
46.65	NaN
46.75	0.9751689274746315
46.85	0.975614736316478
46.95	0.9720005271484559
47.050000000000004	0.9707056324056076
47.15	0.9712484116416213
47.25	0.9710424908578503
47.35	0.9710387530586974
47.45	0.9705111567044848
47.550000000000004	0.9757737019432708
47.65	0.9720043837765276
47.75	0.9737914899288361
47.85	0.9761000078120488
47.95	0.9790342318408214
48.050000000000004	0.9801757698143614
48.15	0.9791988246009449
48.25	0.983056646397791
48.35	0.984870072032249
48.45	0.9880357499371402
48.550000000000004	0.9920216707538951
48.65	0.9933064278677933
48.75	0.9959610431362032
48.85	0.9995665468938187
48.95	1.0005198488558835
49.050000000000004	1.0060872921945903
49.15	NaN
49.25	1.011872318858957
49.35	1.0125741464280742
49.45	1.0157084136409233
49.550000000000004	1.0176612392289472
49.65	1.0203202894462595
49.75	1.0201052800453245
49.85	1.0244465414565507
49.95	1.0232625193952352
50.050000000000004	1.0271364779534358
50.15	1.0277330856101334
50.25	1.0243295905428487
50.35	1.0260781070001772
50.45	1.0263289751198588
50.550000000000004	1.0249922469285047
50.65	1.0252676961167864
50.75	1.0251487783015556
50.85	1.0243630366099745
50.95	NaN
51.050000000000004	1.0207056916700457
51.15	1.0185639075490294
51.25	1.0167184674961824
51.35	1.0148126311670045
51.45	1.0143463386366602
51.550000000000004	NaN
51.65	1.0084162376475767
51.75	1.0062009151896854
51.85	1.0039200734312312
51.95	0.9996142609375622
52.050000000000004	NaN
52.15	0.9965981483779477
52.25	0.9930550075651887
52.35	0.9914162156590531
52.45	0.9867480469181046
52.550000000000004	0.9853091687777086
52.65	0.9861248006348398
52.75	0.9834615587845352
52.85	0.9807979892954171
52.95	NaN
53.050000000000004	0.9795665765293866
53.15	NaN
53.25	0.9750590645264922
53.35	0.97813317743493
53.45	0.9793088713242932
53.550000000000004	NaN
53.65	0.9750962358795081
53.75	NaN
53.85	0.9788687685893046
53.95	0.9800802488321402
54.050000000000004	NaN
54.15	0.9805999347186475
54.25	NaN
54.35	0.9833124525398071
54.45	0.9849885372607753
54.550000000000004	NaN
54.65	0.9887979989558079
54.75	0.9919102841356282
54.85	0.9911967951475152
54.95	0.9944855941423002
55.050000000000004	0.997005467717446
55.15	1.001474338887778
55.25	1.0017410644438962
55.35	0.9984597160664538
55.45	1.0067714715386606
55.550000000000004	1.0081005825480693
55.65	1.0122694117533018
55.75	1.0175705621588986
55.85	1.013306447208579
55.95	1.01603234297401
56.050000000000004	1.0141648443702571
56.15	1.0182580281758058
56.25	1.0224758928645277
56.35	1.0190780381809923
56.45	1.0208849648686253
56.550000000000004	1.0208586417256351
56.65	1.02132580459412
56.75	NaN
56.85	1.0206275127890199
56.95	1.0213412162791655
57.050000000000004	1.0200686949574795
57.15	1.0190723154306864
57.25	1.0183041475240806
57.35	NaN
57.45	1.0158733721801136
57.550000000000004	1.013750238967555
57.65	1.012790296164314
57.75	1.0080290915581533
57.85	1.007851787039062
57.95	1.0051908264932403
58.050000000000004	1.0069698114917829
58.15	1.0048077879661348
58.25	0.998892150615723
58.35	0.9978489073128313
58.45	NaN
58.550000000000004	0.9933408739086107
58.65	0.9926721185105803
58.75	NaN
58.85	0.9884658140423922
58.95	NaN
59.050000000000004	0.9872660154765935
59.15	0.9855940672968968
59.25	0.9829959932517437
59.35	0.9831322353256438
59.45	0.9822143913525068
59.550000000000004	0.9828621734109413
59.65	0.9814204680190827
59.75	0.9783906070490735
59.85	NaN
59.95	0.9791303280859606
60.050000000000004	NaN
60.15	0.9827841373815447
60.25	0.9832914690605103
60.35	NaN
60.45	0.9860287557016235
60.550000000000004	0.9854660378662516
60.65	0.9911895077767621
60.75	0.9884805055706345
60.85	0.9908900136004833
60.95	0.9930299497164108
61.050000000000004	0.9936192970587391
61.15	0.9958898969719009
61.25	0.9965985667521163
61.35	0.9993545225077436
61.45	1.0005722064316438
61.550000000000004	NaN
61.65	1.0039333704935378
61.75	NaN
61.85	NaN
61.95	1.008713538473607
62.050000000000004	1.009668087035293
62.15	1.0142981887017872
62.25	1.0125143545598092
62.35	1.0137247358980432
62.45	1.015205657441062
62.550000000000004	1.0166843588099541
62.65	1.0174866076722109
62.75	1.0193547872034394
62.85	1.0167074370550606
62.95	1.01685440932393
63.050000000000004	1.0195081570902926
63.15	1.0160156972544654
63.25	NaN
63.35	1.0151462498293937
63.45	1.0176940744913376
63.550000000000004	1.0126652922172301
63.65	1.0140900398645452
63.75	1.0107967868743466
63.85	1.012708363904746
63.95	1.0087915713154345
64.05	1.0070642940513133
64.14999999999999	1.0061018929213876
64.25	1.0047083740917548
64.35	1.0021580166088295
64.44999999999999	1.000610849525063
64.55	0.9984225830201175
64.64999999999999	0.9993021194672563
64.75	1.000109716916728
64.85	0.9946280618215955
64.94999999999999	0.9946162156801103
65.05	0.9932957111509769
65.14999999999999	0.9897983419991107
65.25	NaN
65.35	0.9872062201386258
65.44999999999999	NaN
65.55	0.987359997678476
65.64999999999999	0.9860001512837057
65.75	0.9851599480170377
65.85	0.9864099755327559
65.94999999999999	0.9843928024914654
66.05	NaN
66.14999999999999	0.9845136433381294
66.25	0.9853357895347401
66.35	0.9865493886691147
66.44999999999999	0.9870330843238468
66.55	0.9872327690881476
66.64999999999999	NaN
66.75	0.9888447073486806
66.85	NaN
66.94999999999999	NaN
67.05	0.9905203112815771
67.14999999999999	0.9916573222177991
67.25	0.9939822049150492
67.35	0.9948894049118179
67.44999999999999	0.9965514760344855
67.55	0.998420320900425
67.64999999999999	NaN
67.75	NaN
67.85	1.0028385990267914
67.94999999999999	1.0048852071454333
68.05	1.006861489583205
68.14999999999999	1.0073907550191818
68.25	NaN
68.35	1.0087772087922422
68.44999999999999	1.0101649307973892
68.55	1.0118459891299856
68.64999999999999	NaN
68.75	1.0126945694938048
68.85	1.0139522655648343
68.94999999999999	1.0154372093502362
69.05	1.0149231673633234
69.14999999999999	1.0120007435291072
69.25	1.013771066316888
69.35	1.0142704688526225
69.44999999999999	NaN
69.55	1.013725514835738
69.64999999999999	1.0116964886852322
69.75	NaN
69.85	1.0112932453406198
69.94999999999999	NaN
70.05	1.008219129013701
70.14999999999999	1.0070392069654546
70.25	NaN
70.35	1.0056129450802154
70.44999999999999	NaN
70.55	1.0037034949089405
70.64999999999999	1.0027002500096516
70.75	0.9986189572068689
70.85	0.9985461959396058
70.94999999999999	0.9976208727726044
71.05	0.9945394126536335
71.14999999999999	0.9934866227031391
71.25	NaN
71.35	0.9942616229296023
71.44999999999999	0.9926932672902069
71.55	0.9902667124094552
71.64999999999999	0.9896339318830708
71.75	0.9895498637516513
71.85	0.9886309871179618
71.94999999999999	0.9870893775441344
72.05	NaN
72.14999999999999	NaN
72.25	NaN
72.35	NaN
72.44999999999999	0.9871054150770379
72.55	0.9873523533527204
72.64999999999999	0.988357000920517
72.75	NaN
72.85	0.9894907822477559
72.94999999999999	0.9890495209371071
73.05	0.9902281010796
73.14999999999999	0.9911174607138524
73.25	0.9926962984996313
73.35	0.9925180921195584
73.44999999999999	NaN
73.55	0.9946454549144657
73.64999999999999	NaN
73.75	NaN
73.85	0.9991154449699203
73.94999999999999	1.0012346055851775
74.05	0.9997286384139467
74.14999999999999	1.0047810124421266
74.25	1.0045956234759938
74.35	1.0037396704665094
74.44999999999999	1.0055392746136442
74.55	1.006703639955714
74.64999999999999	1.0070052546078272
74.75	1.008290677822972
74.85	1.0100500181717527
74.94999999999999	1.010054501796287
75.05	1.0108445622501945
75.14999999999999	1.0119277134099383
75.25	NaN
75.35	NaN
75.44999999999999	NaN
75.55	1.011667861914998
75.64999999999999	NaN
75.75	NaN
75.85	1.0108818797346995
75.94999999999999	1.0098542603898442
76.05	1.0094342174569488
76.14999999999999	1.0097000250167953
76.25	NaN
76.35	1.0064935144039946
76.44999999999999	NaN
76.55	1.0068171575989957
76.64999999999999	1.0061338794988857
76.75	NaN
76.85	NaN
76.95	NaN
77.05	NaN
77.14999999999999	0.9988286768170682
77.25	0.9976571532799733
77.35	0.9965682857248783
77.45	0.9955685401341952
77.55	0.993640320214657
77.64999999999999	0.9934516195627873
77.75	0.9929329861841354
77.85	0.9930807244359078
77.95	0.9907549104666366
78.05	0.9903317294944485
78.14999999999999	0.9911207376848014
78.25	0.9897989272986175
78.35	0.989702626822788
78.45	NaN
78.55	NaN
78.64999999999999	0.9889770424265973
78.75	0.9887867935325038
78.85	NaN
78.95	0.9880849505694838
79.05	NaN
79.14999999999999	NaN
79.25	0.9914607979191472
79.35	NaN
79.45	0.9932717498349889
79.55	0.9941019770998493
79.64999999999999	NaN
79.75	0.9959173175975499
79.85	0.997530284043963
