0.15	0.03679163728741038
0.25	0.0370776251748518
0.35	0.03719769306498635
0.45	0.03680217209167632
0.55	0.03764214408160162
0.65	0.03783249168673763
0.7500000000000001	0.03793830252957361
0.85	0.038607843770591524
0.95	0.03899090134493796
1.05	0.03961551303195178
1.15	0.0403738914274888
1.25	0.04088890100817767
1.35	0.04188741254736843
1.45	0.042765892796235425
1.55	0.043832302285966934
1.65	0.044950605481567145
1.75	0.046159242723275075
1.85	0.04752754188262639
1.95	0.04871916152002063
2.05	0.0504452896869717
2.15	0.05206396650342876
2.25	0.054041544045514325
2.35	0.05586939936936438
2.45	0.058060915734244926
2.5500000000000003	0.06018250761161089
2.65	0.0630720492605765
2.75	0.06593045836198246
2.85	0.06907406329275569
2.95	0.07253446651507044
3.0500000000000003	0.07602149055355564
3.15	0.08018622676278164
3.25	0.08483207555809748
3.35	0.08993088198129323
3.45	0.09553759878258705
3.5500000000000003	0.10156975953686657
3.65	0.10789274839055284
3.75	0.11569947013733271
3.85	0.12391204532410476
3.95	0.1338468547755558
4.05	0.14376324892324693
4.1499999999999995	0.15551505423586423
4.25	0.16815370148462577
4.35	0.18339177266312814
4.449999999999999	0.20082102811178307
4.55	0.21968738685618464
4.6499999999999995	0.24215533198508016
4.75	0.26794847351612905
4.85	0.2952229602216581
4.95	0.3306006467323753
5.05	0.3690524255656615
5.1499999999999995	0.4122148271869261
5.25	0.46312018487519246
5.35	0.523911327372817
5.45	0.5971553827315592
5.55	0.6765338539569995
5.6499999999999995	0.7750174534490025
5.75	0.886833853373751
5.85	1.0142592544155042
5.95	1.15023667182195
6.05	1.3089170505410512
6.1499999999999995	1.478352682997756
6.25	1.650044298678101
6.35	1.812094269256326
6.45	1.9570594233718657
6.55	2.064038945506447
6.6499999999999995	2.120635576220876
6.75	2.1379888527411057
6.85	2.1019204806463123
6.95	2.0333233459785434
7.05	1.9301903965983778
7.1499999999999995	1.8213384115497777
7.25	1.7013218501674674
7.35	1.587565985051507
7.45	1.4737852470488804
7.55	1.371680463359752
7.6499999999999995	1.2806258427071529
7.75	1.1968786485380862
7.85	1.1227657886666207
7.95	1.0559234533214632
8.05	0.9958460235208955
8.15	0.9440098903632103
8.25	0.9028176368858755
8.350000000000001	0.8637757931929323
8.450000000000001	0.8303061393413161
8.55	0.8011194620841681
8.65	0.7764136863874241
8.75	0.7547209318159326
8.850000000000001	0.7368045090819
8.950000000000001	0.7219051644581392
9.05	0.7112396923522206
9.15	0.7017837735535509
9.25	0.6954773203733784
9.350000000000001	0.6899417495768126
9.450000000000001	0.6863863054623905
9.55	0.6864924925181508
9.65	0.6873801530732551
9.750000000000002	0.6915643268758542
9.85	0.6974102809995022
9.95	0.7033252619399482
10.049999999999999	0.7131585561269146
10.149999999999999	0.7220810524707161
10.25	0.7338100273079315
10.35	0.7476150817329743
10.45	0.7619836809767393
10.549999999999999	0.778258017629415
10.649999999999999	0.7969016163599286
10.75	0.8164304429910114
10.85	0.8393213521175682
10.95	0.8619983387170685
11.049999999999999	0.8862968521309983
11.149999999999999	0.9104430066724614
11.25	0.9368278585971244
11.35	0.9627069435069379
11.45	0.9914245680755768
11.549999999999999	1.0166388145497032
11.649999999999999	1.0450891772920097
11.75	1.0734743395578756
11.85	1.0987059087262205
11.95	1.1211075871439407
12.049999999999999	1.1442482777817784
12.149999999999999	1.168289258671857
12.25	1.1862522123343087
12.35	1.2035793444329612
12.45	1.215494743914837
12.549999999999999	1.22638048058132
12.649999999999999	1.2376668224424903
12.75	1.240375004988579
12.85	1.241371490268591
12.95	1.2383472020729498
13.049999999999999	1.2335833114140522
13.149999999999999	1.2266942225404764
13.25	1.2157724516373904
13.35	1.2020475081471858
13.45	1.1839335285571646
13.549999999999999	1.1685786583777846
13.649999999999999	1.1486360574211913
13.75	1.1297590043949999
13.85	1.10943925570835
13.95	1.0892195447540043
14.049999999999999	1.067057320177533
14.149999999999999	1.0452914072969095
14.25	1.0256430719932517
14.35	1.00787713816295
14.45	0.9866548067517359
14.549999999999999	0.9689991210652128
14.649999999999999	0.9520839531911383
14.75	0.9381705343019325
14.85	0.9258937671281325
14.95	0.9118283843446886
15.049999999999999	0.8995382038313106
15.149999999999999	0.8905705289483328
15.25	0.8829764117254413
15.35	0.8762604830101666
15.45	0.8680044396117641
15.549999999999999	0.8620971923502205
15.649999999999999	0.8625005470546454
15.75	0.858056571381624
15.85	0.8589915151005735
15.95	0.8579902056298783
16.05	0.8608139141319929
16.15	0.8621773396365796
16.25	0.8675442427507994
16.349999999999998	0.8718999299829941
16.45	0.8767014034411073
16.55	0.8863406080523887
16.65	0.8943966879546154
16.75	0.9040948805480176
16.849999999999998	0.9125519448258356
16.95	0.9236569540860338
17.05	0.9335947517155244
17.15	0.945675786367728
17.25	0.9585656724876765
17.349999999999998	0.9691724787034255
17.45	0.982944356070525
17.55	0.9949526677562945
17.65	1.0074522050618016
17.75	1.0206972837056367
17.849999999999998	1.0312248901070227
17.95	1.0457179391506244
18.05	1.0558717566867306
18.15	1.0664087958456887
18.25	1.0748233245926297
18.349999999999998	1.0854654753379105
18.45	1.0908604249054992
18.55	1.099388401370359
18.65	1.1047093989037118
18.75	1.1065828941753657
18.849999999999998	1.10878026212137
18.95	1.109751151388342
19.05	1.108693867528041
19.15	1.1108970730077046
19.25	1.1088856331063073
19.35	1.1035420690404023
19.45	1.0964517177223096
19.55	1.0910987031161972
19.65	1.085770968940495
19.75	1.07737867961366
19.85	1.0700162783483405
19.95	1.062474378186993
20.05	1.053119810183958
20.15	1.0420096973636257
20.25	1.0342841683543371
20.35	1.0228562723281476
20.45	1.0162558580482883
20.55	1.0042927262748067
20.65	0.9953095613514538
20.75	0.9878624540106988
20.85	0.9775648814593728
20.95	0.9704308944101071
21.05	0.9615376255446302
21.15	0.9559475022050405
21.25	0.9502450507408077
21.35	0.9458380319342906
21.45	0.9405157512023523
21.55	0.9350312275822776
21.65	0.9328463156511878
21.75	0.9278241409640262
21.85	0.9262528497276539
21.95	0.9238676298872798
22.05	0.9214362952823953
22.15	0.9231623046391478
22.25	0.9239196063169253
22.35	0.9243493351146693
22.45	0.9260942000277479
22.55	0.9291285790021335
22.65	0.9333006741688009
22.75	0.9352757340889016
22.85	0.9406551215431265
22.95	0.9467362981135906
23.05	0.9491113769667193
23.15	0.9566069080953188
23.25	0.9632558933843182
23.35	0.9694045070344627
23.45	0.9756847247738586
23.55	0.9827045193158109
23.65	0.9901108306277504
23.75	0.9960777052983307
23.85	1.0055910915829163
23.95	1.009609205528252
24.05	1.0171599834638991
24.15	1.025745758426176
24.25	1.0291965875563456
24.35	1.0389636050962745
24.45	1.0427430595725309
24.55	1.048346667788674
24.65	1.0515462854866195
24.75	1.0546816234315082
24.85	1.0596960385113943
24.95	1.0606636496696344
25.05	1.0695637136820113
25.15	1.0643366415598603
25.25	1.0646200279265565
25.35	1.0622173393302121
25.45	1.0629317322355945
25.55	1.0611050990675968
25.65	1.0590963865343261
25.75	1.0530684227162674
25.85	1.0522804453394723
25.95	1.0480219390008545
26.05	1.0444957906015602
26.15	1.0378189126959951
26.25	1.0347836822437912
26.35	1.0257564665981591
26.45	1.021801342303797
26.55	1.0160458200386389
26.65	1.012071752931006
26.75	1.0070261307326784
26.85	0.9998731011740167
26.95	0.9961685525558945
27.05	0.9887580242393317
27.15	0.9838107852939406
27.25	0.980255446968412
27.35	0.9764983073169322
27.45	0.9718038856374235
27.55	0.9686753986600183
27.65	0.9635002425716912
27.75	0.960685863548837
27.85	0.9588194632758746
27.95	0.9572475815773902
28.05	0.9538544541838344
28.15	0.9533041068993846
28.25	0.9518948048272541
28.35	0.9518452953649991
28.45	0.9530510869638764
28.55	0.9514063496934391
28.65	0.9534849027549979
28.75	0.9552660210556635
28.85	0.955429668639885
28.95	0.960778816565521
29.05	0.9617844057266733
29.15	0.9644419358707891
29.25	0.9663396973827673
29.35	0.9695346722905304
29.45	0.9759396741178022
29.55	0.9793932665233684
29.65	0.9839029122520716
29.75	0.988886249890972
29.85	0.9913142575304845
29.95	NaN
30.05	1.0009421302869739
30.15	1.0063007206278438
30.25	1.0102909247711531
30.35	1.013802946877499
30.45	1.0174344818297587
30.55	1.022860715874026
30.65	1.0248782935880414
30.75	1.0282988607937946
30.85	1.033129203597681
30.95	1.0347438495263785
31.05	1.037906398408732
31.15	1.0359876619927122
31.25	1.040375626867861
31.35	1.0395730732183746
31.45	1.0410529425622281
31.55	1.0429474831632242
31.65	1.0396942236687428
31.75	NaN
31.85	1.0396670908700585
31.95	1.036835621477291
32.05	1.0370926497808124
32.15	1.0314412898274385
32.25	1.027722275274644
32.35	1.0273648215090558
32.45	1.0246124890799087
32.55	1.0214520418135882
32.65	1.0162140510493525
32.75	1.0139867382736916
32.85	1.0110836781881596
32.95	1.0037684350852187
33.05	1.0020439244641652
33.15	0.9981941025633607
33.25	0.9954427423287063
33.35	0.9903001164167619
33.45	0.9884176117416885
33.55	0.9861011851939369
33.65	0.9829473462460979
33.75	0.9793112564953175
33.85	0.9783936217316997
33.95	0.9747507216062995
34.05	0.9729254381846384
34.15	0.9690039499061579
34.25	0.9690891652311683
34.35	0.9678741818119554
34.45	0.9668617915635637
34.55	0.9676096795536194
34.65	0.9674408576263126
34.75	0.966935925842272
34.85	0.9682424086560415
34.95	0.9672352925711386
35.05	0.9720118286886184
35.15	0.9706803335115036
35.25	0.9717240017045512
35.35	0.975075961762653
35.45	0.9756333063343324
35.55	0.9789134206285276
35.65	0.9846737638803609
35.75	0.9837941240247363
35.85	0.9859160385415325
35.95	0.9901214286366529
36.05	0.9939941630432679
36.15	0.995433281543348
36.25	0.998583699879499
36.35	1.001856623295803
36.45	1.0057825998176741
36.55	1.006486331463186
36.65	NaN
36.75	1.0133207611595545
36.85	1.0171479537119235
36.95	1.0185145628815773
37.05	1.0190560336396333
37.15	1.0206333091714852
37.25	1.0252291834802838
37.35	1.0242016569423757
37.45	1.0265487658192358
37.55	1.0264002091235447
37.65	1.0298913883098786
37.75	1.0289574390199516
37.85	1.0291370700254905
37.95	1.0246550552887979
38.05	NaN
38.15	NaN
38.25	1.0207269405771136
38.35	1.0235506909114829
38.45	1.0201536675615317
38.550000000000004	1.0193729492718215
38.65	1.0184427465880557
38.75	1.015951840261332
38.85	1.0130406416784623
38.95	1.0114607379272271
39.050000000000004	1.009603134705426
39.15	1.003353979888305
39.25	1.0053964068143404
39.35	0.9994993028449326
39.45	0.999888083032676
39.550000000000004	0.9944586326164545
39.65	NaN
39.75	0.9913122345795963
39.85	0.9899700664579417
39.95	0.9889774649987375
40.050000000000004	0.9831117396009617
40.15	0.982571538514904
40.25	0.98149308118455
40.35	NaN
40.45	0.9786279248912452
40.550000000000004	0.9783059523319295
40.65	0.9779714823542225
40.75	0.9785090811766006
40.85	0.9771416008447383
40.95	0.9760025148282405
41.050000000000004	0.9785315415001437
41.15	0.9770238246657762
41.25	0.9778063220992321
41.35	0.9802158174689547
41.45	0.9791089158880213
41.550000000000004	0.9806999254356049
41.65	0.9825803825043922
41.75	0.9853173929985548
41.85	0.9847764522520767
41.95	0.987050115317446
42.050000000000004	0.9907881268073904
42.15	0.9928626767577199
42.25	0.9929223403905575
42.35	0.9964064592362668
42.45	0.9990484377079442
42.550000000000004	1.0003052752551589
42.65	1.0022447503728926
42.75	1.0036507705119546
42.85	1.0058673887694929
42.95	1.0085022916719237
43.050000000000004	1.0100245590607424
43.15	NaN
43.25	1.0144468507977358
43.35	1.015871026415092
43.45	1.017214640536776
43.550000000000004	1.0152501760653987
43.65	NaN
43.75	NaN
43.85	1.0207419722416937
43.95	1.0249059735883703
44.050000000000004	1.0201908264280197
44.15	1.0211928221281075
44.25	1.017938745253599
44.35	1.0203653841009839
44.45	NaN
44.550000000000004	1.0174705270875948
44.65	1.0173350361618123
44.75	1.0150585564567063
44.85	1.0149175712929037
44.95	1.0119247334784622
45.050000000000004	1.009669785581936
45.15	1.0099163657019206
45.25	1.007636651754189
45.35	1.005977306844296
45.45	1.0031602024781954
45.550000000000004	1.0005282226920929
45.65	0.9993344471277458
45.75	NaN
45.85	0.9959577720309977
45.95	NaN
46.050000000000004	0.993484599656062
46.15	0.9910933387875844
46.25	0.9883957667670988
46.35	NaN
46.45	0.9883979808320393
46.550000000000004	0.9856004985134715
46.65	NaN
46.75	0.9867223538507885
46.85	0.9831338758590796
46.95	0.9825171374906937
47.050000000000004	0.9819123118391596
47.15	0.9822167997992264
47.25	0.9818698923520528
47.35	0.9823655514792314
47.45	NaN
47.550000000000004	0.9832173101644553
47.65	0.9833967820050764
47.75	0.9853653558303161
47.85	0.9856053789564763
47.95	0.9865950844148909
48.050000000000004	0.9895545721126393
48.15	0.9884303933090344
48.25	0.9907235372607941
48.35	0.9930008881076455
48.45	0.9930926203589611
48.550000000000004	0.9948439438951311
48.65	0.9944249267903699
48.75	0.9990069180940316
48.85	1.0006546566572252
48.95	1.003584914874914
49.050000000000004	1.0045571838155418
49.15	1.0046627180489398
49.25	1.0060907810598314
49.35	1.0080322807072613
49.45	1.0091679054737528
49.550000000000004	1.010155983179268
49.65	1.0123640625003116
49.75	NaN
49.85	1.012999747288553
49.95	1.0155645632915453
50.050000000000004	1.0154639841831907
50.15	1.0150641920396162
50.25	1.0165203950520787
50.35	1.0158316428145506
50.45	1.0160524872808196
50.550000000000004	1.0141784661026887
50.65	1.0165038460113158
50.75	1.0140780110142897
50.85	1.0136503932682825
50.95	1.013560969199103
51.050000000000004	1.012799886681211
51.15	1.0064699559988104
51.25	1.0120696919444845
51.35	1.009217256140696
51.45	1.007789144808892
51.550000000000004	1.0061435344660428
51.65	1.003162035120469
51.75	1.0041528977857035
51.85	1.0020948347620644
51.95	1.0005171894127345
52.050000000000004	0.9971483838311336
52.15	NaN
52.25	0.9979919670761448
52.35	0.9935335150771013
52.45	0.9917513847548113
52.550000000000004	0.9928612894543756
52.65	0.9896638007483732
52.75	0.989545930636074
52.85	0.9885556298643039
52.95	0.9885911087687737
53.050000000000004	0.9886938176528415
53.15	0.9860655277980307
53.25	0.9871772659522738
53.35	0.9850521308690877
53.45	0.9872737153504296
53.550000000000004	0.9849415045116828
53.65	0.9856569871165112
53.75	0.9893349570216059
53.85	0.9873690972735018
53.95	0.9892690393248429
54.050000000000004	0.9892677397114951
54.15	0.9895363344639377
54.25	0.9911370106185579
54.35	0.990388689990166
54.45	0.9905677833638196
54.550000000000004	NaN
54.65	0.9950885060014255
54.75	0.9945328608320124
54.85	0.9950147775459751
54.95	0.9993562667284566
55.050000000000004	0.9981860912021869
55.15	1.001850382576209
55.25	1.001355086436011
55.35	1.0034870052370641
55.45	1.0046801084582044
55.550000000000004	1.0062950907058317
55.65	NaN
55.75	1.009187545040001
55.85	1.0087067144450346
55.95	1.0089300787238058
56.050000000000004	1.0101697138740962
56.15	1.011069643020052
56.25	1.0116486700618843
56.35	1.0161284626823002
56.45	1.0118084234257956
56.550000000000004	1.0123610003201957
56.65	1.0140944784321324
56.75	1.0137814416354942
56.85	1.0114857029963942
56.95	1.0108647902334673
57.050000000000004	1.0105907573488855
57.15	1.010526909134807
57.25	1.0083751665411496
57.35	1.0092468121107947
57.45	1.0072340375384572
57.550000000000004	NaN
57.65	1.0067464074902672
57.75	1.0053679959357014
57.85	1.0038972537013835
57.95	1.0000224126996977
58.050000000000004	NaN
58.15	1.0005903777458813
58.25	0.9987540262182842
58.35	0.998095677114683
58.45	0.9963589182725502
58.550000000000004	0.9962398886385521
58.65	0.9949045521940021
58.75	NaN
58.85	0.992599707575621
58.95	0.9916534619438752
59.050000000000004	0.991880847724764
59.15	0.9895907044944119
59.25	0.9893296058115225
59.35	0.988719368703248
59.45	0.9902036294376577
59.550000000000004	0.9881940540583539
59.65	NaN
59.75	0.9877910859918324
59.85	0.989131967763589
59.95	0.9894530933342381
60.050000000000004	0.9896189345637543
60.15	0.9909329697312534
60.25	0.9911186067617054
60.35	NaN
60.45	0.9915106366886649
60.550000000000004	0.9912428312173351
60.65	0.9925002037152985
60.75	0.9949070833150369
60.85	NaN
60.95	0.995595876068983
61.050000000000004	0.9950454109254656
61.15	0.9983093141836991
61.25	1.0005639791492638
61.35	0.9983444827869649
61.45	1.0036174098697017
61.550000000000004	1.0032921024269483
61.65	1.0071671201521848
61.75	1.0046683120011082
61.85	1.0063740671379495
61.95	NaN
62.050000000000004	1.008820642352657
62.15	1.0073384106363472
62.25	1.0074903615330282
62.35	1.0092869602238428
62.45	NaN
62.550000000000004	1.0100761475401188
62.65	NaN
62.75	NaN
62.85	1.009985262928261
62.95	1.009606031964753
63.050000000000004	1.009063419796232
63.15	1.0100632932811493
63.25	1.009386309386982
63.35	1.0113444740232476
63.45	1.0082536376524027
63.550000000000004	1.0081500284519695
63.65	NaN
63.75	1.007904817104705
63.85	NaN
63.95	1.0057409158725952
64.05	1.0031679465888872
64.14999999999999	1.001861314108132
64.25	1.0026788342724975
64.35	NaN
64.44999999999999	1.0018971256893334
64.55	0.9996344838962467
64.64999999999999	0.9980446898237223
64.75	0.9989039798135737
64.85	0.9954222623472775
64.94999999999999	0.9966493301343454
65.05	0.9948889002481464
65.14999999999999	NaN
65.25	0.9939689201257292
65.35	0.9944471371453446
65.44999999999999	0.9918289706301776
65.55	0.9916816085680893
65.64999999999999	NaN
65.75	0.9907988710751088
65.85	0.9917416918368104
65.94999999999999	NaN
66.05	NaN
66.14999999999999	0.9913904226479522
66.25	0.9905034381780552
66.35	0.9906456853243557
66.44999999999999	0.9919193844953107
66.55	NaN
66.64999999999999	0.9926248530329496
66.75	0.9918582819399001
66.85	NaN
66.94999999999999	NaN
67.05	NaN
67.14999999999999	NaN
67.25	0.9961248825053837
67.35	NaN
67.44999999999999	NaN
67.55	0.9976607475375983
67.64999999999999	1.0012032026975666
67.75	0.9999528037613642
67.85	1.001121598756275
67.94999999999999	NaN
68.05	1.0045303017070888
68.14999999999999	1.0051301880429635
68.25	1.0058583627928048
68.35	1.005109171929271
68.44999999999999	1.0062953550991418
68.55	1.006398878127541
68.64999999999999	NaN
68.75	1.006620876020044
68.85	1.0079085117972062
68.94999999999999	1.0099805429168907
69.05	NaN
69.14999999999999	1.0094630661582058
69.25	NaN
69.35	1.0099250771753858
69.44999999999999	1.0083242560772743
69.55	1.0084588196635853
69.64999999999999	1.0072364722829992
69.75	1.0076277474670476
69.85	1.006624949222059
69.94999999999999	1.0075751965543809
70.05	NaN
70.14999999999999	1.00481240214212
70.25	1.0042300793111787
70.35	1.0031561296764713
70.44999999999999	1.0024690220549661
70.55	1.0014377561618004
70.64999999999999	1.0000002766241753
70.75	1.0010288639713818
70.85	0.9993831941558005
70.94999999999999	0.9986580391860692
71.05	0.9971534221730689
71.14999999999999	NaN
71.25	0.9951865333765323
71.35	NaN
71.44999999999999	0.9958705641055124
71.55	0.99435444322925
71.64999999999999	0.9937817675598185
71.75	0.9911824426897695
71.85	NaN
71.94999999999999	NaN
72.05	0.9920345248450423
72.14999999999999	NaN
72.25	0.9922958784155855
72.35	0.9916366874995809
72.44999999999999	NaN
72.55	NaN
72.64999999999999	0.9941277031708767
72.75	0.9931941605331079
72.85	0.9926710181213535
72.94999999999999	NaN
73.05	0.993281870785658
73.14999999999999	0.9938735097504355
73.25	0.9956349218948749
73.35	0.9950138127906901
73.44999999999999	0.9965828116338803
73.55	0.9970230407421492
73.64999999999999	0.9975051651509351
73.75	0.9981113527431625
73.85	0.9980048582248138
73.94999999999999	NaN
74.05	NaN
74.14999999999999	1.0017001911506878
74.25	1.001465654983883
74.35	1.0038325392550826
74.44999999999999	1.0049756671420724
74.55	1.0054963032424133
74.64999999999999	NaN
74.75	NaN
74.85	1.006258454299919
74.94999999999999	1.007161139490643
75.05	1.0056336576747338
75.14999999999999	1.0063426739400998
75.25	1.0071279685764989
75.35	1.0070097886348983
75.44999999999999	1.0056028370119483
75.55	1.0072241769002859
75.64999999999999	1.0074372023776845
75.75	NaN
75.85	1.0064392564815803
75.94999999999999	NaN
76.05	1.0074944350988817
76.14999999999999	1.005806499386428
76.25	1.00552038705498
76.35	1.0051187895002631
76.44999999999999	NaN
76.55	1.0012298607398635
76.64999999999999	1.002356371400839
76.75	NaN
76.85	1.0013019451452179
76.95	0.9996539276943561
77.05	1.0014371330876886
77.14999999999999	0.99960581100483
77.25	NaN
77.35	NaN
77.45	NaN
77.55	0.9959068626378326
77.64999999999999	NaN
77.75	0.9958672834426014
77.85	0.9946919130328681
77.95	NaN
78.05	0.9931770707873399
78.14999999999999	NaN
78.25	0.9938912029814849
78.35	0.9937220902058299
78.45	NaN
78.55	NaN
78.64999999999999	NaN
78.75	0.9941350227539479
78.85	0.9926255007403225
78.95	0.994813613873745
79.05	NaN
79.14999999999999	NaN
79.25	0.9971108297906828
79.35	0.9946627612027303
79.45	NaN
79.55	0.9944489816508155
79.64999999999999	NaN
79.75	0.9963796392299177
79.85	0.9971202931360813
