0.15	0.0183833847140869
0.25	0.019525277021738657
0.35	0.019599237947553284
0.45	0.019293904924259198
0.55	0.01924381826377839
0.65	0.019489596697057108
0.7500000000000001	0.019701642655273625
0.85	0.019885138000963035
0.95	0.020232633776045932
1.05	0.020557280060972554
1.15	0.020828555859887715
1.25	0.021171025705644074
1.35	0.021593261694056738
1.45	0.022029289020024448
1.55	0.022516925257761774
1.65	0.023079109663841548
1.75	0.023573299108357825
1.85	0.024301749838241866
1.95	0.025005153669737438
2.05	0.02577120983651399
2.15	0.02657784881121264
2.25	0.02749954301932073
2.35	0.02861732921355736
2.45	0.029565704751431325
2.5500000000000003	0.03076433805905265
2.65	0.032072333097600825
2.75	0.033384094562372596
2.85	0.03492256991742201
2.95	0.03662210739325439
3.0500000000000003	0.038282160369096485
3.15	0.04037067350021691
3.25	0.04251403888519073
3.35	0.04508956603529408
3.45	0.04754101897284273
3.5500000000000003	0.05057165374416704
3.65	0.05367850413584745
3.75	0.057475415646332385
3.85	0.06087741685508422
3.95	0.06574378381052702
4.05	0.07083026223230987
4.1499999999999995	0.07634459967074399
4.25	0.0823043098744907
4.35	0.08992927678346622
4.449999999999999	0.09751926300787317
4.55	0.10650261505786869
4.6499999999999995	0.11660162257267247
4.75	0.12889968021200388
4.85	0.1430390801166009
4.95	0.15917655508040132
5.05	0.17719661751436
5.1499999999999995	0.19997399062582935
5.25	0.22413570519084655
5.35	0.2551668334049149
5.45	0.2922287254345503
5.55	0.33573205404131573
5.6499999999999995	0.38721392793140064
5.75	0.45341183652627476
5.85	0.530333739594055
5.95	0.6257070426719581
6.05	0.7467281136414821
6.1499999999999995	0.8988148719280116
6.25	1.0833668268413768
6.35	1.3014022006383235
6.45	1.5780344961759774
6.55	1.887972978682399
6.6499999999999995	2.225937333084855
6.75	2.537781751269958
6.85	2.785409415570763
6.95	2.930713757219486
7.05	2.9134776364117356
7.1499999999999995	2.771241773004744
7.25	2.5524871182790805
7.35	2.2959747095087395
7.45	2.037701864594422
7.55	1.813324685019852
7.6499999999999995	1.6032297646045137
7.75	1.4304176087946083
7.85	1.2823915902762044
7.95	1.159966030474072
8.05	1.0610315807193424
8.15	0.9747648071369099
8.25	0.9001554413335952
8.350000000000001	0.8380387107387417
8.450000000000001	0.7892813970387225
8.55	0.7423095569541481
8.65	0.7069404646030241
8.75	0.6762472897657495
8.850000000000001	0.6521261007507072
8.950000000000001	0.6299441337436392
9.05	0.6109139241725577
9.15	0.5983055038244663
9.25	0.5876902645765028
9.350000000000001	0.5789233096728064
9.450000000000001	0.5731926481043877
9.55	0.5689747074086492
9.65	0.5681161295753929
9.750000000000002	0.5693522445253043
9.85	0.5720002741653187
9.95	0.5778444712097477
10.049999999999999	0.5835789862438716
10.149999999999999	0.5933459545380346
10.25	0.6059966792983151
10.35	0.6187167570069806
10.45	0.6336387761085759
10.549999999999999	0.6519555228221495
10.649999999999999	0.6740060750148867
10.75	0.6957588467348031
10.85	0.7200186113865285
10.95	0.7471096053872565
11.049999999999999	0.7781961118817349
11.149999999999999	0.8118593586115317
11.25	0.8442757013532782
11.35	0.8803092978055087
11.45	0.9201205143449799
11.549999999999999	0.9624871683445169
11.649999999999999	1.0024765985934394
11.75	1.0438599245765965
11.85	1.0858157062432505
11.95	1.1254201809956217
12.049999999999999	1.164612051890022
12.149999999999999	1.1998811757781302
12.25	1.233726395051464
12.35	1.2592944968662865
12.45	1.2844199444155993
12.549999999999999	1.3044016882489151
12.649999999999999	1.318911534922508
12.75	1.3299559280819395
12.85	1.336963618476216
12.95	1.3400122024649237
13.049999999999999	1.3386633810210438
13.149999999999999	1.333062767179285
13.25	1.328270987052245
13.35	1.3165540658169699
13.45	1.3034546504673352
13.549999999999999	1.2874942534383742
13.649999999999999	1.2645682920644195
13.75	1.2428251645880382
13.85	1.2167626548091683
13.95	1.189992961371842
14.049999999999999	1.1610448976482515
14.149999999999999	1.1312993531244995
14.25	1.0957157132241604
14.35	1.0649919106903907
14.45	1.0340125132804028
14.549999999999999	1.0013564147933383
14.649999999999999	0.9752631098148886
14.75	0.9479506940773234
14.85	0.9218669635229811
14.95	0.8961611151930851
15.049999999999999	0.8765824067156416
15.149999999999999	0.8568993204536703
15.25	0.8395767619590714
15.35	0.8256745677877403
15.45	0.8150955319318042
15.549999999999999	0.8043096631101032
15.649999999999999	0.7936390263345737
15.75	0.7898109852242293
15.85	0.7852195583297441
15.95	0.7829187602622226
16.05	0.7811570858404058
16.15	0.7848420258040373
16.25	0.7869930513133283
16.349999999999998	0.7920843329992588
16.45	0.7983431377589616
16.55	0.8064042083964681
16.65	0.8146977621779457
16.75	0.82659199949782
16.849999999999998	0.8399374192963712
16.95	0.8534451996196746
17.05	0.8698665671263894
17.15	0.8851975390118398
17.25	0.9019134064048051
17.349999999999998	0.923293056101896
17.45	0.9426653638866046
17.55	0.9623751222495786
17.65	0.9838663102794074
17.75	1.0055892890562979
17.849999999999998	1.0255012498041842
17.95	1.0471182355065063
18.05	1.0676084675569264
18.15	1.0850138548167487
18.25	1.102679207245377
18.349999999999998	1.119933598359182
18.45	1.1342559287164269
18.55	1.148138887111462
18.65	1.1584297887211827
18.75	1.1673494080225124
18.849999999999998	1.169272038774303
18.95	1.1786204224474426
19.05	1.175029565314009
19.15	1.175136766119196
19.25	1.1728642014401574
19.35	1.1670415444670914
19.45	1.159774626739728
19.55	1.1527643566351378
19.65	1.1433246553579914
19.75	1.132801984365698
19.85	1.1205715832396081
19.95	1.1055870136922819
20.05	1.094170509020711
20.15	1.0806997839738965
20.25	1.0671297342235646
20.35	1.0541010682957965
20.45	1.03739886932053
20.55	1.0242152020882922
20.65	1.0101085767677933
20.75	0.9973236268957084
20.85	0.9827482814095351
20.95	0.9704582821573244
21.05	0.959965058816598
21.15	0.9474532652247742
21.25	0.9366507956346221
21.35	0.9271493957172289
21.45	0.9184524711849338
21.55	0.909401891425146
21.65	0.9022387970693572
21.75	0.8970039894722375
21.85	0.8900560442535407
21.95	0.8869358083597737
22.05	0.8844656416239776
22.15	0.8819168784622277
22.25	0.8800502320151887
22.35	0.8821296500927379
22.45	0.8809849097707247
22.55	0.8833879104071564
22.65	0.8853387735141133
22.75	0.8900492644852726
22.85	0.8972166622373637
22.95	NaN
23.05	0.9081999689239204
23.15	0.9191937285584613
23.25	0.9258539649895208
23.35	0.9362175250908421
23.45	0.9459258077216132
23.55	0.956201235152779
23.65	0.9658723400993685
23.75	0.9782034322656146
23.85	0.9894126310186252
23.95	1.0029916603043654
24.05	1.0136399621996286
24.15	1.0266679083362333
24.25	1.0355524049011804
24.35	1.0483955626679315
24.45	1.0575609814624876
24.55	1.0698790936352345
24.65	1.0774575191648896
24.75	1.0848505465735427
24.85	1.0917867841560547
24.95	1.097469758979546
25.05	1.1005195064270852
25.15	1.1031128001330013
25.25	1.1033696280083836
25.35	1.1060654339937872
25.45	1.1039609722956885
25.55	1.1018517819766325
25.65	1.0975638159231096
25.75	1.0934390631275774
25.85	1.0889792091335002
25.95	1.0830350111310332
26.05	1.075729803874233
26.15	1.0670970621776634
26.25	1.0593556417612178
26.35	1.0531305357504026
26.45	1.0447315120032474
26.55	1.034498385969739
26.65	1.0241681674941743
26.75	1.0142817960122836
26.85	1.0066685408525295
26.95	0.9979189891702742
27.05	0.9901432282236872
27.15	0.9829645809371655
27.25	0.974605933719377
27.35	0.9681649061855326
27.45	0.9579017027449307
27.55	0.9523479646401358
27.65	0.9476332701333802
27.75	0.9437586298961615
27.85	0.9406945081769635
27.95	0.9349011716218825
28.05	0.9312709865659524
28.15	0.9289812883279688
28.25	0.9256415571141389
28.35	0.9266313353900516
28.45	0.9252979561297493
28.55	0.9236803478982009
28.65	0.9265572539209119
28.75	0.9259999281966381
28.85	0.9298245261636647
28.95	0.9294354313921097
29.05	0.9320981514002833
29.15	0.937286909771406
29.25	0.9419640212849921
29.35	0.948424849719656
29.45	0.9527131506365929
29.55	0.9598321651474683
29.65	0.9658773562248164
29.75	0.9716438402351899
29.85	0.9779719712952045
29.95	0.9862906147832813
30.05	0.9934585804680106
30.15	1.0011042980137286
30.25	1.0071523907515543
30.35	1.0170069691302752
30.45	1.021606795543722
30.55	1.0304545014479118
30.65	1.0360895353443365
30.75	1.04301970177866
30.85	1.0458676263130589
30.95	1.05266748824533
31.05	1.0533338278205293
31.15	1.060108316312357
31.25	1.0653193937336811
31.35	1.067367991357938
31.45	1.0680746180979743
31.55	1.0684150179188927
31.65	1.0673094358126543
31.75	1.0672119305538266
31.85	1.065786285378618
31.95	1.0624534252294855
32.05	1.059382981865476
32.15	1.057489123660459
32.25	1.0530798304189377
32.35	1.0453112205059467
32.45	1.045644647388004
32.55	1.0388578950850862
32.65	1.0319801166900207
32.75	1.0245324089545784
32.85	1.01647784021525
32.95	1.0119760393473143
33.05	1.007081782612872
33.15	1.0015947756086616
33.25	0.9969177692595073
33.35	0.9908748897634116
33.45	0.9843469211409549
33.55	0.9800599000968215
33.65	0.9750104307314214
33.75	0.9699947878445379
33.85	0.9673098437632165
33.95	0.9599994559455992
34.05	0.9584518474030771
34.15	0.956741846439748
34.25	0.9529364985934501
34.35	0.9517825593282225
34.45	0.9506913917372053
34.55	0.9503921582584509
34.65	0.9471214308173774
34.75	0.9473243197130259
34.85	0.9466934807978173
34.95	0.9485359442547849
35.05	0.9490589379491958
35.15	0.9509623508780041
35.25	0.9521301231043988
35.35	0.955896091996681
35.45	0.9583143135309604
35.55	0.9632505700828229
35.65	0.965292092631045
35.75	0.9693241427813467
35.85	0.9737745879582652
35.95	0.9785558270757743
36.05	0.9854968573949953
36.15	0.9897335428107334
36.25	0.9936097374636261
36.35	1.000195975710689
36.45	1.0027254441319597
36.55	NaN
36.65	1.014175516310548
36.75	1.0171983265195879
36.85	1.0242025998501907
36.95	1.0270142118643244
37.05	1.0331542166176508
37.15	1.0354654282501439
37.25	1.0369265147366176
37.35	1.0405171925519092
37.45	1.044666413206998
37.55	1.0469496900383435
37.65	NaN
37.75	1.0429923275603439
37.85	1.0427797062297632
37.95	1.0456652601403376
38.05	1.0458123396489147
38.15	1.0426954333991973
38.25	1.0430216165878206
38.35	1.039518942822905
38.45	1.0391723985484949
38.550000000000004	1.0355921605538325
38.65	1.0325481777088001
38.75	1.0289615013626425
38.85	1.0243242073532326
38.95	1.0222209045977513
39.050000000000004	1.0195511828972876
39.15	NaN
39.25	NaN
39.35	NaN
39.45	NaN
39.550000000000004	0.9957143924698345
39.65	0.9913336761350623
39.75	0.9867777519634967
39.85	0.9832776670117033
39.95	0.9799325553922444
40.050000000000004	0.9787508104340186
40.15	NaN
40.25	0.9731814910564339
40.35	0.9689300226206091
40.45	0.9664384265399723
40.550000000000004	0.9653872973459875
40.65	0.964472474580697
40.75	0.9619365834975876
40.85	0.9645007510232769
40.95	0.9612057734456546
41.050000000000004	0.9620196314938061
41.15	0.9640363264435835
41.25	0.9616400015551705
41.35	0.9630698264843063
41.45	0.9658176492443266
41.550000000000004	NaN
41.65	0.9686400317136941
41.75	0.9717332729897263
41.85	0.9727866259149066
41.95	0.9763877317371901
42.050000000000004	0.9794890509083983
42.15	NaN
42.25	0.9866222258330538
42.35	0.9912123289793348
42.45	0.9936783119364084
42.550000000000004	0.9972906451463803
42.65	1.0020307628716967
42.75	1.0043659285936817
42.85	1.0078710144284384
42.95	1.0119352974818403
43.050000000000004	1.016809345795627
43.15	1.0186726744515777
43.25	1.0205934247813313
43.35	1.0250629531982622
43.45	1.024927898120094
43.550000000000004	1.027439559858483
43.65	NaN
43.75	1.0333322505397207
43.85	1.033657113630587
43.95	1.0341152677827512
44.050000000000004	1.0336545016201355
44.15	1.0362796526389757
44.25	NaN
44.35	1.0336444615105935
44.45	1.0337596822708437
44.550000000000004	1.0322839718018482
44.65	1.0287294558709141
44.75	1.0270230866141652
44.85	1.0232063727496983
44.95	1.0237509558505045
45.050000000000004	1.0186800497834803
45.15	1.017120817318207
45.25	1.0142325655128752
45.35	NaN
45.45	1.0081404138374928
45.550000000000004	1.0039553213436991
45.65	NaN
45.75	0.9976307824917027
45.85	0.9960927453396735
45.95	0.993838047651398
46.050000000000004	0.989989131145222
46.15	0.9873228874619899
46.25	0.9834855296346647
46.35	0.9817015361445048
46.45	0.9788260127474832
46.550000000000004	0.9763682155324079
46.65	NaN
46.75	0.974468046395446
46.85	0.9751474049686182
46.95	0.9701495342959583
47.050000000000004	0.9715482771503
47.15	0.9708234459019515
47.25	0.9719131679160783
47.35	0.9691013129146745
47.45	0.9713112201619909
47.550000000000004	0.9721856930624789
47.65	0.9726013473543057
47.75	0.9730800710935229
47.85	0.9764033574605621
47.95	0.9772096579521824
48.050000000000004	0.9782255251136802
48.15	0.9780252289442285
48.25	0.9833456436813938
48.35	0.9865784464171863
48.45	0.9893967766723467
48.550000000000004	0.9886676720204494
48.65	0.9939025879794603
48.75	0.997598311794526
48.85	0.9996865140469117
48.95	1.0031137448043228
49.050000000000004	1.0055140012210666
49.15	NaN
49.25	1.0108964071054891
49.35	1.0126333214116832
49.45	1.0153304907231733
49.550000000000004	1.0174084265469092
49.65	1.019803481455287
49.75	1.0186406192542277
49.85	1.0230263396479886
49.95	1.023305839477749
50.050000000000004	1.0230927051708667
50.15	1.025686519778101
50.25	1.026045412769263
50.35	1.0269020677169456
50.45	1.0243948435129937
50.550000000000004	1.0266674486965721
50.65	1.0255648688528565
50.75	1.0245612725581537
50.85	1.0228389020917636
50.95	NaN
51.050000000000004	1.0201800282774633
51.15	1.0200449340574003
51.25	1.0177280802723478
51.35	1.0141507277828536
51.45	1.0103994027780183
51.550000000000004	NaN
51.65	1.008623884401961
51.75	1.0069403589854033
51.85	1.0019437514460525
51.95	1.0007051247169525
52.050000000000004	NaN
52.15	0.9953979352261256
52.25	0.9930763461499117
52.35	0.9913054963058703
52.45	0.9874238809066644
52.550000000000004	0.9885099555128616
52.65	0.9844389354786707
52.75	0.9836098229065949
52.85	0.9821494349651787
52.95	NaN
53.050000000000004	0.9803044627125767
53.15	NaN
53.25	0.9785432135160732
53.35	0.9775386889148461
53.45	0.9768974467169981
53.550000000000004	NaN
53.65	0.9782932806839598
53.75	NaN
53.85	0.9796626352168731
53.95	0.9766875714805714
54.050000000000004	NaN
54.15	0.9820806549889094
54.25	NaN
54.35	0.9826009037781251
54.45	0.985363860942853
54.550000000000004	NaN
54.65	0.9912899505783873
54.75	0.9904176866937674
54.85	0.9936587270682439
54.95	0.9950029393195232
55.050000000000004	0.9998160533284168
55.15	1.0002483930638997
55.25	1.0033560025050716
55.35	1.0024465565944485
55.45	1.0056638641320432
55.550000000000004	1.0098180883262724
55.65	1.0075844251664832
55.75	1.012851135526443
55.85	1.0145728326620507
55.95	1.0160490280638954
56.050000000000004	1.0167988179850844
56.15	1.016939936909368
56.25	1.0181309805754295
56.35	1.0202113755294975
56.45	1.019500710304688
56.550000000000004	1.0221793508163275
56.65	1.0200618001348867
56.75	NaN
56.85	1.0207514995632379
56.95	1.0206228580477537
57.050000000000004	1.0196833934634228
57.15	1.0170809646352783
57.25	1.0156822538086034
57.35	NaN
57.45	1.0156174293307116
57.550000000000004	1.0122215086735593
57.65	1.0136608515839964
57.75	1.0084587850540236
57.85	1.0094403932298655
57.95	1.0048752655678472
58.050000000000004	1.004999073541054
58.15	1.0021638200273886
58.25	0.9998386273092028
58.35	0.997351247013423
58.45	NaN
58.550000000000004	0.9943350857969113
58.65	0.9916570034511227
58.75	NaN
58.85	0.9881985760611551
58.95	NaN
59.050000000000004	0.9871285847786848
59.15	0.9855375590920602
59.25	0.9841090621383012
59.35	0.9837340842433173
59.45	0.9832460788091139
59.550000000000004	0.9845679631979122
59.65	0.9816993744597711
59.75	0.9799941488238014
59.85	NaN
59.95	0.9828876890750986
60.050000000000004	NaN
60.15	0.9831786265231632
60.25	0.9824460665257315
60.35	NaN
60.45	0.9849253774173029
60.550000000000004	0.988580497602744
60.65	0.9879915415640338
60.75	0.9892124965053818
60.85	0.9902732749797092
60.95	0.9916783802503187
61.050000000000004	0.9935552918459223
61.15	0.9951138410677223
61.25	0.9953086907411616
61.35	0.9980064230116428
61.45	0.9998038515608922
61.550000000000004	NaN
61.65	1.0037826315618796
61.75	NaN
61.85	NaN
61.95	1.0097144035595758
62.050000000000004	1.0100459212482016
62.15	1.0118483901762
62.25	1.0137576753353004
62.35	1.01345695531395
62.45	1.017088077090301
62.550000000000004	1.0162461309086819
62.65	1.0157696458973537
62.75	1.016889175232295
62.85	1.016006161586149
62.95	1.0176953700835292
63.050000000000004	1.0166404810501122
63.15	1.0168812997894208
63.25	NaN
63.35	1.014355499672069
63.45	1.0155243719945746
63.550000000000004	1.0161083060012572
63.65	1.0088375618721217
63.75	1.0109116721719051
63.85	1.0103561670161512
63.95	1.0096870885696119
64.05	1.008569835585152
64.14999999999999	1.0055001221135302
64.25	1.0021961353833013
64.35	1.002804294502955
64.44999999999999	1.0007636123454182
64.55	0.9992016016418527
64.64999999999999	0.9962112030539204
64.75	0.9975471541720001
64.85	0.9933832332843181
64.94999999999999	0.9930851611049386
65.05	0.9925466594893606
65.14999999999999	0.9912233663210213
65.25	NaN
65.35	0.9883996725434873
65.44999999999999	NaN
65.55	0.9863563282352931
65.64999999999999	0.9873493137695462
65.75	0.985880480057745
65.85	0.9848375898860213
65.94999999999999	0.9841826510200264
66.05	NaN
66.14999999999999	0.9854503553723295
66.25	0.9847380332843665
66.35	0.9851307032443976
66.44999999999999	0.9851428058278162
66.55	0.9855570795284071
66.64999999999999	NaN
66.75	0.9862954531373475
66.85	NaN
66.94999999999999	NaN
67.05	0.9922186113839858
67.14999999999999	0.9916357152597591
67.25	0.9930399312712372
67.35	0.9966953637755069
67.44999999999999	0.9966633124708758
67.55	0.9997019688420327
67.64999999999999	NaN
67.75	NaN
67.85	1.0032186002366617
67.94999999999999	1.0036483916744974
68.05	1.0056960561830284
68.14999999999999	1.0075017603482157
68.25	NaN
68.35	1.009790088848913
68.44999999999999	1.0088489505097695
68.55	1.0097611632831167
68.64999999999999	NaN
68.75	1.013025106379679
68.85	1.0126087511486006
68.94999999999999	1.0133169913547282
69.05	1.0157261681133152
69.14999999999999	1.0143667188212875
69.25	1.0139511144306925
69.35	1.0140320939978893
69.44999999999999	NaN
69.55	1.012814471080196
69.64999999999999	1.012058942884401
69.75	NaN
69.85	1.0110360478730696
69.94999999999999	NaN
70.05	1.0101376367949668
70.14999999999999	1.0093155039678792
70.25	NaN
70.35	1.0064425995732071
70.44999999999999	NaN
70.55	1.0042398004478386
70.64999999999999	1.0027185839970651
70.75	0.9987170173014569
70.85	0.9999309341212819
70.94999999999999	0.9980817252023001
71.05	0.9968906884114608
71.14999999999999	0.9948854735516027
71.25	NaN
71.35	0.9934998355525081
71.44999999999999	0.9935160450442946
71.55	0.9914703413898122
71.64999999999999	0.9888417654074657
71.75	0.9893285247204403
71.85	0.9889026998022582
71.94999999999999	0.9869487668516456
72.05	NaN
72.14999999999999	NaN
72.25	NaN
72.35	NaN
72.44999999999999	0.9864983949104106
72.55	0.9871082510511843
72.64999999999999	0.9884378073783625
72.75	NaN
72.85	0.9908602834975135
72.94999999999999	0.9884375451073375
73.05	0.991073458824879
73.14999999999999	0.990478771612369
73.25	0.9924522287299429
73.35	0.9923758390564101
73.44999999999999	NaN
73.55	0.9952685358970886
73.64999999999999	NaN
73.75	NaN
73.85	0.9985972160043118
73.94999999999999	1.0007316277947087
74.05	1.002231989533134
74.14999999999999	1.0008703810886503
74.25	1.0025462143616592
74.35	1.0044912660795478
74.44999999999999	1.0051071381880212
74.55	1.007923694628758
74.64999999999999	1.0104445722524755
74.75	1.0089978540098878
74.85	1.0100133230255306
74.94999999999999	1.011015236891536
75.05	1.0104574510973323
75.14999999999999	1.0109215929493263
75.25	NaN
75.35	NaN
75.44999999999999	NaN
75.55	1.011687380588099
75.64999999999999	NaN
75.75	NaN
75.85	1.0125888587138263
75.94999999999999	1.0121128027468558
76.05	1.0115294150236327
76.14999999999999	1.0103435018742304
76.25	NaN
76.35	1.006999506409554
76.44999999999999	NaN
76.55	1.0064675052307472
76.64999999999999	1.0049889318277923
76.75	NaN
76.85	NaN
76.95	NaN
77.05	NaN
77.14999999999999	0.9995374788602946
77.25	0.9987459872256008
77.35	0.9968854665862726
77.45	0.9961313121696872
77.55	0.9940673614666032
77.64999999999999	0.9933545986556972
77.75	0.9921904588852414
77.85	0.9912659589583184
77.95	0.9919230454370735
78.05	0.9911086553370784
78.14999999999999	0.9901935180112754
78.25	0.9893561134134263
78.35	0.9905405467515783
78.45	NaN
78.55	NaN
78.64999999999999	0.9897009614314163
78.75	0.9899564958127486
78.85	NaN
78.95	0.9895731425379151
79.05	NaN
79.14999999999999	NaN
79.25	0.9908290594289153
79.35	NaN
79.45	0.9922463676112688
79.55	0.9932300828944254
79.64999999999999	NaN
79.75	0.9945655049921496
79.85	0.9953639204091924
