0.15	0.019041807637556134
0.25	0.01887415973996626
0.35	0.019094065817279463
0.45	0.019152764925704238
0.55	0.01920545521164387
0.65	0.019345815566187308
0.7500000000000001	0.019859833825960585
0.85	0.01981563744776906
0.95	0.0201188542193381
1.05	0.02041522927203992
1.15	0.020857674846857962
1.25	0.02112862009847062
1.35	0.021584350357916716
1.45	0.022025481694280348
1.55	0.022607819575657478
1.65	0.022987755647971307
1.75	0.023611887296737882
1.85	0.024290991596468685
1.95	0.0250456324280689
2.05	0.025757278694412324
2.15	0.02661817645446475
2.25	0.027589197581105753
2.35	0.028539737411349613
2.45	0.02945846532759034
2.5500000000000003	0.030745631262952676
2.65	0.032019259075284176
2.75	0.0333037192813632
2.85	0.034866504603466394
2.95	0.03672645195250566
3.0500000000000003	0.0383196449246069
3.15	0.040265150090852755
3.25	0.0424628335316792
3.35	0.04508109743464554
3.45	0.047501647801447805
3.5500000000000003	0.05060704654700177
3.65	0.05372717453701289
3.75	0.057529329759752466
3.85	0.06079352465258554
3.95	0.06584220167702055
4.05	0.07081143299672019
4.1499999999999995	0.07641368087324556
4.25	0.08239157124987274
4.35	0.08992393380723006
4.449999999999999	0.09773078914241401
4.55	0.10669089789043426
4.6499999999999995	0.11662553542730605
4.75	0.1291338679930741
4.85	0.143006428612681
4.95	0.15900390671674758
5.05	0.17710189709549148
5.1499999999999995	0.19970599518892046
5.25	0.22439096352144688
5.35	0.25529429185399655
5.45	0.2926293581802629
5.55	0.33629331405716717
5.6499999999999995	0.3865957196984049
5.75	0.45395118494541886
5.85	0.529857418735582
5.95	0.6257474046057608
6.05	0.7475809884440552
6.1499999999999995	0.9012652028458699
6.25	1.0817983775912843
6.35	1.3026970090539702
6.45	1.5797341585652969
6.55	1.8914748325373927
6.6499999999999995	2.2250575863985547
6.75	2.5378804407344338
6.85	2.7902436887795705
6.95	2.923693101955026
7.05	2.916816848043668
7.1499999999999995	2.7807432483120507
7.25	2.554030520296714
7.35	2.291576210399129
7.45	2.039787059922795
7.55	1.8130115221851992
7.6499999999999995	1.6036886927305498
7.75	1.4337780699748666
7.85	1.280318618540654
7.95	1.1602198946090285
8.05	1.059918792700823
8.15	0.9753404822873818
8.25	0.901023886301873
8.350000000000001	0.837542343589909
8.450000000000001	0.7895500882396728
8.55	0.7443153557817991
8.65	0.7063382306258228
8.75	0.677404232826053
8.850000000000001	0.6512653731757257
8.950000000000001	0.6292139581388366
9.05	0.6127537151575927
9.15	0.5988994000937268
9.25	0.5876092348206036
9.350000000000001	0.5787891992255909
9.450000000000001	0.5731276339770727
9.55	0.5696175651252923
9.65	0.5667673779454947
9.750000000000002	0.5705338828860513
9.85	0.5727317042270429
9.95	0.5780457495950436
10.049999999999999	0.5857775468765382
10.149999999999999	0.5943876807688768
10.25	0.6061863795867117
10.35	0.6185620105575436
10.45	0.636303140670495
10.549999999999999	0.6538097140716097
10.649999999999999	0.6714719378529678
10.75	0.6954571904246871
10.85	0.7211293131330526
10.95	0.7461415148711159
11.049999999999999	0.7769630580378848
11.149999999999999	0.8099728064278837
11.25	0.8438228604886298
11.35	0.8815534091257292
11.45	0.9207357688783095
11.549999999999999	0.9611752377765044
11.649999999999999	1.0020222985675615
11.75	1.0441066590977706
11.85	1.0873444409582294
11.95	1.1255406165247874
12.049999999999999	1.1646694317392217
12.149999999999999	1.1997703203774486
12.25	1.232434066962661
12.35	1.2598672368764077
12.45	1.2834337600685886
12.549999999999999	1.302436444476974
12.649999999999999	1.3176718475184301
12.75	1.330000544365504
12.85	1.3356862218995027
12.95	1.3375714203473477
13.049999999999999	1.3394540306287883
13.149999999999999	1.3352173345844645
13.25	1.3305130192505308
13.35	1.318019619538243
13.45	1.3025037437344742
13.549999999999999	1.2877325294723463
13.649999999999999	1.2640685250471322
13.75	1.2447792339349328
13.85	1.217937252082407
13.95	1.1902895660875248
14.049999999999999	1.1605984661235
14.149999999999999	1.1287276715108885
14.25	1.0958675045148099
14.35	1.0647609195703838
14.45	1.0333596403792398
14.549999999999999	1.0033393175357392
14.649999999999999	0.9750464834404232
14.75	0.9458320194596141
14.85	0.9213772420908958
14.95	0.8988302921028217
15.049999999999999	0.876990897488876
15.149999999999999	0.8566869054555292
15.25	0.8395505499184891
15.35	0.8260553501708771
15.45	0.8134256960657299
15.549999999999999	0.8043631922999225
15.649999999999999	0.7961772856196099
15.75	0.7881943007631191
15.85	0.784456630028048
15.95	0.7827775547923504
16.05	0.7815047410563656
16.15	0.7836459084795834
16.25	0.7848719263724192
16.349999999999998	0.7909186180471317
16.45	0.7998412990707542
16.55	0.8051771268201202
16.65	0.8155972186824525
16.75	0.8274475385433883
16.849999999999998	0.8403149534824246
16.95	0.8554950190988034
17.05	0.8702775065344356
17.15	0.8860761913006305
17.25	0.9030809354268284
17.349999999999998	0.9231233160288664
17.45	0.942340790595612
17.55	0.9641775649384029
17.65	0.9819749237055252
17.75	1.0049362042283179
17.849999999999998	1.0261132535323199
17.95	1.0458896082549638
18.05	1.066996593695572
18.15	1.0860193133347318
18.25	1.1030583417639233
18.349999999999998	1.120016640685922
18.45	1.1343787978464388
18.55	1.14621076484344
18.65	1.157997700766703
18.75	1.1693099877951678
18.849999999999998	1.170037845491134
18.95	1.1752900045341501
19.05	1.1773833226986858
19.15	1.1761937495931438
19.25	1.171811029870518
19.35	1.1684016312597725
19.45	1.1619125642372046
19.55	1.1538907722416671
19.65	1.1425423281706484
19.75	1.1331474901411867
19.85	1.1192611581127092
19.95	1.1075708859038225
20.05	1.0942641627986678
20.15	1.0817965591162944
20.25	1.0678560459669484
20.35	1.0517925773879833
20.45	1.0383958683994503
20.55	1.0235742425193772
20.65	1.010812287533443
20.75	0.9967399039618634
20.85	0.9841561781794409
20.95	0.9716452432704012
21.05	0.9590701569374145
21.15	0.9484328326671566
21.25	0.9368325020691783
21.35	0.9261432199955576
21.45	0.9181760592457379
21.55	0.90946940060725
21.65	0.9033578867406789
21.75	0.8953491478624882
21.85	0.8909118186452205
21.95	0.8850830239038412
22.05	0.8843292116408352
22.15	0.8803662129185528
22.25	0.8813189437185095
22.35	0.8797018411383001
22.45	0.8799484724303851
22.55	0.883629860193701
22.65	0.8867610146725824
22.75	0.8926762093452852
22.85	0.8967593912263053
22.95	NaN
23.05	0.9091194379741997
23.15	0.9171509179369083
23.25	0.9262273353907587
23.35	0.9350464038723911
23.45	0.9470634617135784
23.55	0.9548841432519406
23.65	0.9649690124525596
23.75	0.980074549054107
23.85	0.9885789524181174
23.95	1.001650734362783
24.05	1.0160925617882237
24.15	1.0263660769113903
24.25	1.0374797670871174
24.35	1.0474506002710968
24.45	1.0584923322241622
24.55	1.0700626850342263
24.65	1.0790535941876753
24.75	1.0847313059939951
24.85	1.0919934135138734
24.95	1.0973617671937201
25.05	1.0999910452195414
25.15	1.1026631053571
25.25	1.1035388331354232
25.35	1.1058639182189125
25.45	1.1084228858987915
25.55	1.1004493633288381
25.65	1.0979230655073264
25.75	1.0934634758273782
25.85	1.0884055038696379
25.95	1.0822231234024773
26.05	1.0762337810084024
26.15	1.0689963648618335
26.25	1.0601800572717415
26.35	1.0540709391638998
26.45	1.0423307522037346
26.55	1.0335089470723564
26.65	1.0245884025667762
26.75	1.016430478993272
26.85	1.0065720086834935
26.95	0.9994534653429729
27.05	0.9892012630285518
27.15	0.9818333343511306
27.25	0.9747675190209958
27.35	0.9654796018148089
27.45	0.9606144584596125
27.55	0.9539576650667032
27.65	0.9462288868800669
27.75	0.9427369203309932
27.85	0.9410635366021536
27.95	0.9342911894229273
28.05	0.9313336218339759
28.15	0.9283385153746908
28.25	0.9251856134283013
28.35	0.9246607641363659
28.45	0.9256085460685608
28.55	0.9244606196034337
28.65	0.9256072290029236
28.75	0.9260049804249215
28.85	0.9275964516562494
28.95	0.9325886117164016
29.05	0.9349071158302128
29.15	0.9384360042545699
29.25	0.943146055033694
29.35	0.9494803204621303
29.45	0.9529214069939316
29.55	0.9593947620621083
29.65	0.9646831204188612
29.75	0.9693800234303495
29.85	0.9783243130237067
29.95	0.9859767352721186
30.05	0.993581874052046
30.15	1.0027318282535744
30.25	1.0086578182972907
30.35	1.0177622621732183
30.45	1.0220837706643437
30.55	1.0284259150324018
30.65	1.0353348300363692
30.75	1.041508396617995
30.85	1.0488481766158124
30.95	1.0516853575152922
31.05	1.054072884177029
31.15	1.0608909090293763
31.25	1.0636208843035917
31.35	1.0661447174131218
31.45	1.0683179873892497
31.55	1.0663779761313144
31.65	1.0672268942844492
31.75	1.0694924944613844
31.85	1.0639189966993081
31.95	1.0640481391693506
32.05	1.0584488696088055
32.15	1.057180088287253
32.25	1.052880850902521
32.35	1.045521880287393
32.45	1.0424706418983614
32.55	1.036770642766041
32.65	1.0328119011838002
32.75	1.0228217242769124
32.85	1.0200724801097283
32.95	1.0126451991083687
33.05	1.0084271058139804
33.15	1.0019352288752457
33.25	0.9948795789568942
33.35	0.9905251978497482
33.45	0.9851773418588332
33.55	0.9833906026863423
33.65	0.9739239503757151
33.75	0.9695310781323392
33.85	0.9666429358402489
33.95	0.9594861210487609
34.05	0.9580920492335673
34.15	0.9573110071509437
34.25	0.9532012166313322
34.35	0.9498164800785479
34.45	0.9487425246921009
34.55	0.9485134828655952
34.65	0.9465431971638344
34.75	0.9463637688450913
34.85	0.9481076876568245
34.95	0.94747860477835
35.05	0.9483466579839515
35.15	0.9497940956362962
35.25	0.9532762658869537
35.35	0.9536017642943141
35.45	0.9588633949932288
35.55	0.9632657006544152
35.65	0.9646885910528169
35.75	0.9696287371154783
35.85	0.9751534105477753
35.95	0.9776639954753472
36.05	0.9834203266812622
36.15	0.9888130680441412
36.25	0.9947096790151578
36.35	0.9995250349250299
36.45	1.0037318231747798
36.55	NaN
36.65	1.0148023846480283
36.75	1.0191740749695877
36.85	1.0220250042425973
36.95	1.0262740147616456
37.05	1.0309395925663392
37.15	1.0352259839247697
37.25	1.0381222726251997
37.35	1.0412803027422126
37.45	1.0436707858563445
37.55	1.0472954135598864
37.65	NaN
37.75	1.0479125491014538
37.85	1.0472153440808636
37.95	1.0439844184167875
38.05	1.046497550384119
38.15	1.0437702870779002
38.25	1.045564242333478
38.35	1.042069990603425
38.45	1.0351668377822703
38.550000000000004	1.0358556859770387
38.65	1.0327028851806201
38.75	1.0274641522291204
38.85	1.0250233892083087
38.95	1.0236803508626855
39.050000000000004	1.0143559206535477
39.15	NaN
39.25	NaN
39.35	NaN
39.45	NaN
39.550000000000004	0.9957930538909937
39.65	0.991322389990738
39.75	0.9872952616676689
39.85	0.9827632704806922
39.95	0.9798328415175821
40.050000000000004	0.9799145454661421
40.15	NaN
40.25	0.9716991445605141
40.35	0.9687719241857123
40.45	0.9656595257627097
40.550000000000004	0.9641268213179873
40.65	0.9648510487808897
40.75	0.9621581866970702
40.85	0.9601039365293138
40.95	0.9605946207273736
41.050000000000004	0.9608913620299121
41.15	0.9588318627827838
41.25	0.9632445792336116
41.35	0.964242383304946
41.45	0.9661792965416852
41.550000000000004	NaN
41.65	0.969684285836238
41.75	0.9692122698316478
41.85	0.9740434984512808
41.95	0.9783431939679247
42.050000000000004	0.9795391492977443
42.15	NaN
42.25	0.987014622691135
42.35	0.9907515654281726
42.45	0.9936922822373093
42.550000000000004	0.9976074858432571
42.65	0.9991434502227748
42.75	1.0049264992299292
42.85	1.0102470548185056
42.95	1.0109316228442984
43.050000000000004	1.0140837453027582
43.15	1.018786505584717
43.25	1.0214687638782471
43.35	1.0248456618642825
43.45	1.028106207684675
43.550000000000004	1.0248881564818937
43.65	NaN
43.75	1.032418277500549
43.85	1.0349626079601932
43.95	1.0346801645058732
44.050000000000004	1.0354793470291221
44.15	1.0350907693642217
44.25	NaN
44.35	1.0335018958744806
44.45	1.0324273530138623
44.550000000000004	1.0305331514294682
44.65	1.0299428531335206
44.75	1.0272012990301147
44.85	1.0252815675390934
44.95	1.0229439441709693
45.050000000000004	1.0239742711886923
45.15	1.018679530897231
45.25	1.0124861560996876
45.35	NaN
45.45	1.0085169319447915
45.550000000000004	1.004916631256854
45.65	NaN
45.75	0.9966428041218481
45.85	0.9944278764223963
45.95	0.994251859644195
46.050000000000004	0.9904035933294926
46.15	0.9876124940549733
46.25	0.9851379051226246
46.35	0.9814605964953492
46.45	0.9799147357238608
46.550000000000004	0.9769870071610093
46.65	NaN
46.75	0.9740298851944368
46.85	0.9728509676368142
46.95	0.9701521471139636
47.050000000000004	0.971974302038485
47.15	0.9699186017438799
47.25	0.9695096270487467
47.35	0.9704230313703684
47.45	0.971674899980886
47.550000000000004	0.9733084455897038
47.65	0.9729961396091508
47.75	0.9719003158912594
47.85	0.9762394055141655
47.95	0.9775858215663161
48.050000000000004	0.979813695248086
48.15	0.9803034686772375
48.25	0.9810225689342605
48.35	0.9854647793987209
48.45	0.9893853479216044
48.550000000000004	0.9910411549728729
48.65	0.9932849979522295
48.75	0.9964994361611581
48.85	0.9991148343794461
48.95	1.0016446613758583
49.050000000000004	1.0036034223987147
49.15	NaN
49.25	1.0085993021739175
49.35	1.0120830044199536
49.45	1.0158546511932507
49.550000000000004	1.0180341355539437
49.65	1.019814249866505
49.75	1.0229359737863988
49.85	1.0227221687340768
49.95	1.02489021587584
50.050000000000004	1.0267908369428562
50.15	1.0270184563527205
50.25	1.0257319072039237
50.35	1.0263084467630903
50.45	1.0238877603458976
50.550000000000004	1.0266002159404966
50.65	1.02525391552301
50.75	1.0262988401190232
50.85	1.0244531226480629
50.95	NaN
51.050000000000004	1.0215771474828703
51.15	1.021073681082925
51.25	1.0162567952997443
51.35	1.0145152531356891
51.45	1.0145395084044768
51.550000000000004	NaN
51.65	1.0085338254344778
51.75	1.0049770662450512
51.85	1.0023756099336252
51.95	1.000312991987569
52.050000000000004	NaN
52.15	0.9947994539597195
52.25	0.9925235323797131
52.35	0.9911678382199904
52.45	0.9887417840357977
52.550000000000004	0.9874083166944869
52.65	0.9852674197922414
52.75	0.9834931215952016
52.85	0.9817410945359534
52.95	NaN
53.050000000000004	0.9790038230343971
53.15	NaN
53.25	0.9782243546793183
53.35	0.9771050514907421
53.45	0.9768876105158544
53.550000000000004	NaN
53.65	0.9757885241729274
53.75	NaN
53.85	0.978521503439478
53.95	0.9785772249874686
54.050000000000004	NaN
54.15	0.9795465566243565
54.25	NaN
54.35	0.9833156050227779
54.45	0.987236739182106
54.550000000000004	NaN
54.65	0.9898745893528377
54.75	0.9943246586756761
54.85	0.9938840381530231
54.95	0.9946804700156219
55.050000000000004	0.997645769761916
55.15	0.9993075577022975
55.25	1.003815768477998
55.35	1.0070607231816793
55.45	1.0055017062367173
55.550000000000004	1.0110175200167832
55.65	1.0133064139327876
55.75	1.0111814463789834
55.85	1.0145737448847931
55.95	1.0148540232799734
56.050000000000004	1.015534640992413
56.15	1.019981888965178
56.25	1.0214521036362183
56.35	1.01768148446605
56.45	1.0202301157517852
56.550000000000004	1.0201583136907248
56.65	1.020788403650063
56.75	NaN
56.85	1.0226983359045647
56.95	1.0196613871857965
57.050000000000004	1.019926689594107
57.15	1.0177068858973763
57.25	1.0181793220042807
57.35	NaN
57.45	1.0130041719812846
57.550000000000004	1.0132872294777089
57.65	1.0125590607827226
57.75	1.0093338600763833
57.85	1.006841623815952
57.95	1.0050433233582892
58.050000000000004	1.0038306691953185
58.15	1.0034288543747127
58.25	0.9992235640887916
58.35	0.9979924851041538
58.45	NaN
58.550000000000004	0.9937509905035476
58.65	0.9911753830821298
58.75	NaN
58.85	0.9906031821337024
58.95	NaN
59.050000000000004	0.9873387219541729
59.15	0.984485556162731
59.25	0.9839644523968162
59.35	0.9840385532355413
59.45	0.9817822725746029
59.550000000000004	0.9819518880993012
59.65	0.9825585970530906
59.75	0.9807500919807622
59.85	NaN
59.95	0.981579113382061
60.050000000000004	NaN
60.15	0.9848762765057508
60.25	0.9821925182899014
60.35	NaN
60.45	0.9844485726426169
60.550000000000004	0.9834615579361332
60.65	0.9877672464100974
60.75	0.9893720302172299
60.85	0.987951126309371
60.95	0.9914877107545995
61.050000000000004	0.9940613040740138
61.15	0.9954898758423313
61.25	0.9968421221380552
61.35	0.9976222234135772
61.45	1.0022123347899672
61.550000000000004	NaN
61.65	1.0045996613897716
61.75	NaN
61.85	NaN
61.95	1.008223275212019
62.050000000000004	1.0110501186994019
62.15	1.0120388345955438
62.25	1.0142922851474496
62.35	1.0126423910594737
62.45	1.0138852854303475
62.550000000000004	1.017187977161616
62.65	1.0160025199087213
62.75	1.0163305762540045
62.85	1.015213082612287
62.95	1.0180354097861837
63.050000000000004	1.0172241616053666
63.15	1.017096589839607
63.25	NaN
63.35	1.0157630407028362
63.45	1.0114035467681968
63.550000000000004	1.0127248847155752
63.65	1.0116229703004538
63.75	1.0103969966733186
63.85	1.0092138915006374
63.95	1.0077687816538483
64.05	1.0068140631664406
64.14999999999999	1.005480558257054
64.25	1.0033464485044223
64.35	1.0023780795762478
64.44999999999999	0.999354709521251
64.55	0.9983611407880439
64.64999999999999	0.9965288481088843
64.75	0.9951078226156176
64.85	0.9948505681344275
64.94999999999999	0.9943813683362158
65.05	0.991952999068364
65.14999999999999	0.9912915119805022
65.25	NaN
65.35	0.9893685322094395
65.44999999999999	NaN
65.55	0.9858333428421973
65.64999999999999	0.9849628665261877
65.75	0.9851379240101202
65.85	0.9862378313808475
65.94999999999999	0.9853277795199851
66.05	NaN
66.14999999999999	0.9861101559100114
66.25	0.9859271465372386
66.35	0.9864911430048179
66.44999999999999	0.9854625890001326
66.55	0.9842360640430516
66.64999999999999	NaN
66.75	0.9890939574844744
66.85	NaN
66.94999999999999	NaN
67.05	0.9912247667643619
67.14999999999999	0.9929227884605353
67.25	0.9927626220884469
67.35	0.9949660549272566
67.44999999999999	0.9986459034218451
67.55	1.0012623801752674
67.64999999999999	NaN
67.75	NaN
67.85	1.003993778911986
67.94999999999999	1.003921297189685
68.05	1.004168482498944
68.14999999999999	1.007191858402939
68.25	NaN
68.35	1.0072130407281517
68.44999999999999	1.0097180128024121
68.55	1.0104240108382698
68.64999999999999	NaN
68.75	1.0119451129074963
68.85	1.0118850156798869
68.94999999999999	1.0145711568819256
69.05	1.0125961192143809
69.14999999999999	1.013568510257229
69.25	1.0140686543244404
69.35	1.0142347136017604
69.44999999999999	NaN
69.55	1.0138263804177003
69.64999999999999	1.0128143092870892
69.75	NaN
69.85	1.0110582381492423
69.94999999999999	NaN
70.05	1.0091327586180843
70.14999999999999	1.0093168555948466
70.25	NaN
70.35	1.0063041245215651
70.44999999999999	NaN
70.55	1.0042353468235885
70.64999999999999	1.0037640755525277
70.75	1.0023190114428147
70.85	0.99823782383544
70.94999999999999	0.9971704726529488
71.05	0.9944167636058441
71.14999999999999	0.9966001667548037
71.25	NaN
71.35	0.9924350430709459
71.44999999999999	0.9921404043569884
71.55	0.9915802634382744
71.64999999999999	0.9917264966123414
71.75	0.9893629327591573
71.85	0.9885961227410021
71.94999999999999	0.9879191585517183
72.05	NaN
72.14999999999999	NaN
72.25	NaN
72.35	NaN
72.44999999999999	0.9869709345868833
72.55	0.9870567603434712
72.64999999999999	0.9862630462107049
72.75	NaN
72.85	0.9878276917093998
72.94999999999999	0.9889333663401534
73.05	0.990688193475708
73.14999999999999	0.9905147734213281
73.25	0.9907143353543145
73.35	0.9917372926973412
73.44999999999999	NaN
73.55	0.9943590296111728
73.64999999999999	NaN
73.75	NaN
73.85	0.9995125870757982
73.94999999999999	0.9987787697560293
74.05	1.0018607945486986
74.14999999999999	1.0024235277797247
74.25	1.0030152691759495
74.35	1.0050035508067923
74.44999999999999	1.0053534073603847
74.55	1.0064240186522715
74.64999999999999	1.0089118491935354
74.75	1.0086411968600824
74.85	1.0115466796912957
74.94999999999999	1.0131585434199757
75.05	1.01018638859847
75.14999999999999	1.0107289772213357
75.25	NaN
75.35	NaN
75.44999999999999	NaN
75.55	1.0122348844313065
75.64999999999999	NaN
75.75	NaN
75.85	1.0130069512314273
75.94999999999999	1.0108288842690576
76.05	1.0109990269073021
76.14999999999999	1.010473284931726
76.25	NaN
76.35	1.0076347423580019
76.44999999999999	NaN
76.55	1.0058429348477866
76.64999999999999	1.0065361034897327
76.75	NaN
76.85	NaN
76.95	NaN
77.05	NaN
77.14999999999999	0.998991266078981
77.25	0.9978805495622315
77.35	0.997085465233364
77.45	0.9972023293317374
77.55	0.9955908681464279
77.64999999999999	0.9941581917124738
77.75	0.9930566871348547
77.85	0.9917501630574399
77.95	0.9921788537350079
78.05	0.9914331121532571
78.14999999999999	0.9894811003735624
78.25	0.9907410087019665
78.35	0.9883157029218739
78.45	NaN
78.55	NaN
78.64999999999999	0.98876410313633
78.75	0.989566861962128
78.85	NaN
78.95	0.9880597269545104
79.05	NaN
79.14999999999999	NaN
79.25	0.9909238289781799
79.35	NaN
79.45	0.9942201749172456
79.55	0.991205854487347
79.64999999999999	NaN
79.75	0.993613902979271
79.85	0.9957929706107392
