0.15	0.03729381501949916
0.25	0.037664186128768956
0.35	0.03714992311343976
0.45	0.037483995682318014
0.55	0.0372031962958349
0.65	0.037439784310617244
0.7500000000000001	0.037982117952221985
0.85	0.03881559348071168
0.95	0.039008085577138564
1.05	0.03984258136347083
1.15	0.04038170454568339
1.25	0.040961943421282086
1.35	0.04203958732219776
1.45	0.042778987271682056
1.55	0.043865129341878285
1.65	0.04499006628022686
1.75	0.04611661957999819
1.85	0.04769467758513033
1.95	0.04885550881875687
2.05	0.05048452084200248
2.15	0.05219422853507792
2.25	0.05408272009987356
2.35	0.05599715994397361
2.45	0.05800065642196924
2.5500000000000003	0.06029747130099466
2.65	0.06308187505273913
2.75	0.06606188923649305
2.85	0.06910049530166673
2.95	0.07237835931458335
3.0500000000000003	0.07609732257875292
3.15	0.08014855134730817
3.25	0.08489742136928968
3.35	0.08994112387465322
3.45	0.0956111032327195
3.5500000000000003	0.10179936324986608
3.65	0.10780228641658024
3.75	0.11580637850219015
3.85	0.12392724523805444
3.95	0.13370409103991499
4.05	0.1434573017480422
4.1499999999999995	0.1548362149005096
4.25	0.16807587760437803
4.35	0.18356021558778285
4.449999999999999	0.20049973349078637
4.55	0.21971441515796125
4.6499999999999995	0.2419407432688564
4.75	0.26836235123872154
4.85	0.2946272978784517
4.95	0.33028011742698576
5.05	0.3688509637997217
5.1499999999999995	0.41322643685301236
5.25	0.4642893182740115
5.35	0.523845522197348
5.45	0.598747369503067
5.55	0.6770914960448318
5.6499999999999995	0.772746531220977
5.75	0.8865123793102254
5.85	1.0133040950025318
5.95	1.150632899490973
6.05	1.3085480549699409
6.1499999999999995	1.4815858377288942
6.25	1.6502016329886022
6.35	1.8159208848491522
6.45	1.9572587149126832
6.55	2.060956523950346
6.6499999999999995	2.124947578905824
6.75	2.1357538716674402
6.85	2.1033292173642026
6.95	2.026907574699264
7.05	1.9322065615220119
7.1499999999999995	1.8205024067740987
7.25	1.6996954826866475
7.35	1.5890347535418707
7.45	1.474600352086807
7.55	1.3711918638056575
7.6499999999999995	1.2831127910041378
7.75	1.1960357707305176
7.85	1.1219785695254008
7.95	1.056334622835251
8.05	0.9973130673681914
8.15	0.9465764066138577
8.25	0.9032516080688957
8.350000000000001	0.863196526968329
8.450000000000001	0.8311875385051686
8.55	0.8014541354610988
8.65	0.7758448230044217
8.75	0.756050972645441
8.850000000000001	0.7372191098364813
8.950000000000001	0.72265112808248
9.05	0.711084302945069
9.15	0.701675229799526
9.25	0.6937206278267675
9.350000000000001	0.6903499510544094
9.450000000000001	0.685892922620841
9.55	0.6852569083864939
9.65	0.6876283459636422
9.750000000000002	0.691281348727927
9.85	0.6960102318767712
9.95	0.7027360795375991
10.049999999999999	0.7111643875398046
10.149999999999999	0.7219064224990953
10.25	0.7334117011221813
10.35	0.7463399426022883
10.45	0.7621570376770863
10.549999999999999	0.7783111651187052
10.649999999999999	0.7974517847515338
10.75	0.8178765500486571
10.85	0.8385539294487231
10.95	0.8624078583748583
11.049999999999999	0.8873068091177573
11.149999999999999	0.9106753117025365
11.25	0.9385666473714742
11.35	0.9638146344355418
11.45	0.9914967712680482
11.549999999999999	1.0207926087200556
11.649999999999999	1.0477843114980565
11.75	1.0707573966260246
11.85	1.0976770862756995
11.95	1.123589626113227
12.049999999999999	1.1461494191335198
12.149999999999999	1.1663444310440998
12.25	1.1861573679218218
12.35	1.2029737018117532
12.45	1.2169906002657096
12.549999999999999	1.227830639633586
12.649999999999999	1.2348182575801392
12.75	1.23636728470501
12.85	1.242465404162481
12.95	1.2405867770150876
13.049999999999999	1.2352231783625425
13.149999999999999	1.225365304881844
13.25	1.2151617895025748
13.35	1.2006353155579588
13.45	1.1849717173398233
13.549999999999999	1.1683055116329395
13.649999999999999	1.1508225044451148
13.75	1.1304531043925952
13.85	1.1087344661601841
13.95	1.088301815138469
14.049999999999999	1.0678373048628664
14.149999999999999	1.0435012538100117
14.25	1.0253828529305518
14.35	1.0060972814189126
14.45	0.9875537023640802
14.549999999999999	0.970853901279897
14.649999999999999	0.9531852131683609
14.75	0.938241932673257
14.85	0.9235241678672952
14.95	0.9108663011134357
15.049999999999999	0.9001076124448465
15.149999999999999	0.8909620851042689
15.25	0.8794250732929383
15.35	0.8741100652161607
15.45	0.8683741264008743
15.549999999999999	0.8639046211090223
15.649999999999999	0.8608741964512038
15.75	0.8591711285183512
15.85	0.8570339555227527
15.95	0.859655856456114
16.05	0.85973165945253
16.15	0.8628493172297039
16.25	0.8675525765616933
16.349999999999998	0.8726831931818856
16.45	0.8762220091009336
16.55	0.8858958121982654
16.65	0.8930102585236804
16.75	0.9027624636963111
16.849999999999998	0.9115526255994144
16.95	0.9217242795572969
17.05	0.9335436637293573
17.15	0.9456164953322133
17.25	0.9573260873975842
17.349999999999998	0.9713653083862361
17.45	0.98162337779116
17.55	0.9950901053118573
17.65	1.0089857044488115
17.75	1.0195248300390212
17.849999999999998	1.0326812191591996
17.95	1.0431879880485382
18.05	1.0543886298263374
18.15	1.065307146262114
18.25	1.0749002891505586
18.349999999999998	1.0837608718354572
18.45	1.0904701506086938
18.55	1.0963406038817027
18.65	1.1054326920616644
18.75	1.1069299497518499
18.849999999999998	1.1098418279938849
18.95	1.1113898342014148
19.05	1.1118765088861091
19.15	1.1097926255449286
19.25	1.1075117437620303
19.35	1.1041175022563416
19.45	1.0986708471946083
19.55	1.0918336841352287
19.65	1.0872292816102953
19.75	1.076724773986035
19.85	1.0714351032958183
19.95	1.0618889134115628
20.05	1.0529111143329113
20.15	1.0446455228004892
20.25	1.03272762331702
20.35	1.0251712297800741
20.45	1.0159436359881975
20.55	1.0053357402473115
20.65	0.9961977377019064
20.75	0.98656327436177
20.85	0.9790419785354618
20.95	0.9714130653942744
21.05	0.9637319793219826
21.15	0.955410755519979
21.25	0.949978705838985
21.35	0.9441502752182995
21.45	0.9395740905934774
21.55	0.9355702284733688
21.65	0.93049208063891
21.75	0.9285336177072745
21.85	0.925272140291365
21.95	0.9251533347965668
22.05	0.9247188099252062
22.15	0.9228307702944529
22.25	0.9222761663552946
22.35	0.9274805209676004
22.45	0.9265563348728597
22.55	0.9310823446390177
22.65	0.9343692895030273
22.75	0.9367999250973653
22.85	0.9421080088948249
22.95	0.944870360790484
23.05	0.9501076420937002
23.15	0.9561320079762118
23.25	0.9622939856138577
23.35	0.9692626953791702
23.45	0.9771049447367769
23.55	0.984048388773188
23.65	0.9891600431988637
23.75	0.9968521897354097
23.85	1.0050413534098839
23.95	1.0111767715048041
24.05	1.015895907472077
24.15	1.0228132982401064
24.25	1.0298922311356715
24.35	1.036371223770553
24.45	1.0411934020594158
24.55	1.0479009221248938
24.65	1.0525583320069622
24.75	1.0557061948257642
24.85	1.057315254281437
24.95	1.0600022305020564
25.05	1.0629842512209828
25.15	1.0653464605159249
25.25	1.0625414601069638
25.35	1.0606811212978196
25.45	1.063596893384704
25.55	1.0604868737205373
25.65	1.0572886801011538
25.75	1.0555354824780538
25.85	1.0483366488599632
25.95	1.0493933300258647
26.05	1.04181578206741
26.15	1.0387542361895719
26.25	1.0342000251166739
26.35	1.0260148503127045
26.45	1.022605137482017
26.55	1.0151850677018721
26.65	1.0107474649810342
26.75	1.006612443940784
26.85	1.0020242578788894
26.95	0.9953498241057347
27.05	0.9899625627454813
27.15	0.9824272986216896
27.25	0.9789205723178013
27.35	0.9753638349362805
27.45	0.9715328845619128
27.55	0.9660393103446301
27.65	0.9635779786039043
27.75	0.9613391532209649
27.85	0.9590938575030075
27.95	0.9564907395020115
28.05	0.9550986226350344
28.15	0.951942505500841
28.25	0.9509816495186666
28.35	0.9517515338766078
28.45	0.9528432370065696
28.55	0.9492695079349359
28.65	0.9526725321615508
28.75	0.9562528114301253
28.85	0.9562051093792527
28.95	0.958398498100164
29.05	0.961324907640842
29.15	0.9652059251816489
29.25	0.9692116166925602
29.35	0.971480925148898
29.45	0.976089499684867
29.55	0.9780790452737315
29.65	0.9819048159402365
29.75	0.9876765145930072
29.85	0.9899819929447172
29.95	NaN
30.05	1.0017674829585834
30.15	1.0048775650782136
30.25	1.0101159473870307
30.35	1.0151653869715607
30.45	1.018649272095345
30.55	1.02000720912874
30.65	1.024535817816884
30.75	1.0293753723786832
30.85	1.032282202893148
30.95	1.0350589466296487
31.05	1.036077651429159
31.15	1.038062477318103
31.25	1.0393273634708327
31.35	1.040267020773706
31.45	1.0415809253832575
31.55	1.0411554551497813
31.65	1.0403022936841717
31.75	NaN
31.85	1.0391735136741267
31.95	1.0376710766749297
32.05	1.0345039913020655
32.15	1.032530096020214
32.25	1.0288099035203584
32.35	1.0265141189788185
32.45	1.0226613987162991
32.55	1.0181089222259425
32.65	1.017279061004929
32.75	1.0120824582891625
32.85	1.0098790697725095
32.95	1.0061357666547297
33.05	1.0021178129015476
33.15	1.00008270112302
33.25	0.9944553949092417
33.35	0.9908741484281042
33.45	0.9876260358409273
33.55	0.9812252483997961
33.65	0.9814677237140815
33.75	0.9786355008700676
33.85	0.9759835463523008
33.95	0.9766460115059714
34.05	0.9718237732347643
34.15	0.9732553768766539
34.25	0.9693187270132049
34.35	0.9692775459560703
34.45	0.9687674454929399
34.55	0.9671864234380242
34.65	0.9664697816050271
34.75	0.9679662971111629
34.85	0.9675375350844567
34.95	0.9686851911395402
35.05	0.9719378274937687
35.15	0.9715051575375464
35.25	0.9744884346337389
35.35	0.9760914581411226
35.45	0.9790772074928491
35.55	0.9788406805657612
35.65	0.9812162839543648
35.75	0.9858670326686103
35.85	0.9882531981286699
35.95	0.9897771477597098
36.05	0.9929811612997053
36.15	0.998088066710138
36.25	1.00012381010092
36.35	1.0011047247052776
36.45	1.004330722796522
36.55	1.0075774287017836
36.65	NaN
36.75	1.014356235774967
36.85	1.0184751996931036
36.95	1.0192241562320161
37.05	1.0204226442306874
37.15	1.0229058917557854
37.25	1.0236834635995602
37.35	1.0254791109810024
37.45	1.0266178720085168
37.55	1.0262339326233934
37.65	1.0282145493079202
37.75	1.0282454939147918
37.85	1.0268463725816415
37.95	1.0284142179677866
38.05	NaN
38.15	NaN
38.25	1.0239929920382227
38.35	1.0235448430633154
38.45	1.0218059514844298
38.550000000000004	1.0195258316808855
38.65	1.0170803768266752
38.75	1.01462461990375
38.85	1.0144162726554606
38.95	1.01114978013374
39.050000000000004	1.0111462244533573
39.15	1.0033724555131054
39.25	1.0023824589180539
39.35	1.0008247905137646
39.45	0.9977087496358509
39.550000000000004	0.9954754484355782
39.65	NaN
39.75	0.9906124228390647
39.85	0.9882631194089719
39.95	0.9875023051488937
40.050000000000004	0.9924888441030041
40.15	0.9816204158286282
40.25	0.9794093868522044
40.35	NaN
40.45	0.9780982260434267
40.550000000000004	0.9783571625063433
40.65	0.9786435995371604
40.75	0.9746509115939923
40.85	0.9760357039650387
40.95	0.9764597584136658
41.050000000000004	0.97597730905858
41.15	0.9753837507145987
41.25	0.9776952853552308
41.35	0.9778252120219225
41.45	0.9793170451663135
41.550000000000004	0.9806437478154035
41.65	0.9825502251778425
41.75	0.9840044101685856
41.85	0.9825909056797283
41.95	0.9887370532586859
42.050000000000004	0.9895242316197593
42.15	0.9910558683009045
42.25	0.9936633056127215
42.35	0.9957024653206993
42.45	1.0001812020367096
42.550000000000004	1.0007589382662982
42.65	1.0020319089420024
42.75	1.0065397749285134
42.85	1.0041721586485903
42.95	1.0087599998811476
43.050000000000004	1.0118229602306184
43.15	NaN
43.25	1.017087475990791
43.35	1.0158130257719387
43.45	1.0180673959284754
43.550000000000004	1.0164791667402315
43.65	NaN
43.75	NaN
43.85	1.0205143780045773
43.95	1.0224652043424267
44.050000000000004	1.0205875612959172
44.15	1.022076721023833
44.25	1.0215037310896227
44.35	1.0170548667303478
44.45	NaN
44.550000000000004	1.0175922230621466
44.65	1.0174521691334546
44.75	1.0152832360275064
44.85	1.014145076689684
44.95	1.0130320971064934
45.050000000000004	1.0101200810662323
45.15	1.0110857877803971
45.25	1.0083535558444228
45.35	1.0073301651166149
45.45	1.0034709323939817
45.550000000000004	1.003548566930794
45.65	1.0013142555769186
45.75	NaN
45.85	0.995320381869574
45.95	NaN
46.050000000000004	0.9944894987264394
46.15	0.9895578341737603
46.25	0.9915765648437719
46.35	NaN
46.45	0.9874309026053355
46.550000000000004	0.9851369039020845
46.65	NaN
46.75	0.9836418047867341
46.85	0.9838586279879651
46.95	0.9817281264296276
47.050000000000004	0.98224392960355
47.15	0.9813720353529453
47.25	0.9823867288755703
47.35	0.982363059603159
47.45	NaN
47.550000000000004	0.9838410133684063
47.65	0.9843283970836679
47.75	0.9843029106927055
47.85	0.9847087553032892
47.95	0.9870892307643298
48.050000000000004	0.9882695851309097
48.15	0.9884217035577447
48.25	0.9912327121491333
48.35	0.9932555755241445
48.45	0.9940690888568003
48.550000000000004	0.994082205835781
48.65	0.9988848327942361
48.75	0.9992011659483332
48.85	1.0015555217107546
48.95	1.0027372799552308
49.050000000000004	1.004692426946682
49.15	1.0059078291097436
49.25	1.0093076255741016
49.35	1.0086299933874483
49.45	1.0087994123924517
49.550000000000004	1.0104990706999206
49.65	1.0134290181309142
49.75	NaN
49.85	1.013686379891518
49.95	1.015957055965821
50.050000000000004	1.0154202361395366
50.15	1.0142859535034225
50.25	1.0157954755188394
50.35	1.0178976896769008
50.45	1.0160082054932371
50.550000000000004	1.0144386400318057
50.65	1.0135711343994476
50.75	1.0144851948709475
50.85	1.0152511627566616
50.95	1.0110286693903818
51.050000000000004	1.010720640956193
51.15	1.0096679529092891
51.25	1.0104348758664707
51.35	1.0073482578523894
51.45	1.0069662088290336
51.550000000000004	1.0062743095463118
51.65	1.0034544369783291
51.75	1.0044656292974514
51.85	1.0002812778900654
51.95	0.9994978805752242
52.050000000000004	0.9954666483009613
52.15	NaN
52.25	0.9952805277964429
52.35	0.9945562431523098
52.45	0.9907612255468077
52.550000000000004	0.9944742506593476
52.65	0.9896936675825158
52.75	0.9889587250326706
52.85	0.9892383147174044
52.95	0.9873235899521776
53.050000000000004	0.9896349420503934
53.15	0.9849581871987062
53.25	0.9850803972002045
53.35	0.9856602133779694
53.45	0.9842064909129173
53.550000000000004	0.986461147842125
53.65	0.9858069097997376
53.75	0.9860704913454533
53.85	0.9863108988586186
53.95	0.9856430580790516
54.050000000000004	0.9869199728360251
54.15	0.9897344786389035
54.25	0.9900535001396276
54.35	0.9897226198793106
54.45	0.9905253668489706
54.550000000000004	NaN
54.65	0.9938996090583522
54.75	0.9955937547380972
54.85	0.9956243361876604
54.95	0.9970421134812701
55.050000000000004	0.9995603780790795
55.15	1.000184398666387
55.25	1.0030748589348226
55.35	1.0024915608101401
55.45	1.0058615607730244
55.550000000000004	1.007899937416197
55.65	NaN
55.75	1.008108757122155
55.85	1.010368747799495
55.95	1.0106090870826472
56.050000000000004	1.0092459157164888
56.15	1.010883576124282
56.25	1.0128163179579341
56.35	1.0330213392443952
56.45	1.0121213521159114
56.550000000000004	1.0118507301992845
56.65	1.0111615983344484
56.75	1.0109897906296446
56.85	1.012420339733182
56.95	1.0111791340255116
57.050000000000004	1.012762591752696
57.15	1.0094522270798423
57.25	1.0103880115682873
57.35	1.0100734791077999
57.45	1.008749492271469
57.550000000000004	NaN
57.65	1.0064570204640466
57.75	1.0056156195926735
57.85	1.00454971520756
57.95	1.0019633109010018
58.050000000000004	NaN
58.15	1.0012924489732102
58.25	0.9991064564470776
58.35	0.9996306514927707
58.45	0.9971210979478469
58.550000000000004	0.9965371718828985
58.65	0.994162743317631
58.75	NaN
58.85	0.9919650994505289
58.95	0.9918507248590692
59.050000000000004	0.9906231479817383
59.15	0.9911075589133824
59.25	0.9894059769389107
59.35	0.9885837319591508
59.45	0.9899883456597843
59.550000000000004	0.9885640680313907
59.65	NaN
59.75	0.9899717234919031
59.85	0.9888937471409763
59.95	0.991193089178753
60.050000000000004	0.990692285344582
60.15	0.9905072823224949
60.25	0.9913631103717655
60.35	NaN
60.45	0.9936479302797147
60.550000000000004	0.9927144882674064
60.65	0.9927947640554474
60.75	0.9938332451139775
60.85	NaN
60.95	0.9963143038843231
61.050000000000004	0.9972272805402178
61.15	0.9982259467760114
61.25	0.999511946052382
61.35	0.9985774929271146
61.45	1.0003132343005383
61.550000000000004	1.0020777467406208
61.65	1.0011870814093105
61.75	1.0049901972700077
61.85	1.004606703690344
61.95	NaN
62.050000000000004	1.007426089307463
62.15	1.0068957109383023
62.25	1.0070667327320753
62.35	1.0077551699751526
62.45	NaN
62.550000000000004	1.0105700873894974
62.65	NaN
62.75	NaN
62.85	1.0090765603741145
62.95	1.0111060729058137
63.050000000000004	1.0081803994623653
63.15	1.0093334989706204
63.25	1.0093958010011546
63.35	1.0086514826669646
63.45	1.0090973859001333
63.550000000000004	1.007901983862943
63.65	NaN
63.75	1.009508380997056
63.85	NaN
63.95	1.0057926047700048
64.05	1.0050817058936246
64.14999999999999	1.0048009919662184
64.25	1.0021537102224902
64.35	NaN
64.44999999999999	1.000477794667013
64.55	0.9984930048603555
64.64999999999999	0.9984406146631747
64.75	0.9982211888903443
64.85	0.9962637035983917
64.94999999999999	0.995306557251154
65.05	0.9942751739452342
65.14999999999999	NaN
65.25	0.9926844947895915
65.35	0.9928851645754183
65.44999999999999	0.9922498566471126
65.55	0.9916674590434933
65.64999999999999	NaN
65.75	0.9921469318559832
65.85	0.9894933187006884
65.94999999999999	NaN
66.05	NaN
66.14999999999999	0.9905710793549171
66.25	0.9896754806960338
66.35	0.9909369443349175
66.44999999999999	0.9913927475268252
66.55	NaN
66.64999999999999	0.993296909812112
66.75	0.9935979704583568
66.85	NaN
66.94999999999999	NaN
67.05	NaN
67.14999999999999	NaN
67.25	0.9977499557521711
67.35	NaN
67.44999999999999	NaN
67.55	1.0009537202179213
67.64999999999999	1.000865916330872
67.75	1.0013005881230335
67.85	1.0032930113029916
67.94999999999999	NaN
68.05	1.0037478571683847
68.14999999999999	1.0026329797451001
68.25	1.0057686083984674
68.35	1.0058458897138325
68.44999999999999	1.0059113900836114
68.55	1.0070223834901306
68.64999999999999	NaN
68.75	1.008458558388423
68.85	1.0079636260736868
68.94999999999999	1.0083320610983957
69.05	NaN
69.14999999999999	1.0092717004315903
69.25	NaN
69.35	1.008061366095782
69.44999999999999	1.0067280152329843
69.55	1.0074989812469746
69.64999999999999	1.0090309452753652
69.75	1.0072207113034315
69.85	1.0077286804500865
69.94999999999999	1.0064363339264153
70.05	NaN
70.14999999999999	1.003066820872379
70.25	1.0050694279969712
70.35	1.003167120752804
70.44999999999999	1.0022780438611303
70.55	1.001719438149999
70.64999999999999	1.0009203707983425
70.75	1.0004940589100004
70.85	0.9994774901021818
70.94999999999999	0.9991745567963993
71.05	0.9959364982265698
71.14999999999999	NaN
71.25	0.9967400089359886
71.35	NaN
71.44999999999999	0.9950277018180409
71.55	0.9955586516371562
71.64999999999999	0.992976419667819
71.75	0.9925117306989567
71.85	NaN
71.94999999999999	NaN
72.05	0.9921818579575591
72.14999999999999	NaN
72.25	0.9926852458218234
72.35	0.9920932970370242
72.44999999999999	NaN
72.55	NaN
72.64999999999999	0.9910807109040449
72.75	0.992672282345153
72.85	0.9943171270700192
72.94999999999999	NaN
73.05	0.9951599876549061
73.14999999999999	0.996061054569113
73.25	0.9975175021098956
73.35	0.9966066440354321
73.44999999999999	0.9956945244197533
73.55	0.9989091461575732
73.64999999999999	0.9989040881904948
73.75	0.9990281441613745
73.85	0.9991438757527734
73.94999999999999	NaN
74.05	NaN
74.14999999999999	1.0011358638693366
74.25	1.0037147427633921
74.35	1.0017503625686723
74.44999999999999	1.0035258341784554
74.55	1.0049047619939735
74.64999999999999	NaN
74.75	NaN
74.85	1.0056459680125063
74.94999999999999	1.0048555688588838
75.05	1.0071773426968604
75.14999999999999	1.007878244766068
75.25	1.007059136435101
75.35	1.007928758808534
75.44999999999999	1.0067517409910756
75.55	1.0066112539314909
75.64999999999999	1.0071060297463637
75.75	NaN
75.85	1.0069873569075452
75.94999999999999	NaN
76.05	1.0046386898899207
76.14999999999999	1.0053274067721905
76.25	1.003733037949709
76.35	1.0042911406843853
76.44999999999999	NaN
76.55	1.0014456376510676
76.64999999999999	1.0051864902694463
76.75	NaN
76.85	1.0024782033518491
76.95	1.0014192482013085
77.05	0.9997200079676811
77.14999999999999	0.9990866196917126
77.25	NaN
77.35	NaN
77.45	NaN
77.55	0.9967036742669145
77.64999999999999	NaN
77.75	0.9992971632469075
77.85	0.9943639393356559
77.95	NaN
78.05	0.9957780106521235
78.14999999999999	NaN
78.25	0.9941214232062761
78.35	0.9928999069140462
78.45	NaN
78.55	NaN
78.64999999999999	NaN
78.75	0.9943730444333823
78.85	0.9924652179716569
78.95	0.9943812053305064
79.05	NaN
79.14999999999999	NaN
79.25	0.9958170483563797
79.35	0.9953176007456533
79.45	NaN
79.55	0.9962181308961872
79.64999999999999	NaN
79.75	0.996650378927899
79.85	0.9955117943515768
