0.15	0.01919009291788948
0.25	0.01890477366927837
0.35	0.019172899365357394
0.45	0.019370783059388566
0.55	0.019445251963577718
0.65	0.019470483637510666
0.7500000000000001	0.019649202415542272
0.85	0.019885980157890407
0.95	0.020314018068146176
1.05	0.020426124670854414
1.15	0.020802942705263207
1.25	0.021202788150154014
1.35	0.021688787892894294
1.45	0.02204491870852325
1.55	0.022553130862066877
1.65	0.02301342762547307
1.75	0.023621998898295155
1.85	0.024285113420603972
1.95	0.025006589946598455
2.05	0.025686167557652736
2.15	0.02659494603833519
2.25	0.027592814576276502
2.35	0.028529287987573287
2.45	0.0295661209657593
2.5500000000000003	0.03076432921867543
2.65	0.03202230999639312
2.75	0.033381413912474595
2.85	0.03485844264049664
2.95	0.03668404719572878
3.0500000000000003	0.03836638613021115
3.15	0.040289730986971334
3.25	0.04253104147374713
3.35	0.04509209131061743
3.45	0.047517445627077395
3.5500000000000003	0.05051502286241029
3.65	0.05376405779981564
3.75	0.057508929069586795
3.85	0.06095783445372775
3.95	0.06579977269693536
4.05	0.07072457445862662
4.1499999999999995	0.07630872168250798
4.25	0.08234295745715069
4.35	0.08998968475305909
4.449999999999999	0.09772678396478761
4.55	0.1065788091011806
4.6499999999999995	0.11656462899594795
4.75	0.12901605385043208
4.85	0.1427507522228918
4.95	0.15944215627750669
5.05	0.17727475817722743
5.1499999999999995	0.19983535230928243
5.25	0.22427755441486968
5.35	0.2545280272355485
5.45	0.2917024722326719
5.55	0.3356632408004319
5.6499999999999995	0.3871301645040849
5.75	0.4523332468215425
5.85	0.5294079625454987
5.95	0.6266202379225209
6.05	0.7476101491644366
6.1499999999999995	0.9021308477389275
6.25	1.0855748651917059
6.35	1.300964930308787
6.45	1.5784519205316945
6.55	1.8891525886159006
6.6499999999999995	2.2261747278724475
6.75	2.53537881600886
6.85	2.7872960981210753
6.95	2.9332030490613
7.05	2.913153220997688
7.1499999999999995	2.7678089333140203
7.25	2.5496153538859985
7.35	2.292553083797223
7.45	2.037532504493178
7.55	1.8171785264321563
7.6499999999999995	1.6049843657809488
7.75	1.4317419004671912
7.85	1.2805170869206712
7.95	1.1604148790862208
8.05	1.0607615409199298
8.15	0.9750980607291041
8.25	0.8997678382535161
8.350000000000001	0.8368036999909851
8.450000000000001	0.7879040415691434
8.55	0.74492542024303
8.65	0.7054615067666867
8.75	0.676088755091016
8.850000000000001	0.6508390567685512
8.950000000000001	0.6279548139645056
9.05	0.612528498100321
9.15	0.5976567624950048
9.25	0.5875705941104081
9.350000000000001	0.5791093198686252
9.450000000000001	0.5725561076968335
9.55	0.5693537135400698
9.65	0.5698998920243074
9.750000000000002	0.56967757405412
9.85	0.5724247343183182
9.95	0.578640985571223
10.049999999999999	0.585675124156203
10.149999999999999	0.5940715760753263
10.25	0.6053911659917371
10.35	0.6190515504963684
10.45	0.6351956604629823
10.549999999999999	0.6511674579254115
10.649999999999999	0.6731432885645711
10.75	0.6952918058302642
10.85	0.7205349966317841
10.95	0.7480159882526063
11.049999999999999	0.7773871746712866
11.149999999999999	0.809370754919626
11.25	0.8455496600384413
11.35	0.8798866746211818
11.45	0.9192303684998763
11.549999999999999	0.9596520544936326
11.649999999999999	1.0037070461544624
11.75	1.0461293405917524
11.85	1.085629531915094
11.95	1.1248573923327962
12.049999999999999	1.1641241277650605
12.149999999999999	1.2004086669083582
12.25	1.231736953021409
12.35	1.260619261775686
12.45	1.2828129594413744
12.549999999999999	1.3016583501214563
12.649999999999999	1.3204674301747101
12.75	1.330495753246266
12.85	1.339146182338675
12.95	1.3384356864803886
13.049999999999999	1.3415615161867378
13.149999999999999	1.3380110591579013
13.25	1.3280127879549046
13.35	1.3164579905655194
13.45	1.3033487302817186
13.549999999999999	1.2842902493633548
13.649999999999999	1.2661848751136648
13.75	1.2424202003616844
13.85	1.221867924408895
13.95	1.188521974429601
14.049999999999999	1.1611369494490915
14.149999999999999	1.1305596375369875
14.25	1.0964757195294021
14.35	1.0655359025151743
14.45	1.0343123221280006
14.549999999999999	1.002547211424572
14.649999999999999	0.9738904140301138
14.75	0.9475219611420247
14.85	0.9215146004883316
14.95	0.8979753710954153
15.049999999999999	0.876700138175486
15.149999999999999	0.8568208168130512
15.25	0.8422887085754401
15.35	0.8261234608819348
15.45	0.8140656427593538
15.549999999999999	0.8047886396534404
15.649999999999999	0.7953975669266627
15.75	0.789972026163679
15.85	0.7850516100120504
15.95	0.7827595214396045
16.05	0.7840302552296001
16.15	0.7838449444072741
16.25	0.786949455044219
16.349999999999998	0.7922268077371588
16.45	0.7982895354681079
16.55	0.804757526227989
16.65	0.8156315170199508
16.75	0.8260361344391691
16.849999999999998	0.839405933273154
16.95	0.8521339739358522
17.05	0.8689715993822974
17.15	0.8856152820948338
17.25	0.9040579927901564
17.349999999999998	0.9208083009474547
17.45	0.9414342124163605
17.55	0.9624051906189398
17.65	0.9849397999733879
17.75	1.006162247296741
17.849999999999998	1.0260625974380408
17.95	1.0454988334181827
18.05	1.0674916097238292
18.15	1.0864947689463762
18.25	1.1032615029276778
18.349999999999998	1.1205245301613351
18.45	1.1358103953734973
18.55	1.1457073582688286
18.65	1.1577973118591662
18.75	1.1679485784043013
18.849999999999998	1.1712222547566804
18.95	1.1768484190913633
19.05	1.1779461795865056
19.15	1.1731886373160405
19.25	1.1721826101770174
19.35	1.16938790307372
19.45	1.1620493526270113
19.55	1.1536715081266975
19.65	1.144890365611143
19.75	1.1308146280626834
19.85	1.1207661892371519
19.95	1.1077757250882465
20.05	1.0922406763830146
20.15	1.0813925354981258
20.25	1.06603509419326
20.35	1.0519888764188765
20.45	1.0383075801729784
20.55	1.0254492088745017
20.65	1.0097228541944228
20.75	0.9970198172378913
20.85	0.9841940043054032
20.95	0.9701297582513172
21.05	0.959885628936479
21.15	0.9481854484541363
21.25	0.9376168454719598
21.35	0.9269775129617993
21.45	0.9183638065672203
21.55	0.9087813729586545
21.65	0.901911529446347
21.75	0.8954240154418642
21.85	0.8922595663683556
21.95	0.8865134523621921
22.05	0.8843380614636039
22.15	0.8808243055246722
22.25	0.8802064251067468
22.35	0.8799215844212188
22.45	0.8815050371194831
22.55	0.8844146894675965
22.65	0.8853432236651909
22.75	0.8916932185137556
22.85	0.8974172114059832
22.95	NaN
23.05	0.9095672363744809
23.15	0.9175904355051134
23.25	0.9277333089854959
23.35	0.9374063055657932
23.45	0.9456349075493443
23.55	0.9556057763278665
23.65	0.9680880829208356
23.75	0.9785748531492
23.85	0.9907816355491437
23.95	1.0024401822645783
24.05	1.014845483995425
24.15	1.025868309638003
24.25	1.0362182868398917
24.35	1.0466775557342791
24.45	1.0574001484751758
24.55	1.0693667033947072
24.65	1.0753506870919294
24.75	1.0848749940319755
24.85	1.0916414028454213
24.95	1.0965050694856449
25.05	1.1000006805204143
25.15	1.1049021105677173
25.25	1.1039522039096774
25.35	1.1043779320850746
25.45	1.104716021409647
25.55	1.1023065055241605
25.65	1.0988919275030242
25.75	1.0942601797278584
25.85	1.0912914559374198
25.95	1.0823574023266929
26.05	1.0744181216697144
26.15	1.0669220411606362
26.25	1.0588115678523546
26.35	1.048070958920008
26.45	1.0427603846995082
26.55	1.0341770582539862
26.65	1.0244755123287015
26.75	1.016132415221404
26.85	1.0068343635717105
26.95	0.9983781558156483
27.05	0.9883360014483935
27.15	0.9825321457385335
27.25	0.97326109241635
27.35	0.9660910642587986
27.45	0.9599359896557613
27.55	0.9529947125623356
27.65	0.9455419104543024
27.75	0.9428556003300358
27.85	0.9373957920233298
27.95	0.934181194928073
28.05	0.9295859669834399
28.15	0.9278841909703566
28.25	0.9281485467082936
28.35	0.9234945323711254
28.45	0.924545741969157
28.55	0.9247468588894769
28.65	0.9234116405344728
28.75	0.9268877011642542
28.85	0.9294110310053041
28.95	0.9333695695105004
29.05	0.935507002770616
29.15	0.9381272367401997
29.25	0.9414041140532646
29.35	0.9467897482200962
29.45	0.9539570058749302
29.55	0.9593596872245131
29.65	0.9643372217161292
29.75	0.972149403319298
29.85	0.9801032356786669
29.95	0.9860335773522663
30.05	0.9934414379469672
30.15	1.001056836316477
30.25	1.0084716885158098
30.35	1.0147940196256657
30.45	1.0205380143813692
30.55	1.0294484290712755
30.65	1.0347767165869262
30.75	1.0401071753518758
30.85	1.0505796919205348
30.95	1.0526450220013257
31.05	1.0570956484173493
31.15	1.0613523769458484
31.25	1.0657183393956162
31.35	1.0644551959255133
31.45	1.0658031075935268
31.55	1.0703254754700187
31.65	1.0663181192214817
31.75	1.0660699303793268
31.85	1.0651834712874362
31.95	1.0639451880836455
32.05	1.0594921006062727
32.15	1.0563754369706686
32.25	1.0535966103400725
32.35	1.0475724655450835
32.45	1.042516844857392
32.55	1.0355083625812918
32.65	1.0319588043350374
32.75	1.025407582437221
32.85	1.0215986262815264
32.95	1.014644973594726
33.05	1.0078446223205215
33.15	1.0023539058031057
33.25	0.9992734234448378
33.35	0.9905585964022932
33.45	0.9848971309087772
33.55	0.9771339136091837
33.65	0.973050491015854
33.75	0.9685480237805135
33.85	0.9669763008444003
33.95	0.9662322397868103
34.05	0.9578164775554947
34.15	0.9560787392253266
34.25	0.9536675744589347
34.35	0.9522501684365109
34.45	0.9490670722399768
34.55	0.9463183750887023
34.65	0.9463647368985666
34.75	0.9477430570045554
34.85	0.9470129163998606
34.95	0.9465481070068091
35.05	0.9498055618692551
35.15	0.9523371431128801
35.25	0.950979208741997
35.35	0.9563937169700113
35.45	0.9587024755056947
35.55	0.9616915638015714
35.65	0.9684786465791386
35.75	0.9701984213264279
35.85	0.9743152517931203
35.95	0.9813356259909927
36.05	0.983246783409053
36.15	0.9883799011109613
36.25	0.9952137844840093
36.35	1.0001648912085213
36.45	1.0043736644342265
36.55	NaN
36.65	1.0138803572693327
36.75	1.0194635748408054
36.85	1.024434001783394
36.95	1.0274211145293126
37.05	1.0320039857997219
37.15	1.03518781131687
37.25	1.036992647367743
37.35	1.0399201050401214
37.45	1.0418172334908928
37.55	1.0447807264843108
37.65	NaN
37.75	1.041841324033811
37.85	1.0497210410770617
37.95	1.0486929821463418
38.05	1.0470694194438308
38.15	1.044091359739695
38.25	1.0408837165860545
38.35	1.0411337492352206
38.45	1.0401227932345314
38.550000000000004	1.0345210803481029
38.65	1.0318430091772226
38.75	1.0282452898359578
38.85	1.02423810033971
38.95	1.0200868363285522
39.050000000000004	1.0166440298494428
39.15	NaN
39.25	NaN
39.35	NaN
39.45	NaN
39.550000000000004	0.9958000607618479
39.65	0.9897365538617142
39.75	0.9898033320208572
39.85	0.9831320788151439
39.95	0.9820742819788285
40.050000000000004	0.9779581306065602
40.15	NaN
40.25	0.9719090966544254
40.35	0.9686489969270766
40.45	0.9652851197884788
40.550000000000004	0.9649843094200543
40.65	0.9639263511881897
40.75	0.9622653458944671
40.85	0.9602737828153897
40.95	0.9618896590199741
41.050000000000004	0.9601045361606552
41.15	0.9616687073713424
41.25	0.9607720468905729
41.35	0.9632167743990431
41.45	0.9653686324517644
41.550000000000004	NaN
41.65	0.9695477456396779
41.75	0.9696861249274973
41.85	0.9747671847937515
41.95	0.9756844915340792
42.050000000000004	0.9801390411772106
42.15	NaN
42.25	0.9856864534765107
42.35	0.9891795173592786
42.45	0.994115813445741
42.550000000000004	0.9970853563790792
42.65	1.0004554256158924
42.75	1.005660724751684
42.85	1.0084544476677377
42.95	1.013516401041137
43.050000000000004	1.0161964185220151
43.15	1.0199095995733187
43.25	1.0227729075935075
43.35	1.024067941979691
43.45	1.0266647246910725
43.550000000000004	1.0282160487168117
43.65	NaN
43.75	1.0314712016300744
43.85	1.0334803441654634
43.95	1.0332793492556378
44.050000000000004	1.0345083349411353
44.15	1.0354653506311746
44.25	NaN
44.35	1.0343636880674496
44.45	1.0331627432952428
44.550000000000004	1.0316940128416818
44.65	1.0302060679242573
44.75	1.0297177060787661
44.85	1.0246718379582394
44.95	1.0210719492646296
45.050000000000004	1.0223210785402155
45.15	1.0173937499691132
45.25	1.0146050565775087
45.35	NaN
45.45	1.0085197635126162
45.550000000000004	1.0058217201198216
45.65	NaN
45.75	0.99811093649328
45.85	0.9957243565197869
45.95	0.9921511449657471
46.050000000000004	0.9874673879228991
46.15	0.9866743306787996
46.25	0.9831102564400362
46.35	0.9811226379401915
46.45	0.9793732485308873
46.550000000000004	0.9772754312654078
46.65	NaN
46.75	0.9729049208465558
46.85	0.9706223545180511
46.95	0.9730005634796581
47.050000000000004	0.9725571122582489
47.15	0.9711472335717597
47.25	0.971465967520292
47.35	0.9724951648342719
47.45	0.9708381929297064
47.550000000000004	0.9720175766204119
47.65	0.9728163580388691
47.75	0.9747022367677436
47.85	0.9751812361249543
47.95	0.9775335834007901
48.050000000000004	0.9785842506333458
48.15	0.9784558930683247
48.25	0.9833224756126201
48.35	0.9847695933713577
48.45	0.9904773324920466
48.550000000000004	0.9903490709909527
48.65	0.9943778165633302
48.75	0.9965473396209004
48.85	1.0000953176910523
48.95	1.0029927913301202
49.050000000000004	1.0050283217641598
49.15	NaN
49.25	1.0105239154846513
49.35	1.0129949690525515
49.45	1.0149119980490113
49.550000000000004	1.0154289735419881
49.65	1.0197261368599804
49.75	1.0217407585283746
49.85	1.024578738501207
49.95	1.0253473047064785
50.050000000000004	1.0257722035607606
50.15	1.0281523188960282
50.25	1.027095309540857
50.35	1.0279899455423736
50.45	1.0266447265945005
50.550000000000004	1.0271532443999931
50.65	1.0258119359193507
50.75	1.0255924864566572
50.85	1.0231316639981654
50.95	NaN
51.050000000000004	1.0210207780870324
51.15	1.0202257484097597
51.25	1.0169604345717334
51.35	1.0163566024101798
51.45	1.011431651143502
51.550000000000004	NaN
51.65	1.0077958315973798
51.75	1.0055521656554922
51.85	1.0030403815125324
51.95	0.9989805160470009
52.050000000000004	NaN
52.15	0.9967483090133317
52.25	0.9936067800810462
52.35	0.9916647877506032
52.45	0.9874050131071684
52.550000000000004	0.9873633041914108
52.65	0.9838138857412445
52.75	0.983357979686674
52.85	0.9815621127424303
52.95	NaN
53.050000000000004	0.9792549205341142
53.15	NaN
53.25	0.977854830623173
53.35	0.977578908350163
53.45	0.9778101289920179
53.550000000000004	NaN
53.65	0.9755966140306248
53.75	NaN
53.85	0.977671452806528
53.95	0.9786771255512745
54.050000000000004	NaN
54.15	0.9848219531581224
54.25	NaN
54.35	0.9828138258127219
54.45	0.9856227490393121
54.550000000000004	NaN
54.65	0.9893031347850081
54.75	0.9904460928417611
54.85	0.9955083398459723
54.95	0.9966637317491494
55.050000000000004	0.9977400081709548
55.15	1.0008716492249428
55.25	1.0027007475401282
55.35	1.0032014272405374
55.45	1.0067397981682678
55.550000000000004	1.0082291431820272
55.65	1.008393488352683
55.75	1.0105606971449725
55.85	1.0143701811261727
55.95	1.0153169790685883
56.050000000000004	1.0152416489973086
56.15	1.0196657562977016
56.25	1.017419205444645
56.35	1.021570531175778
56.45	1.021396226542059
56.550000000000004	1.0234737088133652
56.65	1.0221887586059692
56.75	NaN
56.85	1.0206961584601302
56.95	1.0201919500475007
57.050000000000004	1.019609239124396
57.15	1.0192497930669193
57.25	1.0164784888034197
57.35	NaN
57.45	1.0158639024872782
57.550000000000004	1.0122316388843107
57.65	1.0116878874742616
57.75	1.0094736164010567
57.85	1.0069636264043582
57.95	1.005292771672135
58.050000000000004	1.0033511815753602
58.15	1.0035765974780269
58.25	0.9990238954397175
58.35	0.9983901439184765
58.45	NaN
58.550000000000004	0.9941864541819697
58.65	0.9927375234865095
58.75	NaN
58.85	0.9875498056680877
58.95	NaN
59.050000000000004	0.9871295608995387
59.15	0.9842523345875808
59.25	0.983682977970672
59.35	0.9842668453190745
59.45	0.9813842310486189
59.550000000000004	0.9823604085991099
59.65	0.9817772668973156
59.75	0.9830192318619152
59.85	NaN
59.95	0.9828164929212292
60.050000000000004	NaN
60.15	0.9822406453944033
60.25	0.9864881407799846
60.35	NaN
60.45	0.9859757416329664
60.550000000000004	0.9845542956679536
60.65	0.9886224027872896
60.75	0.9891024211166647
60.85	0.9905507986310431
60.95	0.9934345827898777
61.050000000000004	0.9927191496254415
61.15	0.996461916768313
61.25	0.9983118106515861
61.35	0.9977492561510083
61.45	1.000562075117047
61.550000000000004	NaN
61.65	1.0043433802498303
61.75	NaN
61.85	NaN
61.95	1.0082410229428358
62.050000000000004	1.0102234511830759
62.15	1.0124097517333117
62.25	1.0118228081359446
62.35	1.0146252114209162
62.45	1.0164209873367205
62.550000000000004	1.0157361894278278
62.65	1.0157886197670665
62.75	1.0168290512114155
62.85	1.0169533325172198
62.95	1.017652161342752
63.050000000000004	1.0171812493918058
63.15	1.0165275450411342
63.25	NaN
63.35	1.015850607691324
63.45	1.014005311490354
63.550000000000004	1.0138230977482325
63.65	1.0141174610982824
63.75	1.0107733918951836
63.85	1.011088173813394
63.95	1.0084344505432203
64.05	1.0092045613186278
64.14999999999999	1.005865836487311
64.25	1.0019463270719247
64.35	1.002956198435079
64.44999999999999	1.0012406217599246
64.55	0.9997436290869484
64.64999999999999	0.9978636995128263
64.75	0.9995547221669611
64.85	0.994151970950817
64.94999999999999	0.995272513304178
65.05	0.9931142405524125
65.14999999999999	0.9900260708906552
65.25	NaN
65.35	0.9873955479184899
65.44999999999999	NaN
65.55	0.9856689398927609
65.64999999999999	0.9864525830236148
65.75	0.986288056013227
65.85	0.9842968929192764
65.94999999999999	0.9841385097445992
66.05	NaN
66.14999999999999	0.9829781060051892
66.25	0.9850195968340001
66.35	0.9840947306910465
66.44999999999999	0.9863519345335869
66.55	0.9862239464489314
66.64999999999999	NaN
66.75	0.9861152809456476
66.85	NaN
66.94999999999999	NaN
67.05	0.9900116209707995
67.14999999999999	0.9929185508684152
67.25	0.9924376265083573
67.35	0.9956106923624467
67.44999999999999	0.9965991230122848
67.55	1.0006917449738577
67.64999999999999	NaN
67.75	NaN
67.85	1.0010145979118659
67.94999999999999	1.0055105933019706
68.05	1.0059341294543862
68.14999999999999	1.0082162973473974
68.25	NaN
68.35	1.0079810438102015
68.44999999999999	1.0089633963740638
68.55	1.0122401863486405
68.64999999999999	NaN
68.75	1.0130846703039258
68.85	1.0117358274356534
68.94999999999999	1.0150261474286284
69.05	1.0143818347606837
69.14999999999999	1.0132958246584658
69.25	1.0110014382145092
69.35	1.013545786613286
69.44999999999999	NaN
69.55	1.012355574176625
69.64999999999999	1.013836917397023
69.75	NaN
69.85	1.011821834474366
69.94999999999999	NaN
70.05	1.0081982630496886
70.14999999999999	1.0077092610486869
70.25	NaN
70.35	1.0064274594424212
70.44999999999999	NaN
70.55	1.0037856825813785
70.64999999999999	0.9999949930965066
70.75	1.0026356563830576
70.85	0.9999758721715974
70.94999999999999	0.9972710155980414
71.05	0.9978601451779574
71.14999999999999	0.9973143244526208
71.25	NaN
71.35	0.9923543369357822
71.44999999999999	0.9908245605082764
71.55	0.9911436625466076
71.64999999999999	0.9908016029380841
71.75	0.9895668029129057
71.85	0.9893049026130303
71.94999999999999	0.9865475988725907
72.05	NaN
72.14999999999999	NaN
72.25	NaN
72.35	NaN
72.44999999999999	0.9881211385590118
72.55	0.9884363781181283
72.64999999999999	0.9893928831062115
72.75	NaN
72.85	0.9883584345854636
72.94999999999999	0.9904030362752361
73.05	0.9906036998577936
73.14999999999999	0.9908648725462706
73.25	0.9919234802020145
73.35	0.9927763284167344
73.44999999999999	NaN
73.55	0.9955459765894354
73.64999999999999	NaN
73.75	NaN
73.85	0.9998232192713359
73.94999999999999	1.0008802548596947
74.05	1.001585619052011
74.14999999999999	1.0027881768598916
74.25	1.0037610619348023
74.35	1.0052954217217176
74.44999999999999	1.0057205162716998
74.55	1.0079369648835304
74.64999999999999	1.0062426325544909
74.75	1.0083856162132028
74.85	1.0106056517153805
74.94999999999999	1.0103800671023464
75.05	1.0105258424755417
75.14999999999999	1.0107662998267846
75.25	NaN
75.35	NaN
75.44999999999999	NaN
75.55	1.0118791752193186
75.64999999999999	NaN
75.75	NaN
75.85	1.0132602570971692
75.94999999999999	1.0112409653569907
76.05	1.0098550340483736
76.14999999999999	1.0084487652193466
76.25	NaN
76.35	1.0087073424509831
76.44999999999999	NaN
76.55	1.0053930582985646
76.64999999999999	1.0059675850926928
76.75	NaN
76.85	NaN
76.95	NaN
77.05	NaN
77.14999999999999	0.9963012512435924
77.25	0.9980279604449059
77.35	0.9956338211745972
77.45	0.9969651969383758
77.55	0.9957982158718465
77.64999999999999	0.9934004549150365
77.75	0.9938348203054966
77.85	0.9915883818830811
77.95	0.9923423617117584
78.05	0.9895773631210203
78.14999999999999	0.9902106474890422
78.25	0.9914824589652523
78.35	0.9900284732176704
78.45	NaN
78.55	NaN
78.64999999999999	0.9888992856636177
78.75	0.9888219361496386
78.85	NaN
78.95	0.9901996076519762
79.05	NaN
79.14999999999999	NaN
79.25	0.9914214822053449
79.35	NaN
79.45	0.9936017218827482
79.55	0.9930144599059926
79.64999999999999	NaN
79.75	0.9956046808474104
79.85	0.9960143629351267
