0.15	0.03948023709333072
0.25	0.03690721036246333
0.35	0.0372123481811168
0.45	0.036940109615244784
0.55	0.03780690374335012
0.65	0.03788353632302077
0.7500000000000001	0.038184686206430216
0.85	0.038513256539041925
0.95	0.03892175965305507
1.05	0.03978419711783333
1.15	0.04036390875646502
1.25	0.04113911732511804
1.35	0.041883775012942596
1.45	0.04281928796754211
1.55	0.04369152165723274
1.65	0.044881434272211744
1.75	0.04626218551180361
1.85	0.0475697482796047
1.95	0.048873947181397905
2.05	0.0503257894316998
2.15	0.05211723158658457
2.25	0.05410960875543785
2.35	0.05589779896661806
2.45	0.05808549000615543
2.5500000000000003	0.06033605742944111
2.65	0.06298580988658377
2.75	0.06607996300732108
2.85	0.06918838626839921
2.95	0.07243730780510624
3.0500000000000003	0.07619328159356167
3.15	0.08024149698343963
3.25	0.08491852437564461
3.35	0.09014760410657954
3.45	0.09558456683994833
3.5500000000000003	0.10148876642024245
3.65	0.10776204946981309
3.75	0.11565083497893079
3.85	0.1237592257133363
3.95	0.13369445902893928
4.05	0.14364199874343261
4.1499999999999995	0.1554445049149214
4.25	0.16825878377633963
4.35	0.18332438540755547
4.449999999999999	0.2006447945134339
4.55	0.2202231748509866
4.6499999999999995	0.24218158165856454
4.75	0.2679179356349761
4.85	0.2946151112719945
4.95	0.330187705348966
5.05	0.36893564736048967
5.1499999999999995	0.41291261881560853
5.25	0.463748447085679
5.35	0.5238057984137262
5.45	0.5960710698703818
5.55	0.6767945988426812
5.6499999999999995	0.7731660110284356
5.75	0.8858776671430656
5.85	1.0124068009473288
5.95	1.149144124747391
6.05	1.3105541791726605
6.1499999999999995	1.480509632105012
6.25	1.6483145165106785
6.35	1.8143484881565144
6.45	1.9564975484763536
6.55	2.0611878666099503
6.6499999999999995	2.121689126064273
6.75	2.1367517792498734
6.85	2.102917231339446
6.95	2.0305497831209665
7.05	1.9360863351213842
7.1499999999999995	1.8156624367229648
7.25	1.7008541805605117
7.35	1.5874063087115593
7.45	1.4719422435360672
7.55	1.370538835465262
7.6499999999999995	1.2797218152469036
7.75	1.1970905449303808
7.85	1.1216105102985543
7.95	1.055778623277766
8.05	0.9968631214607772
8.15	0.9476627830569219
8.25	0.9031248986610761
8.350000000000001	0.8641177175931853
8.450000000000001	0.8293568008272045
8.55	0.8004650375386898
8.65	0.7772751718834099
8.75	0.7565480019711599
8.850000000000001	0.7382147016208738
8.950000000000001	0.7231486151513956
9.05	0.7114507402270361
9.15	0.7016930795712925
9.25	0.6941818796829164
9.350000000000001	0.6898745380766889
9.450000000000001	0.6873074640705429
9.55	0.6867790608072943
9.65	0.6871514449918007
9.750000000000002	0.691554980763662
9.85	0.6959232645370129
9.95	0.7037270369718649
10.049999999999999	0.7113329135698981
10.149999999999999	0.7217662198362264
10.25	0.733855309151733
10.35	0.7458129952128856
10.45	0.761918265951265
10.549999999999999	0.7799919814432537
10.649999999999999	0.7978839903175752
10.75	0.818753988403917
10.85	0.8394913850379614
10.95	0.8614637295153598
11.049999999999999	0.8879675596276435
11.149999999999999	0.9112170136197794
11.25	0.9370117350216519
11.35	0.9632632290146221
11.45	0.9912659274126516
11.549999999999999	1.0183857751171592
11.649999999999999	1.0460515660960166
11.75	1.0732407196350953
11.85	1.0978795180687138
11.95	1.124289967073433
12.049999999999999	1.1451570620611962
12.149999999999999	1.166395619310664
12.25	1.1873526807556094
12.35	1.2013556228968327
12.45	1.217302061869925
12.549999999999999	1.228445726011622
12.649999999999999	1.2378329984034513
12.75	1.241918764878901
12.85	1.2433144518774166
12.95	1.2402953506529606
13.049999999999999	1.2336150851947947
13.149999999999999	1.2263369804113207
13.25	1.216655566869986
13.35	1.2019359340339772
13.45	1.1865691733077353
13.549999999999999	1.1694255321749134
13.649999999999999	1.147874188043593
13.75	1.1302175787241426
13.85	1.1078192669240448
13.95	1.0853828617320995
14.049999999999999	1.0665273791578547
14.149999999999999	1.04473068085607
14.25	1.0270502935094952
14.35	1.0060833155567603
14.45	0.9864269045084213
14.549999999999999	0.9680473145950204
14.649999999999999	0.9545811656277029
14.75	0.9368406904350783
14.85	0.923597703804356
14.95	0.9107359353992294
15.049999999999999	0.899523201652245
15.149999999999999	0.8892365103393716
15.25	0.882382446181208
15.35	0.8734180129934843
15.45	0.8690355531399394
15.549999999999999	0.8636953769240633
15.649999999999999	0.8614542828337366
15.75	0.8585811255277322
15.85	0.8578350479915096
15.95	0.8592943594688374
16.05	0.8609694986455141
16.15	0.863570280754829
16.25	0.8678722221697637
16.349999999999998	0.872572702034403
16.45	0.8776335504882161
16.55	0.8855177200876923
16.65	0.8950318326512257
16.75	0.9033344301247407
16.849999999999998	0.9134078870597372
16.95	0.9219041561163193
17.05	0.933561041848874
17.15	0.9443921167043228
17.25	0.9573218262643577
17.349999999999998	0.9698595256369611
17.45	0.9824013384944574
17.55	0.996636179157436
17.65	1.0087840558649759
17.75	1.0209880386693027
17.849999999999998	1.0336028184045298
17.95	1.0425998993157621
18.05	1.0581429863497995
18.15	1.0665652495695346
18.25	1.0749151171426354
18.349999999999998	1.0847184551460431
18.45	1.0923356737765755
18.55	1.0985281830680707
18.65	1.1039593910369394
18.75	1.1091401593447767
18.849999999999998	1.1107843911683926
18.95	1.1113225902959465
19.05	1.111024152354563
19.15	1.1103696940862442
19.25	1.1060487339036233
19.35	1.1017499503338537
19.45	1.0995083878017198
19.55	1.0941880336660388
19.65	1.0862111036513702
19.75	1.079036569330668
19.85	1.0693650221786886
19.95	1.0625442269673404
20.05	1.0524549452065037
20.15	1.0437192086360934
20.25	1.03351917154473
20.35	1.023499017980984
20.45	1.0157742257107203
20.55	1.0036276726334832
20.65	0.9960038969392511
20.75	0.9844022252509367
20.85	0.9782330826716569
20.95	0.9663204719720322
21.05	0.9656906162087241
21.15	0.9561545452813575
21.25	0.9502991480182558
21.35	0.9436786646027381
21.45	0.9383667125514201
21.55	0.9359780691463666
21.65	0.9337287247596915
21.75	0.9281414015333846
21.85	0.925696173903047
21.95	0.923757686612292
22.05	0.9230897313415439
22.15	0.9241260249595121
22.25	0.92238901293383
22.35	0.925460986251322
22.45	0.9246433290833799
22.55	0.9296159966347222
22.65	0.9307626391615816
22.75	0.9367850275806686
22.85	0.9403030121661975
22.95	0.9464773928904767
23.05	0.9526715551656072
23.15	0.957597189332832
23.25	0.9621708417599616
23.35	0.9708122849892976
23.45	0.975034474491658
23.55	0.9796005707618262
23.65	0.9894497770998019
23.75	0.9926899759818612
23.85	1.004432068321181
23.95	1.0124207456261909
24.05	1.0186197362005938
24.15	1.0235197216842895
24.25	1.0314720820796768
24.35	1.0364182777769473
24.45	1.041357021462465
24.55	1.0466142803506873
24.65	1.051859795444381
24.75	1.0535014211305136
24.85	1.0588761214441729
24.95	1.0606981693671163
25.05	1.0611337263040843
25.15	1.0640836488551069
25.25	1.065090534711574
25.35	1.062173007247853
25.45	1.06222171523089
25.55	1.061537300247372
25.65	1.0602507975633846
25.75	1.0562445882309672
25.85	1.0516460783410955
25.95	1.04938813098195
26.05	1.0442013899167584
26.15	1.0389395351044746
26.25	1.033238174317357
26.35	1.0270392776372734
26.45	1.0220499264833032
26.55	1.018765086863882
26.65	1.0120272492329836
26.75	1.0061269160951383
26.85	1.0004626920629383
26.95	0.9954418486483482
27.05	0.9878314873976313
27.15	0.9835752517239751
27.25	0.9794436891234221
27.35	0.9763476836203993
27.45	0.97276390940454
27.55	0.9661304985072154
27.65	0.9622988285038759
27.75	0.9609459520990546
27.85	0.9579751661543726
27.95	0.9568742156379857
28.05	0.9543073383711195
28.15	0.9535371356173584
28.25	0.9529822728044699
28.35	0.9543680326556062
28.45	0.9533164333786176
28.55	0.9515874742204561
28.65	0.9545547969735577
28.75	0.9548558949323963
28.85	0.9572451032478398
28.95	0.9602656418237598
29.05	0.9613022211164364
29.15	0.9660070933707217
29.25	0.9668007845702696
29.35	0.9720807231602662
29.45	0.97452671896044
29.55	0.9775593151841558
29.65	0.9847842186651994
29.75	0.9883905643912986
29.85	0.9918195452620727
29.95	NaN
30.05	1.0003643101923985
30.15	1.0039966039521109
30.25	1.0100543589739968
30.35	1.0126648781023646
30.45	1.0202170877337187
30.55	1.0219788388682367
30.65	1.025667547640527
30.75	1.0280517458040843
30.85	1.031945437425593
30.95	1.035560182604895
31.05	1.0393330147009552
31.15	1.0382516486155047
31.25	1.0400439709959102
31.35	1.0403191755068453
31.45	1.040580267222256
31.55	1.0397796763888418
31.65	1.041370760556001
31.75	NaN
31.85	1.038382483097111
31.95	1.0363837621470533
32.05	1.0353017340628914
32.15	1.0328109235208818
32.25	1.0291337752241507
32.35	1.0265106419444305
32.45	1.0234106004685013
32.55	1.0216986267796442
32.65	1.0181099401987996
32.75	1.0134429186188312
32.85	1.009389580952393
32.95	1.0060568424079295
33.05	1.0037911112293154
33.15	0.9978421504876731
33.25	0.9946157806764907
33.35	0.9945263658945507
33.45	0.9886705255645564
33.55	0.9841409472813185
33.65	0.9820093689012381
33.75	0.9800257182659597
33.85	0.9793171216967388
33.95	0.9751356578621683
34.05	0.9724273980272553
34.15	0.971747299792533
34.25	0.9696600794034058
34.35	0.9688932959588091
34.45	0.9679390405283868
34.55	0.9684574714528998
34.65	0.9674808384239318
34.75	0.9670778306601522
34.85	0.9681252016617312
34.95	0.9695764706695132
35.05	0.9674351419724909
35.15	0.9706060257604955
35.25	0.9730998295123162
35.35	0.9734662036676519
35.45	0.9771509417187524
35.55	0.9793513296006867
35.65	0.9807811276583838
35.75	0.9840809687380594
35.85	0.9877354636890805
35.95	0.9905575905702481
36.05	0.9919782935478888
36.15	0.9969551849873164
36.25	0.996884092823476
36.35	1.0029019130674652
36.45	1.0057932477111056
36.55	1.0089186662272598
36.65	NaN
36.75	1.0138271190956503
36.85	1.016202679729613
36.95	1.017941495108894
37.05	1.02175165270622
37.15	1.0222523185081656
37.25	1.023906239673076
37.35	1.026738267335256
37.45	1.0257583782925384
37.55	1.0272816918748107
37.65	1.0267658514784483
37.75	1.0277774532733688
37.85	1.027801667578213
37.95	1.0266410864838353
38.05	NaN
38.15	NaN
38.25	1.021690493403996
38.35	1.023069682582222
38.45	1.0220351245283428
38.550000000000004	1.0210210775132245
38.65	1.0174596686468067
38.75	1.0150324245622275
38.85	1.013757629582503
38.95	1.0087635534075399
39.050000000000004	1.0069618822310067
39.15	1.0053277915865468
39.25	1.003670214239691
39.35	1.0007379846501734
39.45	0.9983915634925309
39.550000000000004	0.9937407419595246
39.65	NaN
39.75	0.9922754989159038
39.85	0.9882808822861817
39.95	0.9862035250544275
40.050000000000004	0.9848055139533288
40.15	0.9825883856946074
40.25	0.9806855840812296
40.35	NaN
40.45	0.9778051731581815
40.550000000000004	0.9774257719112645
40.65	0.9774041041266904
40.75	0.9773763755754277
40.85	0.9772832933725192
40.95	0.9775923968645803
41.050000000000004	0.9779070303577898
41.15	0.9793952513397635
41.25	0.9766809400996997
41.35	0.9810840940528285
41.45	0.979508528315802
41.550000000000004	0.9799152838823237
41.65	0.9821321212185413
41.75	0.9839113157794637
41.85	0.9841553693856647
41.95	0.9888652141470171
42.050000000000004	0.9886133323489367
42.15	0.9912446955799863
42.25	0.992790436220027
42.35	0.9938701762521502
42.45	0.9953299620747963
42.550000000000004	0.9997289012004791
42.65	1.0000052639316515
42.75	1.0046004633444672
42.85	1.0061012435447054
42.95	1.0079285856909466
43.050000000000004	1.0110230351582663
43.15	NaN
43.25	1.0140345637567127
43.35	1.0145989915690594
43.45	1.0171821021851015
43.550000000000004	1.0218805404539693
43.65	NaN
43.75	NaN
43.85	1.0221575588484986
43.95	1.0214347136106399
44.050000000000004	1.020654450668395
44.15	1.019426860383808
44.25	1.0218035722505179
44.35	1.0204126085511418
44.45	NaN
44.550000000000004	1.0180108400314871
44.65	1.018782435210349
44.75	1.016144770548954
44.85	1.0154452021250575
44.95	1.0124700675971305
45.050000000000004	1.0124541144823838
45.15	1.0099956686058753
45.25	1.008711778111282
45.35	1.0043801118564712
45.45	1.0039549539880313
45.550000000000004	1.0004606560724936
45.65	1.0005972862131558
45.75	NaN
45.85	0.9961141067180128
45.95	NaN
46.050000000000004	0.9921217154987425
46.15	0.9917599365695712
46.25	0.9886723672580288
46.35	NaN
46.45	0.987994823627196
46.550000000000004	0.9856644583727736
46.65	NaN
46.75	0.983779725789606
46.85	0.9841711078721831
46.95	0.9834976908628928
47.050000000000004	0.9821849305025536
47.15	0.9816861167648462
47.25	0.9818874129075316
47.35	0.9817882616250396
47.45	NaN
47.550000000000004	0.9831168366974323
47.65	0.9848249487218675
47.75	0.9841016371799094
47.85	0.985259444547914
47.95	0.9871081469300418
48.050000000000004	0.991869482280397
48.15	0.9891609342637706
48.25	0.9896629912776244
48.35	0.9930553836398136
48.45	0.9936598646667391
48.550000000000004	0.9947688716892295
48.65	0.9981916815738092
48.75	0.9972620231541652
48.85	1.0011364051365177
48.95	1.0040340963282708
49.050000000000004	1.0050390961998916
49.15	1.006896305823277
49.25	1.0076691372256925
49.35	1.00865951328898
49.45	1.011955728638155
49.550000000000004	1.015251003963274
49.65	1.0128888722522542
49.75	NaN
49.85	1.0140842496340983
49.95	1.0144892055786225
50.050000000000004	1.0157683927842043
50.15	1.0166065558631718
50.25	1.0169994031630365
50.35	1.0140336865415687
50.45	1.0159670894992128
50.550000000000004	1.0161476860607859
50.65	1.0146263701377045
50.75	1.015056561488296
50.85	1.0130297021867147
50.95	1.012677752541246
51.050000000000004	1.0121961696663664
51.15	1.0102498880385824
51.25	1.008497007628474
51.35	1.008340968536596
51.45	1.0073508548662178
51.550000000000004	1.0063308133510536
51.65	1.0040011419575097
51.75	1.0019049777665916
51.85	1.0004460893150764
51.95	0.9991515267308709
52.050000000000004	0.9985943615814176
52.15	NaN
52.25	0.9948462893963476
52.35	0.9946764653855882
52.45	0.9926067034459272
52.550000000000004	0.9930551763365204
52.65	0.9896655554008619
52.75	0.9897780173760685
52.85	0.9894489380427424
52.95	0.9893659435617914
53.050000000000004	0.9880262005683026
53.15	0.9892832820963904
53.25	0.9872799776442732
53.35	0.9858545973647507
53.45	0.9860835557321602
53.550000000000004	0.9855521216093257
53.65	0.9850213074602027
53.75	0.9848880594650403
53.85	0.9863693718550272
53.95	0.9865440793333028
54.050000000000004	0.9885308364361977
54.15	0.990532660635013
54.25	0.9895003587404331
54.35	0.9904331340565367
54.45	0.9939807470129544
54.550000000000004	NaN
54.65	0.9952832078978683
54.75	0.9949385665292588
54.85	0.998316048411579
54.95	0.9977257741738746
55.050000000000004	0.9986489302547151
55.15	1.0013366533695223
55.25	1.0034328113697593
55.35	1.00432982878324
55.45	1.0074123999064406
55.550000000000004	1.0066505591025314
55.65	NaN
55.75	1.005898779166356
55.85	1.0089246357503647
55.95	1.0082870453194095
56.050000000000004	1.0103295954346418
56.15	1.0098605277455648
56.25	1.014162482144726
56.35	1.0157394190193365
56.45	1.0102932308591264
56.550000000000004	1.0132557959120745
56.65	1.0133184317718704
56.75	1.0137052013737249
56.85	1.0122134924581367
56.95	1.0127480249507264
57.050000000000004	1.0111753493494968
57.15	1.009370393471857
57.25	1.0119190713374413
57.35	1.0098198761438435
57.45	1.0095993635684934
57.550000000000004	NaN
57.65	1.005576883821958
57.75	1.0060761488645067
57.85	1.0039097669759214
57.95	1.0042467932812933
58.050000000000004	NaN
58.15	1.0013602516499944
58.25	0.9993659666627914
58.35	0.9987305447311627
58.45	0.9965327962699739
58.550000000000004	0.9948184376437903
58.65	0.9941663991161935
58.75	NaN
58.85	0.9937298063972213
58.95	0.9924368384569968
59.050000000000004	0.9924581191720543
59.15	0.9895036603121452
59.25	0.9898559053111385
59.35	0.9891185338172616
59.45	0.9896479349162467
59.550000000000004	0.9880568293281884
59.65	NaN
59.75	0.9876315733203336
59.85	0.9906678460954429
59.95	0.9880062635975181
60.050000000000004	0.9891959048738072
60.15	0.9893795141650704
60.25	0.9901159617432468
60.35	NaN
60.45	0.9887083281964004
60.550000000000004	0.9939973867761676
60.65	0.9940100694245319
60.75	0.9923874356003093
60.85	NaN
60.95	0.995454223375251
61.050000000000004	0.9965647224922822
61.15	0.9990875869809922
61.25	1.0004626975767044
61.35	1.001442910823173
61.45	1.0004407901511754
61.550000000000004	1.001938845593025
61.65	1.0048494762576645
61.75	1.0045566898474214
61.85	1.006136320952626
61.95	NaN
62.050000000000004	1.002409356106428
62.15	1.0079965323685285
62.25	1.0076903153334642
62.35	1.010944692096596
62.45	NaN
62.550000000000004	1.00890625332679
62.65	NaN
62.75	NaN
62.85	1.0094505038317847
62.95	1.0086503643906763
63.050000000000004	1.0099350720892057
63.15	1.010161861360827
63.25	1.0096000129985603
63.35	1.009059678249287
63.45	1.0090700093261296
63.550000000000004	1.0076946702478258
63.65	NaN
63.75	1.0063208077915775
63.85	NaN
63.95	1.0048811008641982
64.05	1.003811880192985
64.14999999999999	1.0024851496475948
64.25	1.0013656945490483
64.35	NaN
64.44999999999999	1.0003563217645035
64.55	0.9981089940762276
64.64999999999999	0.999022707914132
64.75	0.9972547492809999
64.85	0.9972417064600841
64.94999999999999	0.9972173212906257
65.05	0.9951491372434107
65.14999999999999	NaN
65.25	0.993885429249566
65.35	0.9919111877113816
65.44999999999999	0.9945400772682679
65.55	0.9918615705689032
65.64999999999999	NaN
65.75	0.9893461075319182
65.85	0.9916785011200773
65.94999999999999	NaN
66.05	NaN
66.14999999999999	0.9914122648798459
66.25	0.9942390489787348
66.35	0.9921674778752386
66.44999999999999	0.9928575609525252
66.55	NaN
66.64999999999999	0.993006643503706
66.75	0.9924630175062605
66.85	NaN
66.94999999999999	NaN
67.05	NaN
67.14999999999999	NaN
67.25	0.9985110779401154
67.35	NaN
67.44999999999999	NaN
67.55	0.9961072536201946
67.64999999999999	0.9989461456463061
67.75	0.9996465332012555
67.85	1.0020260302956898
67.94999999999999	NaN
68.05	1.0035248460379471
68.14999999999999	1.0053318399168558
68.25	1.0056231243702067
68.35	1.0072158255436439
68.44999999999999	1.0074146534319062
68.55	1.0070435830484799
68.64999999999999	NaN
68.75	1.0073927523833974
68.85	1.0081098057387707
68.94999999999999	1.005721763127927
69.05	NaN
69.14999999999999	1.008672123585324
69.25	NaN
69.35	1.0077949944074902
69.44999999999999	1.0072692924747455
69.55	1.0073834606148078
69.64999999999999	1.0068317164830292
69.75	1.0082027935337134
69.85	1.0057287394891843
69.94999999999999	1.0062026066970002
70.05	NaN
70.14999999999999	1.0052727829873345
70.25	1.0041988584199153
70.35	1.00361417998956
70.44999999999999	1.0018160162056555
70.55	1.0006197617832058
70.64999999999999	1.000431541030754
70.75	1.0011312866651556
70.85	0.998406590041903
70.94999999999999	0.9979461446800575
71.05	0.9963515150933813
71.14999999999999	NaN
71.25	0.9957803260233092
71.35	NaN
71.44999999999999	0.9949322018535217
71.55	0.9946987053046541
71.64999999999999	0.993270016285801
71.75	0.9936172515602122
71.85	NaN
71.94999999999999	NaN
72.05	0.9926305201682216
72.14999999999999	NaN
72.25	0.9914178222180469
72.35	0.9915989290332261
72.44999999999999	NaN
72.55	NaN
72.64999999999999	0.9928402732580341
72.75	0.9929048696389573
72.85	0.9927423453077993
72.94999999999999	NaN
73.05	0.9940397945312763
73.14999999999999	0.9954224800763077
73.25	0.996595996495784
73.35	0.9970930748338608
73.44999999999999	0.9969421347465512
73.55	0.9980588235549188
73.64999999999999	0.998211377673625
73.75	0.9999768664735375
73.85	0.9996770675733876
73.94999999999999	NaN
74.05	NaN
74.14999999999999	1.0019039283378741
74.25	1.003294261231884
74.35	1.003531803271155
74.44999999999999	1.0040743922590578
74.55	1.0033861543061984
74.64999999999999	NaN
74.75	NaN
74.85	1.0059396305706139
74.94999999999999	1.0065106154963614
75.05	1.0055353241039895
75.14999999999999	1.007356445766212
75.25	1.0058016330707946
75.35	1.006846926005166
75.44999999999999	1.0097039077247068
75.55	1.0066738512230877
75.64999999999999	1.007020060150587
75.75	NaN
75.85	1.005333106016607
75.94999999999999	NaN
76.05	1.0063739462732952
76.14999999999999	1.0055329526300902
76.25	1.0054520211821967
76.35	1.0042364529132206
76.44999999999999	NaN
76.55	1.004014024471286
76.64999999999999	1.0041415299845224
76.75	NaN
76.85	1.0011291295093763
76.95	1.0003669297820765
77.05	0.998723634710503
77.14999999999999	0.999037027911437
77.25	NaN
77.35	NaN
77.45	NaN
77.55	0.9963582014433723
77.64999999999999	NaN
77.75	0.9982036056228071
77.85	0.9954923825966124
77.95	NaN
78.05	0.9940917296765455
78.14999999999999	NaN
78.25	0.9939397253019777
78.35	0.9947843419385958
78.45	NaN
78.55	NaN
78.64999999999999	NaN
78.75	0.9926194330083461
78.85	0.993333500008362
78.95	0.9950200305046868
79.05	NaN
79.14999999999999	NaN
79.25	0.9939644679303534
79.35	0.9945884990492473
79.45	NaN
79.55	0.9978875531119671
79.64999999999999	NaN
79.75	0.9981797576877688
79.85	0.9979690975525372
