0.15	0.019087575959319248
0.25	0.01893999229311545
0.35	0.019307604574404353
0.45	0.01926159284138693
0.55	0.019492046221639057
0.65	0.019183596085745994
0.7500000000000001	0.0194389254249651
0.85	0.020040529102704416
0.95	0.019999184753868225
1.05	0.02050348163345155
1.15	0.02082604447320047
1.25	0.02115833517873756
1.35	0.021501927684436862
1.45	0.02195557135192125
1.55	0.02248198410170416
1.65	0.02310876293462159
1.75	0.023643892506179452
1.85	0.024310794197618533
1.95	0.02512436234267092
2.05	0.02584788951410202
2.15	0.026601521437656265
2.25	0.0275338569164784
2.35	0.028578794550782525
2.45	0.029549562360817485
2.5500000000000003	0.030844455193616605
2.65	0.032074141968787793
2.75	0.03333791239831709
2.85	0.03488236578117104
2.95	0.036612089648565424
3.0500000000000003	0.03827915571126673
3.15	0.040282561775896
3.25	0.042484459454627505
3.35	0.045049718631729206
3.45	0.04752617091470775
3.5500000000000003	0.05059061996332916
3.65	0.0537276699217593
3.75	0.05755793831531764
3.85	0.06083736144243039
3.95	0.06579683225465612
4.05	0.07065304478368523
4.1499999999999995	0.0762910074705695
4.25	0.0824133063529173
4.35	0.08995353208992138
4.449999999999999	0.09767724109459455
4.55	0.10643524796861178
4.6499999999999995	0.11669951598033322
4.75	0.129223967735002
4.85	0.1430281428027215
4.95	0.15941200890160095
5.05	0.17677549722971556
5.1499999999999995	0.19968958908506498
5.25	0.22395653725882902
5.35	0.2545625636845563
5.45	0.2919620046529312
5.55	0.3351884490516493
5.6499999999999995	0.3869829564436625
5.75	0.4534511641432427
5.85	0.5298996982756762
5.95	0.6254649621345016
6.05	0.7468133296351351
6.1499999999999995	0.9006881411206963
6.25	1.0855125155468968
6.35	1.3002840424150093
6.45	1.5767321501866176
6.55	1.8858434108405198
6.6499999999999995	2.223635681416375
6.75	2.5411127087616507
6.85	2.7886673817636756
6.95	2.9275020552698523
7.05	2.906285704524526
7.1499999999999995	2.7745930424060847
7.25	2.5539088767147122
7.35	2.293077128550585
7.45	2.040985574179864
7.55	1.8152233656098624
7.6499999999999995	1.6068940799136706
7.75	1.4331565024489006
7.85	1.283620725484376
7.95	1.1615179012741383
8.05	1.0598775738270292
8.15	0.9741892655313746
8.25	0.8998570016470651
8.350000000000001	0.8387280010864151
8.450000000000001	0.7869188551872136
8.55	0.7436051763528296
8.65	0.7065506120903469
8.75	0.6781421019496988
8.850000000000001	0.651623213175162
8.950000000000001	0.6289960934749752
9.05	0.6119224419082332
9.15	0.5981690005479693
9.25	0.5866154895631168
9.350000000000001	0.5790664557139016
9.450000000000001	0.572151025416594
9.55	0.5699064809794832
9.65	0.5667853149963985
9.750000000000002	0.5692295441477768
9.85	0.5724329070254592
9.95	0.5775769190493811
10.049999999999999	0.5858205553212882
10.149999999999999	0.59427810860588
10.25	0.6055932335872776
10.35	0.6189629580919906
10.45	0.635122036400866
10.549999999999999	0.6524769378995604
10.649999999999999	0.6723781331481008
10.75	0.6935383710102905
10.85	0.7203509335400171
10.95	0.7465625509996154
11.049999999999999	0.7789599925753619
11.149999999999999	0.8107453897769633
11.25	0.8457104313258607
11.35	0.8817816595340062
11.45	0.9193207659159491
11.549999999999999	0.9615720815152632
11.649999999999999	1.0026618423267564
11.75	1.0456801532887268
11.85	1.0863840466787753
11.95	1.1271739761996298
12.049999999999999	1.1633301807002487
12.149999999999999	1.1982548404835662
12.25	1.2325766657596915
12.35	1.2603955781711436
12.45	1.2850644287183604
12.549999999999999	1.30446706564549
12.649999999999999	1.3196128132545926
12.75	1.3305911947197953
12.85	1.337154799265368
12.95	1.3381335963320409
13.049999999999999	1.3402471789272514
13.149999999999999	1.3341148437991615
13.25	1.3259377061687392
13.35	1.3164818267157175
13.45	1.3050232697987765
13.549999999999999	1.2872102773933092
13.649999999999999	1.2655151916854372
13.75	1.2404357505760988
13.85	1.2172679255705448
13.95	1.1898546951482147
14.049999999999999	1.159898626181423
14.149999999999999	1.129663540012118
14.25	1.099512826220603
14.35	1.0652468421767964
14.45	1.0328482399211485
14.549999999999999	1.0038265932600274
14.649999999999999	0.9746018929206308
14.75	0.9483584861653584
14.85	0.9227243635290023
14.95	0.8984729487889385
15.049999999999999	0.8769068465274269
15.149999999999999	0.8561987929383199
15.25	0.8406686967123229
15.35	0.8263111506729085
15.45	0.8137135946287734
15.549999999999999	0.802614466661792
15.649999999999999	0.795270593190687
15.75	0.7903211357943415
15.85	0.7857687729331357
15.95	0.7825287659925712
16.05	0.781600975536951
16.15	0.7826486924530299
16.25	0.7867380620971713
16.349999999999998	0.7933880255952465
16.45	0.7999510450061189
16.55	0.8058714487608893
16.65	0.8165859077492296
16.75	0.8254288068539202
16.849999999999998	0.8404832329568985
16.95	0.8542377785922642
17.05	0.8687184759338143
17.15	0.8866559455320441
17.25	0.9013221547420651
17.349999999999998	0.9228176244048011
17.45	0.9428224100348891
17.55	0.9629357175718873
17.65	0.9834560643651977
17.75	1.005628876641453
17.849999999999998	1.0251808331142218
17.95	1.0470845546512593
18.05	1.0658724951034484
18.15	1.0862052127636308
18.25	1.1037208553817397
18.349999999999998	1.1202726589056362
18.45	1.134319389885224
18.55	1.1473549943810804
18.65	1.1592490404875335
18.75	1.167744453911264
18.849999999999998	1.171986202113002
18.95	1.1760616085422433
19.05	1.176528245871069
19.15	1.1763188562912203
19.25	1.1706183971684831
19.35	1.1660996257731677
19.45	1.1626564145308167
19.55	1.1525213199088706
19.65	1.141160932503485
19.75	1.134160037916066
19.85	1.122905502898895
19.95	1.107376015256283
20.05	1.0934858186389513
20.15	1.0804070881102055
20.25	1.0664422406532847
20.35	1.0519458623481561
20.45	1.0407201131962662
20.55	1.026126958725999
20.65	1.0096026236233882
20.75	0.9959029434812793
20.85	0.9816801788229448
20.95	0.9718050558624455
21.05	0.9591097028223479
21.15	0.9472066460467415
21.25	0.9359270480253945
21.35	0.9262734021295976
21.45	0.9179585630330577
21.55	0.9084391715354202
21.65	0.9027160131635769
21.75	0.8976866339208657
21.85	0.8912636956132484
21.95	0.8874063594518122
22.05	0.8846637675552869
22.15	0.8821780871107917
22.25	0.8795397581855073
22.35	0.8809530050345824
22.45	0.8809039581674463
22.55	0.8831274636939123
22.65	0.8858403651078477
22.75	0.8909188598961045
22.85	0.8961331134930219
22.95	NaN
23.05	0.9092992626660579
23.15	0.9165421327386609
23.25	0.9268754769003765
23.35	0.9334032823111245
23.45	0.9449523987399872
23.55	0.9581644558501744
23.65	0.9687056870899343
23.75	0.9799550361474557
23.85	0.9923349851262525
23.95	1.0018990235754754
24.05	1.0149193898580282
24.15	1.0261093796826652
24.25	1.0377681800427394
24.35	1.045626023103648
24.45	1.058580496167641
24.55	1.0635854940040126
24.65	1.0781479365206161
24.75	1.0841435862175293
24.85	1.0920699432659753
24.95	1.0965476301236647
25.05	1.100293245825324
25.15	1.1036349328244461
25.25	1.1047914825123313
25.35	1.1053157403297096
25.45	1.1001038170522592
25.55	1.1025473688436596
25.65	1.0963582107371033
25.75	1.0927569278691838
25.85	1.0885508551838667
25.95	1.0833520037487607
26.05	1.0748669829922295
26.15	1.0671186299555628
26.25	1.060238195193099
26.35	1.0501380434114995
26.45	1.0442663700939483
26.55	1.032890747969379
26.65	1.0257234171920087
26.75	1.0156403637118363
26.85	1.0066869199663653
26.95	0.998763702925288
27.05	0.9893869572451383
27.15	0.9818096603592326
27.25	0.9731772470557818
27.35	0.9661064653672452
27.45	0.961084135442626
27.55	0.9536298892193363
27.65	0.9501439397185225
27.75	0.9424143036488988
27.85	0.9401138815599023
27.95	0.9345753755204698
28.05	0.9320916996112486
28.15	0.9281096317120744
28.25	0.9277698204081221
28.35	0.924093113450338
28.45	0.9242535984971021
28.55	0.924431388685503
28.65	0.9274193608705944
28.75	0.9259953064695576
28.85	0.929208618498415
28.95	0.9312260833169237
29.05	0.9351623192501956
29.15	0.9377338956191903
29.25	0.942161674582338
29.35	0.9475767446647925
29.45	0.9529637836185262
29.55	0.9590494657867318
29.65	0.963877892903627
29.75	0.9727080421475136
29.85	0.9771036170678045
29.95	0.9856511572144727
30.05	0.9933647039399498
30.15	0.9994796450119635
30.25	1.0075974261351224
30.35	1.0155414011075738
30.45	1.021487843082849
30.55	1.0306567679768364
30.65	1.0345143557501693
30.75	1.0423432712395628
30.85	1.0418360928802104
30.95	1.05247373777938
31.05	1.052994674623432
31.15	1.0606220709769894
31.25	1.0634985599469418
31.35	1.0663622643174353
31.45	1.067759322715489
31.55	1.067351262686755
31.65	1.0683389296277186
31.75	1.0668754744117088
31.85	1.0667089803202034
31.95	1.0633279491264778
32.05	1.0590839595846013
32.15	1.0575301540049553
32.25	1.0520485867852953
32.35	1.0498229806079389
32.45	1.0433790475437492
32.55	1.0359645488927196
32.65	1.0281748541817446
32.75	1.0252284341227162
32.85	1.0214304713078435
32.95	1.0138559149713526
33.05	1.008385603366905
33.15	1.0005078305072088
33.25	0.9961422577481358
33.35	0.9903192202556997
33.45	0.9840031940127685
33.55	0.9781838143725831
33.65	0.9752108685528476
33.75	0.9687481736785897
33.85	0.9655381288462275
33.95	0.9602802467426015
34.05	0.9570202839394151
34.15	0.9554758840149632
34.25	0.9524384554495468
34.35	0.9510288301253623
34.45	0.9504353068623557
34.55	0.9475070373983148
34.65	0.9480373616023652
34.75	0.9469302539367838
34.85	0.9475530290696206
34.95	0.9481912501564154
35.05	0.9491067755800239
35.15	0.9510278101241306
35.25	0.9525024843219022
35.35	0.9570438749726552
35.45	0.9591114423589765
35.55	0.9621520730321358
35.65	0.9656978993006874
35.75	0.9697361326580665
35.85	0.9756736920625849
35.95	0.979657009617678
36.05	0.9847004574046584
36.15	0.9888440717336098
36.25	0.9938910215083937
36.35	0.9985171621602325
36.45	1.0031435869095071
36.55	NaN
36.65	1.013698635804614
36.75	1.0179114383991634
36.85	1.0233586030806823
36.95	1.0276030027199343
37.05	1.031176107274166
37.15	1.0348529429017168
37.25	1.0384451838311919
37.35	1.0411319279771927
37.45	1.0435921506726646
37.55	1.0445121483759268
37.65	NaN
37.75	1.0465249407806536
37.85	1.0470438643566067
37.95	1.0473811580634096
38.05	1.0458614007553049
38.15	1.0446697803845988
38.25	1.0416496041274819
38.35	1.0407322669051036
38.45	1.0382750007004553
38.550000000000004	1.0366187708791221
38.65	1.031369453295988
38.75	1.0291078688836162
38.85	1.024084206480885
38.95	1.0209867430824326
39.050000000000004	1.0175048159778022
39.15	NaN
39.25	NaN
39.35	NaN
39.45	NaN
39.550000000000004	0.994917829677238
39.65	0.9899344635504538
39.75	0.987542802898726
39.85	0.9842224877745342
39.95	0.9819870577834762
40.050000000000004	0.9742018696012333
40.15	NaN
40.25	0.9718540381105734
40.35	0.9701779533305265
40.45	0.964908688095876
40.550000000000004	0.9658486852187931
40.65	0.9641838711922248
40.75	0.9608955935192146
40.85	0.9610540467485489
40.95	0.9608357925590676
41.050000000000004	0.9615984865447905
41.15	0.9612939968711395
41.25	0.9646322932416174
41.35	0.9634221230665714
41.45	0.9647054284099555
41.550000000000004	NaN
41.65	0.9698353872572508
41.75	0.9700141685238031
41.85	0.9726015409349714
41.95	0.9773190885217754
42.050000000000004	0.979903114807494
42.15	NaN
42.25	0.9846587055063182
42.35	0.9892082580300727
42.45	0.9939586392549027
42.550000000000004	0.9978649643141735
42.65	1.0027606060212766
42.75	1.0053103015045177
42.85	1.0083648973665658
42.95	1.0109438437553364
43.050000000000004	1.0159381851999647
43.15	1.019429124705469
43.25	1.0215943903859328
43.35	1.0225139638445229
43.45	1.0316886518004753
43.550000000000004	1.027768117278666
43.65	NaN
43.75	1.0332785349035336
43.85	1.0333129960419687
43.95	1.0340993173546726
44.050000000000004	1.0366662854838669
44.15	1.0351666106184478
44.25	NaN
44.35	1.0334973107333418
44.45	1.0328567744040251
44.550000000000004	1.0321565896818292
44.65	1.0292686293323714
44.75	1.0264252167391128
44.85	1.0251545060523262
44.95	1.0229945710826023
45.050000000000004	1.019679967455687
45.15	1.0177144769883095
45.25	1.0151499659409529
45.35	NaN
45.45	1.0072446982127305
45.550000000000004	1.0044648796254414
45.65	NaN
45.75	1.0030037150068898
45.85	0.9953156968235057
45.95	0.9941973135527921
46.050000000000004	0.9895378756301398
46.15	0.9868991963097118
46.25	0.9823583211545321
46.35	0.9844072948224734
46.45	0.9798638260451045
46.550000000000004	0.9773895083147448
46.65	NaN
46.75	0.9742782723862398
46.85	0.9702246596462235
46.95	0.9735218023944721
47.050000000000004	0.9703408537968731
47.15	0.9720172402986961
47.25	0.9713053787209256
47.35	0.9697140120229518
47.45	0.9735766128664801
47.550000000000004	0.9680672285407854
47.65	0.9739486753796338
47.75	0.9744762394138209
47.85	0.9764723452489312
47.95	0.9770735263280983
48.050000000000004	0.980155711159091
48.15	0.9803081642829122
48.25	0.9830305325583557
48.35	0.9865970222053118
48.45	0.9895880762948875
48.550000000000004	0.9928161223333734
48.65	0.9936854397886197
48.75	0.9968781671595282
48.85	1.0005715916816835
48.95	1.0006703891498527
49.050000000000004	1.0025099732678435
49.15	NaN
49.25	1.0096521956357924
49.35	1.0131143147099715
49.45	1.0148980975873478
49.550000000000004	1.0166170423786858
49.65	1.019105752613505
49.75	1.021417113519313
49.85	1.0231759992538356
49.95	1.025149234349909
50.050000000000004	1.0261739285420246
50.15	1.0268718994550357
50.25	1.0260937850717795
50.35	1.0264013326407235
50.45	1.0265322078199406
50.550000000000004	1.0270479366342562
50.65	1.025450821357451
50.75	1.0248058641179072
50.85	1.0227258233571526
50.95	NaN
51.050000000000004	1.0233996124432048
51.15	1.0199385014648883
51.25	1.0160329853725594
51.35	1.0139239655118015
51.45	1.0125348763716906
51.550000000000004	NaN
51.65	1.0065144987079961
51.75	1.0051245907430997
51.85	1.0029575874249108
51.95	1.000381971402033
52.050000000000004	NaN
52.15	0.9951410421246191
52.25	0.993140447366449
52.35	0.9919002261489925
52.45	0.984474548032488
52.550000000000004	0.9875642275626398
52.65	0.986005134412196
52.75	0.9840779698457873
52.85	0.9809331956215099
52.95	NaN
53.050000000000004	0.980138052845438
53.15	NaN
53.25	0.9788858205752435
53.35	0.9773589393095533
53.45	0.9775182670691338
53.550000000000004	NaN
53.65	0.977138214943342
53.75	NaN
53.85	0.9778885988621734
53.95	0.9786306650463994
54.050000000000004	NaN
54.15	0.979921875259317
54.25	NaN
54.35	0.9831172121667852
54.45	0.9850527470289181
54.550000000000004	NaN
54.65	0.9891430484165878
54.75	0.993506896575986
54.85	0.9922580288329947
54.95	0.9945379064380008
55.050000000000004	0.9989339381384238
55.15	1.0003687224900373
55.25	1.002921543065964
55.35	1.0102299898872853
55.45	1.0067185753575352
55.550000000000004	1.0084855949210525
55.65	1.008888066119481
55.75	1.012649607834629
55.85	1.015047331290479
55.95	1.017324762858541
56.050000000000004	1.0185282335651424
56.15	1.017645067870241
56.25	1.02338773516572
56.35	1.0209751518501862
56.45	1.018437328171866
56.550000000000004	1.0205317406089494
56.65	1.0228748508739853
56.75	NaN
56.85	1.022057330931809
56.95	1.0192695488538692
57.050000000000004	1.020026098375484
57.15	1.0191516957800408
57.25	1.019113341206218
57.35	NaN
57.45	1.0143349705175062
57.550000000000004	1.0128321604235668
57.65	1.0141339562388088
57.75	1.0096360113531844
57.85	1.0088049603480884
57.95	1.0065297606138193
58.050000000000004	1.005478783767324
58.15	1.0038873429285309
58.25	0.9994504108967514
58.35	0.9976589212589
58.45	NaN
58.550000000000004	0.9931579712546474
58.65	0.9905976577566763
58.75	NaN
58.85	0.9899467023215175
58.95	NaN
59.050000000000004	0.9858632947738877
59.15	0.985203730163622
59.25	0.982833000399417
59.35	0.9843383848862068
59.45	0.9820098299915487
59.550000000000004	0.9786013586836944
59.65	0.9824004141206754
59.75	0.9810988440636339
59.85	NaN
59.95	0.9814849957077418
60.050000000000004	NaN
60.15	0.9811748659740833
60.25	0.9826950502871228
60.35	NaN
60.45	0.9851271109907166
60.550000000000004	0.9876633230728968
60.65	0.987711185094664
60.75	0.9897087716213712
60.85	0.991279616747399
60.95	0.9902083814115786
61.050000000000004	0.9928528798800568
61.15	0.9945714740576099
61.25	0.9975296880311549
61.35	0.9993325025416124
61.45	1.001626787208172
61.550000000000004	NaN
61.65	1.0065358522808383
61.75	NaN
61.85	NaN
61.95	1.0091511745809616
62.050000000000004	1.0097771545578482
62.15	1.00881287713278
62.25	1.013708561532294
62.35	1.0164154053348162
62.45	1.0144900626831932
62.550000000000004	1.0156773763217586
62.65	1.0164119747449067
62.75	1.0156095642407115
62.85	1.0181936187551388
62.95	1.0171872127201291
63.050000000000004	1.0172080385861062
63.15	1.018484525944546
63.25	NaN
63.35	1.0158406518593617
63.45	1.0166456665078534
63.550000000000004	1.017748240362113
63.65	1.0115363732082487
63.75	1.0114608672083805
63.85	1.0116470961190136
63.95	1.0080520539547166
64.05	1.0068421510527072
64.14999999999999	1.0073896032929446
64.25	1.0064487997244225
64.35	1.0011815644563258
64.44999999999999	1.004355548571511
64.55	1.0007344387593788
64.64999999999999	0.9966880523942495
64.75	0.9970687403845052
64.85	0.9946250571634953
64.94999999999999	0.9934295045112523
65.05	0.9924082665731494
65.14999999999999	0.9908930585486242
65.25	NaN
65.35	0.987105825768435
65.44999999999999	NaN
65.55	0.9867351500823872
65.64999999999999	0.9860159695034114
65.75	0.9861884435659912
65.85	0.9852149628808392
65.94999999999999	0.9839018209051033
66.05	NaN
66.14999999999999	0.984442373843081
66.25	0.9837826222222092
66.35	0.9847252697094655
66.44999999999999	0.9872972009522194
66.55	0.9854882133729973
66.64999999999999	NaN
66.75	0.9863682431698134
66.85	NaN
66.94999999999999	NaN
67.05	0.9908187192020846
67.14999999999999	0.9923178705666372
67.25	0.994051774624454
67.35	0.9948182241489928
67.44999999999999	0.9971477042215199
67.55	0.9977669667362628
67.64999999999999	NaN
67.75	NaN
67.85	1.003531496074921
67.94999999999999	1.0040991014444343
68.05	1.0039449549070607
68.14999999999999	1.0065953377579804
68.25	NaN
68.35	1.0089244838016767
68.44999999999999	1.0088192501190953
68.55	1.0120013373739625
68.64999999999999	NaN
68.75	1.011710352846548
68.85	1.01350761963293
68.94999999999999	1.013080819823938
69.05	1.0126483434433102
69.14999999999999	1.0136566638450086
69.25	1.0150614627988852
69.35	1.0143096817777364
69.44999999999999	NaN
69.55	1.013164071807776
69.64999999999999	1.0132929455500246
69.75	NaN
69.85	1.011740611115192
69.94999999999999	NaN
70.05	1.009907118201164
70.14999999999999	1.0085928177485257
70.25	NaN
70.35	1.0065805997047432
70.44999999999999	NaN
70.55	1.0034884040021863
70.64999999999999	1.0024492411131876
70.75	1.0004617065528174
70.85	1.001767255252378
70.94999999999999	0.9976695898410012
71.05	0.9989755789739077
71.14999999999999	0.9949575543109889
71.25	NaN
71.35	0.9925788424213544
71.44999999999999	0.9919812868581874
71.55	0.9900137373844017
71.64999999999999	0.9911454261752894
71.75	0.9879037771693101
71.85	0.9885009957602124
71.94999999999999	0.9884898690554079
72.05	NaN
72.14999999999999	NaN
72.25	NaN
72.35	NaN
72.44999999999999	0.9869599864897208
72.55	0.9877694833392081
72.64999999999999	0.9881831337325111
72.75	NaN
72.85	0.9895107215187333
72.94999999999999	0.9889113849482484
73.05	0.9903159390465178
73.14999999999999	0.9907274434221681
73.25	0.9901883549801322
73.35	0.9927676621384154
73.44999999999999	NaN
73.55	0.9939713655340241
73.64999999999999	NaN
73.75	NaN
73.85	0.9989898633028333
73.94999999999999	0.9999844957465962
74.05	1.0014210275121667
74.14999999999999	1.003815292375086
74.25	1.004361475484501
74.35	1.005169338270296
74.44999999999999	1.005774897522146
74.55	1.007396048132927
74.64999999999999	1.00861514499357
74.75	1.0080267094121327
74.85	1.0107636659914252
74.94999999999999	1.005683553651528
75.05	1.011245366672587
75.14999999999999	1.0120915226117264
75.25	NaN
75.35	NaN
75.44999999999999	NaN
75.55	1.0121088394577806
75.64999999999999	NaN
75.75	NaN
75.85	1.0117063989816406
75.94999999999999	1.0100664772800443
76.05	1.0101972045948786
76.14999999999999	1.0091794980197746
76.25	NaN
76.35	1.0060047412846382
76.44999999999999	NaN
76.55	1.0050693462635278
76.64999999999999	1.005695618654307
76.75	NaN
76.85	NaN
76.95	NaN
77.05	NaN
77.14999999999999	0.9995999395119202
77.25	0.9981244250388562
77.35	0.9958590551836152
77.45	0.995543230610377
77.55	0.9971996126180813
77.64999999999999	0.992476389402389
77.75	0.9940944696060069
77.85	0.992397817168393
77.95	0.9910354260932607
78.05	0.9921197462148301
78.14999999999999	0.9902325557090835
78.25	0.989365635347224
78.35	0.9874524832511244
78.45	NaN
78.55	NaN
78.64999999999999	0.9890668525041102
78.75	0.9903238321152533
78.85	NaN
78.95	0.9905739667610405
79.05	NaN
79.14999999999999	NaN
79.25	0.992662661040199
79.35	NaN
79.45	0.9918667058716195
79.55	0.9934742539492444
79.64999999999999	NaN
79.75	0.9958459172907654
79.85	0.9955678320758153
