0.15	0.03361142925889764
0.25	0.03710765750421968
0.35	0.037439124775718875
0.45	0.036973313926307066
0.55	0.037470794182538264
0.65	0.03784330287332843
0.7500000000000001	0.03823930736278126
0.85	0.038760365966923685
0.95	0.0387951414134724
1.05	0.03965235060372898
1.15	0.04036931511217982
1.25	0.041094233920299136
1.35	0.04200141257127697
1.45	0.0426460742987538
1.55	0.043758956275341356
1.65	0.044848521851265186
1.75	0.04626185065594676
1.85	0.047608233346766005
1.95	0.048716871961102956
2.05	0.05037113765106245
2.15	0.05186362934426619
2.25	0.05406150416952924
2.35	0.05601718008992314
2.45	0.05789966303504263
2.5500000000000003	0.060228028257469944
2.65	0.06304736435206205
2.75	0.06599038127240081
2.85	0.06887071732096557
2.95	0.07227511732481533
3.0500000000000003	0.07614529162439933
3.15	0.08024578191577329
3.25	0.08485606123880791
3.35	0.0898111755360305
3.45	0.09559222368999916
3.5500000000000003	0.10139603303061276
3.65	0.10796440571680699
3.75	0.11595756361547037
3.85	0.1236800231683958
3.95	0.13363994964906323
4.05	0.14353537407513856
4.1499999999999995	0.15514212296886382
4.25	0.16844927619388816
4.35	0.183309933571018
4.449999999999999	0.20095588049214996
4.55	0.219991815074182
4.6499999999999995	0.2414899868657436
4.75	0.26740440894098927
4.85	0.2948246115406493
4.95	0.33081137228040075
5.05	0.36892629292921314
5.1499999999999995	0.4128971047309883
5.25	0.463856891086564
5.35	0.5239540623844393
5.45	0.5975408046350076
5.55	0.6770858314747832
5.6499999999999995	0.7740785269035068
5.75	0.8861344047010602
5.85	1.0147725957227354
5.95	1.150940643444662
6.05	1.307533611542995
6.1499999999999995	1.4817401409293514
6.25	1.6492836709466545
6.35	1.816322276147554
6.45	1.958244393932282
6.55	2.061710740314845
6.6499999999999995	2.1225418687238986
6.75	2.134305390913936
6.85	2.100990886924693
6.95	2.030872126602016
7.05	1.93153920289226
7.1499999999999995	1.819856872018344
7.25	1.706628876173907
7.35	1.5901521637675315
7.45	1.4747106327014035
7.55	1.3672673370757198
7.6499999999999995	1.2811331000635715
7.75	1.195612086575253
7.85	1.1230897822257728
7.95	1.0553064435233184
8.05	0.9962383913838374
8.15	0.9461020525659894
8.25	0.9008619257985793
8.350000000000001	0.8635369893895918
8.450000000000001	0.8289348793746638
8.55	0.7996907454484548
8.65	0.7761500646402946
8.75	0.7549034810450163
8.850000000000001	0.7378435296122706
8.950000000000001	0.722757111210974
9.05	0.7118754846071432
9.15	0.7011306949821235
9.25	0.6937873779261283
9.350000000000001	0.6898659889306626
9.450000000000001	0.6870442484163931
9.55	0.685924384556766
9.65	0.6871469179004837
9.750000000000002	0.6913704113291074
9.85	0.6949472382336171
9.95	0.7030551554509822
10.049999999999999	0.7104134023695531
10.149999999999999	0.7215072903942107
10.25	0.7348684004858865
10.35	0.7481813251815139
10.45	0.7622872539387727
10.549999999999999	0.7802223994856389
10.649999999999999	0.7976985942736157
10.75	0.8182240594947124
10.85	0.8396168185174789
10.95	0.8616015499863888
11.049999999999999	0.8859819942337143
11.149999999999999	0.9125761544698048
11.25	0.9384932647826532
11.35	0.9632732903461123
11.45	0.9908795361062466
11.549999999999999	1.0180378792114453
11.649999999999999	1.045893726069454
11.75	1.0718963342432153
11.85	1.097191412823284
11.95	1.1223112481927622
12.049999999999999	1.1468368065647603
12.149999999999999	1.1669730632670487
12.25	1.1852372775949436
12.35	1.2020340019802618
12.45	1.2165543947049104
12.549999999999999	1.2261210152055617
12.649999999999999	1.2341508602688567
12.75	1.2398655810659267
12.85	1.241087007006732
12.95	1.2393430170414124
13.049999999999999	1.2365202148353258
13.149999999999999	1.2280584247683817
13.25	1.2155112512711141
13.35	1.2014640857589893
13.45	1.1859636928726967
13.549999999999999	1.1670653408368707
13.649999999999999	1.1514684633386418
13.75	1.129223133318498
13.85	1.1101032467450944
13.95	1.0892351252684525
14.049999999999999	1.0676712011985192
14.149999999999999	1.045028249159197
14.25	1.0237005102214471
14.35	1.0047794421872704
14.45	0.9883897391551693
14.549999999999999	0.9712699782878742
14.649999999999999	0.9516863069108743
14.75	0.9377369020819762
14.85	0.9235209837350324
14.95	0.9111376669725619
15.049999999999999	0.8993037552162043
15.149999999999999	0.8889244168805491
15.25	0.8811109902939562
15.35	0.8736402274601189
15.45	0.8688391986170163
15.549999999999999	0.8636401940826699
15.649999999999999	0.8614011444163026
15.75	0.8603477937428032
15.85	0.858633027036224
15.95	0.8585097906470947
16.05	0.8609416158596986
16.15	0.8639650547083015
16.25	0.8655572967469417
16.349999999999998	0.8729682435112889
16.45	0.8764203792167239
16.55	0.8879022155380498
16.65	0.8932162493467131
16.75	0.9013429160242966
16.849999999999998	0.9137874103809757
16.95	0.9240931023483796
17.05	0.934146768476821
17.15	0.945892500597017
17.25	0.9571767972985026
17.349999999999998	0.9699003146355546
17.45	0.9817232764396044
17.55	0.994923374092716
17.65	1.0075729785495344
17.75	1.0229707064089333
17.849999999999998	1.0338236004450323
17.95	1.0443623382801734
18.05	1.0548647420649697
18.15	1.0678275094388494
18.25	1.0771984111083552
18.349999999999998	1.0836252807372637
18.45	1.0928738362283505
18.55	1.099288092469014
18.65	1.1051868458833802
18.75	1.105539321424582
18.849999999999998	1.1099924063093696
18.95	1.1104835514346978
19.05	1.1106332645884374
19.15	1.1099529182894772
19.25	1.1064696099287596
19.35	1.102331896935546
19.45	1.0976441225971458
19.55	1.0922912088382484
19.65	1.0856038986123229
19.75	1.0781917610657783
19.85	1.068712190447828
19.95	1.0598293876395053
20.05	1.054071433890175
20.15	1.0431564165987737
20.25	1.0335474111719727
20.35	1.025220573946675
20.45	1.0150493826498528
20.55	1.0038908043947397
20.65	0.9951076296843724
20.75	0.9891698609536166
20.85	0.9772552173092984
20.95	0.9743466283350019
21.05	0.9633453716845578
21.15	0.9550809970764685
21.25	0.9492908242414805
21.35	0.9437206861790931
21.45	0.9401928774393437
21.55	0.9357631365718938
21.65	0.9316868159072312
21.75	0.9276028067223524
21.85	0.9247478486826818
21.95	0.9245022076219617
22.05	0.9226795339373238
22.15	0.9223617340127247
22.25	0.9230037796864096
22.35	0.926871583203633
22.45	0.9255351945174373
22.55	0.9267201033394095
22.65	0.9318630866248289
22.75	0.9358005661523778
22.85	0.9407774366157994
22.95	0.9455072491028061
23.05	0.9506047560314426
23.15	0.9571505025442774
23.25	0.9607222441849492
23.35	0.9680491441424824
23.45	0.9761903106217228
23.55	0.9823586131489626
23.65	0.9898156115958936
23.75	0.9997760348343991
23.85	1.0031093939856033
23.95	1.009753626641381
24.05	1.0196838395307972
24.15	1.0255324630408458
24.25	1.032089074846563
24.35	1.0354649815220816
24.45	1.0417997649119826
24.55	1.0478390084500977
24.65	1.0535544105275325
24.75	1.0547198114988143
24.85	1.0581758804717398
24.95	1.061085382386005
25.05	1.0662165116735254
25.15	1.0624359338209683
25.25	1.063955585443077
25.35	1.0635108729265863
25.45	1.0635078009961583
25.55	1.0602690208904828
25.65	1.0585386768905387
25.75	1.0538996634458055
25.85	1.0506805983488587
25.95	1.045902796826577
26.05	1.0440778479509345
26.15	1.0386519849289275
26.25	1.0345126714883706
26.35	1.0276380191484327
26.45	1.0220880356658728
26.55	1.0162659445796673
26.65	1.0132023772492995
26.75	1.0055455124014985
26.85	1.0005177411913317
26.95	0.9941681298233536
27.05	0.9891056982210578
27.15	0.9861484793442069
27.25	0.9802344430667288
27.35	0.976353079264566
27.45	0.971359051808927
27.55	0.9662997720127712
27.65	0.9621821604276825
27.75	0.9621013924682987
27.85	0.9553754652003364
27.95	0.9573897634821363
28.05	0.9547326037004343
28.15	0.9523324109879507
28.25	0.9531289426660049
28.35	0.9517117894262095
28.45	0.9524858685375934
28.55	0.9505641084801137
28.65	0.953481538353591
28.75	0.954594498133348
28.85	0.9569737913666841
28.95	0.9590371227209873
29.05	0.96218055208321
29.15	0.9648065306553966
29.25	0.9681357682165247
29.35	0.9699552246125461
29.45	0.9752715207097465
29.55	0.9772892668852332
29.65	0.9837013154408774
29.75	0.988593107720959
29.85	0.9930489127421046
29.95	NaN
30.05	1.0009553841325358
30.15	1.0034527099713988
30.25	1.0108102032676294
30.35	1.0153872225386742
30.45	1.0180520664462909
30.55	1.0208298838991081
30.65	1.0230580976780754
30.75	1.0299366320502141
30.85	1.0313052154763684
30.95	1.0328831273439505
31.05	1.035568658810521
31.15	1.0381653257404182
31.25	1.0399225073952068
31.35	1.0416936306325955
31.45	1.0418461044217098
31.55	1.0404218923715867
31.65	1.0410540149847771
31.75	NaN
31.85	1.0388796683599613
31.95	1.0371104941014146
32.05	1.0354529206296013
32.15	1.0332929410362806
32.25	1.0295161574536738
32.35	1.0252786264511842
32.45	1.023050025160638
32.55	1.0188698963777778
32.65	1.0171581230817757
32.75	1.0138433949571233
32.85	1.0090280517838421
32.95	1.0037537346414234
33.05	1.0010785364914894
33.15	0.9998743164642884
33.25	0.9945957191141285
33.35	0.9918080666732266
33.45	0.9879794075654553
33.55	0.985341867949686
33.65	0.983998029009706
33.75	0.9787641762165148
33.85	0.9785484007863664
33.95	0.9747604714963188
34.05	0.9712425523977938
34.15	0.9728865820803047
34.25	0.9702823391248916
34.35	0.9691328169636853
34.45	0.9707455894596043
34.55	0.967134078212222
34.65	0.9658311450346907
34.75	0.9667196903861975
34.85	0.9669778237629819
34.95	0.9672839584179956
35.05	0.9728797108127536
35.15	0.9721952453514638
35.25	0.9739890414693875
35.35	0.9745075063503749
35.45	0.9739658406844333
35.55	0.9798165368420633
35.65	0.981430320787098
35.75	0.9844947334232294
35.85	0.9883835879291031
35.95	0.9892188371956429
36.05	0.9923080662505424
36.15	0.9957159573391734
36.25	0.9985741218637141
36.35	1.0020627571660543
36.45	1.0047260445204755
36.55	1.0061985576088175
36.65	NaN
36.75	1.0144046866018606
36.85	1.0165235736055076
36.95	1.0183721714588574
37.05	1.0213772226631916
37.15	1.0235501678917078
37.25	1.024505133860124
37.35	1.0264966137340519
37.45	1.0268677044390961
37.55	1.0282200965596109
37.65	1.0279927910316575
37.75	1.0275371800982283
37.85	1.028329904860534
37.95	1.028692948671594
38.05	NaN
38.15	NaN
38.25	1.0242412656875959
38.35	1.0229935110987094
38.45	1.0239333610733652
38.550000000000004	1.0199427314353258
38.65	1.0185872328481973
38.75	1.0165406908188652
38.85	1.0143242763810725
38.95	1.0103600467820475
39.050000000000004	1.0093312369916412
39.15	1.0071187401492234
39.25	1.002503870136955
39.35	1.0008479606955807
39.45	0.9967664332447632
39.550000000000004	0.9929657409515558
39.65	NaN
39.75	0.9897236326391015
39.85	0.9889619019981962
39.95	0.9858763512233989
40.050000000000004	0.9825886812096785
40.15	0.9833456779887615
40.25	0.9841301038875374
40.35	NaN
40.45	0.9792961186342897
40.550000000000004	0.9774799904970493
40.65	0.9758359914506107
40.75	0.9758012071428113
40.85	0.9763612205598748
40.95	0.9772305267127507
41.050000000000004	0.9756172214524492
41.15	0.9771765375639363
41.25	0.9771051335947243
41.35	0.9765991227007326
41.45	0.9801891199986791
41.550000000000004	0.9825621022955767
41.65	0.9813587095612593
41.75	0.9836118042838156
41.85	0.9872956692485343
41.95	0.9859101628394444
42.050000000000004	0.9889863448560221
42.15	0.9919420958111071
42.25	0.9939186221205917
42.35	0.9954737988949146
42.45	0.997917700954317
42.550000000000004	0.9995913436026593
42.65	1.0016673631384427
42.75	1.004403247797521
42.85	1.0076464035127486
42.95	1.0098114505553757
43.050000000000004	1.0123171888072695
43.15	NaN
43.25	1.0161521002675677
43.35	1.0172360836527627
43.45	1.0177336144212836
43.550000000000004	1.0189476932805261
43.65	NaN
43.75	NaN
43.85	1.0212286692047334
43.95	1.019875612490285
44.050000000000004	1.0214284986962887
44.15	1.0206813894122406
44.25	1.0203022550965217
44.35	1.019568266893872
44.45	NaN
44.550000000000004	1.0179180296179329
44.65	1.0168801777267678
44.75	1.0125270798945867
44.85	1.0143799348209108
44.95	1.0117908603412986
45.050000000000004	1.013138264671134
45.15	1.008925888880002
45.25	1.0075577132815101
45.35	1.0068215347333263
45.45	1.003265691001578
45.550000000000004	1.002670104368375
45.65	0.9997744423008795
45.75	NaN
45.85	0.9974938752971237
45.95	NaN
46.050000000000004	0.9930577031552587
46.15	0.9906453499894923
46.25	0.9875546786448368
46.35	NaN
46.45	0.9862613642477754
46.550000000000004	0.9863860039409882
46.65	NaN
46.75	0.9841580850678678
46.85	0.9842437207044273
46.95	0.9845400739766016
47.050000000000004	0.9821539307656415
47.15	0.9823226132095665
47.25	0.9828289162175411
47.35	0.9815925731232106
47.45	NaN
47.550000000000004	0.9823573529428219
47.65	0.9833169829509965
47.75	0.9855245711898619
47.85	0.9871195428515713
47.95	0.9856294052702608
48.050000000000004	0.9898441367317766
48.15	0.987062870394425
48.25	0.9908884871005055
48.35	0.9929748450986586
48.45	0.9941774143542395
48.550000000000004	0.9911206055631581
48.65	0.9966315071182328
48.75	0.9967061527243699
48.85	1.0007469043221713
48.95	1.0047467459196466
49.050000000000004	1.004131322898664
49.15	1.0061869024561791
49.25	1.007360738912708
49.35	1.0069858446087494
49.45	1.0117293502152225
49.550000000000004	1.0107952798360547
49.65	1.0130387388095172
49.75	NaN
49.85	1.0131075364937037
49.95	1.015049902013736
50.050000000000004	1.0137794529414248
50.15	1.0167457258794312
50.25	1.0168303596087533
50.35	1.0172339565452126
50.45	1.0177106586008333
50.550000000000004	1.016516007953674
50.65	1.0153379848353643
50.75	1.0160407375298945
50.85	1.0127528315269654
50.95	1.012462781332656
51.050000000000004	1.0122128274808206
51.15	1.0095390189165687
51.25	1.0076208945707812
51.35	1.0090390422539361
51.45	1.0071454809743894
51.550000000000004	1.006599834252412
51.65	1.005062548512614
51.75	1.0077598130349144
51.85	1.0004320497516583
51.95	0.9995108769268948
52.050000000000004	0.9992666608843023
52.15	NaN
52.25	0.9966342496758329
52.35	0.9958458575026575
52.45	0.9905533059815166
52.550000000000004	0.9908708165522444
52.65	0.990186208397358
52.75	0.9893163952170255
52.85	0.9886341107060892
52.95	0.9874562569348202
53.050000000000004	0.9882995858121781
53.15	0.9868802295817141
53.25	0.9829752003579072
53.35	0.9863649144247005
53.45	0.9871890165892172
53.550000000000004	0.9868770676755187
53.65	0.9867770627042844
53.75	0.9860429554126563
53.85	0.9875190404405164
53.95	0.9875281187741324
54.050000000000004	0.9882465915642186
54.15	0.9894065783323789
54.25	0.9902030536798114
54.35	0.9917546882522014
54.45	0.9921741987950452
54.550000000000004	NaN
54.65	0.9951738965770346
54.75	0.9964735496572945
54.85	0.9962512247943446
54.95	0.9970509250717257
55.050000000000004	1.0001026604200893
55.15	1.0001376547539476
55.25	1.0028862991381349
55.35	1.0035172566177455
55.45	1.0085933976518073
55.550000000000004	1.0081496390668245
55.65	NaN
55.75	1.0070010381356216
55.85	1.00958895368962
55.95	1.0094601526404634
56.050000000000004	1.0108437392810694
56.15	1.0115785865625408
56.25	1.0129625553127677
56.35	1.0118748114850231
56.45	1.014284179751283
56.550000000000004	1.0113847396904605
56.65	1.0110004197560458
56.75	1.0100160944559569
56.85	1.0137107396204712
56.95	1.0135752722775928
57.050000000000004	1.0113546457834404
57.15	1.0110099371644081
57.25	1.01074657159486
57.35	1.0095358496087485
57.45	1.0048237038300563
57.550000000000004	NaN
57.65	1.007064023281892
57.75	1.0034295372256834
57.85	1.004232602084066
57.95	1.0043105292987695
58.050000000000004	NaN
58.15	1.00182730671565
58.25	0.9986954324324391
58.35	0.9979675653519816
58.45	0.9962214472381912
58.550000000000004	0.9965242118544049
58.65	0.9943634771458528
58.75	NaN
58.85	0.9942757974084614
58.95	0.9923672779318423
59.050000000000004	0.9920568063452757
59.15	0.9903456728226568
59.25	0.9914292637871926
59.35	0.9886252228906905
59.45	0.9901993951880524
59.550000000000004	0.9889538444885404
59.65	NaN
59.75	0.9882426924699893
59.85	0.9887623841400877
59.95	0.990732445470123
60.050000000000004	0.9904578298915715
60.15	0.9905642079656137
60.25	0.98967239480334
60.35	NaN
60.45	0.992190701009149
60.550000000000004	0.9912902982533939
60.65	0.9940978947476683
60.75	0.993439474944936
60.85	NaN
60.95	0.9965131843621564
61.050000000000004	0.9970416604397995
61.15	0.9967801198853944
61.25	0.99748218037672
61.35	0.99970414480339
61.45	1.0002830715402433
61.550000000000004	1.0013510295200068
61.65	1.00392156762341
61.75	1.0020996935730249
61.85	1.0054934675319525
61.95	NaN
62.050000000000004	1.012272062987977
62.15	1.0071684322152201
62.25	1.0093438604894114
62.35	1.008668027580897
62.45	NaN
62.550000000000004	1.0086407054287878
62.65	NaN
62.75	NaN
62.85	1.0109070128874675
62.95	1.0099293779912373
63.050000000000004	1.0103015806447366
63.15	1.0081160870052779
63.25	1.0090612712108213
63.35	1.0080385270140813
63.45	1.008830042158832
63.550000000000004	1.006595367660675
63.65	NaN
63.75	1.0059433421513209
63.85	NaN
63.95	1.0059086731941973
64.05	1.003797227782571
64.14999999999999	1.0042554752921777
64.25	1.0024478834062711
64.35	NaN
64.44999999999999	1.0031437358386637
64.55	1.0022945402005172
64.64999999999999	0.9993531907919542
64.75	0.9961056198419118
64.85	1.0003571299897924
64.94999999999999	0.9965313206095796
65.05	0.9940705645493441
65.14999999999999	NaN
65.25	0.994083459583917
65.35	0.9936060843866185
65.44999999999999	0.9933343537180551
65.55	0.9921010613354093
65.64999999999999	NaN
65.75	0.9913670727579672
65.85	0.9904778324503093
65.94999999999999	NaN
66.05	NaN
66.14999999999999	0.9906892981518755
66.25	0.9908708782452602
66.35	0.992434784397714
66.44999999999999	0.9925083908956539
66.55	NaN
66.64999999999999	0.9917329104636075
66.75	0.9936728039472752
66.85	NaN
66.94999999999999	NaN
67.05	NaN
67.14999999999999	NaN
67.25	0.9969834716938214
67.35	NaN
67.44999999999999	NaN
67.55	0.9993771506193786
67.64999999999999	1.0021003731247176
67.75	1.0013888881503776
67.85	1.0014993132869388
67.94999999999999	NaN
68.05	1.0035373868424073
68.14999999999999	1.0065922449072262
68.25	1.0056006386729766
68.35	1.0059145924839819
68.44999999999999	1.0076347654735007
68.55	1.0062704905299038
68.64999999999999	NaN
68.75	1.008459465879326
68.85	1.0086467295671178
68.94999999999999	1.0077887117147066
69.05	NaN
69.14999999999999	1.010443052848417
69.25	NaN
69.35	1.0086138185640439
69.44999999999999	1.005523601384154
69.55	1.0077004164958283
69.64999999999999	1.0082892476332557
69.75	1.0074588666005817
69.85	1.0067933270907903
69.94999999999999	1.006170105450155
70.05	NaN
70.14999999999999	1.0048629165804939
70.25	1.0034364607995867
70.35	1.0025456222176228
70.44999999999999	1.0019516093622356
70.55	1.0013829640021568
70.64999999999999	1.001445799562814
70.75	0.9992980245782616
70.85	1.0006869358198318
70.94999999999999	1.0005565958532265
71.05	0.9985760758480529
71.14999999999999	NaN
71.25	0.9957397621550613
71.35	NaN
71.44999999999999	0.9958465301668648
71.55	0.9937158745426881
71.64999999999999	0.9938236388900521
71.75	0.9971030462903463
71.85	NaN
71.94999999999999	NaN
72.05	0.9922405946456504
72.14999999999999	NaN
72.25	0.9930334558073215
72.35	0.992066638861052
72.44999999999999	NaN
72.55	NaN
72.64999999999999	0.9932498548060319
72.75	0.9939828140621708
72.85	0.9955792750334654
72.94999999999999	NaN
73.05	0.9942137280258962
73.14999999999999	0.9963828779875443
73.25	0.9950284815345264
73.35	0.9942397957580367
73.44999999999999	0.9964425244633309
73.55	0.9978213870247312
73.64999999999999	0.9982760318932925
73.75	0.9996426146313794
73.85	0.9997592075035926
73.94999999999999	NaN
74.05	NaN
74.14999999999999	1.0017212315209123
74.25	1.0026412935980007
74.35	1.0027609385583107
74.44999999999999	1.0040577237828598
74.55	1.0047927098998364
74.64999999999999	NaN
74.75	NaN
74.85	1.0056802686308617
74.94999999999999	1.0076897652381664
75.05	1.006541740045146
75.14999999999999	1.0064614592725514
75.25	1.0069621888067157
75.35	1.0072454104564565
75.44999999999999	1.0062484379783923
75.55	1.0064373862636649
75.64999999999999	1.0074941838588953
75.75	NaN
75.85	1.0062278861135607
75.94999999999999	NaN
76.05	1.004548194899004
76.14999999999999	1.0071260180331214
76.25	1.0052005582103352
76.35	1.004525323499268
76.44999999999999	NaN
76.55	1.0026703073811325
76.64999999999999	1.0036857297789232
76.75	NaN
76.85	1.002151585033509
76.95	0.9999276362680102
77.05	1.0006459387276625
77.14999999999999	0.9983206578894839
77.25	NaN
77.35	NaN
77.45	NaN
77.55	0.9973767671831372
77.64999999999999	NaN
77.75	0.9956544453855245
77.85	0.9950801211144417
77.95	NaN
78.05	0.995531263969858
78.14999999999999	NaN
78.25	0.9934062790666366
78.35	0.9945708481042115
78.45	NaN
78.55	NaN
78.64999999999999	NaN
78.75	0.9943200971034836
78.85	0.9947178616577622
78.95	0.9926803797417704
79.05	NaN
79.14999999999999	NaN
79.25	0.9953105090318951
79.35	0.9960602377061668
79.45	NaN
79.55	0.995085752133389
79.64999999999999	NaN
79.75	0.997928089898536
79.85	0.9965719640771693
