0.15	0.03578381344264228
0.25	0.03704918910899551
0.35	0.03763791099357294
0.45	0.0373802629855464
0.55	0.037401056285060325
0.65	0.03762760117795931
0.7500000000000001	0.03812078541278844
0.85	0.038963974002130516
0.95	0.03918569478122484
1.05	0.03969620755930413
1.15	0.040501542622053896
1.25	0.04079695818553647
1.35	0.04193785510137057
1.45	0.04286845089309146
1.55	0.04376184756022164
1.65	0.04470451047634787
1.75	0.046122443429401444
1.85	0.04744079438893647
1.95	0.048794963812059985
2.05	0.050389409549220956
2.15	0.05200731546809827
2.25	0.053987405951991585
2.35	0.05604622922754633
2.45	0.057942465811235674
2.5500000000000003	0.06023609451731351
2.65	0.06307877447756642
2.75	0.06612220489806374
2.85	0.06922917196453697
2.95	0.07246646466907651
3.0500000000000003	0.07610451863767234
3.15	0.08017439161872614
3.25	0.08475534326121087
3.35	0.08983963783472507
3.45	0.09554563273610568
3.5500000000000003	0.10172945278691181
3.65	0.10780192069600246
3.75	0.11569693050426323
3.85	0.12385495587627972
3.95	0.13364248851267263
4.05	0.14345734196904145
4.1499999999999995	0.15526102107795225
4.25	0.16821898096845034
4.35	0.18346527066621193
4.449999999999999	0.20023942658949243
4.55	0.2200040237882218
4.6499999999999995	0.2424390507853961
4.75	0.26740015181666754
4.85	0.29506257257867013
4.95	0.32997612190334313
5.05	0.37010711427051046
5.1499999999999995	0.4136016490258516
5.25	0.4637740650682547
5.35	0.523542087211526
5.45	0.5977724720043314
5.55	0.6760502674459256
5.6499999999999995	0.7742768577564048
5.75	0.8846056881207744
5.85	1.0151227720233262
5.95	1.148505903760187
6.05	1.3062650192954155
6.1499999999999995	1.4817198626076615
6.25	1.6495157165015766
6.35	1.8118676162467846
6.45	1.954375085695649
6.55	2.0642440639579145
6.6499999999999995	2.122370061007588
6.75	2.1349336571731525
6.85	2.1013599702882444
6.95	2.0276772041944127
7.05	1.9321351868297723
7.1499999999999995	1.8208378304932555
7.25	1.6994447935478034
7.35	1.5831921793633417
7.45	1.473768233933837
7.55	1.3714702740047762
7.6499999999999995	1.281266416514527
7.75	1.197703079501276
7.85	1.1222873837433291
7.95	1.0551692216331374
8.05	0.9976918697393382
8.15	0.9463643585253311
8.25	0.9013504700935278
8.350000000000001	0.8628052121949408
8.450000000000001	0.829816220559491
8.55	0.7995257361890872
8.65	0.7769053597754204
8.75	0.7561627834639038
8.850000000000001	0.7385527658778506
8.950000000000001	0.7224598109444788
9.05	0.7103468837356595
9.15	0.7013154357687713
9.25	0.694880954037835
9.350000000000001	0.6898991746785281
9.450000000000001	0.686702491180269
9.55	0.6865184463144175
9.65	0.6876483717998132
9.750000000000002	0.6906183925085319
9.85	0.6963828494147445
9.95	0.7005373807385061
10.049999999999999	0.7117297227487365
10.149999999999999	0.7212589313731187
10.25	0.7333742899725172
10.35	0.7479450489819484
10.45	0.7627913937237697
10.549999999999999	0.7799175613691554
10.649999999999999	0.7966658182926704
10.75	0.8190806339545882
10.85	0.839554836479338
10.95	0.861397445813614
11.049999999999999	0.8844800298916379
11.149999999999999	0.9123753093299247
11.25	0.9369201465140357
11.35	0.9624188389228899
11.45	0.9891038993171334
11.549999999999999	1.017718896130539
11.649999999999999	1.0450505083287511
11.75	1.0703775811829106
11.85	1.0989741388885959
11.95	1.12132751376341
12.049999999999999	1.1454923909346184
12.149999999999999	1.1666485624606995
12.25	1.186280320288597
12.35	1.2018510876311466
12.45	1.2146894661868721
12.549999999999999	1.2268620675890385
12.649999999999999	1.2358251898531565
12.75	1.2394741707423096
12.85	1.2421910258041755
12.95	1.2400905423896544
13.049999999999999	1.2350085037961023
13.149999999999999	1.2259766484722368
13.25	1.2156573652679024
13.35	1.2032489635070565
13.45	1.1880748201642013
13.549999999999999	1.1673816075272654
13.649999999999999	1.149677738180962
13.75	1.1293351954453137
13.85	1.1081185195803374
13.95	1.088245628662058
14.049999999999999	1.0666109250684916
14.149999999999999	1.0460281526195008
14.25	1.0242603446077014
14.35	1.0034703947912031
14.45	0.9861972866439126
14.549999999999999	0.9696392856851093
14.649999999999999	0.9513521941430703
14.75	0.936833765124326
14.85	0.923372941604291
14.95	0.9107960969390642
15.049999999999999	0.8998338459950366
15.149999999999999	0.8897577440195451
15.25	0.8816978587774297
15.35	0.8735965761061065
15.45	0.867517445821046
15.549999999999999	0.8616159136218967
15.649999999999999	0.8618019871172121
15.75	0.8590315666489544
15.85	0.8588370316567621
15.95	0.8594261913239167
16.05	0.8634020093325807
16.15	0.86353727813432
16.25	0.8666487579671404
16.349999999999998	0.8730513592186934
16.45	0.8811090868279897
16.55	0.8855949673491382
16.65	0.8943016007786555
16.75	0.9012395317120117
16.849999999999998	0.9134220180569177
16.95	0.9231494735717171
17.05	0.9342104008657025
17.15	0.9457357893385182
17.25	0.9583861536823822
17.349999999999998	0.9691029412536332
17.45	0.9826096479213072
17.55	0.9952140976831287
17.65	1.0087896810044372
17.75	1.02234867109944
17.849999999999998	1.0327033427231966
17.95	1.0445061492675747
18.05	1.0562456090675973
18.15	1.064842231260426
18.25	1.076463096174975
18.349999999999998	1.081855668503722
18.45	1.0889101678092692
18.55	1.098233133147853
18.65	1.1039278206688434
18.75	1.1076650728088697
18.849999999999998	1.109989220542662
18.95	1.113187215593193
19.05	1.1106261499212229
19.15	1.1085407383254167
19.25	1.108334001631692
19.35	1.1023215450969444
19.45	1.0991836994521549
19.55	1.093234951446216
19.65	1.0835586227644096
19.75	1.0799283868326268
19.85	1.069886546578875
19.95	1.0604982213245575
20.05	1.0529222305107653
20.15	1.044462930484238
20.25	1.0349931035069864
20.35	1.0250838824150346
20.45	1.0140806694366613
20.55	1.007285568587466
20.65	0.9972169543866746
20.75	0.9873418394251244
20.85	0.9789620234937156
20.95	0.9697151111584968
21.05	0.9630169450460571
21.15	0.9559574350769027
21.25	0.9508987046933713
21.35	0.9448637721658767
21.45	0.9377551955510643
21.55	0.9352808487948974
21.65	0.9308846292299139
21.75	0.9283427970110397
21.85	0.925280671203987
21.95	0.9251200253397498
22.05	0.9228653476046922
22.15	0.9236931948409385
22.25	0.9236622795993187
22.35	0.92330784421035
22.45	0.9264521114456945
22.55	0.9271654067046643
22.65	0.9322234342757287
22.75	0.9352770820987971
22.85	0.9395166986128722
22.95	0.9460297570994749
23.05	0.9506559860432956
23.15	0.9561675215893894
23.25	0.9636575125244202
23.35	0.9703279952383773
23.45	0.9759823025342539
23.55	0.9819917622619995
23.65	0.9916822365363759
23.75	0.9987904498643948
23.85	1.0032682095522243
23.95	1.009862743785693
24.05	1.0159795117566783
24.15	1.0239514231368685
24.25	1.0323560046181048
24.35	1.0359951249193244
24.45	1.0417365466815605
24.55	1.0483007810510232
24.65	1.0483635186195346
24.75	1.0558170083479854
24.85	1.0578565158788478
24.95	1.0611508325613825
25.05	1.0639532109606975
25.15	1.0613450122449024
25.25	1.0634688893855053
25.35	1.0639225034170707
25.45	1.0632921218028344
25.55	1.0600238439412566
25.65	1.0583526137232562
25.75	1.054747101050659
25.85	1.0519503862730815
25.95	1.0472289562601982
26.05	1.0428824402378676
26.15	1.0377281382191474
26.25	1.0313898868173947
26.35	1.0265266863188636
26.45	1.0226837576474221
26.55	1.0186389078089761
26.65	1.011689336178274
26.75	1.0063754301788022
26.85	1.0002284270088597
26.95	0.9923553072955142
27.05	0.9902371072217729
27.15	0.98530797485613
27.25	0.9801034179650018
27.35	0.9758701060195927
27.45	0.9712174291934775
27.55	0.9684729169813084
27.65	0.9635922550557927
27.75	0.9609912239277952
27.85	0.9590100350755021
27.95	0.9559977747749312
28.05	0.9554287209409498
28.15	0.9532133692787007
28.25	0.9520691190596674
28.35	0.9524642808048845
28.45	0.9522605287305446
28.55	0.9538908345805363
28.65	0.9537930331441149
28.75	0.9535832090445839
28.85	0.9576061402196655
28.95	0.9588805146968112
29.05	0.9628661514264727
29.15	0.9639392226324799
29.25	0.9669882868195698
29.35	0.9715867172576854
29.45	0.9755923652304956
29.55	0.9814853127920438
29.65	0.9826644338373266
29.75	0.986798981620737
29.85	0.9908047534454667
29.95	NaN
30.05	1.0003964132333703
30.15	1.00625527390307
30.25	1.010569818601545
30.35	1.0151865604048538
30.45	1.017748355490332
30.55	1.023680632212713
30.65	1.0257626233203605
30.75	1.0293865194756295
30.85	1.031801753671466
30.95	1.0358134630760267
31.05	1.0382680822662815
31.15	1.0368027065886996
31.25	1.041370492696376
31.35	1.040445157624253
31.45	1.0404166533531327
31.55	1.0416897795179958
31.65	1.0414654259015383
31.75	NaN
31.85	1.0395022104381513
31.95	1.037299576994324
32.05	1.033846326875776
32.15	1.0325026608814911
32.25	1.0282190659927803
32.35	1.0273087567741013
32.45	1.026037993139798
32.55	1.0201924178411697
32.65	1.0186217428080715
32.75	1.0126276360173871
32.85	1.0098998316796663
32.95	1.0071479254753197
33.05	1.0021758474238884
33.15	0.9975176836790397
33.25	0.9948398169088566
33.35	0.9908602902795549
33.45	0.9886318927696195
33.55	0.986335576830259
33.65	0.9852163002970645
33.75	0.9799026475928377
33.85	0.9765933623025098
33.95	0.9738144956239002
34.05	0.9755610025753902
34.15	0.9721865405927158
34.25	0.9697765013560591
34.35	0.9684199261538653
34.45	0.9680884109496253
34.55	0.9671604974308491
34.65	0.9677924429423388
34.75	0.9675809939901202
34.85	0.967624033472271
34.95	0.9687436113062032
35.05	0.9678684742011561
35.15	0.9733658877487974
35.25	0.9731046804683984
35.35	0.9755539774737608
35.45	0.9767403322051627
35.55	0.9792664282712147
35.65	0.982940755863472
35.75	0.984392451177772
35.85	0.986117059686127
35.95	0.990356132036459
36.05	0.9933677573313223
36.15	0.9954134262220828
36.25	0.9977750159033748
36.35	1.0023946554688723
36.45	1.004967076964991
36.55	1.0065120668552385
36.65	NaN
36.75	1.0145175458232916
36.85	1.0156917684879712
36.95	1.0179612330385346
37.05	1.0216751533066433
37.15	1.02285558686979
37.25	1.0253908106773093
37.35	1.0257408418756346
37.45	1.0274416764472338
37.55	1.0279509770447897
37.65	1.0266763562444696
37.75	1.029216610872852
37.85	1.0286297727897935
37.95	1.0257562511154164
38.05	NaN
38.15	NaN
38.25	1.0271880034683718
38.35	1.023694262028867
38.45	1.0228752246967796
38.550000000000004	1.0200949270443151
38.65	1.0176294575525966
38.75	1.0141499006207582
38.85	1.0142695974468623
38.95	1.0118814190475685
39.050000000000004	1.009682584470404
39.15	1.0056665677463734
39.25	1.002893624387136
39.35	0.9997519863933303
39.45	0.9992914820351098
39.550000000000004	0.9949273568324565
39.65	NaN
39.75	0.9909350136107882
39.85	0.988752463437132
39.95	0.9873471107221976
40.050000000000004	0.9859306035678638
40.15	0.9818454315851779
40.25	0.9822737087469721
40.35	NaN
40.45	0.9782944686530322
40.550000000000004	0.9774579666090463
40.65	0.9758759215127777
40.75	0.9782067540253299
40.85	0.9752055617875366
40.95	0.9751101934163189
41.050000000000004	0.9767910586477208
41.15	0.9777467871606252
41.25	0.9760062401598184
41.35	0.9766158248220242
41.45	0.9812359788829712
41.550000000000004	0.9820693025471163
41.65	0.9830784311432873
41.75	0.9839490756570288
41.85	0.985803024885908
41.95	0.9900246485926504
42.050000000000004	0.9896113916860549
42.15	0.9921780307463849
42.25	0.9922589352968958
42.35	0.9951942763587401
42.45	0.998834503653339
42.550000000000004	1.0021110492796406
42.65	1.001836138869585
42.75	1.0050272277901673
42.85	1.0066020390573331
42.95	1.0077531631513728
43.050000000000004	1.0111898312624097
43.15	NaN
43.25	1.0120014273587905
43.35	1.015767475086663
43.45	1.017168326762596
43.550000000000004	1.0185312392297867
43.65	NaN
43.75	NaN
43.85	1.022711084394355
43.95	1.02130729416953
44.050000000000004	1.0206283999152017
44.15	1.020712265130621
44.25	1.0235110742183617
44.35	1.0195590459919
44.45	NaN
44.550000000000004	1.0173621455376365
44.65	1.0175359513554032
44.75	1.016372809100689
44.85	1.014815522058499
44.95	1.013563238763628
45.050000000000004	1.012718818412308
45.15	1.009743038307363
45.25	1.0090972943746093
45.35	1.0060861200955131
45.45	1.0044401070997269
45.550000000000004	1.0024190059172846
45.65	0.9986693172284007
45.75	NaN
45.85	0.99558823843776
45.95	NaN
46.050000000000004	0.9925707985750439
46.15	0.9901652085679982
46.25	0.9905900434516933
46.35	NaN
46.45	0.9859856559765249
46.550000000000004	0.9886308860688153
46.65	NaN
46.75	0.984955535687644
46.85	0.9837537039911682
46.95	0.9821294763404937
47.050000000000004	0.9829410465900691
47.15	0.9823150800788308
47.25	0.9824391198996361
47.35	0.982037707057148
47.45	NaN
47.550000000000004	0.9835433685226348
47.65	0.9825874844944922
47.75	0.9847013303878911
47.85	0.9841966285547821
47.95	0.9869304989104042
48.050000000000004	0.9865278609187419
48.15	0.9901326933701046
48.25	0.9893081020400346
48.35	0.9922841391193312
48.45	0.9934306888879512
48.550000000000004	0.9942843746787503
48.65	0.994447988922545
48.75	1.0017697157510657
48.85	1.0005894743561683
48.95	1.0024463694605588
49.050000000000004	1.0042663840994932
49.15	1.005817545023801
49.25	1.0061024377545968
49.35	1.007926246438722
49.45	1.0087835304564035
49.550000000000004	1.0131669472742797
49.65	1.0118267162826073
49.75	NaN
49.85	1.0182560156792368
49.95	1.0144140560990509
50.050000000000004	1.0161688281711918
50.15	1.0159030514625966
50.25	1.0162833324665037
50.35	1.0168112217888745
50.45	1.0158306716119216
50.550000000000004	1.0160629457129164
50.65	1.0144871453880233
50.75	1.0141648383069968
50.85	1.0131994228013186
50.95	1.012669230497069
51.050000000000004	1.0121570908877364
51.15	1.0133901255945044
51.25	1.0109535792819824
51.35	1.0098464208685478
51.45	1.005854835567223
51.550000000000004	1.004224200605777
51.65	1.0060244437762436
51.75	1.0070943885226087
51.85	1.0000188961593262
51.95	0.9991746209683517
52.050000000000004	0.9951182632577377
52.15	NaN
52.25	0.9943067044695366
52.35	0.9930805203689248
52.45	0.9909872315990446
52.550000000000004	0.9919905457565735
52.65	0.9907787160221071
52.75	0.9899736532076755
52.85	0.9882934436872368
52.95	0.9858925016492623
53.050000000000004	0.9882957822075389
53.15	0.9868636679404736
53.25	0.9856168206018635
53.35	0.9868084236104631
53.45	0.9853132256077816
53.550000000000004	0.9828157884849393
53.65	0.9866550264023219
53.75	0.9857480788133561
53.85	0.9864628023530488
53.95	0.9869828774667093
54.050000000000004	0.9882583014449309
54.15	0.9911373276793147
54.25	0.9891202519550182
54.35	0.9906367514225239
54.45	0.9924326377215669
54.550000000000004	NaN
54.65	0.9957285648176016
54.75	0.9948846070411691
54.85	0.9978191325130632
54.95	0.9988000957002401
55.050000000000004	0.9985560802876229
55.15	1.0011727050431705
55.25	1.0005247051170922
55.35	1.0051141934417898
55.45	1.0062794445309446
55.550000000000004	1.004988223027708
55.65	NaN
55.75	1.006102668530529
55.85	1.010027052464134
55.95	1.0084010783904755
56.050000000000004	1.0101628937673912
56.15	1.0103398462652762
56.25	1.012778869926105
56.35	1.0119423741765283
56.45	1.0144194382012572
56.550000000000004	1.0116255577091458
56.65	1.0134019848216114
56.75	1.0108474306251791
56.85	1.012655090442784
56.95	1.0127057196474512
57.050000000000004	1.0104989574450753
57.15	1.0103509809832316
57.25	1.0104321814851496
57.35	1.009028389145646
57.45	1.0100588061939797
57.550000000000004	NaN
57.65	1.006489630140989
57.75	1.0070787838036084
57.85	1.004948956579929
57.95	1.0024340420601732
58.050000000000004	NaN
58.15	1.0010136507692688
58.25	1.0004783985345245
58.35	0.995985873447556
58.45	0.996112801251069
58.550000000000004	0.9970872968039656
58.65	0.9946239449696102
58.75	NaN
58.85	0.9937162046870585
58.95	0.9917479654741046
59.050000000000004	0.9898756400621854
59.15	0.9902880971611557
59.25	0.9898355949666189
59.35	0.9890495266382773
59.45	0.9892494810396719
59.550000000000004	0.9882072463394636
59.65	NaN
59.75	0.9882802753824335
59.85	0.9889028242233338
59.95	0.9903782069468228
60.050000000000004	0.9892698401324903
60.15	0.9905513290089741
60.25	0.9894134306127372
60.35	NaN
60.45	0.9919436059501348
60.550000000000004	0.9920303949026709
60.65	0.9925641472346715
60.75	0.991212077056687
60.85	NaN
60.95	0.9960515463559111
61.050000000000004	0.9966895501454788
61.15	0.9979528381545637
61.25	0.999756334754593
61.35	1.0008485281064972
61.45	1.0005121289977215
61.550000000000004	1.0025659992584381
61.65	1.004814049660968
61.75	1.0034937488220663
61.85	1.0039719562799811
61.95	NaN
62.050000000000004	1.008627035687284
62.15	1.0076506979822624
62.25	1.007849509295977
62.35	1.0076989264098009
62.45	NaN
62.550000000000004	1.0097008507578182
62.65	NaN
62.75	NaN
62.85	1.0092929849411987
62.95	1.010756165875758
63.050000000000004	1.0102476716419135
63.15	1.0101084223976777
63.25	1.0094924799852614
63.35	1.010275275945704
63.45	1.0081831160710149
63.550000000000004	1.008440371583373
63.65	NaN
63.75	1.00608485210144
63.85	NaN
63.95	1.0056955676036008
64.05	1.0045398333193636
64.14999999999999	1.0033595857448625
64.25	1.002799411943874
64.35	NaN
64.44999999999999	1.0005579723020634
64.55	0.9992307355337644
64.64999999999999	0.9983303026392385
64.75	0.9961752589948137
64.85	0.9957150535528116
64.94999999999999	0.9934574825331808
65.05	0.9937643494739425
65.14999999999999	NaN
65.25	0.9936146764482381
65.35	0.9920508272899609
65.44999999999999	0.9917271069504459
65.55	0.9917322921206101
65.64999999999999	NaN
65.75	0.9903166408983094
65.85	0.9910823847262564
65.94999999999999	NaN
66.05	NaN
66.14999999999999	0.9914954202551669
66.25	0.9891978085513369
66.35	0.9906882112581722
66.44999999999999	0.9909291013479683
66.55	NaN
66.64999999999999	0.9921497394164298
66.75	0.9939578696639989
66.85	NaN
66.94999999999999	NaN
67.05	NaN
67.14999999999999	NaN
67.25	0.9958246016445695
67.35	NaN
67.44999999999999	NaN
67.55	0.9997765821313085
67.64999999999999	1.0011760325631611
67.75	1.0000294317813307
67.85	1.0009129114668316
67.94999999999999	NaN
68.05	1.0046039956770656
68.14999999999999	1.006952144469501
68.25	1.0066217459496616
68.35	1.006621694498574
68.44999999999999	1.006602420296779
68.55	1.0065786977246078
68.64999999999999	NaN
68.75	1.0068455200313684
68.85	1.0077656401583868
68.94999999999999	1.0080032254955051
69.05	NaN
69.14999999999999	1.009457204037725
69.25	NaN
69.35	1.0072925891982283
69.44999999999999	1.0038498316019382
69.55	1.0079994456000592
69.64999999999999	1.0080926343189036
69.75	1.0076614920498768
69.85	1.0058487211761167
69.94999999999999	1.0066385591358429
70.05	NaN
70.14999999999999	1.0057728076460735
70.25	1.0044193395466738
70.35	1.004606556156452
70.44999999999999	1.0017379350020759
70.55	1.0016140848220807
70.64999999999999	1.0016636132175432
70.75	0.9973559386540459
70.85	0.9993315997816102
70.94999999999999	0.9987191568069724
71.05	0.9970541604773447
71.14999999999999	NaN
71.25	0.9965383875166086
71.35	NaN
71.44999999999999	0.9932380917613954
71.55	0.9941672365016204
71.64999999999999	0.9938128755181398
71.75	0.994786568179274
71.85	NaN
71.94999999999999	NaN
72.05	0.9931037937186347
72.14999999999999	NaN
72.25	0.9922125780187919
72.35	0.991917899473273
72.44999999999999	NaN
72.55	NaN
72.64999999999999	0.9916482192134536
72.75	0.991068979261874
72.85	0.9929604103982359
72.94999999999999	NaN
73.05	0.9938459560304335
73.14999999999999	0.9959117888738984
73.25	0.9971598451551685
73.35	0.9967360740578919
73.44999999999999	0.9971302362628868
73.55	0.9970273660599809
73.64999999999999	0.9971882697779658
73.75	0.9976878972686684
73.85	0.9991945604301029
73.94999999999999	NaN
74.05	NaN
74.14999999999999	1.0011116054532097
74.25	1.0032108061808276
74.35	1.0022600557018972
74.44999999999999	1.0053073177452636
74.55	1.0045447519494461
74.64999999999999	NaN
74.75	NaN
74.85	1.0053866518618022
74.94999999999999	1.0079272848194367
75.05	1.0079624199649515
75.14999999999999	1.0073935635770734
75.25	1.0074670230273994
75.35	1.0082307690603733
75.44999999999999	1.00744874905319
75.55	1.007070755879025
75.64999999999999	1.0069762535860507
75.75	NaN
75.85	1.0061376787740939
75.94999999999999	NaN
76.05	1.0058397583346579
76.14999999999999	1.0050676697764471
76.25	1.0029279764541026
76.35	1.0039980721650354
76.44999999999999	NaN
76.55	1.0044976532717906
76.64999999999999	1.0016295746383541
76.75	NaN
76.85	1.0017782996600941
76.95	1.0010115136412718
77.05	1.0006757877479548
77.14999999999999	0.9980993908004845
77.25	NaN
77.35	NaN
77.45	NaN
77.55	0.9978630963647454
77.64999999999999	NaN
77.75	0.9991507326166159
77.85	0.9943438211397686
77.95	NaN
78.05	0.9947020324864211
78.14999999999999	NaN
78.25	0.9939976637660688
78.35	0.993567258577727
78.45	NaN
78.55	NaN
78.64999999999999	NaN
78.75	0.9934305023908712
78.85	0.9942451476992047
78.95	0.9964809175932159
79.05	NaN
79.14999999999999	NaN
79.25	0.9957394475784037
79.35	0.994491596071168
79.45	NaN
79.55	0.9961189885704125
79.64999999999999	NaN
79.75	0.997216394794815
79.85	0.9991621635632991
