0.15	0.03779508345665103
0.25	0.03672150963897004
0.35	0.03773680767834188
0.45	0.036896941739138815
0.55	0.037756436081507985
0.65	0.03749101013597757
0.7500000000000001	0.038236211152817626
0.85	0.03856655380970351
0.95	0.03897622274321101
1.05	0.03973426972577062
1.15	0.040361132477518435
1.25	0.04106414039051646
1.35	0.041830090082618704
1.45	0.042753254207435955
1.55	0.04373477223165081
1.65	0.04471912190414035
1.75	0.04598325590060927
1.85	0.047630022040196854
1.95	0.048824002907312855
2.05	0.05025351272955357
2.15	0.0520094139194019
2.25	0.05402894996370684
2.35	0.0560496292042825
2.45	0.05808287866825374
2.5500000000000003	0.06027080440458061
2.65	0.06308698736180388
2.75	0.06598640038584765
2.85	0.069048424608357
2.95	0.07273827238104602
3.0500000000000003	0.07619038536223853
3.15	0.08026205507131073
3.25	0.08486317860812538
3.35	0.09005161280885109
3.45	0.09558642929150345
3.5500000000000003	0.10178703294429994
3.65	0.10789224468581263
3.75	0.11571239025312977
3.85	0.12361267941942497
3.95	0.13365124126361136
4.05	0.14324400357202058
4.1499999999999995	0.15534998264129368
4.25	0.1680728638783262
4.35	0.18391214131963446
4.449999999999999	0.20062424910929746
4.55	0.22019558228028957
4.6499999999999995	0.24155205715884112
4.75	0.2681309044639306
4.85	0.2944690121715945
4.95	0.33010664965215814
5.05	0.3685043496324351
5.1499999999999995	0.4136178615880113
5.25	0.4638679123130896
5.35	0.5242010038147727
5.45	0.5982335540549938
5.55	0.6760375020853892
5.6499999999999995	0.7733964666090672
5.75	0.8855531207394906
5.85	1.014671358136999
5.95	1.1510803951377773
6.05	1.3104763361741796
6.1499999999999995	1.4799879565766847
6.25	1.6506609884819499
6.35	1.81210548646419
6.45	1.9591873955023986
6.55	2.060662563423642
6.6499999999999995	2.123039041358081
6.75	2.1381436511040888
6.85	2.105012175804596
6.95	2.031301042472481
7.05	1.931099095963873
7.1499999999999995	1.818345712955451
7.25	1.697729790802743
7.35	1.5875447053917182
7.45	1.473073593550857
7.55	1.370615635091456
7.6499999999999995	1.2814850242768618
7.75	1.1955739014807556
7.85	1.1215215923505055
7.95	1.0544256097374316
8.05	0.9964824239189757
8.15	0.9463151035454498
8.25	0.902159022359197
8.350000000000001	0.8641598889549311
8.450000000000001	0.8310166205888736
8.55	0.8014202650300306
8.65	0.7762278518552037
8.75	0.7545284781699433
8.850000000000001	0.7368893879366889
8.950000000000001	0.7234345171338201
9.05	0.7108335838681442
9.15	0.7030002880833808
9.25	0.6936480264267574
9.350000000000001	0.6892649942368171
9.450000000000001	0.6866122701068449
9.55	0.6860995827978968
9.65	0.687705944912972
9.750000000000002	0.6915787173678434
9.85	0.6948912860464102
9.95	0.7018768914954311
10.049999999999999	0.7110349632747515
10.149999999999999	0.7208681491227472
10.25	0.733814768281855
10.35	0.7466125408105643
10.45	0.7631838464183622
10.549999999999999	0.7776806655203679
10.649999999999999	0.7983462192099254
10.75	0.818871935641651
10.85	0.8394198509970264
10.95	0.8616626963389118
11.049999999999999	0.8872149063258987
11.149999999999999	0.910521248874781
11.25	0.9378042124162629
11.35	0.9632672191332408
11.45	0.9898797348104014
11.549999999999999	1.0176954347503555
11.649999999999999	1.0451003158739876
11.75	1.0731052646730679
11.85	1.098668774503173
11.95	1.1234434062842782
12.049999999999999	1.1462913206953929
12.149999999999999	1.1668234229836265
12.25	1.1866087138795745
12.35	1.2024824869865505
12.45	1.2190597876349205
12.549999999999999	1.22745497595362
12.649999999999999	1.2363849973949024
12.75	1.239624686563975
12.85	1.2405173131229092
12.95	1.2417122165463057
13.049999999999999	1.2360096392785487
13.149999999999999	1.2231033953239896
13.25	1.2145352988453522
13.35	1.2016033189560313
13.45	1.189247157960045
13.549999999999999	1.1667679374917541
13.649999999999999	1.1494914326573136
13.75	1.1288465752149002
13.85	1.1073940904144346
13.95	1.0863744915707976
14.049999999999999	1.0671420674892453
14.149999999999999	1.0443451612648162
14.25	1.024812126100618
14.35	1.0069391841183095
14.45	0.9868759256922556
14.549999999999999	0.9714635344657098
14.649999999999999	0.9534042489909382
14.75	0.9380133522773693
14.85	0.9243910518736739
14.95	0.9118940454987265
15.049999999999999	0.8978384122461736
15.149999999999999	0.8884102795068066
15.25	0.8823309610149948
15.35	0.8758930412153464
15.45	0.8676666212133316
15.549999999999999	0.864138436773593
15.649999999999999	0.860664419568576
15.75	0.8572976739570147
15.85	0.8585687339195868
15.95	0.8573042626136158
16.05	0.8597866979805049
16.15	0.8627323538383783
16.25	0.8675074873464999
16.349999999999998	0.8727437404813069
16.45	0.8771916259598778
16.55	0.885413845448537
16.65	0.8936967444100125
16.75	0.9026673127477894
16.849999999999998	0.912427016008099
16.95	0.9242391719938001
17.05	0.9346375643729972
17.15	0.9452278308850991
17.25	0.9577984362153401
17.349999999999998	0.9684664186288926
17.45	0.9825342149559264
17.55	0.9966906324333453
17.65	1.008433476592668
17.75	1.0204862259764411
17.849999999999998	1.0347768863051106
17.95	1.0463810807059097
18.05	1.0551133896215616
18.15	1.0653618293615132
18.25	1.0750398255783975
18.349999999999998	1.0837966710850833
18.45	1.091986082487996
18.55	1.098302204870822
18.65	1.105407204943382
18.75	1.1074398590037424
18.849999999999998	1.1100551133390368
18.95	1.1091322863628117
19.05	1.110537235987174
19.15	1.1112034639027797
19.25	1.1059167319772345
19.35	1.1029020936683833
19.45	1.0988005556089868
19.55	1.0918537954953071
19.65	1.0859507473880428
19.75	1.078832020805692
19.85	1.0677742828283312
19.95	1.0615051361695973
20.05	1.0550371721472191
20.15	1.0447951697671807
20.25	1.0337930799380386
20.35	1.0241528758926826
20.45	1.0152911571755805
20.55	1.005615330843232
20.65	0.9969267435926541
20.75	0.9886345804771772
20.85	0.9795363638938213
20.95	0.9720321481925935
21.05	0.9643179453219094
21.15	0.9572670437881721
21.25	0.9504886089609187
21.35	0.9450720295392574
21.45	0.9377539610364599
21.55	0.9351739433903875
21.65	0.9310896176045379
21.75	0.9284958031811736
21.85	0.9259904209339774
21.95	0.923506684954315
22.05	0.923348802517332
22.15	0.9229631334684574
22.25	0.9231514625173188
22.35	0.9249538429426974
22.45	0.9288691336775335
22.55	0.9266911838747933
22.65	0.9304405520074492
22.75	0.9366980244537325
22.85	0.9407730465936818
22.95	0.9444262396670399
23.05	0.9516875382553084
23.15	0.9559834066218499
23.25	0.9631010347194531
23.35	0.9686592360886062
23.45	0.97538604921913
23.55	0.9821155897191751
23.65	0.9904298418445064
23.75	0.9954561800964976
23.85	1.0040658725787055
23.95	1.0108194245906492
24.05	1.018188847457081
24.15	1.0247505515358752
24.25	1.0324849932371056
24.35	1.0370660768720528
24.45	1.04221825873554
24.55	1.0478788393703464
24.65	1.0492747278791659
24.75	1.0547867015273433
24.85	1.0578978550901312
24.95	1.0619079433389893
25.05	1.0567958628529488
25.15	1.062624379885983
25.25	1.0638865579196148
25.35	1.0637150611628914
25.45	1.0611580662101951
25.55	1.061273575535871
25.65	1.0602254599991914
25.75	1.0561111790586435
25.85	1.0518285517107642
25.95	1.0476865648885154
26.05	1.042234943774301
26.15	1.039883686394456
26.25	1.0335249972488882
26.35	1.0282677729509597
26.45	1.0218641232491357
26.55	1.0167116315790579
26.65	1.0126784995800626
26.75	1.0060349713811338
26.85	0.9987319939229933
26.95	0.9926645320468522
27.05	0.9902812547472316
27.15	0.9857149780850228
27.25	0.9808385487291953
27.35	0.975449487529201
27.45	0.9718707494026582
27.55	0.9690502182147309
27.65	0.9651539865601986
27.75	0.9612838442072171
27.85	0.9578531585959134
27.95	0.9572242640576457
28.05	0.955048149415134
28.15	0.9529773139333677
28.25	0.9537049228370776
28.35	0.952957154312237
28.45	0.9522158989975864
28.55	0.9532282955017023
28.65	0.954024042158604
28.75	0.956244152266363
28.85	0.9578090857328244
28.95	0.9614615467696238
29.05	0.9621058929520218
29.15	0.9645838322846069
29.25	0.9666182449976232
29.35	0.971489361296222
29.45	0.973649277680032
29.55	0.9800295873394858
29.65	0.9820172039967482
29.75	0.9894195216975351
29.85	0.9904798030391346
29.95	NaN
30.05	1.0010662162358586
30.15	1.0042584431384403
30.25	1.0085260982550575
30.35	1.0132718081794865
30.45	1.0199194779138043
30.55	1.0215929844001963
30.65	1.0261470218432331
30.75	1.0285662265139253
30.85	1.032316180976492
30.95	1.0336818334810394
31.05	1.0372559481771928
31.15	1.0372490793109377
31.25	1.0383075731713076
31.35	1.038663556538804
31.45	1.0411376548486322
31.55	1.038517809314418
31.65	1.038008599799514
31.75	NaN
31.85	1.039327957877106
31.95	1.0379784339126477
32.05	1.035455187315444
32.15	1.03326526254957
32.25	1.0303578653171903
32.35	1.0265355713828586
32.45	1.0231003009434738
32.55	1.0210538012137178
32.65	1.016010337810259
32.75	1.013657839363259
32.85	1.0096951455336887
32.95	1.003733730944856
33.05	1.0023147726747494
33.15	1.0004826745532753
33.25	0.995305111910678
33.35	0.993255695802192
33.45	0.9879112092920157
33.55	0.9846295160465608
33.65	0.9824069189474635
33.75	0.9799628802274285
33.85	0.9754552476226352
33.95	0.9742883376720868
34.05	0.9738690233194688
34.15	0.9719356718253234
34.25	0.9693584154966608
34.35	0.9683242435496989
34.45	0.9646646749799438
34.55	0.965438037165158
34.65	0.9677684800352778
34.75	0.9673688279670807
34.85	0.9690196921165646
34.95	0.968284585054691
35.05	0.9741764733296927
35.15	0.972839646064594
35.25	0.9737611736733535
35.35	0.9752389950072656
35.45	0.9741956970379632
35.55	0.9779804682441164
35.65	0.9831654827237959
35.75	0.9831483100199986
35.85	0.9868499564895848
35.95	0.9901216659019687
36.05	0.9932532728355029
36.15	0.9967639902369898
36.25	1.0007331757495754
36.35	1.002332392804296
36.45	1.0063847472750602
36.55	1.0082689707494208
36.65	NaN
36.75	1.0136864289771477
36.85	1.0181865065777236
36.95	1.0176057240165601
37.05	1.019983644804768
37.15	1.021661058499716
37.25	1.0251246501611948
37.35	1.025196989470285
37.45	1.0269938181593772
37.55	1.0270486745887808
37.65	1.0270390476794082
37.75	1.0282494532349429
37.85	1.03196239715406
37.95	1.023755661546342
38.05	NaN
38.15	NaN
38.25	1.024907749782978
38.35	1.0225252854844042
38.45	1.0221769594179673
38.550000000000004	1.0193124889946958
38.65	1.0185717101064153
38.75	1.0167368147390319
38.85	1.0133306036909837
38.95	1.0130828229270974
39.050000000000004	1.0075835166355522
39.15	1.0077882901415935
39.25	1.005930861529148
39.35	1.0007580233028317
39.45	0.9972266545411843
39.550000000000004	0.9950673104565722
39.65	NaN
39.75	0.9917235970084571
39.85	0.9881545318425831
39.95	0.9871740159750438
40.050000000000004	0.9860100100168373
40.15	0.9821507676162567
40.25	0.9832507013536026
40.35	NaN
40.45	0.9793217561324895
40.550000000000004	0.9772069802404137
40.65	0.9769814432057037
40.75	0.9765707153786005
40.85	0.9750373522405809
40.95	0.9762775773818435
41.050000000000004	0.9775963387269149
41.15	0.9783644362583104
41.25	0.976069671000669
41.35	0.9789520051892496
41.45	0.9795656121217113
41.550000000000004	0.980490224326167
41.65	0.9833780246183179
41.75	0.9839735515615095
41.85	0.983787632741432
41.95	0.9857254477694279
42.050000000000004	0.9895076875976049
42.15	0.9910574910396435
42.25	0.9927413418983873
42.35	0.9946677224404972
42.45	0.9993374543190836
42.550000000000004	1.0004387083186246
42.65	1.003229896058449
42.75	1.0072357528372402
42.85	1.0065099435059282
42.95	1.00797140511537
43.050000000000004	1.010799298426819
43.15	NaN
43.25	1.0141481652137003
43.35	1.0168297225798844
43.45	1.016344014570752
43.550000000000004	1.0184659339189819
43.65	NaN
43.75	NaN
43.85	1.0191433975991606
43.95	1.0219787852552304
44.050000000000004	1.0204344237103238
44.15	1.0210308875095075
44.25	1.0234600689452653
44.35	1.0193233506599364
44.45	NaN
44.550000000000004	1.0190686366571817
44.65	1.01691157418306
44.75	1.016597766562931
44.85	1.0143079430862265
44.95	1.011467334771905
45.050000000000004	1.0088187441195555
45.15	1.0096755048932915
45.25	1.0088950596660031
45.35	1.0054957773758528
45.45	1.0017702391603138
45.550000000000004	1.0039327680459553
45.65	1.0011238926612682
45.75	NaN
45.85	0.9961798981793394
45.95	NaN
46.050000000000004	0.9934660294539217
46.15	0.9927125834550992
46.25	0.9893924540266289
46.35	NaN
46.45	0.9870326696526337
46.550000000000004	0.9855881897190453
46.65	NaN
46.75	0.982626233637064
46.85	0.9831377580715408
46.95	0.983405980177224
47.050000000000004	0.9835972865245283
47.15	0.9823297838694985
47.25	0.9818842773390244
47.35	0.9832093181027532
47.45	NaN
47.550000000000004	0.9831904401431492
47.65	0.9823629679851115
47.75	0.9844632517249777
47.85	0.9866910001861208
47.95	0.9872808406012988
48.050000000000004	0.9883748554714239
48.15	0.9904203758850936
48.25	0.9930109871242153
48.35	0.9925701724755988
48.45	0.992640641713423
48.550000000000004	0.9953458575408588
48.65	0.9978239830484251
48.75	0.9986443094061944
48.85	1.0010525146116573
48.95	1.0021372600358154
49.050000000000004	1.003190912882093
49.15	1.0031974486702377
49.25	1.0080440720429809
49.35	1.0104151718982364
49.45	1.0090151282129216
49.550000000000004	1.0136923528264463
49.65	1.0124201836000457
49.75	NaN
49.85	1.014312479304875
49.95	1.014527151947071
50.050000000000004	1.0157206336885063
50.15	1.0152388133990933
50.25	1.0156349305373849
50.35	1.0170820072589362
50.45	1.0154434070774034
50.550000000000004	1.0145194015360375
50.65	1.0155352887001983
50.75	1.0140034148504378
50.85	1.0157237063258193
50.95	1.0116066900345801
51.050000000000004	1.0126996424915717
51.15	1.012911322316437
51.25	1.0124725352958683
51.35	1.0092438837875313
51.45	1.0058265520244296
51.550000000000004	1.005183859594162
51.65	1.0049957769997566
51.75	1.00435765916138
51.85	1.00195192793278
51.95	0.9984865132091637
52.050000000000004	0.9981628646604791
52.15	NaN
52.25	0.9946862840583328
52.35	0.9947542070567601
52.45	0.9937604631870083
52.550000000000004	0.9916916428368392
52.65	0.9916340981825982
52.75	0.9897689339599373
52.85	0.9894074008300154
52.95	0.9889245745438494
53.050000000000004	0.9873875117734534
53.15	0.9863110470048129
53.25	0.9867165461887397
53.35	0.9863847668090577
53.45	0.9866926909655555
53.550000000000004	0.9837509426934349
53.65	0.9850559155486318
53.75	0.9849338726678076
53.85	0.9865982185906481
53.95	0.9860301276717922
54.050000000000004	0.9890444605261917
54.15	0.9872496822661494
54.25	0.9913065248665835
54.35	0.9893795566425304
54.45	0.9909039787305568
54.550000000000004	NaN
54.65	0.993612216129984
54.75	0.9947372921525571
54.85	0.9970976047988268
54.95	0.9977618651480262
55.050000000000004	1.000517581741469
55.15	1.000085885800341
55.25	1.0020912877451924
55.35	1.0046305111979135
55.45	1.0035008942950714
55.550000000000004	1.0082320717861706
55.65	NaN
55.75	1.0068378308680686
55.85	1.0080052620994568
55.95	1.0085574754355762
56.050000000000004	1.0107411502275063
56.15	1.0122342001092282
56.25	1.0104542057187618
56.35	1.00668665431739
56.45	1.012890052256795
56.550000000000004	1.0116005520965758
56.65	1.0127026590806911
56.75	1.0119536359866073
56.85	1.0133857713519399
56.95	1.0138426453261187
57.050000000000004	1.0125555490129703
57.15	1.0105905210287909
57.25	1.009903121107964
57.35	1.0083055216311991
57.45	1.004928473386193
57.550000000000004	NaN
57.65	1.004540308387508
57.75	1.0045959536238078
57.85	1.0037787194848597
57.95	1.0034311638768811
58.050000000000004	NaN
58.15	1.0013513430833556
58.25	0.9985192204530817
58.35	0.9990214753014705
58.45	0.996886876722436
58.550000000000004	0.996588050727219
58.65	0.9924943281515333
58.75	NaN
58.85	0.9940490302076471
58.95	0.9925612420903495
59.050000000000004	0.991769492930103
59.15	0.9921062226308629
59.25	0.9909988406151541
59.35	0.9895099250858905
59.45	0.9899299223951982
59.550000000000004	0.988355212714758
59.65	NaN
59.75	0.98881518582321
59.85	0.9892814496281132
59.95	0.989561312441922
60.050000000000004	0.988492393444388
60.15	0.9889229309956158
60.25	0.9909982877438018
60.35	NaN
60.45	0.9913113560960423
60.550000000000004	0.9915684451482264
60.65	0.9923589927126524
60.75	0.994723618340573
60.85	NaN
60.95	0.9963331422909417
61.050000000000004	0.9961899713737715
61.15	0.9975209182603931
61.25	0.9997362824965775
61.35	0.9983701390479085
61.45	1.0008666806603312
61.550000000000004	1.0021590598995176
61.65	1.0047783759468008
61.75	1.005113826803549
61.85	1.0048154996492886
61.95	NaN
62.050000000000004	1.002978382978055
62.15	1.0074893813898758
62.25	1.0085663516559535
62.35	1.007285260142326
62.45	NaN
62.550000000000004	1.0102890334173857
62.65	NaN
62.75	NaN
62.85	1.009864179398211
62.95	1.0093258061471229
63.050000000000004	1.0109557849760498
63.15	1.010028422317168
63.25	1.0088932746012944
63.35	1.007739212960885
63.45	1.010078942390945
63.550000000000004	1.008313894347244
63.65	NaN
63.75	1.0063376076971384
63.85	NaN
63.95	1.0048456878263152
64.05	1.0050797965262654
64.14999999999999	1.0018206145383264
64.25	1.0019998525159703
64.35	NaN
64.44999999999999	0.9995439912309982
64.55	1.0001552929281359
64.64999999999999	0.9971996566086285
64.75	0.9938125464762047
64.85	0.9984400170507116
64.94999999999999	0.9979180494520519
65.05	0.9942525880183749
65.14999999999999	NaN
65.25	0.9926271408203962
65.35	0.9930839471926998
65.44999999999999	0.991924253970776
65.55	0.9921093779676684
65.64999999999999	NaN
65.75	0.9874857414277199
65.85	0.9911094911564665
65.94999999999999	NaN
66.05	NaN
66.14999999999999	0.9908453076417364
66.25	0.9911077022833935
66.35	0.9898755940251056
66.44999999999999	0.9920458265154917
66.55	NaN
66.64999999999999	0.9934658969861693
66.75	0.9920910628394466
66.85	NaN
66.94999999999999	NaN
67.05	NaN
67.14999999999999	NaN
67.25	0.9955497020286843
67.35	NaN
67.44999999999999	NaN
67.55	0.9997051674017194
67.64999999999999	0.9984138769717426
67.75	1.0013353155365383
67.85	1.0013568168103595
67.94999999999999	NaN
68.05	1.0034330865889995
68.14999999999999	1.0035418321477778
68.25	1.0055605347299987
68.35	1.0066475014699217
68.44999999999999	1.0065807646391418
68.55	1.00607150716993
68.64999999999999	NaN
68.75	1.0084331561152453
68.85	1.0080484236133829
68.94999999999999	1.006845952387039
69.05	NaN
69.14999999999999	1.0073578072861675
69.25	NaN
69.35	1.0083547171185374
69.44999999999999	1.007620918894701
69.55	1.008150789038045
69.64999999999999	1.0076274780702679
69.75	1.0067007731360496
69.85	1.007542974465776
69.94999999999999	1.0051884625042367
70.05	NaN
70.14999999999999	1.0043522694548224
70.25	1.0027548205451822
70.35	1.0030409312793025
70.44999999999999	1.0021454591724703
70.55	1.0021025633376153
70.64999999999999	1.0006403234789205
70.75	1.0011608870295965
70.85	0.9996067034554741
70.94999999999999	1.0000995098205563
71.05	0.9987469734514899
71.14999999999999	NaN
71.25	0.9936498803905379
71.35	NaN
71.44999999999999	0.9949768750889825
71.55	0.9944969222286886
71.64999999999999	0.9945845849673897
71.75	0.9925223670058336
71.85	NaN
71.94999999999999	NaN
72.05	0.9932972166932585
72.14999999999999	NaN
72.25	0.9915147907011799
72.35	0.9916422379417729
72.44999999999999	NaN
72.55	NaN
72.64999999999999	0.9931907974337929
72.75	0.9936968710311221
72.85	0.993163740890865
72.94999999999999	NaN
73.05	0.9949131281597057
73.14999999999999	0.9953247996492982
73.25	0.9956836354129698
73.35	0.9949426757630252
73.44999999999999	0.997304460705862
73.55	0.9970829762860808
73.64999999999999	0.9982189734870766
73.75	0.9984299099162394
73.85	1.0001970770557362
73.94999999999999	NaN
74.05	NaN
74.14999999999999	1.000872368985591
74.25	1.0017071037438685
74.35	1.0039070012537505
74.44999999999999	1.0033535479005191
74.55	1.0055667991778052
74.64999999999999	NaN
74.75	NaN
74.85	1.005467237221496
74.94999999999999	1.0070688046859582
75.05	1.0074952810047397
75.14999999999999	1.005984552312204
75.25	1.0067897129562333
75.35	1.0063277870221876
75.44999999999999	1.0081137017576238
75.55	1.0070322558878204
75.64999999999999	1.0079074760911573
75.75	NaN
75.85	1.0057046711574094
75.94999999999999	NaN
76.05	1.0050502779486143
76.14999999999999	1.0055161061534748
76.25	1.0054816653488916
76.35	1.00477584814175
76.44999999999999	NaN
76.55	1.0044405847356168
76.64999999999999	1.0007610640007951
76.75	NaN
76.85	1.0023189500781888
76.95	0.9996504731442974
77.05	0.9997031359117058
77.14999999999999	0.998292467337395
77.25	NaN
77.35	NaN
77.45	NaN
77.55	0.9976681675584794
77.64999999999999	NaN
77.75	0.9960416640315564
77.85	0.9948020453889159
77.95	NaN
78.05	0.9956824345690096
78.14999999999999	NaN
78.25	0.9933354496242753
78.35	0.9941161896272247
78.45	NaN
78.55	NaN
78.64999999999999	NaN
78.75	0.9938774026086955
78.85	0.9924020243500599
78.95	0.9946580495081375
79.05	NaN
79.14999999999999	NaN
79.25	0.9932047894677212
79.35	0.9951626828275609
79.45	NaN
79.55	0.9953610414502306
79.64999999999999	NaN
79.75	0.9978407140075298
79.85	0.9981458176930275
