0.15	0.019235308571329816
0.25	0.01846970276720937
0.35	0.018720003105393172
0.45	0.019008484670581242
0.55	0.019248178259201068
0.65	0.019297379955303118
0.7500000000000001	0.019644052649932985
0.85	0.019812707620323555
0.95	0.020147697738639253
1.05	0.02047968811569272
1.15	0.02082406856816494
1.25	0.021151344160978077
1.35	0.021583931427155166
1.45	0.021981102357259124
1.55	0.022588549794291552
1.65	0.023042958704418203
1.75	0.023631481262494015
1.85	0.024285250315866053
1.95	0.025103157098631822
2.05	0.02582491699798078
2.15	0.026652143236566752
2.25	0.02754880005215925
2.35	0.02860558794153545
2.45	0.029568610364717356
2.5500000000000003	0.030833514519187782
2.65	0.03210201332763008
2.75	0.033297747483599656
2.85	0.03493283768142759
2.95	0.036705496528137385
3.0500000000000003	0.03830762798679274
3.15	0.040196208156229186
3.25	0.042540370854147046
3.35	0.045055949388155665
3.45	0.047486688416113754
3.5500000000000003	0.05057912339253297
3.65	0.053740363508024615
3.75	0.05740620579197206
3.85	0.06103960482065478
3.95	0.06589324799332118
4.05	0.07071110286188967
4.1499999999999995	0.07633536191617399
4.25	0.08251298388428661
4.35	0.09012298928270487
4.449999999999999	0.09764536099613656
4.55	0.1066883775140471
4.6499999999999995	0.11658564778750224
4.75	0.12899822705720254
4.85	0.14307458103526968
4.95	0.1593768120197898
5.05	0.17704863348524946
5.1499999999999995	0.19973830822316707
5.25	0.22434005563300502
5.35	0.2548064632128815
5.45	0.29238892255951887
5.55	0.3353058056320291
5.6499999999999995	0.3862495010230325
5.75	0.4530926772339836
5.85	0.5286712580322699
5.95	0.625520637988412
6.05	0.7469124397354847
6.1499999999999995	0.8994380689432747
6.25	1.0823329731430036
6.35	1.3036762476316912
6.45	1.5792694170989867
6.55	1.8901112738302899
6.6499999999999995	2.227329656873573
6.75	2.535876599837947
6.85	2.7884354356032115
6.95	2.9353348099700916
7.05	2.9129558951891736
7.1499999999999995	2.7743128119103027
7.25	2.5483908089214022
7.35	2.293775894878876
7.45	2.0399483405334595
7.55	1.8140990690390368
7.6499999999999995	1.601830106577276
7.75	1.4343743445011263
7.85	1.278476875926486
7.95	1.1599754963290694
8.05	1.059199747022791
8.15	0.9742452996468033
8.25	0.9021044421688028
8.350000000000001	0.8387228530280899
8.450000000000001	0.788989047330535
8.55	0.7438380020731548
8.65	0.7069889892252753
8.75	0.6770244001913676
8.850000000000001	0.6515051999440129
8.950000000000001	0.6297757093922239
9.05	0.6118584879912078
9.15	0.5973281849284
9.25	0.5871633087783168
9.350000000000001	0.5791429472314547
9.450000000000001	0.5736084110997153
9.55	0.569285563360335
9.65	0.5674381469176535
9.750000000000002	0.5696891870713479
9.85	0.5721365149039146
9.95	0.5773050639581481
10.049999999999999	0.5854130717361314
10.149999999999999	0.5954157916682209
10.25	0.6038095650282662
10.35	0.6184976528790838
10.45	0.6350640544116409
10.549999999999999	0.6518868825814809
10.649999999999999	0.6711921535169466
10.75	0.6956144109368526
10.85	0.7208681726174131
10.95	0.7470014959323353
11.049999999999999	0.7765482563658054
11.149999999999999	0.8113154985755405
11.25	0.8448764120801157
11.35	0.8824987729975196
11.45	0.9196654440053902
11.549999999999999	0.961963537642126
11.649999999999999	1.0018349200620134
11.75	1.0448702167825101
11.85	1.0866204003136481
11.95	1.1272120085238435
12.049999999999999	1.1641403754114574
12.149999999999999	1.2004228169306934
12.25	1.231985906781524
12.35	1.2592944760508615
12.45	1.2865799494256238
12.549999999999999	1.3051737896881512
12.649999999999999	1.3183664264468562
12.75	1.329759222275689
12.85	1.336915510948525
12.95	1.3396546714861743
13.049999999999999	1.3384466140896725
13.149999999999999	1.3336494177499203
13.25	1.328154075720212
13.35	1.317915513581101
13.45	1.3053227717687323
13.549999999999999	1.2874677137342483
13.649999999999999	1.2660108436523172
13.75	1.2445967673839897
13.85	1.2177256126063276
13.95	1.1913020255586106
14.049999999999999	1.1609973692662645
14.149999999999999	1.1298106541350683
14.25	1.0990079336645686
14.35	1.064796254091564
14.45	1.0338780326072126
14.549999999999999	1.0025109859604164
14.649999999999999	0.9730499620807082
14.75	0.9452154518725404
14.85	0.9214986983280705
14.95	0.8976954683379383
15.049999999999999	0.8766220330961256
15.149999999999999	0.8562410282991844
15.25	0.8431854215513561
15.35	0.8261933972337523
15.45	0.8142934914504714
15.549999999999999	0.8039361074317413
15.649999999999999	0.7948200264612622
15.75	0.7899377822466671
15.85	0.7853711834439284
15.95	0.7831924418122073
16.05	0.7824185018914485
16.15	0.7836495685446018
16.25	0.7883995466332003
16.349999999999998	0.7908604315162099
16.45	0.7978004286676497
16.55	0.8051224966487085
16.65	0.815073381317764
16.75	0.8265576743428948
16.849999999999998	0.8386310088164277
16.95	0.854311719551884
17.05	0.8690886402042457
17.15	0.88608238360381
17.25	0.9025441299223785
17.349999999999998	0.9209005578199527
17.45	0.9414748505637328
17.55	0.9623724134774833
17.65	0.9833171721271597
17.75	1.0051097510852547
17.849999999999998	1.0266492722323974
17.95	1.04742147726329
18.05	1.0677524439419162
18.15	1.0865039301200603
18.25	1.1027796545773776
18.349999999999998	1.119827161973568
18.45	1.1334334940598447
18.55	1.1469235384281096
18.65	1.1558673413107117
18.75	1.1658385403296323
18.849999999999998	1.1722188343146391
18.95	1.1736840218235787
19.05	1.1789697467908204
19.15	1.1737312781204141
19.25	1.1741553495672097
19.35	1.166441617786965
19.45	1.1614582502788653
19.55	1.1530071893471037
19.65	1.1430096348612084
19.75	1.1318346194927518
19.85	1.1212639193106615
19.95	1.1076942543646062
20.05	1.0937012529973242
20.15	1.080679070942531
20.25	1.0660882679423962
20.35	1.0533234361742128
20.45	1.0386560580474138
20.55	1.0248363360399215
20.65	1.0095957231194082
20.75	0.9982887987589745
20.85	0.9831319472734739
20.95	0.971995513140663
21.05	0.9587096745039814
21.15	0.9470134429331358
21.25	0.9376646223509149
21.35	0.9265603891309032
21.45	0.917499892728178
21.55	0.9106496815759341
21.65	0.9026371464027566
21.75	0.896100274753476
21.85	0.8908822936356156
21.95	0.8849372111947772
22.05	0.8836543027037637
22.15	0.8797333656814552
22.25	0.8793967244095009
22.35	0.879242889463483
22.45	0.8807305041481773
22.55	0.8835033017980337
22.65	0.8869554336176725
22.75	0.8917066799764188
22.85	0.8957671471361163
22.95	NaN
23.05	0.9089755932482436
23.15	0.9175349901596358
23.25	0.9259581300868394
23.35	0.9342918260454544
23.45	0.9456027604789246
23.55	0.9573848955362563
23.65	0.968680290582175
23.75	0.9797233366038688
23.85	0.9925220930660805
23.95	1.002559292094421
24.05	1.0147442845890076
24.15	1.0269534333859707
24.25	1.0391545963693436
24.35	1.0480245249454194
24.45	1.057235509849007
24.55	1.066603078499801
24.65	1.0764758530735083
24.75	1.0847147340426602
24.85	1.091125989040557
24.95	1.097182887133978
25.05	1.1016183305244729
25.15	1.1022322501662065
25.25	1.1052992279709115
25.35	1.105891393038776
25.45	1.1026372538505893
25.55	1.102333099760715
25.65	1.097092766107816
25.75	1.0935242042922244
25.85	1.0892299409536104
25.95	1.0835414718469962
26.05	1.0750759986727303
26.15	1.0682509130106184
26.25	1.0589124925400972
26.35	1.053645395920113
26.45	1.0453547065994016
26.55	1.0348947352260838
26.65	1.0261880901831564
26.75	1.0165644935949587
26.85	1.0051290796362362
26.95	1.0015442516679902
27.05	0.9923395174365474
27.15	0.9822913867993854
27.25	0.9734552485426942
27.35	0.966150534710855
27.45	0.9588462888455521
27.55	0.9527855185875959
27.65	0.9490119521954424
27.75	0.9417581257271723
27.85	0.9441069467316079
27.95	0.9346000790863521
28.05	0.931300248536518
28.15	0.928506820523364
28.25	0.9284624163801235
28.35	0.9261696723676112
28.45	0.9234687441460903
28.55	0.9249953229299217
28.65	0.9204690977200758
28.75	0.9257527141778852
28.85	0.9289457542853369
28.95	0.9291115268909975
29.05	0.9351979763816256
29.15	0.938251535025137
29.25	0.9421391140418135
29.35	0.9494494543297285
29.45	0.953434957433243
29.55	0.9596097060685462
29.65	0.9657477787406964
29.75	0.9727784927990722
29.85	0.9783775308927236
29.95	0.9863357279289785
30.05	0.9924329111808959
30.15	1.0011720124731653
30.25	1.0065294355818923
30.35	1.0151975730974305
30.45	1.0221309578963735
30.55	1.030488034034926
30.65	1.0343063478262455
30.75	1.0428122371544155
30.85	1.0426980610744663
30.95	1.0521182481122693
31.05	1.0566917689125617
31.15	1.0597953896004852
31.25	1.0611335507375501
31.35	1.065596831085221
31.45	1.0656407465913376
31.55	1.0675098994528456
31.65	1.0666757653914674
31.75	1.0685373516868548
31.85	1.0648458992432988
31.95	1.0627257259950966
32.05	1.0600215501481016
32.15	1.0545815191542043
32.25	1.050721033653047
32.35	1.0471932291367065
32.45	1.043016635161455
32.55	1.039413896105873
32.65	1.0295485614021291
32.75	1.0288030869217302
32.85	1.0205590290904039
32.95	1.0152579002239288
33.05	1.0066405942265846
33.15	1.0012655550861744
33.25	0.9965755550595967
33.35	0.9900461789339602
33.45	0.9858063500751201
33.55	0.9787619148882869
33.65	0.9756320135194049
33.75	0.9703189964183465
33.85	0.9654751253744309
33.95	0.9595612834302679
34.05	0.958632944763246
34.15	0.9553673107066665
34.25	0.9528135904573473
34.35	0.9501868301142192
34.45	0.9478475557723672
34.55	0.9485776745763008
34.65	0.9469005742928543
34.75	0.9478008463157365
34.85	0.9490703818372255
34.95	0.9471451039567229
35.05	0.9495682975348746
35.15	0.9529257045612176
35.25	0.9556073254559616
35.35	0.9596415043211349
35.45	0.9584853110419869
35.55	0.9629893321856143
35.65	0.967351569473771
35.75	0.9698425405442168
35.85	0.9739150976084301
35.95	0.9795685975101293
36.05	0.9856606840225687
36.15	0.9890532495874619
36.25	0.9941027327619328
36.35	0.9991644055555933
36.45	1.0054441684688074
36.55	NaN
36.65	1.013476285855003
36.75	1.0184831383040966
36.85	1.0239505207655926
36.95	1.0279913102966232
37.05	1.0299544397471545
37.15	1.0349949924989412
37.25	1.0377210891354016
37.35	1.0408332577053019
37.45	1.0426124329782858
37.55	1.0440455630313963
37.65	NaN
37.75	1.0482711664473672
37.85	1.047174625279011
37.95	1.0474980463301309
38.05	1.0482160069437843
38.15	1.0415526336054834
38.25	1.0402013821026286
38.35	1.041109990617624
38.45	1.0390310194881776
38.550000000000004	1.0363052943944129
38.65	1.0319664660584573
38.75	1.0294536101444434
38.85	1.0253227064895667
38.95	1.0180848255000416
39.050000000000004	1.0187410597158795
39.15	NaN
39.25	NaN
39.35	NaN
39.45	NaN
39.550000000000004	0.9962266068687807
39.65	0.9924059230779179
39.75	0.9878347757190474
39.85	0.9829794256212797
39.95	0.9824100517180182
40.050000000000004	0.9725363270038445
40.15	NaN
40.25	0.9700338245837327
40.35	0.9696566799309297
40.45	0.9674159819263699
40.550000000000004	0.9638280674169375
40.65	0.9624312631859467
40.75	0.9626025816499852
40.85	0.964377039253205
40.95	0.9626455093279197
41.050000000000004	0.9605344093965587
41.15	0.964257476756345
41.25	0.9610773833179664
41.35	0.9644559042867851
41.45	0.964893897818566
41.550000000000004	NaN
41.65	0.9686831334759364
41.75	0.9716075573412045
41.85	0.9726005140532694
41.95	0.9787477098460409
42.050000000000004	0.979729984407965
42.15	NaN
42.25	0.9870315870186305
42.35	0.9906419804502067
42.45	0.9937226539170635
42.550000000000004	0.9980006095105912
42.65	0.9977355792858995
42.75	1.0052857861348747
42.85	1.0108827128132603
42.95	1.0110147981103994
43.050000000000004	1.014781979649669
43.15	1.01715466554701
43.25	1.021378133477256
43.35	1.023770607558213
43.45	1.0279113554756276
43.550000000000004	1.029165508807068
43.65	NaN
43.75	1.031961720642365
43.85	1.031778061786064
43.95	1.0356491363975333
44.050000000000004	1.0344989718797661
44.15	1.0334407677789386
44.25	NaN
44.35	1.0332087951934983
44.45	1.0333579424921466
44.550000000000004	1.0327498364394763
44.65	1.0294283291697794
44.75	1.026062580564505
44.85	1.0239490879038369
44.95	1.0249772814197853
45.050000000000004	1.0211259639352492
45.15	1.0161499991142662
45.25	1.0135915763741268
45.35	NaN
45.45	1.007047825239563
45.550000000000004	1.004770050825319
45.65	NaN
45.75	1.001697658970455
45.85	0.9966257209190248
45.95	0.9920686490651774
46.050000000000004	0.989731242153113
46.15	0.9859682988429516
46.25	0.9849622569755955
46.35	0.9829120768316849
46.45	0.9792174230283482
46.550000000000004	0.9769511814187714
46.65	NaN
46.75	0.9737554083848068
46.85	0.971785252019264
46.95	0.9729621101569111
47.050000000000004	0.9708927445227183
47.15	0.9708381847997136
47.25	0.9704026981205243
47.35	0.9709048554591263
47.45	0.9675563139644808
47.550000000000004	0.9700512796545906
47.65	0.9721541447339725
47.75	0.9745618724994629
47.85	0.9762705007950759
47.95	0.9785533216433279
48.050000000000004	0.978101560616559
48.15	0.9799258202328754
48.25	0.983798103583957
48.35	0.9849910887009973
48.45	0.9887725560094835
48.550000000000004	0.9894674957804389
48.65	0.9929984145311226
48.75	0.9971824393758618
48.85	0.9975293513678004
48.95	1.002059569554984
49.050000000000004	1.0051347557017112
49.15	NaN
49.25	1.0115415739052862
49.35	1.0119371909765984
49.45	1.0151975950348093
49.550000000000004	1.0172595354925256
49.65	1.0187024391334754
49.75	1.0202339084637877
49.85	1.0227624815033938
49.95	1.0234642350686947
50.050000000000004	1.0259495656981006
50.15	1.0263540773481357
50.25	1.0273186500814608
50.35	1.0272507987303257
50.45	1.0239758248379658
50.550000000000004	1.0274727551404759
50.65	1.0253657789329602
50.75	1.0267240101965982
50.85	1.0240290056980874
50.95	NaN
51.050000000000004	1.021043218474885
51.15	1.0183664940482933
51.25	1.0170893812227921
51.35	1.0149091551159122
51.45	1.013688658491357
51.550000000000004	NaN
51.65	1.0079168990522678
51.75	1.0050476327175146
51.85	1.0020753899603618
51.95	1.0018907125165966
52.050000000000004	NaN
52.15	0.9952297701806417
52.25	0.9937501352651035
52.35	0.9911810614474741
52.45	0.9904652828809613
52.550000000000004	0.9874564400890838
52.65	0.9842053014085739
52.75	0.9842670122889351
52.85	0.9818727152071386
52.95	NaN
53.050000000000004	0.9791832786905424
53.15	NaN
53.25	0.9761683758197823
53.35	0.9769802923413843
53.45	0.9783751009902719
53.550000000000004	NaN
53.65	0.9776078700236801
53.75	NaN
53.85	0.9773507591152247
53.95	0.9782773543567703
54.050000000000004	NaN
54.15	0.9810779576309829
54.25	NaN
54.35	0.9830663518068687
54.45	0.9856801358804638
54.550000000000004	NaN
54.65	0.9901140328736204
54.75	0.9952975489143381
54.85	0.9939557985526941
54.95	0.9961083383917019
55.050000000000004	0.9972783617595073
55.15	0.9997372649265176
55.25	1.001358945249235
55.35	1.0074977697407268
55.45	1.0062765380036465
55.550000000000004	1.011657883377072
55.65	1.0156852261738085
55.75	1.0139320127071354
55.85	1.0143351009716373
55.95	1.0163125798034611
56.050000000000004	1.0140442840003139
56.15	1.020943504484769
56.25	1.0222881838571665
56.35	1.0210553956830692
56.45	1.0199390851311154
56.550000000000004	1.0202377631647706
56.65	1.0204150804611964
56.75	NaN
56.85	1.0204592637020975
56.95	1.0181442428981569
57.050000000000004	1.0184032524343556
57.15	1.017195152878333
57.25	1.0160822154099274
57.35	NaN
57.45	1.0137441985310767
57.550000000000004	1.0103804563158796
57.65	1.012950501413406
57.75	1.0097189947474525
57.85	1.0067516432695895
57.95	1.0078587582341556
58.050000000000004	1.0030865228475292
58.15	1.0005114693826738
58.25	0.9995249439628917
58.35	0.9984765243371522
58.45	NaN
58.550000000000004	0.9944488908705259
58.65	0.9915865268099113
58.75	NaN
58.85	0.9880343546301447
58.95	NaN
59.050000000000004	0.9878814494151661
59.15	0.9840772003114764
59.25	0.9848124606821289
59.35	0.9831790195446752
59.45	0.9825081358400038
59.550000000000004	0.9798336096748352
59.65	0.9818270253634883
59.75	0.9838266576208342
59.85	NaN
59.95	0.9823803856593198
60.050000000000004	NaN
60.15	0.982388352469001
60.25	0.9837884792062501
60.35	NaN
60.45	0.985269702590743
60.550000000000004	0.989680370561223
60.65	0.9885729687601679
60.75	0.9888071270072102
60.85	0.9908116528352533
60.95	0.9897147778137114
61.050000000000004	0.9943645628177383
61.15	0.9965523369838077
61.25	0.998473792413034
61.35	1.000185962826303
61.45	1.0003869209611518
61.550000000000004	NaN
61.65	1.0048050968281828
61.75	NaN
61.85	NaN
61.95	1.0093002873510073
62.050000000000004	1.0116052114300866
62.15	1.0115508744761392
62.25	1.012279762097136
62.35	1.0142242409448208
62.45	1.0127541842908565
62.550000000000004	1.017164061274622
62.65	1.016901522401383
62.75	1.0167481500000983
62.85	1.0174278240448986
62.95	1.0169320038400307
63.050000000000004	1.0161256908021985
63.15	1.0160931713351842
63.25	NaN
63.35	1.0155372561315044
63.45	1.0167635185112591
63.550000000000004	1.010825944423875
63.65	1.0142292477392807
63.75	1.0119912207824504
63.85	1.0109367195825145
63.95	1.0084464051279125
64.05	1.0068620138546982
64.14999999999999	1.005151137828833
64.25	1.0064803937099067
64.35	1.0011433075779081
64.44999999999999	1.0013481543176992
64.55	1.0004986582626534
64.64999999999999	0.9972975470797312
64.75	0.9942265792335679
64.85	0.9947468750308277
64.94999999999999	0.992874313642495
65.05	0.9922692381681408
65.14999999999999	0.9896084018846877
65.25	NaN
65.35	0.9892174971153642
65.44999999999999	NaN
65.55	0.9850222952548832
65.64999999999999	0.9877554187994478
65.75	0.9846795269599682
65.85	0.9854888043564254
65.94999999999999	0.9847322854789619
66.05	NaN
66.14999999999999	0.9850879610035921
66.25	0.9851288596571691
66.35	0.9845514110624675
66.44999999999999	0.9862699551790318
66.55	0.9867752954785651
66.64999999999999	NaN
66.75	0.9878889121175514
66.85	NaN
66.94999999999999	NaN
67.05	0.9910366258197595
67.14999999999999	0.9906326777334046
67.25	0.994803439298661
67.35	0.9938373051862457
67.44999999999999	0.998561330749792
67.55	0.997333490434476
67.64999999999999	NaN
67.75	NaN
67.85	1.0037334098242556
67.94999999999999	1.0046613330068366
68.05	1.0051090234077478
68.14999999999999	1.0068071854867149
68.25	NaN
68.35	1.0079823773440568
68.44999999999999	1.011045333761492
68.55	1.0117105375406634
68.64999999999999	NaN
68.75	1.0129978585578474
68.85	1.0144331507226128
68.94999999999999	1.013878010819666
69.05	1.0123938664894974
69.14999999999999	1.0162060020148243
69.25	1.015358453465756
69.35	1.0139095067403903
69.44999999999999	NaN
69.55	1.0134677068089775
69.64999999999999	1.0102229014667408
69.75	NaN
69.85	1.011725093580546
69.94999999999999	NaN
70.05	1.010649934009395
70.14999999999999	1.008483602635397
70.25	NaN
70.35	1.0058548888108176
70.44999999999999	NaN
70.55	1.0035829347631253
70.64999999999999	1.0030918365436494
70.75	0.9991427098268437
70.85	0.9973683458260306
70.94999999999999	0.9988518961896873
71.05	0.9950601668202963
71.14999999999999	0.9950633775666569
71.25	NaN
71.35	0.9920101294178564
71.44999999999999	0.9927926861130855
71.55	0.9910704510326829
71.64999999999999	0.9891687266932183
71.75	0.9885014262905065
71.85	0.9894162913593917
71.94999999999999	0.9886482518193213
72.05	NaN
72.14999999999999	NaN
72.25	NaN
72.35	NaN
72.44999999999999	0.9879761894098014
72.55	0.9871636209425982
72.64999999999999	0.9896559131966215
72.75	NaN
72.85	0.9875519875624471
72.94999999999999	0.9889011438509464
73.05	0.9908576031242556
73.14999999999999	0.9909213412227593
73.25	0.9908555331936515
73.35	0.9923007737253816
73.44999999999999	NaN
73.55	0.9953787509628459
73.64999999999999	NaN
73.75	NaN
73.85	0.9994383298666843
73.94999999999999	0.9999091210122849
74.05	1.0013455651873802
74.14999999999999	1.003847906328923
74.25	1.004092610922642
74.35	1.0046696541362201
74.44999999999999	1.0033535363094543
74.55	1.0079096808154129
74.64999999999999	1.0077951638791698
74.75	1.0093797974839112
74.85	1.0094233652853912
74.94999999999999	1.0056704485448582
75.05	1.0097251285292506
75.14999999999999	1.0112770748769047
75.25	NaN
75.35	NaN
75.44999999999999	NaN
75.55	1.011087523319797
75.64999999999999	NaN
75.75	NaN
75.85	1.0104047399347875
75.94999999999999	1.0100547901604355
76.05	1.0105052494209206
76.14999999999999	1.0091451644432077
76.25	NaN
76.35	1.0074438869179223
76.44999999999999	NaN
76.55	1.0044962787375924
76.64999999999999	1.0033189739937285
76.75	NaN
76.85	NaN
76.95	NaN
77.05	NaN
77.14999999999999	1.0012394769403639
77.25	0.9976531165006884
77.35	0.9970488794141792
77.45	0.9953242189735837
77.55	0.9952132687467348
77.64999999999999	0.9926167253115873
77.75	0.9920448492560751
77.85	0.9916678954345685
77.95	0.9921554746193791
78.05	0.9908818338618075
78.14999999999999	0.990238342665059
78.25	0.9904470907160704
78.35	0.9903749397669623
78.45	NaN
78.55	NaN
78.64999999999999	0.9881510861550102
78.75	0.9897737941956511
78.85	NaN
78.95	0.9916244177471173
79.05	NaN
79.14999999999999	NaN
79.25	0.990457566852909
79.35	NaN
79.45	0.9953023653770421
79.55	0.9946309980409392
79.64999999999999	NaN
79.75	0.9942209544402002
79.85	0.9957302730456618
