0.15	0.01918658585738814
0.25	0.01923752936856304
0.35	0.01920668945676575
0.45	0.019256963538480745
0.55	0.019612345405301938
0.65	0.019601402586028386
0.7500000000000001	0.019707606690208858
0.85	0.019921891729611698
0.95	0.02014525584173854
1.05	0.020473994461138897
1.15	0.0208157695496573
1.25	0.0212529006354536
1.35	0.021526152910126176
1.45	0.02205506627945806
1.55	0.022541817257902084
1.65	0.02299209920721137
1.75	0.023678620349075596
1.85	0.02433048604113257
1.95	0.02508686376964004
2.05	0.025775910014290818
2.15	0.026648842198246158
2.25	0.027535306447300043
2.35	0.02846051080179373
2.45	0.029524574703667008
2.5500000000000003	0.030784646717055286
2.65	0.03201442905120685
2.75	0.03337752406815439
2.85	0.034768594485639064
2.95	0.03660087826205953
3.0500000000000003	0.03828685757713208
3.15	0.04031309953380399
3.25	0.04239596382236211
3.35	0.04502218357599316
3.45	0.04746009885379174
3.5500000000000003	0.05056126183577633
3.65	0.05372658880611024
3.75	0.05750593720121717
3.85	0.060978166888911285
3.95	0.06574963732303585
4.05	0.07057811556730303
4.1499999999999995	0.07632239351054437
4.25	0.08241186714559749
4.35	0.09003593437583525
4.449999999999999	0.09767336282198216
4.55	0.10665485985024387
4.6499999999999995	0.11663150632105848
4.75	0.12909637691769124
4.85	0.1430725290882182
4.95	0.15939307015454185
5.05	0.17699329983199577
5.1499999999999995	0.2001370226486563
5.25	0.22445419450258997
5.35	0.25491292481555244
5.45	0.2923363794648664
5.55	0.33555747288455906
5.6499999999999995	0.38742228744290264
5.75	0.4534356798266706
5.85	0.5296470859821533
5.95	0.6266113067736722
6.05	0.7462717658983955
6.1499999999999995	0.901773203569004
6.25	1.0812991314513787
6.35	1.3021361631549018
6.45	1.5771568391247786
6.55	1.891176084039885
6.6499999999999995	2.225633881959363
6.75	2.536036804770311
6.85	2.7906271584417337
6.95	2.932335085492569
7.05	2.9111855591050326
7.1499999999999995	2.776202860142169
7.25	2.5553605152905448
7.35	2.292318086724403
7.45	2.0401216231801733
7.55	1.814667024519175
7.6499999999999995	1.605705957934017
7.75	1.4346381477008503
7.85	1.280588459930407
7.95	1.1612380616079416
8.05	1.0597630964685805
8.15	0.9726284473237099
8.25	0.8986068487195751
8.350000000000001	0.8369076763531249
8.450000000000001	0.7887610493556191
8.55	0.7436370800732465
8.65	0.7072628987932243
8.75	0.6764337813445392
8.850000000000001	0.6499765646370393
8.950000000000001	0.6299340023208986
9.05	0.6123713043503171
9.15	0.5982027160320568
9.25	0.5873096443041936
9.350000000000001	0.5781183002852681
9.450000000000001	0.572533621334494
9.55	0.5685041512616027
9.65	0.5673660420418994
9.750000000000002	0.5696711505545831
9.85	0.5708603359816546
9.95	0.5784516173595617
10.049999999999999	0.5844511491052934
10.149999999999999	0.5941944903569194
10.25	0.6046558507878024
10.35	0.6192266532703459
10.45	0.6340228414806146
10.549999999999999	0.6527201539628578
10.649999999999999	0.6734893873322818
10.75	0.6953375503009421
10.85	0.7223520357920342
10.95	0.7481759008207132
11.049999999999999	0.7780743600565596
11.149999999999999	0.8107311487667221
11.25	0.8426998284000571
11.35	0.880915500806955
11.45	0.9211081151579006
11.549999999999999	0.9628564268058192
11.649999999999999	1.00183554289952
11.75	1.0448445124300834
11.85	1.0857244742951428
11.95	1.124842799673043
12.049999999999999	1.1636649892761222
12.149999999999999	1.1989536847399138
12.25	1.2310246120021628
12.35	1.261132641766324
12.45	1.2836833384521327
12.549999999999999	1.305001285679138
12.649999999999999	1.3180282547528333
12.75	1.327563208383479
12.85	1.3345005579937939
12.95	1.3422952022259562
13.049999999999999	1.33949783864561
13.149999999999999	1.3340219330531051
13.25	1.3285957742785688
13.35	1.3172031854535062
13.45	1.3013544033969864
13.549999999999999	1.2837368177936428
13.649999999999999	1.2683119685673827
13.75	1.2430804793901875
13.85	1.2182040064757385
13.95	1.1887734013815292
14.049999999999999	1.1595470068269171
14.149999999999999	1.1291122960862874
14.25	1.097150595162819
14.35	1.0634108351789515
14.45	1.0355431851623143
14.549999999999999	1.0028157394792319
14.649999999999999	0.971698892451543
14.75	0.9451163512043619
14.85	0.9213923350081351
14.95	0.8980691802595033
15.049999999999999	0.8751271043609995
15.149999999999999	0.8560751715367518
15.25	0.8410985604603441
15.35	0.8273675674840071
15.45	0.8129766046380432
15.549999999999999	0.8031375919777003
15.649999999999999	0.7945638847728688
15.75	0.7900835875556406
15.85	0.7842643787940148
15.95	0.7825690927544764
16.05	0.7820217666215756
16.15	0.7844359948897983
16.25	0.7872747041471116
16.349999999999998	0.7921602074332841
16.45	0.7970868316568719
16.55	0.8064377705897943
16.65	0.8150565157813249
16.75	0.8257846640818381
16.849999999999998	0.8397222220416759
16.95	0.8525109605631205
17.05	0.8689213847017405
17.15	0.8846830609281608
17.25	0.9025815719278828
17.349999999999998	0.9222833696207462
17.45	0.9444041252827441
17.55	0.9615534749757907
17.65	0.9827032184583527
17.75	1.0038466747573476
17.849999999999998	1.0277828269752247
17.95	1.0470016196217846
18.05	1.069541630779699
18.15	1.0833772601379288
18.25	1.1047154284959433
18.349999999999998	1.1216986154655852
18.45	1.1368850212794412
18.55	1.1470714693523687
18.65	1.1570599607094623
18.75	1.1626562117263883
18.849999999999998	1.1716336218740815
18.95	1.174885767609356
19.05	1.1747098457889558
19.15	1.1770943217062946
19.25	1.1717092226147574
19.35	1.1673358335211048
19.45	1.1599507447780533
19.55	1.1526557755614573
19.65	1.142704840748078
19.75	1.1320586355495046
19.85	1.121460251890651
19.95	1.107465875832151
20.05	1.0964239835490204
20.15	1.0801420608454864
20.25	1.068015245303486
20.35	1.0512701999853493
20.45	1.0382780710664454
20.55	1.0251918745642414
20.65	1.0097292625466252
20.75	0.9969937715749319
20.85	0.9854539170359109
20.95	0.9724596300712002
21.05	0.9581692332744106
21.15	0.9486719050872101
21.25	0.9371701433950844
21.35	0.9271078196313562
21.45	0.9185785924073855
21.55	0.9112766197309816
21.65	0.9020952262695017
21.75	0.8976856822226406
21.85	0.8878445158434847
21.95	0.8866438663649977
22.05	0.8819552822703655
22.15	0.8792098549854849
22.25	0.8811494230892091
22.35	0.8806438396041483
22.45	0.8808513934687704
22.55	0.8846350195148472
22.65	0.8879553534422603
22.75	0.8896893451649914
22.85	0.8960189868667474
22.95	NaN
23.05	0.9089574252903633
23.15	0.9163591465499605
23.25	0.9251939445618172
23.35	0.9384048322684211
23.45	0.9432788226891087
23.55	0.9584065546169677
23.65	0.9688898607652371
23.75	0.9797470297055406
23.85	0.991155647591053
23.95	1.0020035586854188
24.05	1.0144155097216585
24.15	1.0253149407612379
24.25	1.0330611513514878
24.35	1.0484391959009467
24.45	1.0585413619476005
24.55	1.0664562662961137
24.65	1.0777254915058962
24.75	1.0856927118133173
24.85	1.0917267100131225
24.95	1.096295368212859
25.05	1.0989078319651164
25.15	1.103535655191866
25.25	1.1056649545858828
25.35	1.1065307345876403
25.45	1.101407259584959
25.55	1.1034371481121565
25.65	1.1005612576477901
25.75	1.095645821698652
25.85	1.0880691126582664
25.95	1.0830842990225023
26.05	1.075654339486044
26.15	1.068860024024722
26.25	1.0602237089227957
26.35	1.0509894874118892
26.45	1.04336408613353
26.55	1.0348711396194232
26.65	1.0245799390477792
26.75	1.0177332688684828
26.85	1.0071706782628278
26.95	0.9980980037280497
27.05	0.991601454013854
27.15	0.9834416886216995
27.25	0.9749490822325384
27.35	0.9668341209465903
27.45	0.9598168285265698
27.55	0.951180897991505
27.65	0.9478829835563669
27.75	0.9428302000597792
27.85	0.9391870352928819
27.95	0.9331819369700084
28.05	0.9300870758564365
28.15	0.9283143323756973
28.25	0.9248255854230276
28.35	0.9250038685851989
28.45	0.9250892251029812
28.55	0.9239778226261243
28.65	0.9245676701478738
28.75	0.9264634847914531
28.85	0.9258334680592495
28.95	0.9312977787336604
29.05	0.9341694847021478
29.15	0.9368304159254128
29.25	0.9422459391261926
29.35	0.9483877514321125
29.45	0.9526086887192514
29.55	0.9597854408142419
29.65	0.9636400962332992
29.75	0.9724816789331772
29.85	0.9779517515373285
29.95	0.98601989934447
30.05	0.9949114615914966
30.15	0.9988426548150453
30.25	1.0071789511747946
30.35	1.015585811202032
30.45	1.0218356519811318
30.55	1.0288681017286379
30.65	1.0324355639898146
30.75	1.0421075612114428
30.85	1.0460599306676739
30.95	1.0526566999363987
31.05	1.0561507341692906
31.15	1.0600300819337842
31.25	1.0625720787881245
31.35	1.0665993060024994
31.45	1.0669565980880764
31.55	1.0682810783529946
31.65	1.0687659566990768
31.75	1.0681002081942905
31.85	1.0655318340343016
31.95	1.0632469202552959
32.05	1.0612018446738618
32.15	1.0571809653986401
32.25	1.0519302016163856
32.35	1.046903917639254
32.45	1.0433131672313096
32.55	1.036430962200107
32.65	1.0326013912622454
32.75	1.02580858298132
32.85	1.0215907682184362
32.95	1.0134076536239633
33.05	1.0050259196285833
33.15	1.0023014897214861
33.25	0.9960488717600834
33.35	0.9909018688590631
33.45	0.9847790379287351
33.55	0.9766261576255814
33.65	0.9752504747679528
33.75	0.9714548320930579
33.85	0.9657736541320855
33.95	0.961066233745179
34.05	0.958932959258994
34.15	0.9545617887064718
34.25	0.9531568843544084
34.35	0.9507622119473874
34.45	0.951412548238006
34.55	0.9485519838949192
34.65	0.9486301481860909
34.75	0.945680608693279
34.85	0.9493609835967909
34.95	0.9484749284263319
35.05	0.9495562132736123
35.15	0.9510314055187747
35.25	0.952455452968003
35.35	0.9525360274006628
35.45	0.9584886377310824
35.55	0.9633854733344379
35.65	0.9657923340923037
35.75	0.9712885161173931
35.85	0.9741709010921968
35.95	0.9779501112960863
36.05	0.9842881890049667
36.15	0.9894036661804726
36.25	0.9940768886093343
36.35	1.0000853980940552
36.45	1.003881954615504
36.55	NaN
36.65	1.0150804625500949
36.75	1.01830968929286
36.85	1.0246548669222424
36.95	1.0270615059090102
37.05	1.0314064768915678
37.15	1.0355095026816221
37.25	1.0373822117809413
37.35	1.0417303830875912
37.45	1.0410748816587747
37.55	1.0459222741576342
37.65	NaN
37.75	1.0491033360619204
37.85	1.0540747036561655
37.95	1.0455993403364523
38.05	1.0465124593354223
38.15	1.04516857185696
38.25	1.0411177955418538
38.35	1.0421031044348879
38.45	1.0354590218626603
38.550000000000004	1.0343882079193674
38.65	1.0329332787230314
38.75	1.027489616517502
38.85	1.0248600114168283
38.95	1.0190010493698125
39.050000000000004	1.0192721939691114
39.15	NaN
39.25	NaN
39.35	NaN
39.45	NaN
39.550000000000004	0.9960366150219052
39.65	0.9907749479372985
39.75	0.9872880324086425
39.85	0.9829673048539379
39.95	0.9821893817133659
40.050000000000004	0.9722691819690881
40.15	NaN
40.25	0.9717688117957011
40.35	0.9697961513408812
40.45	0.9656880543642036
40.550000000000004	0.9647365274465961
40.65	0.9631616040995702
40.75	0.9623647738942638
40.85	0.9607279643175057
40.95	0.9610233959420901
41.050000000000004	0.9619845160325678
41.15	0.9614679746743493
41.25	0.9635831071886339
41.35	0.9636944858383565
41.45	0.9645050244803247
41.550000000000004	NaN
41.65	0.9698578557454085
41.75	0.9713415837486502
41.85	0.9744457610694803
41.95	0.9766545444420586
42.050000000000004	0.9796415182695778
42.15	NaN
42.25	0.987408685074262
42.35	0.9902085513656641
42.45	0.9929269941834262
42.550000000000004	0.9984698035667771
42.65	1.0012004366984517
42.75	1.0053140557014173
42.85	1.0094185132004634
42.95	1.0129981062613795
43.050000000000004	1.0158181604085885
43.15	1.0187889247841082
43.25	1.0213437683444304
43.35	1.0240088533621368
43.45	1.0282885019041064
43.550000000000004	1.0305525755354215
43.65	NaN
43.75	1.0332208027557144
43.85	1.0332724010415195
43.95	1.0317631740277236
44.050000000000004	1.0341366976589381
44.15	1.0349090682261701
44.25	NaN
44.35	1.0335973177807307
44.45	1.0338729491121519
44.550000000000004	1.031955157310936
44.65	1.0296104699931798
44.75	1.0277693110809407
44.85	1.0249778376356655
44.95	1.0227571002911908
45.050000000000004	1.0208888696083376
45.15	1.0198239071433728
45.25	1.0163365193204823
45.35	NaN
45.45	1.0092022749992162
45.550000000000004	1.0049471782619928
45.65	NaN
45.75	1.0003622797066842
45.85	0.9965326211844086
45.95	0.9928559223437641
46.050000000000004	0.9899485413111722
46.15	0.985753460204138
46.25	0.9849566431724632
46.35	0.9816737239409129
46.45	0.9795954161761323
46.550000000000004	0.9779474662273686
46.65	NaN
46.75	0.974606391438498
46.85	0.9723975714301333
46.95	0.9756787048424073
47.050000000000004	0.971948127205689
47.15	0.9716995273472162
47.25	0.9717861684424932
47.35	0.9710156434930192
47.45	0.9723425843064929
47.550000000000004	0.9700440516044633
47.65	0.9731292457057339
47.75	0.973175660790243
47.85	0.976073433770492
47.95	0.9754442715658234
48.050000000000004	0.9787992608201806
48.15	0.9781579347538082
48.25	0.9827402323886711
48.35	0.9862093331349174
48.45	0.9883598509403748
48.550000000000004	0.9912692449519085
48.65	0.9921590181187956
48.75	0.9965209310889502
48.85	1.000051077228616
48.95	1.0040347140695847
49.050000000000004	1.0063292097902783
49.15	NaN
49.25	1.0102367976273623
49.35	1.0134117867676713
49.45	1.0167660926950521
49.550000000000004	1.0166585286182486
49.65	1.0171457353846216
49.75	1.021875382152668
49.85	1.023400228087957
49.95	1.0249487311542396
50.050000000000004	1.0246871463846874
50.15	1.0256215264928594
50.25	1.0270094590935517
50.35	1.026205296444815
50.45	1.0252338805350831
50.550000000000004	1.0259766846795886
50.65	1.024688030973439
50.75	1.026501544245337
50.85	1.022208284405603
50.95	NaN
51.050000000000004	1.0195799883815397
51.15	1.0188772838799638
51.25	1.0159835474747043
51.35	1.0146828123631562
51.45	1.013397261260225
51.550000000000004	NaN
51.65	1.009641969890228
51.75	1.005575662927805
51.85	1.0030986689668255
51.95	1.0003667794645743
52.050000000000004	NaN
52.15	0.9951791307997866
52.25	0.992291440052301
52.35	0.9908066328763077
52.45	0.9898986957014375
52.550000000000004	0.9877529812968578
52.65	0.9856399152521893
52.75	0.9833399091083292
52.85	0.9824751717505735
52.95	NaN
53.050000000000004	0.9788011529726959
53.15	NaN
53.25	0.9771860862508346
53.35	0.9776807124250327
53.45	0.9768061068030097
53.550000000000004	NaN
53.65	0.9768034597420966
53.75	NaN
53.85	0.9762316555516839
53.95	0.9783710421639166
54.050000000000004	NaN
54.15	0.9818945199025141
54.25	NaN
54.35	0.9824670325360941
54.45	0.985867963553085
54.550000000000004	NaN
54.65	0.9866365157570822
54.75	0.9911318299823935
54.85	0.9943477939222313
54.95	0.9965116586300057
55.050000000000004	0.9992606112415826
55.15	1.0013857800071577
55.25	1.0022676218759818
55.35	1.0030819356255616
55.45	1.006915450122397
55.550000000000004	1.0085925109836098
55.65	1.010582432860013
55.75	1.012608218613821
55.85	1.014648175398473
55.95	1.015223740754756
56.050000000000004	1.0170437988896714
56.15	1.0160633655201263
56.25	1.0217804731064595
56.35	1.0201544601930865
56.45	1.0196823150553826
56.550000000000004	1.0190647317259158
56.65	1.0234281079875303
56.75	NaN
56.85	1.0207918155266724
56.95	1.0207323522538065
57.050000000000004	1.019428062332664
57.15	1.0175791551674915
57.25	1.018191195260968
57.35	NaN
57.45	1.015101131913318
57.550000000000004	1.0125043823326223
57.65	1.0119785761495186
57.75	1.0090049129733574
57.85	1.0067121215601675
57.95	1.004909722947119
58.050000000000004	1.0043882085801725
58.15	1.000714290782019
58.25	0.9971116130574836
58.35	0.9968817709775807
58.45	NaN
58.550000000000004	0.9946774854062689
58.65	0.9926098554455443
58.75	NaN
58.85	0.9898555148440515
58.95	NaN
59.050000000000004	0.9876931193125726
59.15	0.985081998811188
59.25	0.984794500687259
59.35	0.9836031009718784
59.45	0.9812142154452043
59.550000000000004	0.9828999150796233
59.65	0.982094093912681
59.75	0.9812322159056227
59.85	NaN
59.95	0.982036044117021
60.050000000000004	NaN
60.15	0.9831795809368526
60.25	0.9817744030152308
60.35	NaN
60.45	0.984443303492458
60.550000000000004	0.9850950641195692
60.65	0.98927649662084
60.75	0.9885951706163985
60.85	0.990433724801722
60.95	0.9900663612780813
61.050000000000004	0.9937361933523585
61.15	0.995954279533002
61.25	0.9977676084718593
61.35	0.9976371825537035
61.45	1.0024536074138843
61.550000000000004	NaN
61.65	1.0043666809546918
61.75	NaN
61.85	NaN
61.95	1.0105533669214704
62.050000000000004	1.011821431680788
62.15	1.012271400166484
62.25	1.014076641029989
62.35	1.0142312615252247
62.45	1.0137130158962881
62.550000000000004	1.015340918946353
62.65	1.0152484366984524
62.75	1.0171482434536783
62.85	1.0170252607488441
62.95	1.0171039054411402
63.050000000000004	1.0185248535141294
63.15	1.0159630034991827
63.25	NaN
63.35	1.0150287495502461
63.45	1.0115563293964343
63.550000000000004	1.0109959748430948
63.65	1.013262796819638
63.75	1.0121913433725145
63.85	1.0107041474398284
63.95	1.0085833175380141
64.05	1.0075280261303974
64.14999999999999	1.0051893056596055
64.25	1.00449264879485
64.35	1.0047044800293008
64.44999999999999	0.9990806360736044
64.55	0.9985136657761005
64.64999999999999	0.9978237699257893
64.75	0.9982983383599281
64.85	0.9943471159217526
64.94999999999999	0.9943168365231273
65.05	0.9909949772133104
65.14999999999999	0.9919957558739938
65.25	NaN
65.35	0.9894055945840008
65.44999999999999	NaN
65.55	0.9866304957560486
65.64999999999999	0.9854743750280649
65.75	0.9859567014751022
65.85	0.9851316421802807
65.94999999999999	0.9841551319389351
66.05	NaN
66.14999999999999	0.9852767414304767
66.25	0.9847444241713107
66.35	0.9836314197237871
66.44999999999999	0.9860218654493748
66.55	0.9854456598108615
66.64999999999999	NaN
66.75	0.9875531586746688
66.85	NaN
66.94999999999999	NaN
67.05	0.990900922956617
67.14999999999999	0.9933708837129884
67.25	0.9954561241584693
67.35	0.9955740181620365
67.44999999999999	0.9968621351337287
67.55	1.0002587626958837
67.64999999999999	NaN
67.75	NaN
67.85	1.0049173040806783
67.94999999999999	1.0044784140570258
68.05	1.0059262865927165
68.14999999999999	1.0066160037013483
68.25	NaN
68.35	1.009323795512211
68.44999999999999	1.0101745682961105
68.55	1.010648039938944
68.64999999999999	NaN
68.75	1.013397799958689
68.85	1.015079342901941
68.94999999999999	1.0146692859050046
69.05	1.014420366854374
69.14999999999999	1.0128852677874565
69.25	1.0119871788363621
69.35	1.012649428830834
69.44999999999999	NaN
69.55	1.0129806526158953
69.64999999999999	1.0151076064712645
69.75	NaN
69.85	1.011213074570985
69.94999999999999	NaN
70.05	1.009721327188883
70.14999999999999	1.0078639030668863
70.25	NaN
70.35	1.005318344795006
70.44999999999999	NaN
70.55	1.0038054215280412
70.64999999999999	1.003104607690669
70.75	1.0016470824542092
70.85	0.9992283529005472
70.94999999999999	0.9978787536263327
71.05	0.9956696608889826
71.14999999999999	0.9959129736854327
71.25	NaN
71.35	0.9915613145958762
71.44999999999999	0.9926319672994344
71.55	0.9896336947514043
71.64999999999999	0.9902597205490643
71.75	0.9891380327639835
71.85	0.9885683844872448
71.94999999999999	0.9896595695611672
72.05	NaN
72.14999999999999	NaN
72.25	NaN
72.35	NaN
72.44999999999999	0.9866426453305823
72.55	0.9882590152703304
72.64999999999999	0.9875330101440264
72.75	NaN
72.85	0.9870612541792536
72.94999999999999	0.9883932190791281
73.05	0.9903601964905451
73.14999999999999	0.9910270769054778
73.25	0.9930651225271391
73.35	0.992438076902353
73.44999999999999	NaN
73.55	0.9945186320212988
73.64999999999999	NaN
73.75	NaN
73.85	0.9977481893070547
73.94999999999999	0.9997111570881667
74.05	1.0023715340060821
74.14999999999999	1.0047630645115782
74.25	1.0048579341183386
74.35	1.0054458728071263
74.44999999999999	1.0063220263262969
74.55	1.0088417003816017
74.64999999999999	1.0094807940722148
74.75	1.0092690875114252
74.85	1.0098364531951851
74.94999999999999	1.0103329201202362
75.05	1.0105720339169186
75.14999999999999	1.0123099844208108
75.25	NaN
75.35	NaN
75.44999999999999	NaN
75.55	1.0114761741034068
75.64999999999999	NaN
75.75	NaN
75.85	1.010407662628792
75.94999999999999	1.0109210539416496
76.05	1.0094784836714565
76.14999999999999	1.0094849446162888
76.25	NaN
76.35	1.0074207667978623
76.44999999999999	NaN
76.55	1.006503870604211
76.64999999999999	1.002703863690531
76.75	NaN
76.85	NaN
76.95	NaN
77.05	NaN
77.14999999999999	0.9998174355953469
77.25	0.998250850038267
77.35	0.9961139822132017
77.45	0.9956846954786209
77.55	0.9959360525777254
77.64999999999999	0.9942814179982321
77.75	0.9915334920754981
77.85	0.9937871514607047
77.95	0.9901168194690918
78.05	0.990738653005274
78.14999999999999	0.9909258009009677
78.25	0.9898498450115285
78.35	0.9875013560118835
78.45	NaN
78.55	NaN
78.64999999999999	0.9892718246363448
78.75	0.9896434900872106
78.85	NaN
78.95	0.9894848103050512
79.05	NaN
79.14999999999999	NaN
79.25	0.9903722922647701
79.35	NaN
79.45	0.9928218064754204
79.55	0.9939919246409429
79.64999999999999	NaN
79.75	0.9953163377392457
79.85	0.9944747320075112
