0.15	0.01821564837987437
0.25	0.018868531418085862
0.35	0.01871508908115295
0.45	0.019271983588058483
0.55	0.019451305719501044
0.65	0.019507513971985694
0.7500000000000001	0.01973401197665785
0.85	0.019834022292945452
0.95	0.02020998555955617
1.05	0.020412308912060417
1.15	0.020864540418486534
1.25	0.02125511605687359
1.35	0.021654231057910544
1.45	0.02192361876076114
1.55	0.02250276636407297
1.65	0.02296001642716658
1.75	0.023721398671502497
1.85	0.024354669839894514
1.95	0.025128261692494946
2.05	0.025751987691985292
2.15	0.0266122804890401
2.25	0.027559877036844867
2.35	0.028660886259445056
2.45	0.029550878794528702
2.5500000000000003	0.03084100895380683
2.65	0.0319433485500122
2.75	0.03334062159195796
2.85	0.034862886188564146
2.95	0.03666932077160731
3.0500000000000003	0.038349369659297416
3.15	0.040246841086103866
3.25	0.04241933528884399
3.35	0.04496726739097355
3.45	0.04750199557317853
3.5500000000000003	0.050635190987420774
3.65	0.0538349192805085
3.75	0.057507999601163026
3.85	0.06102447070666796
3.95	0.06585560237214587
4.05	0.07087558325888499
4.1499999999999995	0.07633382314659508
4.25	0.08240260917458733
4.35	0.09006470926667838
4.449999999999999	0.09764008503011169
4.55	0.10628264506480367
4.6499999999999995	0.11667971506481889
4.75	0.12895052135260093
4.85	0.14281354725863074
4.95	0.15927882954304023
5.05	0.17732509520863865
5.1499999999999995	0.19973986358358498
5.25	0.2250179010123674
5.35	0.25530512910587577
5.45	0.292289765264868
5.55	0.33564233743484323
5.6499999999999995	0.3871800740840892
5.75	0.4536697241230813
5.85	0.5299330440094557
5.95	0.6257789719356265
6.05	0.7471418773019842
6.1499999999999995	0.8987225920558921
6.25	1.0820948551802982
6.35	1.3027510744486757
6.45	1.5813404498699055
6.55	1.8868677129604279
6.6499999999999995	2.226998577595783
6.75	2.5377473868952487
6.85	2.790564370803339
6.95	2.9250809881717035
7.05	2.9163130586463484
7.1499999999999995	2.775409815927576
7.25	2.5544723652748367
7.35	2.296243790928579
7.45	2.0418733076448063
7.55	1.816363431046352
7.6499999999999995	1.6074045043647867
7.75	1.4335945202472111
7.85	1.2839677138208803
7.95	1.1598942296908819
8.05	1.0592421223907822
8.15	0.9734838081047621
8.25	0.8998477736228996
8.350000000000001	0.8375902664484375
8.450000000000001	0.7884832717341974
8.55	0.7435785735645114
8.65	0.7061410515476153
8.75	0.6773292202485729
8.850000000000001	0.6513738111815511
8.950000000000001	0.6295501538987797
9.05	0.6127418095225747
9.15	0.5983200454648403
9.25	0.586458882030826
9.350000000000001	0.5791497735235381
9.450000000000001	0.5733515161494653
9.55	0.5692224308775363
9.65	0.5689093983398451
9.750000000000002	0.5697235353524701
9.85	0.5722913951948183
9.95	0.5780893050518875
10.049999999999999	0.584901716464059
10.149999999999999	0.5940514099035199
10.25	0.605556183671162
10.35	0.6190303911071169
10.45	0.6332588342950332
10.549999999999999	0.6521911059952723
10.649999999999999	0.6717362651283962
10.75	0.6961271358454775
10.85	0.7201016122877772
10.95	0.7474584409859664
11.049999999999999	0.7786700256263518
11.149999999999999	0.8105426107649526
11.25	0.8444615247378294
11.35	0.8814115960438479
11.45	0.9189092250942311
11.549999999999999	0.9602848224860951
11.649999999999999	1.002892496829913
11.75	1.0440536171017412
11.85	1.0869970844706653
11.95	1.1267073644941277
12.049999999999999	1.1634739676190158
12.149999999999999	1.1990298310061551
12.25	1.2324045388223837
12.35	1.2591224287360798
12.45	1.2880216895372836
12.549999999999999	1.3031073357240834
12.649999999999999	1.3181919520219725
12.75	1.3316454657595862
12.85	1.334520978953684
12.95	1.339638023661448
13.049999999999999	1.339909054566561
13.149999999999999	1.3340315628181139
13.25	1.3282642733613106
13.35	1.3173926827568183
13.45	1.3044751129078151
13.549999999999999	1.2865505947558222
13.649999999999999	1.2666095309555372
13.75	1.2447200265793172
13.85	1.2162772618020465
13.95	1.192960788600823
14.049999999999999	1.1612868627929656
14.149999999999999	1.1269607363836798
14.25	1.0976025264500309
14.35	1.0651472211786535
14.45	1.0326893698650261
14.549999999999999	1.0018980002934617
14.649999999999999	0.975339906885469
14.75	0.94441152172571
14.85	0.9211306282204592
14.95	0.8951610703558114
15.049999999999999	0.8761889121921823
15.149999999999999	0.8585151250499067
15.25	0.8401552218778466
15.35	0.8251761500758446
15.45	0.8143561854678797
15.549999999999999	0.8050674488483047
15.649999999999999	0.7961592695057076
15.75	0.7884624047136632
15.85	0.7846033744472325
15.95	0.7828527473094891
16.05	0.7833500970626955
16.15	0.7840840738017759
16.25	0.7867636983111339
16.349999999999998	0.7902654214745566
16.45	0.7943617040413795
16.55	0.8049154554792993
16.65	0.8158827658002316
16.75	0.8261070831752911
16.849999999999998	0.8392441857776908
16.95	0.852948688579432
17.05	0.8700835520716634
17.15	0.885663905078789
17.25	0.9064244519243679
17.349999999999998	0.9220005874402611
17.45	0.942283412151605
17.55	0.9638119361165621
17.65	0.9830123035641702
17.75	1.0063026183892139
17.849999999999998	1.0237599152223766
17.95	1.045688344590283
18.05	1.067973029653801
18.15	1.0844997509819365
18.25	1.1041876013724676
18.349999999999998	1.1206231519521783
18.45	1.1326676101395463
18.55	1.1464491872237086
18.65	1.1588166627609866
18.75	1.1678499011712853
18.849999999999998	1.1736520550530822
18.95	1.1735731548609698
19.05	1.1748070965699622
19.15	1.1765942046353322
19.25	1.1742630791554503
19.35	1.1676777406853396
19.45	1.1597302480984872
19.55	1.1511864697213512
19.65	1.1414828257336664
19.75	1.1320660095208404
19.85	1.119943026692203
19.95	1.1080279799210762
20.05	1.0951671800278011
20.15	1.080017841644301
20.25	1.0672656190467449
20.35	1.0528008634752488
20.45	1.0383232793513897
20.55	1.0244430974320857
20.65	1.0108218695927065
20.75	0.9957020717799866
20.85	0.9839662099033136
20.95	0.9713734090654371
21.05	0.9589585540205627
21.15	0.9474783055722872
21.25	0.9375075482614185
21.35	0.9268920394179988
21.45	0.9166200993349307
21.55	0.909528871270883
21.65	0.9028593608427071
21.75	0.8971922468035196
21.85	0.8920152345219965
21.95	0.8881457556094918
22.05	0.8818471600105617
22.15	0.8807828881570835
22.25	0.8811544973016804
22.35	0.8810171841765352
22.45	0.8815421241680831
22.55	0.8847889539720686
22.65	0.8853253694447651
22.75	0.8902079394208523
22.85	0.8960499323353103
22.95	NaN
23.05	0.9089685889407283
23.15	0.9180518890123787
23.25	0.9269818541119216
23.35	0.9336413127435004
23.45	0.9458681646726047
23.55	0.9560649358738526
23.65	0.9650277116163325
23.75	0.980058440311579
23.85	0.9905197442348296
23.95	1.0035731976295112
24.05	1.014952441996326
24.15	1.026120254988682
24.25	1.0380889845059595
24.35	1.0487186669668962
24.45	1.0583753315696651
24.55	1.0666023267947229
24.65	1.0774684163288208
24.75	1.0830878310992018
24.85	1.0919634739613422
24.95	1.0974506522849954
25.05	1.1016664069652977
25.15	1.1034829429442934
25.25	1.1059138709387173
25.35	1.1049965421449075
25.45	1.1036534050793105
25.55	1.1025156458769152
25.65	1.0975025971926489
25.75	1.0933252117720627
25.85	1.088156246968839
25.95	1.084265449543326
26.05	1.07719572455812
26.15	1.0673846827148339
26.25	1.0590935063607492
26.35	1.0475704658626666
26.45	1.0426286340581823
26.55	1.0341779911095745
26.65	1.0250004599318097
26.75	1.0161751437159554
26.85	1.0073956134179178
26.95	0.9977672739979212
27.05	0.9897472667782822
27.15	0.981936232870013
27.25	0.9742554956700631
27.35	0.9674917470188766
27.45	0.9591923557331415
27.55	0.954554827610302
27.65	0.94881335990567
27.75	0.9434803904987757
27.85	0.9399468232931238
27.95	0.9345559298599017
28.05	0.9296947941230363
28.15	0.927046533856303
28.25	0.9267872293196451
28.35	0.925233142854835
28.45	0.9243936892448725
28.55	0.925349511467962
28.65	0.9283133566918146
28.75	0.9261702883200985
28.85	0.9282719174346696
28.95	0.9298920450979905
29.05	0.9349679633443414
29.15	0.9395539229943374
29.25	0.943518830673818
29.35	0.9479740320583983
29.45	0.9532106172002429
29.55	0.9607423597379362
29.65	0.9648767881181664
29.75	0.9709302394638568
29.85	0.9773148021689407
29.95	0.9842335406367525
30.05	0.9932191049287508
30.15	1.002269722794291
30.25	1.007932262820902
30.35	1.01558558203221
30.45	1.0222827775699588
30.55	1.0309836915099266
30.65	1.0360373970210182
30.75	1.0417867513390586
30.85	1.0460978213761347
30.95	1.0527244786067471
31.05	1.0560918789607687
31.15	1.0596441007961226
31.25	1.0612013303907635
31.35	1.0653303047546763
31.45	1.0671192341495308
31.55	1.0677571840177418
31.65	1.0669656243546497
31.75	1.0648265287186625
31.85	1.0638619582419098
31.95	1.0622324685676565
32.05	1.0600269708664372
32.15	1.0572767099972862
32.25	1.0547382504173841
32.35	1.0448469115770047
32.45	1.042580938164508
32.55	1.0384573155305783
32.65	1.0339697407828532
32.75	1.0267507420748812
32.85	1.022230700992738
32.95	1.0129570073447793
33.05	1.0109997438178229
33.15	1.0026652397932236
33.25	0.9954166425206108
33.35	0.9901353849376338
33.45	0.9847442357957628
33.55	0.9801908071042409
33.65	0.9754944140531862
33.75	0.9705718167831566
33.85	0.9654695968564376
33.95	0.9581868864609125
34.05	0.9585078288361688
34.15	0.9554608689476218
34.25	0.9530273975691301
34.35	0.9493147274973054
34.45	0.9494442460250546
34.55	0.948561011433842
34.65	0.947870286927487
34.75	0.948582591519701
34.85	0.9483718296078356
34.95	0.9494177489296718
35.05	0.9496250320658394
35.15	0.9509948956670494
35.25	0.955117388113346
35.35	0.9579885218109759
35.45	0.9603758739489928
35.55	0.9622686873340575
35.65	0.9665235961862306
35.75	0.9696571501615119
35.85	0.9752611143031805
35.95	0.9793570443197076
36.05	0.9849222457952775
36.15	0.9888546488304396
36.25	0.9946650980549584
36.35	0.9983321122003332
36.45	1.003792099211022
36.55	NaN
36.65	1.013389850998853
36.75	1.0180485303787072
36.85	1.0248698597408656
36.95	1.0278125073368922
37.05	1.0320085516587771
37.15	1.0357500714065402
37.25	1.03743510586575
37.35	1.0410176960718989
37.45	1.0418870294290505
37.55	1.0460316211264564
37.65	NaN
37.75	1.0457324321014974
37.85	1.0467083027124622
37.95	1.0473037716579123
38.05	1.045960344368762
38.15	1.045144033203555
38.25	1.0456411414983753
38.35	1.0416305973034075
38.45	1.0374705597742264
38.550000000000004	1.036286896302917
38.65	1.0317216661083604
38.75	1.0295259871398215
38.85	1.0244156067482522
38.95	1.0215021082695206
39.050000000000004	1.0150270020282994
39.15	NaN
39.25	NaN
39.35	NaN
39.45	NaN
39.550000000000004	0.9956355935254021
39.65	0.9918385088815039
39.75	0.9876597272591175
39.85	0.9850309149401066
39.95	0.9803917256953869
40.050000000000004	0.9754639397752818
40.15	NaN
40.25	0.9709330878871502
40.35	0.9684010684732397
40.45	0.9683479825356159
40.550000000000004	0.9649398265184012
40.65	0.964575294394328
40.75	0.9626344236203362
40.85	0.9618361766443251
40.95	0.9601140433058956
41.050000000000004	0.9613166782430664
41.15	0.9642311575958221
41.25	0.9621148016374008
41.35	0.9626439979565917
41.45	0.9653371088788762
41.550000000000004	NaN
41.65	0.969031058862047
41.75	0.9706037449969591
41.85	0.9745913790163062
41.95	0.977218258160054
42.050000000000004	0.9789050217765467
42.15	NaN
42.25	0.9861136173505279
42.35	0.9912675269492814
42.45	0.994116626969198
42.550000000000004	0.996378605736297
42.65	0.999221933115221
42.75	1.0050428145296508
42.85	1.0084594085698586
42.95	1.0112554518555852
43.050000000000004	1.0154823785840563
43.15	1.0185434883698499
43.25	1.0207284004782193
43.35	1.0241652900913567
43.45	1.0284357554430799
43.550000000000004	1.029175046744034
43.65	NaN
43.75	1.0330673201436416
43.85	1.0337414928743447
43.95	1.0331163746890808
44.050000000000004	1.0337139833116882
44.15	1.0363850514811221
44.25	NaN
44.35	1.0341630784635105
44.45	1.0326753825419908
44.550000000000004	1.0298792981437679
44.65	1.0294200157384799
44.75	1.0276780618951562
44.85	1.0248856069377226
44.95	1.023178443629774
45.050000000000004	1.0154359759464322
45.15	1.0171611587474414
45.25	1.0149187897990328
45.35	NaN
45.45	1.0068587797042239
45.550000000000004	1.004967441382852
45.65	NaN
45.75	0.9959472073176389
45.85	0.995582784624141
45.95	0.992555869740392
46.050000000000004	0.9906052091139054
46.15	0.9877874254473663
46.25	0.9859285846818264
46.35	0.9805374866546976
46.45	0.979304395107007
46.550000000000004	0.9786932891855022
46.65	NaN
46.75	0.9744232464067654
46.85	0.9704031327835158
46.95	0.9721806879801224
47.050000000000004	0.970848193011525
47.15	0.9696032460318802
47.25	0.9708522029631647
47.35	0.9726415835024393
47.45	0.9718591869503436
47.550000000000004	0.9736271532778361
47.65	0.9729298638855818
47.75	0.9742075976819198
47.85	0.9747106372013936
47.95	0.9768769724343072
48.050000000000004	0.9803756657157598
48.15	0.980999845024524
48.25	0.9836631133350011
48.35	0.9852485476628664
48.45	0.9886228216616265
48.550000000000004	0.9911158149445325
48.65	0.9941371929944972
48.75	0.9967164848514164
48.85	0.9980397763871862
48.95	1.0009485689914905
49.050000000000004	1.0063296238029376
49.15	NaN
49.25	1.0103838271280745
49.35	1.0125757574530083
49.45	1.0145059227852433
49.550000000000004	1.0162297794085338
49.65	1.0169429335242495
49.75	1.02146698238601
49.85	1.023075101994144
49.95	1.0241187897822803
50.050000000000004	1.0253960538564406
50.15	1.027328071308372
50.25	1.0267878620780742
50.35	1.026362926582591
50.45	1.0262431682585875
50.550000000000004	1.027448330309329
50.65	1.0267910429253628
50.75	1.0242502387498535
50.85	1.0237164965675396
50.95	NaN
51.050000000000004	1.0208251861439832
51.15	1.0186069146554364
51.25	1.018320501956077
51.35	1.0162982955209654
51.45	1.0135583854191248
51.550000000000004	NaN
51.65	1.0082735273309764
51.75	1.005635000066275
51.85	1.0028667382064684
51.95	0.9998009943231664
52.050000000000004	NaN
52.15	0.9944818457629176
52.25	0.9931796854697443
52.35	0.9913225734502122
52.45	0.9880422122937533
52.550000000000004	0.9894804155664281
52.65	0.9843898702851959
52.75	0.9829998726248865
52.85	0.9816246616375992
52.95	NaN
53.050000000000004	0.9791906076821073
53.15	NaN
53.25	0.978265111183547
53.35	0.9764348262578025
53.45	0.9775942577606479
53.550000000000004	NaN
53.65	0.9765648891676951
53.75	NaN
53.85	0.9786580314126141
53.95	0.9758499863155512
54.050000000000004	NaN
54.15	0.9811968277892134
54.25	NaN
54.35	0.9836421849925008
54.45	0.9848216511979736
54.550000000000004	NaN
54.65	0.9878103363775513
54.75	0.9904092789572941
54.85	0.9923078896723265
54.95	0.995540578261331
55.050000000000004	0.9989971202868966
55.15	1.00163595570384
55.25	1.0030835073418995
55.35	1.0072625585747648
55.45	1.0063104280849748
55.550000000000004	1.008121363552686
55.65	1.014127927308972
55.75	1.0111366896814236
55.85	1.0155852193997792
55.95	1.0148091839403932
56.050000000000004	1.0180071030979962
56.15	1.0181639385438745
56.25	1.0106646758332
56.35	1.019605509028199
56.45	1.0213147363574473
56.550000000000004	1.0220350474949402
56.65	1.0220618115666693
56.75	NaN
56.85	1.0219772056605534
56.95	1.0224552849658834
57.050000000000004	1.0187777259221724
57.15	1.0180263181967615
57.25	1.0147490416566194
57.35	NaN
57.45	1.0134255426269263
57.550000000000004	1.0126178252934483
57.65	1.011814027337313
57.75	1.009314492989772
57.85	1.0082335220455705
57.95	1.0066247814763765
58.050000000000004	1.001561375174198
58.15	1.0033082854100426
58.25	1.0001451607096667
58.35	0.99601911174138
58.45	NaN
58.550000000000004	0.9938887124057504
58.65	0.992146090643606
58.75	NaN
58.85	0.9897197304215766
58.95	NaN
59.050000000000004	0.983521338515223
59.15	0.985048017924625
59.25	0.9844690439673937
59.35	0.9836099479264239
59.45	0.9832520061378988
59.550000000000004	0.9808208203044242
59.65	0.9812404718456542
59.75	0.9828525068191388
59.85	NaN
59.95	0.9802148595124824
60.050000000000004	NaN
60.15	0.982503617554088
60.25	0.9841616414222157
60.35	NaN
60.45	0.9839025532589698
60.550000000000004	0.9883052556849322
60.65	0.9879636068277666
60.75	0.9896515501978105
60.85	0.9919625113690479
60.95	0.9928846588560898
61.050000000000004	0.993831206271626
61.15	0.9956380791352176
61.25	0.9977043325053458
61.35	0.9984237492466206
61.45	1.001200137803361
61.550000000000004	NaN
61.65	1.003344595632907
61.75	NaN
61.85	NaN
61.95	1.0071457312189285
62.050000000000004	1.0099881548282055
62.15	1.0090113290411866
62.25	1.0125160102377087
62.35	1.0148564124643038
62.45	1.0159953919581899
62.550000000000004	1.015390303284785
62.65	1.016498371856444
62.75	1.0165126469393861
62.85	1.0166605717310457
62.95	1.0181708119224744
63.050000000000004	1.0151922897335195
63.15	1.016169966471494
63.25	NaN
63.35	1.0151396142131626
63.45	1.0150881391060904
63.550000000000004	1.0167989883206212
63.65	1.0083862076796033
63.75	1.0113215661790822
63.85	1.013360245932076
63.95	1.008639876982465
64.05	1.006450222830966
64.14999999999999	1.0052122366413998
64.25	1.0029163293891261
64.35	1.0005200226458615
64.44999999999999	1.000627396544247
64.55	0.9989275555269962
64.64999999999999	0.9975713235988961
64.75	0.9956325379013056
64.85	0.9934127676651076
64.94999999999999	0.9937078125976698
65.05	0.9923000352689277
65.14999999999999	0.9929811240744872
65.25	NaN
65.35	0.9896663562178784
65.44999999999999	NaN
65.55	0.9866125194100436
65.64999999999999	0.9871951736319524
65.75	0.9849450779329663
65.85	0.9852829961000233
65.94999999999999	0.9856047458895912
66.05	NaN
66.14999999999999	0.9851076875058116
66.25	0.985432579223577
66.35	0.9847525135016159
66.44999999999999	0.9854719201904248
66.55	0.9857228827251944
66.64999999999999	NaN
66.75	0.98875663515416
66.85	NaN
66.94999999999999	NaN
67.05	0.9912432731793583
67.14999999999999	0.9931312900800889
67.25	0.9932434036689892
67.35	0.9959372082129119
67.44999999999999	0.9965542488978525
67.55	0.9996728136793311
67.64999999999999	NaN
67.75	NaN
67.85	1.0046782755972263
67.94999999999999	1.0033572025951054
68.05	1.0048924649269657
68.14999999999999	1.0078455119980525
68.25	NaN
68.35	1.0083761744227908
68.44999999999999	1.0103707722953579
68.55	1.0122684508264437
68.64999999999999	NaN
68.75	1.012175080053521
68.85	1.013035945853461
68.94999999999999	1.0127439547628998
69.05	1.0133956024501618
69.14999999999999	1.0151818220865472
69.25	1.0116158309177352
69.35	1.0142469285035525
69.44999999999999	NaN
69.55	1.013369767181184
69.64999999999999	1.01314053030129
69.75	NaN
69.85	1.0089267347303374
69.94999999999999	NaN
70.05	1.0091500644245361
70.14999999999999	1.0075647205913212
70.25	NaN
70.35	1.0054610501665582
70.44999999999999	NaN
70.55	1.0046293212678588
70.64999999999999	0.9987858381657083
70.75	1.0007295509115202
70.85	1.000242819176732
70.94999999999999	0.9972901274766388
71.05	0.9935067067744364
71.14999999999999	0.9937841520103614
71.25	NaN
71.35	0.9910112117906981
71.44999999999999	0.9919741655129335
71.55	0.9910828790189731
71.64999999999999	0.9890009831566435
71.75	0.989022774685334
71.85	0.9880050787994618
71.94999999999999	0.9886868513162159
72.05	NaN
72.14999999999999	NaN
72.25	NaN
72.35	NaN
72.44999999999999	0.9858413618714609
72.55	0.9886958901687413
72.64999999999999	0.9877316953218886
72.75	NaN
72.85	0.9876073607534327
72.94999999999999	0.9891318871084853
73.05	0.989716183803096
73.14999999999999	0.9910409477436884
73.25	0.9892337350330689
73.35	0.993118210603833
73.44999999999999	NaN
73.55	0.9939053594126518
73.64999999999999	NaN
73.75	NaN
73.85	0.9984679266465845
73.94999999999999	0.9993113756857368
74.05	1.002547659512959
74.14999999999999	0.9985636496253301
74.25	1.0054227828367226
74.35	1.0052832325124366
74.44999999999999	1.005462443004014
74.55	1.0059896851885546
74.64999999999999	1.009613085962286
74.75	1.0075892253079415
74.85	1.0087503621062983
74.94999999999999	1.0078205182851272
75.05	1.0100313763745434
75.14999999999999	1.01053423963706
75.25	NaN
75.35	NaN
75.44999999999999	NaN
75.55	1.0117549568712456
75.64999999999999	NaN
75.75	NaN
75.85	1.011471945876855
75.94999999999999	1.0102462175079345
76.05	1.0097815603521854
76.14999999999999	1.009130394372072
76.25	NaN
76.35	1.007646928980311
76.44999999999999	NaN
76.55	1.0049182095768254
76.64999999999999	1.005065225622303
76.75	NaN
76.85	NaN
76.95	NaN
77.05	NaN
77.14999999999999	1.00066550109659
77.25	0.9980671020856637
77.35	0.9961773884963567
77.45	0.9962987311411053
77.55	0.9939938467261917
77.64999999999999	0.9939525826555538
77.75	0.9919598699589512
77.85	0.9919123217441472
77.95	0.9893530018819252
78.05	0.9904842094299385
78.14999999999999	0.9908739966590137
78.25	0.9895323549896539
78.35	0.9892040006291851
78.45	NaN
78.55	NaN
78.64999999999999	0.988977230108527
78.75	0.9893433822303007
78.85	NaN
78.95	0.9888275988379275
79.05	NaN
79.14999999999999	NaN
79.25	0.9917990112030185
79.35	NaN
79.45	0.990782469056622
79.55	0.9947714860769139
79.64999999999999	NaN
79.75	0.994099577201157
79.85	0.9963324709919246
