0.15	0.019511783700579235
0.25	0.019158117286272057
0.35	0.019241549007954054
0.45	0.019148766113055524
0.55	0.019282881345343412
0.65	0.019495603139720704
0.7500000000000001	0.019592275624847985
0.85	0.019948957859272604
0.95	0.020242309366189586
1.05	0.020484462838023253
1.15	0.020867182426747243
1.25	0.021181123950184056
1.35	0.02167079243266114
1.45	0.022031906944470235
1.55	0.02264843217499108
1.65	0.022996964364033128
1.75	0.023602344082145923
1.85	0.02425619133689622
1.95	0.025058383956488656
2.05	0.025727802246470456
2.15	0.02662712545380244
2.25	0.027532727935551223
2.35	0.028521905597675475
2.45	0.029492599834349608
2.5500000000000003	0.03080879917584898
2.65	0.03198138894916944
2.75	0.0334225345635397
2.85	0.034860950708054055
2.95	0.03660785646579533
3.0500000000000003	0.03829375851128078
3.15	0.040300049660396506
3.25	0.04252360473679217
3.35	0.04501957286895218
3.45	0.04755902318285768
3.5500000000000003	0.0504799182672063
3.65	0.05374126282570656
3.75	0.05753561530251566
3.85	0.06087214235137207
3.95	0.06585556819359573
4.05	0.07083593253179084
4.1499999999999995	0.07630615636529359
4.25	0.08230136125330792
4.35	0.09004227283645358
4.449999999999999	0.09766382796265964
4.55	0.1064711480561523
4.6499999999999995	0.11665999960707686
4.75	0.12885903657457068
4.85	0.14297209144677925
4.95	0.1594153147087217
5.05	0.17743256887543413
5.1499999999999995	0.1998299416757657
5.25	0.22446827616523465
5.35	0.2548285771585469
5.45	0.2920395516816241
5.55	0.3358983847357646
5.6499999999999995	0.38727966426625904
5.75	0.4538252724330835
5.85	0.5294897640634647
5.95	0.6251965682864458
6.05	0.7471594422518789
6.1499999999999995	0.900243458558509
6.25	1.0826268192428765
6.35	1.3025434765460022
6.45	1.579752754075957
6.55	1.8884724189221984
6.6499999999999995	2.2217615956342773
6.75	2.5373002459399068
6.85	2.7924757069070227
6.95	2.925932543628726
7.05	2.917447603407914
7.1499999999999995	2.7716990251657783
7.25	2.5518359607442807
7.35	2.292102080449423
7.45	2.0440782427617465
7.55	1.8165997903391586
7.6499999999999995	1.6027432797445689
7.75	1.4307740048435715
7.85	1.283820247616408
7.95	1.1592754078111394
8.05	1.0618586597997532
8.15	0.9738200362527956
8.25	0.9001032577287444
8.350000000000001	0.8382107449711012
8.450000000000001	0.7876714828566471
8.55	0.7441133679268729
8.65	0.7065504097552143
8.75	0.6773640695327632
8.850000000000001	0.6510056025441422
8.950000000000001	0.6293104665252689
9.05	0.6115515408409631
9.15	0.598217770332322
9.25	0.5875313432324525
9.350000000000001	0.5778570856556813
9.450000000000001	0.5728839713205456
9.55	0.568408366808693
9.65	0.5678431043151019
9.750000000000002	0.5686636015794281
9.85	0.5721961874317402
9.95	0.5782959747103498
10.049999999999999	0.5841043006087399
10.149999999999999	0.5939512157186887
10.25	0.6059005784274615
10.35	0.6189539317399605
10.45	0.6343687944978498
10.549999999999999	0.6523012344655867
10.649999999999999	0.6731399878153231
10.75	0.6961944159808563
10.85	0.7214417559237304
10.95	0.7485084068339044
11.049999999999999	0.7769455049735549
11.149999999999999	0.8121008904792327
11.25	0.8444678507314256
11.35	0.8817443281327433
11.45	0.919160920780245
11.549999999999999	0.962391133364317
11.649999999999999	1.002967322877733
11.75	1.0450647114968115
11.85	1.084946238618011
11.95	1.1264878117684107
12.049999999999999	1.1657528596568085
12.149999999999999	1.1975918810187773
12.25	1.2318898793358983
12.35	1.2628853124077544
12.45	1.2843593607069324
12.549999999999999	1.3057624323523558
12.649999999999999	1.3154678813510692
12.75	1.3291016988595812
12.85	1.338532922061725
12.95	1.339004188130785
13.049999999999999	1.340036517047126
13.149999999999999	1.3356626314396118
13.25	1.3267855019936505
13.35	1.3165209021890543
13.45	1.3012446563166733
13.549999999999999	1.2851681154805068
13.649999999999999	1.2665547635780694
13.75	1.2433441921253061
13.85	1.2178830161313121
13.95	1.1888902544218916
14.049999999999999	1.1602936048192116
14.149999999999999	1.1295847413561244
14.25	1.0989920953986483
14.35	1.062871531849896
14.45	1.0340053436748675
14.549999999999999	1.0030646789072823
14.649999999999999	0.9758831376165276
14.75	0.9453597944335965
14.85	0.9223223060617116
14.95	0.896294625196301
15.049999999999999	0.8763550532116897
15.149999999999999	0.8575908898493536
15.25	0.8411689758810901
15.35	0.8248922818937042
15.45	0.8147361359161222
15.549999999999999	0.8032398095891274
15.649999999999999	0.7958604284813411
15.75	0.7880004745079375
15.85	0.7860586462498635
15.95	0.7835605231288197
16.05	0.782340975439913
16.15	0.7838589866525535
16.25	0.7859468337121392
16.349999999999998	0.7909048542115475
16.45	0.7973641033862445
16.55	0.8059233525063968
16.65	0.8147440518166458
16.75	0.8279490287875104
16.849999999999998	0.8389024415076398
16.95	0.8538292675766606
17.05	0.8691415107768087
17.15	0.8858572593757872
17.25	0.9040953277192362
17.349999999999998	0.9207252490631344
17.45	0.9432346714697555
17.55	0.9626624954507297
17.65	0.9848824209988948
17.75	1.0067642130151997
17.849999999999998	1.0255233191811113
17.95	1.045293540529463
18.05	1.0668281793139909
18.15	1.0859956696782522
18.25	1.1053809699143313
18.349999999999998	1.1169617297152974
18.45	1.1359448105141647
18.55	1.1478176732524272
18.65	1.1579867831766897
18.75	1.1668500541747926
18.849999999999998	1.1748485447194161
18.95	1.173085413631343
19.05	1.1757584911111696
19.15	1.1738462943372991
19.25	1.172826727491412
19.35	1.1671171620304037
19.45	1.1576092816167858
19.55	1.1527317445821776
19.65	1.1427401153788532
19.75	1.1313279235439115
19.85	1.1185004419917601
19.95	1.1069353322390865
20.05	1.0943119320337946
20.15	1.0808856640934306
20.25	1.0663234991800208
20.35	1.0539775370447255
20.45	1.03754098898346
20.55	1.022823325948155
20.65	1.009619849864565
20.75	0.9968190516162765
20.85	0.9836284479741576
20.95	0.971221656287832
21.05	0.9594216559461174
21.15	0.9474798714923134
21.25	0.9371285437214112
21.35	0.9258685029059798
21.45	0.9188379796179952
21.55	0.9107231405633771
21.65	0.9010075396623669
21.75	0.8950159289518356
21.85	0.891766962109757
21.95	0.8856981099709815
22.05	0.8820768510677579
22.15	0.8817844523952715
22.25	0.8826547857890654
22.35	0.8799043066469786
22.45	0.8816443350701365
22.55	0.8845344306024929
22.65	0.8876113579325586
22.75	0.8906091984728108
22.85	0.8961726391759813
22.95	NaN
23.05	0.9098227927485389
23.15	0.9179289950278929
23.25	0.9256285835794765
23.35	0.9384088238817148
23.45	0.9469035131789952
23.55	0.9575125026729864
23.65	0.9676566286826239
23.75	0.978074073578345
23.85	0.990618256821807
23.95	1.002335450844377
24.05	1.0148778518520984
24.15	1.0269285927103156
24.25	1.0364090246147966
24.35	1.0492715584824703
24.45	1.0581870839821694
24.55	1.0693589490008824
24.65	1.0753460686583278
24.75	1.0836850523744697
24.85	1.0907225659796989
24.95	1.0932197115208322
25.05	1.1020676011174177
25.15	1.1023026120096786
25.25	1.1055669881070447
25.35	1.1056603561710507
25.45	1.104148393472532
25.55	1.1036125461318382
25.65	1.096298250718698
25.75	1.09417757438812
25.85	1.087168067907546
25.95	1.0801528294200176
26.05	1.0766614722027388
26.15	1.068198118061244
26.25	1.060493682528336
26.35	1.0506453815062153
26.45	1.0424762964163519
26.55	1.0350151122970657
26.65	1.0259532246081786
26.75	1.0172186532961756
26.85	1.0066034476705927
26.95	0.9969764122361015
27.05	0.9902079761837417
27.15	0.983133584288902
27.25	0.973415286840969
27.35	0.9681917921585955
27.45	0.9585699096960811
27.55	0.9524855092910104
27.65	0.9467619243962994
27.75	0.9426724081110451
27.85	0.9376084751565017
27.95	0.9327838801213938
28.05	0.9284209930479446
28.15	0.929268415423186
28.25	0.9252981476411121
28.35	0.924340793490864
28.45	0.9246046772903229
28.55	0.924197511188381
28.65	0.9262492163856783
28.75	0.9259241858030486
28.85	0.927256736698276
28.95	0.9314977535187702
29.05	0.9350329198311903
29.15	0.9380576227838772
29.25	0.9436150818793227
29.35	0.9480306335694848
29.45	0.9530864431500438
29.55	0.9605697981380651
29.65	0.9665679581889078
29.75	0.971250259672619
29.85	0.978083324886254
29.95	0.9854628256268199
30.05	0.99327908342953
30.15	1.0028513414109472
30.25	1.0092837001186512
30.35	1.0155059669154298
30.45	1.0227045637696728
30.55	1.0291861823077664
30.65	1.0368609359474292
30.75	1.0406611721680588
30.85	1.049382438223395
30.95	1.0511239640261578
31.05	1.0551324146584125
31.15	1.0615250213629996
31.25	1.0625087788980105
31.35	1.064806882952729
31.45	1.0675764999330952
31.55	1.0678040581804624
31.65	1.0654787290108596
31.75	1.0676702962212463
31.85	1.0649682238705882
31.95	1.0613828105176997
32.05	1.0603335207314937
32.15	1.0567307096720755
32.25	1.049726927691423
32.35	1.0480537979969715
32.45	1.042472857459587
32.55	1.0380029225270506
32.65	1.0329301004303115
32.75	1.0240925242340897
32.85	1.0221336833720962
32.95	1.0149846411254728
33.05	1.008586228157311
33.15	1.0003780340711659
33.25	0.9978175827799416
33.35	0.990841444023052
33.45	0.9843616365706966
33.55	0.9821647673047688
33.65	0.9752421999130855
33.75	0.970165721202926
33.85	0.9653737012778075
33.95	0.9631177074525721
34.05	0.9576669222632676
34.15	0.9559066703002207
34.25	0.9529484017604551
34.35	0.9510637600191553
34.45	0.9475960353350604
34.55	0.9484358051279808
34.65	0.9450772254417936
34.75	0.9473260922781521
34.85	0.9485875271967029
34.95	0.9481046142242628
35.05	0.9499679062748314
35.15	0.9516956686832634
35.25	0.9546795224925324
35.35	0.9560870310558475
35.45	0.9582194291445473
35.55	0.9603996080215458
35.65	0.9660594753369607
35.75	0.9726342002597025
35.85	0.9751660007532008
35.95	0.9790890206966727
36.05	0.9835912035872668
36.15	0.9891162804822462
36.25	0.993466726166895
36.35	0.9977111893453043
36.45	1.0038421121615075
36.55	NaN
36.65	1.0134064124124742
36.75	1.018753645539687
36.85	1.0255262428373135
36.95	1.025987557991124
37.05	1.0326968221105028
37.15	1.034624914048801
37.25	1.035762823935378
37.35	1.0391541864182832
37.45	1.0429523694923521
37.55	1.0423276568470983
37.65	NaN
37.75	1.050196771364449
37.85	1.0448510980575108
37.95	1.0453028049225659
38.05	1.0449403778766617
38.15	1.0473331331557563
38.25	1.0470303590660963
38.35	1.0422337135656503
38.45	1.0392328737528849
38.550000000000004	1.0355595153993162
38.65	1.0302161490436854
38.75	1.0274409272964025
38.85	1.023191452959194
38.95	1.0212162444939359
39.050000000000004	1.0182828767484733
39.15	NaN
39.25	NaN
39.35	NaN
39.45	NaN
39.550000000000004	0.9956158424642478
39.65	0.9912700372853663
39.75	0.9884944314158364
39.85	0.9839535175047044
39.95	0.9818017590756399
40.050000000000004	0.9727289160761207
40.15	NaN
40.25	0.9702330478025238
40.35	0.9684211002715799
40.45	0.9663596020469557
40.550000000000004	0.9646650901114364
40.65	0.9637748643605494
40.75	0.9635427322791671
40.85	0.964055577498057
40.95	0.9607370069411529
41.050000000000004	0.9629146967025102
41.15	0.9551636735017788
41.25	0.962081452779184
41.35	0.9634519512741385
41.45	0.9650823510436679
41.550000000000004	NaN
41.65	0.9701395024826103
41.75	0.969732302592714
41.85	0.9742521883749421
41.95	0.9767145077303935
42.050000000000004	0.980070106198849
42.15	NaN
42.25	0.9875253014796918
42.35	0.9904673247280655
42.45	0.9937292821494121
42.550000000000004	0.9968412329233879
42.65	1.0020548521383046
42.75	1.0048093090121042
42.85	1.00696567387153
42.95	1.012871234123222
43.050000000000004	1.0166241330327659
43.15	1.0183382121897815
43.25	1.022459141940433
43.35	1.0240884689883316
43.45	1.0278800663531273
43.550000000000004	1.0285731866111412
43.65	NaN
43.75	1.0312941254850385
43.85	1.0348179948653298
43.95	1.0350730410859055
44.050000000000004	1.0346077405061684
44.15	1.0359371612467372
44.25	NaN
44.35	1.033092340998875
44.45	1.0329387052167416
44.550000000000004	1.0324167369223987
44.65	1.0297619882156197
44.75	1.0275048833300844
44.85	1.024564896090826
44.95	1.0209718338730562
45.050000000000004	1.0209880124899877
45.15	1.0181813229799297
45.25	1.0144023545115928
45.35	NaN
45.45	1.0080154824485543
45.550000000000004	1.0053313368608834
45.65	NaN
45.75	1.0001543721905013
45.85	0.9957032318372854
45.95	0.992387759888552
46.050000000000004	0.9889953812928055
46.15	0.9865943959731166
46.25	0.9861339316117315
46.35	0.9823254803083153
46.45	0.9805714668279272
46.550000000000004	0.9776497150613076
46.65	NaN
46.75	0.9741864131413955
46.85	0.9727989772868381
46.95	0.9699741475731811
47.050000000000004	0.9713695142742207
47.15	0.9708902233119295
47.25	0.9715688763643958
47.35	0.9706150445812037
47.45	0.9716963802481705
47.550000000000004	0.9722277431422349
47.65	0.9733524067967012
47.75	0.9731150986367494
47.85	0.9751789156426943
47.95	0.9771368955947966
48.050000000000004	0.9806035813192069
48.15	0.9822858796872906
48.25	0.9845289132395145
48.35	0.9854232086227676
48.45	0.9888624190127115
48.550000000000004	0.9912589164836586
48.65	0.993344994905749
48.75	0.9963016008396329
48.85	0.998764500728255
48.95	1.003316130318061
49.050000000000004	1.0037787374583473
49.15	NaN
49.25	1.0123786323667225
49.35	1.0125527273198989
49.45	1.015383867937982
49.550000000000004	1.0169494468313565
49.65	1.019327715665717
49.75	1.0203403794889125
49.85	1.0219856916390144
49.95	1.0268526276391365
50.050000000000004	1.0259963187838845
50.15	1.025871976915367
50.25	1.0262403192307898
50.35	1.0268112869271246
50.45	1.0249238687227147
50.550000000000004	1.026021614794625
50.65	1.0258116999056508
50.75	1.024296586508873
50.85	1.0233411265242216
50.95	NaN
51.050000000000004	1.0211225439778386
51.15	1.0206802894210563
51.25	1.0167499979828807
51.35	1.0145160978227605
51.45	1.0134911796872972
51.550000000000004	NaN
51.65	1.0068983185610345
51.75	1.0068867991351431
51.85	1.0021335074133821
51.95	1.0017877063919358
52.050000000000004	NaN
52.15	0.9932215701603806
52.25	0.992951814469785
52.35	0.9920431336739546
52.45	0.9906037923857078
52.550000000000004	0.9862281808219006
52.65	0.9858089899511383
52.75	0.9837158988903768
52.85	0.9817572330904549
52.95	NaN
53.050000000000004	0.9801698186941123
53.15	NaN
53.25	0.977881983805897
53.35	0.9778811402014594
53.45	0.9795189406177773
53.550000000000004	NaN
53.65	0.9745052478449567
53.75	NaN
53.85	0.9779298153839977
53.95	0.9786600311943985
54.050000000000004	NaN
54.15	0.9806865200688331
54.25	NaN
54.35	0.9832822695476569
54.45	0.9859617556964051
54.550000000000004	NaN
54.65	0.9896465616388833
54.75	0.9932396117533784
54.85	0.9956041029667427
54.95	0.9967986095260825
55.050000000000004	0.9997155008615461
55.15	1.0006887531096582
55.25	1.0028651389814451
55.35	1.0103518363590283
55.45	1.005750990837474
55.550000000000004	1.0090795830107022
55.65	1.0094485339468644
55.75	1.0099862845706415
55.85	1.0145661772184007
55.95	1.0141861621544368
56.050000000000004	1.0172610903397474
56.15	1.0193212120069735
56.25	1.0185821893226001
56.35	1.019329235897092
56.45	1.0213498232550648
56.550000000000004	1.0212020594683067
56.65	1.0213847668509208
56.75	NaN
56.85	1.0212047476600066
56.95	1.0203859948779126
57.050000000000004	1.0193718297717935
57.15	1.0198036692760188
57.25	1.0172107767004341
57.35	NaN
57.45	1.0138407368026339
57.550000000000004	1.011802824700107
57.65	1.0119436481277864
57.75	1.0096435082993163
57.85	1.0074232849398805
57.95	1.005910179579072
58.050000000000004	1.0042330549478393
58.15	0.9994196790724261
58.25	1.0001462735327025
58.35	0.999389018506992
58.45	NaN
58.550000000000004	0.9947061910616147
58.65	0.9937050278041984
58.75	NaN
58.85	0.9892634916084955
58.95	NaN
59.050000000000004	0.9865112356723014
59.15	0.984367988436521
59.25	0.985544324108909
59.35	0.9844781005591157
59.45	0.981811569548522
59.550000000000004	0.9809057939872566
59.65	0.9816262443106999
59.75	0.9798524855961165
59.85	NaN
59.95	0.9820188037107158
60.050000000000004	NaN
60.15	0.9815008871552819
60.25	0.9831513083949867
60.35	NaN
60.45	0.9846810295239944
60.550000000000004	0.9875376043430922
60.65	0.9873105416998278
60.75	0.9882922594701262
60.85	0.9872038093394562
60.95	0.9907317765926061
61.050000000000004	0.993205769454985
61.15	0.9962582146497462
61.25	0.9963763660082521
61.35	0.9994013140915551
61.45	1.002398910605759
61.550000000000004	NaN
61.65	1.0047309648807183
61.75	NaN
61.85	NaN
61.95	1.0097417925392405
62.050000000000004	1.0115107716552958
62.15	1.0140322311469103
62.25	1.0115615111566412
62.35	1.01445097094675
62.45	1.015958709929911
62.550000000000004	1.0149027321429078
62.65	1.0176559279101818
62.75	1.0163771682297713
62.85	1.019461501373422
62.95	1.0176865976399203
63.050000000000004	1.0190798060058337
63.15	1.017784375015345
63.25	NaN
63.35	1.0153815182171941
63.45	1.0153260648638947
63.550000000000004	1.014427042350226
63.65	1.0133319939698309
63.75	1.0123663457158927
63.85	1.0104064482459005
63.95	1.0087916157699643
64.05	1.0082012491374392
64.14999999999999	1.0057157801554062
64.25	1.0025104961530265
64.35	1.0032689001878041
64.44999999999999	1.0038870296387112
64.55	0.9993263645260804
64.64999999999999	0.9976409593250848
64.75	0.9996494285962564
64.85	0.994771320600976
64.94999999999999	0.9930931190585389
65.05	0.9918967743348273
65.14999999999999	0.9910853413492231
65.25	NaN
65.35	0.9869737233536172
65.44999999999999	NaN
65.55	0.9854888233817166
65.64999999999999	0.9851741846707668
65.75	0.9852476437625755
65.85	0.9854290827759857
65.94999999999999	0.9860663661389145
66.05	NaN
66.14999999999999	0.9835702588484043
66.25	0.983409795325556
66.35	0.9863002484343959
66.44999999999999	0.985357064119377
66.55	0.9848134918290085
66.64999999999999	NaN
66.75	0.9895845156448106
66.85	NaN
66.94999999999999	NaN
67.05	0.9907822172773021
67.14999999999999	0.9913080697688017
67.25	0.9932187268059814
67.35	0.9944803743918846
67.44999999999999	0.9971358998434532
67.55	0.9983909556556441
67.64999999999999	NaN
67.75	NaN
67.85	1.002779369341904
67.94999999999999	1.0044683031841777
68.05	1.0043226016797604
68.14999999999999	1.006325516451813
68.25	NaN
68.35	1.0085481192074142
68.44999999999999	1.0103477421914413
68.55	1.0095751894234108
68.64999999999999	NaN
68.75	1.0128093067533923
68.85	1.0144962981381926
68.94999999999999	1.0135919771471025
69.05	1.0146283964133365
69.14999999999999	1.0132470235733417
69.25	1.0135687047099669
69.35	1.0142738805401434
69.44999999999999	NaN
69.55	1.0145240474155248
69.64999999999999	1.0123865272810375
69.75	NaN
69.85	1.009519663087832
69.94999999999999	NaN
70.05	1.009551080396972
70.14999999999999	1.007738178886709
70.25	NaN
70.35	1.0066616715270573
70.44999999999999	NaN
70.55	1.0028492027398683
70.64999999999999	1.0020632225613293
70.75	0.9969502529959782
70.85	0.9997850940301901
70.94999999999999	0.9982424404864325
71.05	1.000203136288217
71.14999999999999	0.9960743577363189
71.25	NaN
71.35	0.9936404612710477
71.44999999999999	0.9922370979355388
71.55	0.9921035056297302
71.64999999999999	0.9900333001517951
71.75	0.9902381649129154
71.85	0.9883262419330633
71.94999999999999	0.9883728505338994
72.05	NaN
72.14999999999999	NaN
72.25	NaN
72.35	NaN
72.44999999999999	0.9875960736275584
72.55	0.9878489451715177
72.64999999999999	0.9882809375526498
72.75	NaN
72.85	0.9869911994314273
72.94999999999999	0.9887445067335208
73.05	0.9897443079468655
73.14999999999999	0.9907839027673861
73.25	0.9919116650396881
73.35	0.9928458602080967
73.44999999999999	NaN
73.55	0.9964765216601601
73.64999999999999	NaN
73.75	NaN
73.85	0.9995694841836744
73.94999999999999	0.9994583106713387
74.05	1.001754881109629
74.14999999999999	0.9987362142208257
74.25	1.0050407021595587
74.35	1.0051598133458222
74.44999999999999	1.0064830124612134
74.55	1.0072120224259333
74.64999999999999	1.0068751384139278
74.75	1.0097196491082745
74.85	1.009813101452561
74.94999999999999	1.0127880549058272
75.05	1.0109698844283928
75.14999999999999	1.0112175196141682
75.25	NaN
75.35	NaN
75.44999999999999	NaN
75.55	1.0137760898760353
75.64999999999999	NaN
75.75	NaN
75.85	1.0108324016322747
75.94999999999999	1.0096608348055456
76.05	1.009070722069007
76.14999999999999	1.0090666467594251
76.25	NaN
76.35	1.007336108550702
76.44999999999999	NaN
76.55	1.0051226603952075
76.64999999999999	1.0066534330946066
76.75	NaN
76.85	NaN
76.95	NaN
77.05	NaN
77.14999999999999	1.0010295434176346
77.25	0.9985727762891664
77.35	0.9978148596154482
77.45	0.9980186417904006
77.55	0.9943810494617091
77.64999999999999	0.9935107322338885
77.75	0.9933006765542775
77.85	0.9920994530210409
77.95	0.9926787440858739
78.05	0.9908321978005653
78.14999999999999	0.9897891223075936
78.25	0.9899529849238841
78.35	0.9896914389631768
78.45	NaN
78.55	NaN
78.64999999999999	0.990159002037879
78.75	0.9886836211305075
78.85	NaN
78.95	0.9888619414888323
79.05	NaN
79.14999999999999	NaN
79.25	0.9903714243071177
79.35	NaN
79.45	0.9911544573980088
79.55	0.9920088933503152
79.64999999999999	NaN
79.75	0.9943060554664416
79.85	0.9969689153311229
