0.15	0.019142769399448093
0.25	0.019194151855138005
0.35	0.01898042082494104
0.45	0.019216100904314522
0.55	0.0193057353123902
0.65	0.01936242242875291
0.7500000000000001	0.019766733174229778
0.85	0.019832074576786995
0.95	0.02006875015004061
1.05	0.020405234174848415
1.15	0.020839589124102147
1.25	0.021157739704360745
1.35	0.021530657746649397
1.45	0.021943413695166593
1.55	0.022650010723992173
1.65	0.0231178298694466
1.75	0.02354413076522986
1.85	0.02438056394515975
1.95	0.025037223227960533
2.05	0.02589072300242651
2.15	0.026610217904919638
2.25	0.027494875752020715
2.35	0.028546631463227924
2.45	0.029574485063551658
2.5500000000000003	0.03074789906230801
2.65	0.03209550071096751
2.75	0.03341055528706394
2.85	0.03484362206693754
2.95	0.03658955311619079
3.0500000000000003	0.0383212422842188
3.15	0.040216648115172136
3.25	0.04242331119670887
3.35	0.04502029545014035
3.45	0.047470842555350425
3.5500000000000003	0.05053628559919241
3.65	0.05375684856692946
3.75	0.057461828369982336
3.85	0.06096796969423362
3.95	0.065738853601834
4.05	0.0706846912948256
4.1499999999999995	0.07641818517140825
4.25	0.08230712007822173
4.35	0.08999913115489823
4.449999999999999	0.0976359003840928
4.55	0.10654628590092372
4.6499999999999995	0.11651805778034853
4.75	0.12876743568061347
4.85	0.14311747485355944
4.95	0.1593309802656487
5.05	0.1773222069397771
5.1499999999999995	0.20056204951129858
5.25	0.22473056880270825
5.35	0.2550620300224609
5.45	0.29214941593291144
5.55	0.3361700024489255
5.6499999999999995	0.38692145697924074
5.75	0.453418876170027
5.85	0.5290091005295855
5.95	0.6255464068079782
6.05	0.7472657373549026
6.1499999999999995	0.8991997512070666
6.25	1.0842088789369881
6.35	1.301012796210221
6.45	1.5781138225105353
6.55	1.8873622781477293
6.6499999999999995	2.2217786508133686
6.75	2.539208926088689
6.85	2.7872594176042185
6.95	2.9279583549005053
7.05	2.906872776455795
7.1499999999999995	2.772873984722415
7.25	2.5575960743320154
7.35	2.2926474279001616
7.45	2.0452315523417273
7.55	1.8147137762516015
7.6499999999999995	1.6047421661224257
7.75	1.4321355420636255
7.85	1.2818592934146713
7.95	1.1603344411589216
8.05	1.0619715864330255
8.15	0.9745622240104642
8.25	0.8994340065127912
8.350000000000001	0.8371580859011253
8.450000000000001	0.7886348524831172
8.55	0.7427292407623487
8.65	0.7059030662814365
8.75	0.6765557420433199
8.850000000000001	0.6513023726220164
8.950000000000001	0.6288148874196281
9.05	0.6128586783623784
9.15	0.5979211111909702
9.25	0.5865761627609195
9.350000000000001	0.5785660697551313
9.450000000000001	0.5735112389326451
9.55	0.5692979775780372
9.65	0.5690239423749043
9.750000000000002	0.5693328744780016
9.85	0.5719319687549984
9.95	0.577867388072725
10.049999999999999	0.5849169911788341
10.149999999999999	0.5920771119675716
10.25	0.6051829944147202
10.35	0.6189711994995386
10.45	0.6347244269065918
10.549999999999999	0.6521765046739678
10.649999999999999	0.6722694871511405
10.75	0.6936897106879403
10.85	0.7201934870769112
10.95	0.7460802277999738
11.049999999999999	0.7778064265365159
11.149999999999999	0.8100040945658059
11.25	0.8448976803285401
11.35	0.8823873484518114
11.45	0.9193531437858733
11.549999999999999	0.959549253274975
11.649999999999999	1.0023648894928034
11.75	1.046477988604612
11.85	1.0864574509162095
11.95	1.1253451024809045
12.049999999999999	1.1633874219926859
12.149999999999999	1.2005594517049312
12.25	1.233810096607536
12.35	1.2593693753031021
12.45	1.2851148040401825
12.549999999999999	1.3018954137719914
12.649999999999999	1.3194821763339157
12.75	1.3314605709418295
12.85	1.3354840161089447
12.95	1.3393763683924291
13.049999999999999	1.3386748032099036
13.149999999999999	1.3341597293631153
13.25	1.326918209413879
13.35	1.318229895785923
13.45	1.3030081476229103
13.549999999999999	1.285926089047206
13.649999999999999	1.267886388619743
13.75	1.2440693680079944
13.85	1.2190236579025095
13.95	1.1904029971652341
14.049999999999999	1.1603759441706916
14.149999999999999	1.128370476382049
14.25	1.0975050288892685
14.35	1.0648283890700811
14.45	1.0311341941098493
14.549999999999999	1.0024774211327465
14.649999999999999	0.9742131993822442
14.75	0.9471057808210361
14.85	0.9198399051632614
14.95	0.8979740900537256
15.049999999999999	0.8749523874981529
15.149999999999999	0.8566935336748555
15.25	0.8408663164918494
15.35	0.826599400494972
15.45	0.8142522151104543
15.549999999999999	0.8030363248196399
15.649999999999999	0.795338123444366
15.75	0.7903445847535653
15.85	0.7861003908958646
15.95	0.7831041409521887
16.05	0.7829806349581151
16.15	0.7825644288999668
16.25	0.7865022323909054
16.349999999999998	0.7895449210222875
16.45	0.7993128280283438
16.55	0.8064750777177602
16.65	0.8156443091046706
16.75	0.8280775644679306
16.849999999999998	0.8404045668859645
16.95	0.854436199054862
17.05	0.8678767977324995
17.15	0.8870031441275582
17.25	0.9046157414022665
17.349999999999998	0.9200835222998328
17.45	0.9422800534663938
17.55	0.9617625794573759
17.65	0.9843614671913212
17.75	1.0046395040522542
17.849999999999998	1.0249110451152768
17.95	1.0479274578533033
18.05	1.0657900368143087
18.15	1.083968703479498
18.25	1.1030163421667856
18.349999999999998	1.1196128051171352
18.45	1.1343968752763962
18.55	1.1489003258794899
18.65	1.1572835458969928
18.75	1.1642884478371318
18.849999999999998	1.1705027848923584
18.95	1.1751734352503291
19.05	1.1752010891415172
19.15	1.1764713062639884
19.25	1.1739562182729937
19.35	1.16752709914151
19.45	1.1597407117676315
19.55	1.1510590841974377
19.65	1.1436106450884735
19.75	1.131680583281876
19.85	1.1192572926254651
19.95	1.1082736814292977
20.05	1.0934916440000833
20.15	1.0804504349248336
20.25	1.065906862140284
20.35	1.0523829442698511
20.45	1.039625004080624
20.55	1.0257519825662564
20.65	1.0118306124986787
20.75	0.9973442586122776
20.85	0.9841734708515119
20.95	0.9717370659252376
21.05	0.9584606029441408
21.15	0.9469267184098743
21.25	0.9373647020180058
21.35	0.9265692199075375
21.45	0.9166632724344972
21.55	0.908231946473923
21.65	0.9019111192774771
21.75	0.896212778020154
21.85	0.8902013059079399
21.95	0.8866667334702533
22.05	0.8846889488201264
22.15	0.8820849360131796
22.25	0.8796104751619405
22.35	0.8813203137710811
22.45	0.880659598464182
22.55	0.8828221459484273
22.65	0.8880279154307431
22.75	0.8898794534509626
22.85	0.8956189920925921
22.95	NaN
23.05	0.9091926172953617
23.15	0.917241734208398
23.25	0.9265172583908552
23.35	0.9382909781258784
23.45	0.9421273604237226
23.55	0.9555617989312591
23.65	0.9690754975849158
23.75	0.9789370779765094
23.85	0.991608222925378
23.95	1.0013770590667908
24.05	1.0141995294816877
24.15	1.0273585447539555
24.25	1.0391728300588696
24.35	1.047659900759535
24.45	1.0585898434970251
24.55	1.0684839234792725
24.65	1.0761635988758007
24.75	1.084822528234551
24.85	1.0914493408334325
24.95	1.09630258626417
25.05	1.1023350647484933
25.15	1.1041555466845765
25.25	1.1053052730240922
25.35	1.1049295602104643
25.45	1.1057110162149213
25.55	1.1000977268219545
25.65	1.0971890368765713
25.75	1.0931630037042126
25.85	1.0893086338671434
25.95	1.0824536814405599
26.05	1.0744258220606517
26.15	1.0669846361984898
26.25	1.060261222277888
26.35	1.053796395359165
26.45	1.044372877529908
26.55	1.0337239173778385
26.65	1.024321684690952
26.75	1.015899450128982
26.85	1.0069035918237572
26.95	0.9982470040093874
27.05	0.9911929496504674
27.15	0.9816327424030791
27.25	0.9737932730869666
27.35	0.9662886622948106
27.45	0.9612485361773514
27.55	0.9513977286939401
27.65	0.948924863101073
27.75	0.9423208712550207
27.85	0.9400533265502667
27.95	0.9336013656235445
28.05	0.9295512601881266
28.15	0.9287462413667906
28.25	0.926649217500053
28.35	0.9244491738726358
28.45	0.9247142063494436
28.55	0.9249117401522933
28.65	0.92374991202172
28.75	0.9252384375289702
28.85	0.927564502872297
28.95	0.931189752802374
29.05	0.9343358331480168
29.15	0.9384843991687926
29.25	0.943830162150414
29.35	0.9460408116930488
29.45	0.9534911731638032
29.55	0.9574527549263497
29.65	0.965339883517473
29.75	0.9739281354318476
29.85	0.9790750139591428
29.95	0.9863560711642186
30.05	0.9932887669729991
30.15	1.0066325203930846
30.25	1.0077942429337543
30.35	1.0143252565869654
30.45	1.0215696852767482
30.55	1.0284508731808635
30.65	1.0347937986835583
30.75	1.041626431763104
30.85	1.0480163181818265
30.95	1.0519339721424947
31.05	1.0589882946792895
31.15	1.0584365835354896
31.25	1.0627622918870223
31.35	1.0659688177652464
31.45	1.066990303692429
31.55	1.0684372295674287
31.65	1.0680026804404672
31.75	1.0680470974098222
31.85	1.0657740219103349
31.95	1.063712611317182
32.05	1.0612680880363392
32.15	1.0565657317626804
32.25	1.051317269161811
32.35	1.0500832060569065
32.45	1.0419302235431265
32.55	1.0379810835002412
32.65	1.03034472970218
32.75	1.0268442140669969
32.85	1.0214217260679326
32.95	1.01600247286348
33.05	1.0077169732315239
33.15	1.0031186931041982
33.25	0.9941789458757565
33.35	0.9900273020394483
33.45	0.9830623917942988
33.55	0.9802337343229407
33.65	0.9734521263497729
33.75	0.9711210750921753
33.85	0.9663750503724771
33.95	0.9579144420830759
34.05	0.9599505987697728
34.15	0.9536491643043301
34.25	0.9511182330943272
34.35	0.9524846180378793
34.45	0.9476579483604485
34.55	0.947699855442562
34.65	0.9473101566817439
34.75	0.9474143677908289
34.85	0.9481989259514636
34.95	0.9470539147058179
35.05	0.9499934630774688
35.15	0.9520004537273382
35.25	0.9534357107575444
35.35	0.9544034112630743
35.45	0.9579328884503471
35.55	0.9620177640169839
35.65	0.9658072632894613
35.75	0.9690607345986169
35.85	0.9745324700350801
35.95	0.9795450958387031
36.05	0.9847252176864716
36.15	0.9894772568918958
36.25	0.9941708826647425
36.35	0.9992733225354123
36.45	1.0041867495179118
36.55	NaN
36.65	1.0133270756242014
36.75	1.0200340120713347
36.85	1.028365095804994
36.95	1.0283280595821689
37.05	1.032562614083901
37.15	1.034900207679105
37.25	1.0388590820181678
37.35	1.0424406507965884
37.45	1.043778911290486
37.55	1.0412456864192339
37.65	NaN
37.75	1.0468145305329153
37.85	1.048746571474656
37.95	1.0478595197949385
38.05	1.046261893012808
38.15	1.0452375014870894
38.25	1.0426225371587
38.35	1.0400706169255514
38.45	1.03970278615549
38.550000000000004	1.0356539058174115
38.65	1.0338220815635613
38.75	1.0289387997535384
38.85	1.0239336292186034
38.95	1.0240908115249678
39.050000000000004	1.0144896817133453
39.15	NaN
39.25	NaN
39.35	NaN
39.45	NaN
39.550000000000004	0.9958771839450269
39.65	0.9903234524831823
39.75	0.9882750416135431
39.85	0.9822414025071334
39.95	0.9804735215632521
40.050000000000004	0.9770511214242785
40.15	NaN
40.25	0.9717441460358319
40.35	0.9700053700855328
40.45	0.9660933761304694
40.550000000000004	0.96437629292843
40.65	0.9631187120882784
40.75	0.9628404928933798
40.85	0.9615496399973781
40.95	0.961773576254398
41.050000000000004	0.9618610899604688
41.15	0.9638536749845363
41.25	0.9626399359448234
41.35	0.9626644329021881
41.45	0.9662187314425984
41.550000000000004	NaN
41.65	0.9686533399535856
41.75	0.9692999370630934
41.85	0.9752320865272368
41.95	0.9770562805241113
42.050000000000004	0.9791451260034146
42.15	NaN
42.25	0.9870428365436771
42.35	0.9912909951167098
42.45	0.993864426737534
42.550000000000004	0.9984355709069089
42.65	1.0016382606629397
42.75	1.0042499134672558
42.85	1.0079940580802738
42.95	1.0119165684307108
43.050000000000004	1.0157640635043894
43.15	1.020079211909154
43.25	1.0222602139305845
43.35	1.0240371952203016
43.45	1.0249337122505533
43.550000000000004	1.0296395437910029
43.65	NaN
43.75	1.0313895916752234
43.85	1.0334527281408337
43.95	1.0346136737513194
44.050000000000004	1.0359136430153937
44.15	1.0357546231036645
44.25	NaN
44.35	1.0326021688700726
44.45	1.031151224982534
44.550000000000004	1.0316097398190054
44.65	1.0299369578503648
44.75	1.0276273493157968
44.85	1.0239977911406088
44.95	1.0227865826406086
45.050000000000004	1.0192681318781287
45.15	1.0167944818731227
45.25	1.0148263050435464
45.35	NaN
45.45	1.0087130029689342
45.550000000000004	1.006751647657064
45.65	NaN
45.75	1.0010027119245832
45.85	0.995786018680418
45.95	0.9934783787378871
46.050000000000004	0.9899158662204669
46.15	0.9870684667836693
46.25	0.9871433252691131
46.35	0.9811286293913206
46.45	0.9791863797098065
46.550000000000004	0.9784702640683741
46.65	NaN
46.75	0.9746900441499764
46.85	0.9715969468362575
46.95	0.9713571151616562
47.050000000000004	0.9717747177708398
47.15	0.971382043248912
47.25	0.972474714074928
47.35	0.9705085761528858
47.45	0.9713840221327287
47.550000000000004	0.9727637143263538
47.65	0.9731739555603599
47.75	0.9747862968426998
47.85	0.9747873471906195
47.95	0.9769678658593685
48.050000000000004	0.9795635958135892
48.15	0.9774230344046764
48.25	0.9834694965784331
48.35	0.9836924505988588
48.45	0.988492703824596
48.550000000000004	0.9898434110890226
48.65	0.9941788810720656
48.75	0.9960843880367198
48.85	0.9996732256504873
48.95	1.0014439557114017
49.050000000000004	1.0041949209624137
49.15	NaN
49.25	1.0087341103772771
49.35	1.0125252275881085
49.45	1.0148568347140587
49.550000000000004	1.0167174018271592
49.65	1.019418281548831
49.75	1.0210942205036893
49.85	1.0234648385718599
49.95	1.0235726995929162
50.050000000000004	1.0261906561145269
50.15	1.0258055001903112
50.25	1.0267774700752608
50.35	1.027660827864756
50.45	1.0242250437906253
50.550000000000004	1.0274150473588348
50.65	1.024140957020223
50.75	1.0249824713213371
50.85	1.0218341360112952
50.95	NaN
51.050000000000004	1.0201032434629689
51.15	1.019591959007828
51.25	1.017744405205248
51.35	1.0145968394690863
51.45	1.0134376569250234
51.550000000000004	NaN
51.65	1.0072522593334368
51.75	1.006521987178338
51.85	1.0034126848838039
51.95	1.0020248233968612
52.050000000000004	NaN
52.15	0.9949948802237133
52.25	0.992575205286377
52.35	0.9916564490650699
52.45	0.9896097923405438
52.550000000000004	0.9872796950073081
52.65	0.982977047412487
52.75	0.9820922409885539
52.85	0.9815498704743163
52.95	NaN
53.050000000000004	0.9802862302579068
53.15	NaN
53.25	0.9789260223861365
53.35	0.9759533446359222
53.45	0.9782272513112032
53.550000000000004	NaN
53.65	0.9773588965484986
53.75	NaN
53.85	0.978551118187297
53.95	0.9770275902896675
54.050000000000004	NaN
54.15	0.9826454743990515
54.25	NaN
54.35	0.984174641566233
54.45	0.9855892480906178
54.550000000000004	NaN
54.65	0.9896012829850431
54.75	0.99159191277946
54.85	0.9932718018006541
54.95	0.9942273109030482
55.050000000000004	0.9980427303057017
55.15	1.0016417512579523
55.25	1.0026119845177193
55.35	1.0043614518701245
55.45	1.0065003102233059
55.550000000000004	1.0092493432068137
55.65	1.013121841386969
55.75	1.0133324097561405
55.85	1.0135820831667968
55.95	1.0161792455680292
56.050000000000004	1.0202764128493973
56.15	1.0192723432054722
56.25	1.01570106090753
56.35	1.020630115980201
56.45	1.0206391996549322
56.550000000000004	1.0210920136533597
56.65	1.0232970933464345
56.75	NaN
56.85	1.0206854518851138
56.95	1.0200684047481812
57.050000000000004	1.0192991200076187
57.15	1.0198813284965635
57.25	1.017029122825137
57.35	NaN
57.45	1.0154434916133082
57.550000000000004	1.0126838909619142
57.65	1.012096396026738
57.75	1.0091578384447466
57.85	1.0054591617413118
57.95	1.004859661786676
58.050000000000004	1.004329901224642
58.15	1.0036385998387312
58.25	0.9990720409911267
58.35	0.9990016888883078
58.45	NaN
58.550000000000004	0.995725672994682
58.65	0.992157762824462
58.75	NaN
58.85	0.9892552667554452
58.95	NaN
59.050000000000004	0.9866720910769732
59.15	0.9849450287004583
59.25	0.9838853431262904
59.35	0.9823811752619169
59.45	0.9825410735991739
59.550000000000004	0.9828330405871218
59.65	0.9824481523481511
59.75	0.9825162617090314
59.85	NaN
59.95	0.9819641867662334
60.050000000000004	NaN
60.15	0.9824432850279932
60.25	0.9825470218103108
60.35	NaN
60.45	0.9846018471532129
60.550000000000004	0.9870951035248864
60.65	0.9866751663054613
60.75	0.9890924438050889
60.85	0.994080932133096
60.95	0.9923209276899944
61.050000000000004	0.9940789362693274
61.15	0.9955195067187156
61.25	0.9982512593840308
61.35	1.0008216650011164
61.45	0.9996629661516229
61.550000000000004	NaN
61.65	1.0041512794607172
61.75	NaN
61.85	NaN
61.95	1.01136532142633
62.050000000000004	1.010361432394825
62.15	1.0130229753503535
62.25	1.0132919098986817
62.35	1.0152293917677835
62.45	1.0134668902798336
62.550000000000004	1.0142061805199623
62.65	1.0162442592355059
62.75	1.0170935300155182
62.85	1.0170407068071485
62.95	1.0157829525048794
63.050000000000004	1.0150062569578189
63.15	1.0170413549061266
63.25	NaN
63.35	1.0155778409634078
63.45	1.0149480193649025
63.550000000000004	1.0181190813296692
63.65	1.008455211143223
63.75	1.0118141844022113
63.85	1.0116898496040259
63.95	1.0096646162564227
64.05	1.0076434220000372
64.14999999999999	1.0060202083260796
64.25	1.0060659204063014
64.35	1.003638066635265
64.44999999999999	1.0016704864225736
64.55	0.9999211861104114
64.64999999999999	0.9991575094113008
64.75	0.9957900994941098
64.85	0.9950709624849189
64.94999999999999	0.9942379251841326
65.05	0.9915505171653468
65.14999999999999	0.9894069467619839
65.25	NaN
65.35	0.9892257414643423
65.44999999999999	NaN
65.55	0.9878564244442285
65.64999999999999	0.9840557147706288
65.75	0.9850695330713674
65.85	0.9845263276659281
65.94999999999999	0.9853846904604529
66.05	NaN
66.14999999999999	0.9854449251954047
66.25	0.9853756889661507
66.35	0.9878853150696796
66.44999999999999	0.9861369396685624
66.55	0.9849887660145572
66.64999999999999	NaN
66.75	0.9888671960662605
66.85	NaN
66.94999999999999	NaN
67.05	0.9906764433828561
67.14999999999999	0.992858188071069
67.25	0.9931737746385912
67.35	0.9957140530514849
67.44999999999999	0.995990473838187
67.55	0.9990121392379679
67.64999999999999	NaN
67.75	NaN
67.85	1.00304849179313
67.94999999999999	1.0040943488695842
68.05	1.006388174683954
68.14999999999999	1.007524278560589
68.25	NaN
68.35	1.0079114990657994
68.44999999999999	1.0107365765459781
68.55	1.0114217403149144
68.64999999999999	NaN
68.75	1.0119567217248944
68.85	1.0118302113501363
68.94999999999999	1.0144703964342534
69.05	1.0142233130642841
69.14999999999999	1.0132322903789424
69.25	1.0163251194252032
69.35	1.014786682215443
69.44999999999999	NaN
69.55	1.0127034262623051
69.64999999999999	1.0142466700121595
69.75	NaN
69.85	1.0113156060564736
69.94999999999999	NaN
70.05	1.008263890875119
70.14999999999999	1.008629739129766
70.25	NaN
70.35	1.005799432216029
70.44999999999999	NaN
70.55	1.0035096344205805
70.64999999999999	1.003495228129312
70.75	1.0003240796543746
70.85	1.000140598868267
70.94999999999999	0.9992509000749348
71.05	1.0003148629387866
71.14999999999999	0.9949998521557525
71.25	NaN
71.35	0.9942108258859433
71.44999999999999	0.9918331487088728
71.55	0.9911717089924824
71.64999999999999	0.9891831018736464
71.75	0.9896889332740325
71.85	0.9884034111433039
71.94999999999999	0.9871444047278598
72.05	NaN
72.14999999999999	NaN
72.25	NaN
72.35	NaN
72.44999999999999	0.9866679509371747
72.55	0.988161762909262
72.64999999999999	0.9866272298208416
72.75	NaN
72.85	0.9883981711265665
72.94999999999999	0.9912028808330403
73.05	0.9902015025233419
73.14999999999999	0.9908072115491661
73.25	0.9918746830937138
73.35	0.9918944805254912
73.44999999999999	NaN
73.55	0.9941569940720913
73.64999999999999	NaN
73.75	NaN
73.85	0.9992073083792492
73.94999999999999	0.9997184777487467
74.05	1.0007208287817755
74.14999999999999	1.006843611130279
74.25	1.003979900539231
74.35	1.0055502023103065
74.44999999999999	1.007943857184513
74.55	1.006651237721764
74.64999999999999	1.0081214982982918
74.75	1.0089443861803444
74.85	1.0108898742571266
74.94999999999999	1.0108126559626471
75.05	1.0108117858079935
75.14999999999999	1.0103718890210893
75.25	NaN
75.35	NaN
75.44999999999999	NaN
75.55	1.0122612153977197
75.64999999999999	NaN
75.75	NaN
75.85	1.010963612262277
75.94999999999999	1.0117595836613407
76.05	1.0094119299268869
76.14999999999999	1.009895641707801
76.25	NaN
76.35	1.0090309627346767
76.44999999999999	NaN
76.55	1.0055899472435617
76.64999999999999	1.0037754336165352
76.75	NaN
76.85	NaN
76.95	NaN
77.05	NaN
77.14999999999999	0.9985612293591768
77.25	0.9981967853625257
77.35	0.9967310941172626
77.45	0.9947211809154731
77.55	0.9944573186377442
77.64999999999999	0.9926014372860453
77.75	0.9917749899481171
77.85	0.9923888470009236
77.95	0.9937273004093523
78.05	0.990659839003462
78.14999999999999	0.9909985594656378
78.25	0.9897594753849509
78.35	0.9893039840405844
78.45	NaN
78.55	NaN
78.64999999999999	0.9899498369574412
78.75	0.9880731564774189
78.85	NaN
78.95	0.9891413900526627
79.05	NaN
79.14999999999999	NaN
79.25	0.9910783723047251
79.35	NaN
79.45	0.9940536492892779
79.55	0.9926629835682733
79.64999999999999	NaN
79.75	0.9952804136042259
79.85	0.9952636916669217
