0.15	0.03738924896896176
0.25	0.036946251722301954
0.35	0.03705504553462624
0.45	0.0368786922171667
0.55	0.037042953668206764
0.65	0.03752917073732424
0.7500000000000001	0.03829169679295155
0.85	0.038556643815272885
0.95	0.03882734180729614
1.05	0.039854368087672884
1.15	0.0403885718952601
1.25	0.04103576217471747
1.35	0.0418896991653434
1.45	0.042757401496662004
1.55	0.0438500293543442
1.65	0.044837851390411736
1.75	0.04613305865274582
1.85	0.047638514340688894
1.95	0.04878306412846466
2.05	0.050465222841929114
2.15	0.052031997587529334
2.25	0.05390326088803972
2.35	0.05601377155998775
2.45	0.057857646968503686
2.5500000000000003	0.06038404643350404
2.65	0.0631698318580707
2.75	0.06605707753872722
2.85	0.06901554229630429
2.95	0.07236489556185632
3.0500000000000003	0.07620082347571557
3.15	0.08030087422169
3.25	0.08477309031047682
3.35	0.08981856621135892
3.45	0.09564739389714597
3.5500000000000003	0.10160483072381718
3.65	0.10784200310999191
3.75	0.11587196628316375
3.85	0.12374222486490465
3.95	0.13353162939840255
4.05	0.1435694373523421
4.1499999999999995	0.15551377871180233
4.25	0.16782517590584703
4.35	0.18363116357822634
4.449999999999999	0.2007798657647607
4.55	0.21946505595273577
4.6499999999999995	0.24193635543874978
4.75	0.2674896173621634
4.85	0.2949898915765152
4.95	0.33035434053481566
5.05	0.3695499693706635
5.1499999999999995	0.41272020207862486
5.25	0.46404517433759057
5.35	0.5227609794526884
5.45	0.5961298424210975
5.55	0.676523518212271
5.6499999999999995	0.7731380829784323
5.75	0.8846450950900214
5.85	1.0113180762508132
5.95	1.1525861996049709
6.05	1.30794767461372
6.1499999999999995	1.4808262111891621
6.25	1.6492520172685012
6.35	1.8131840051799568
6.45	1.956669207378743
6.55	2.0630897805994652
6.6499999999999995	2.124407521819825
6.75	2.1397451373544487
6.85	2.1094211582643
6.95	2.0313258409173853
7.05	1.9303801211419884
7.1499999999999995	1.818602057480944
7.25	1.70302218402777
7.35	1.5868034807367153
7.45	1.476673941840132
7.55	1.3738239814058388
7.6499999999999995	1.2801620981236337
7.75	1.1965362848033316
7.85	1.1218347022910415
7.95	1.0547156256216257
8.05	0.9962155581547637
8.15	0.9467967074871967
8.25	0.9024796293690144
8.350000000000001	0.8623952776565299
8.450000000000001	0.8300907136077456
8.55	0.8014893554852939
8.65	0.7772031112656821
8.75	0.7542691496198269
8.850000000000001	0.7369459383667392
8.950000000000001	0.7226736224703042
9.05	0.7102371067636452
9.15	0.7016696475009676
9.25	0.6950122664319545
9.350000000000001	0.689793776731053
9.450000000000001	0.6884199055885262
9.55	0.6856459909008611
9.65	0.687569420399348
9.750000000000002	0.6896471220926591
9.85	0.6948864760079426
9.95	0.7031688497919364
10.049999999999999	0.7118185832878285
10.149999999999999	0.7221258616903485
10.25	0.7316884159158754
10.35	0.7472552320722646
10.45	0.7613503215387981
10.549999999999999	0.7796449492767474
10.649999999999999	0.7989991191924457
10.75	0.8179934183918427
10.85	0.8391953853157451
10.95	0.8615587881891135
11.049999999999999	0.8857592582248315
11.149999999999999	0.9112856286105407
11.25	0.935588043462795
11.35	0.9634231218618992
11.45	0.990765804127528
11.549999999999999	1.0165457819628736
11.649999999999999	1.0449951568002471
11.75	1.071506202366614
11.85	1.0993180068228576
11.95	1.1220221289798753
12.049999999999999	1.1459316370512758
12.149999999999999	1.165701001561534
12.25	1.1864342850941088
12.35	1.204114087292843
12.45	1.2172621278593478
12.549999999999999	1.2287601461426692
12.649999999999999	1.236059089513422
12.75	1.238466603473222
12.85	1.2394605651208515
12.95	1.238797452716266
13.049999999999999	1.2344184188251466
13.149999999999999	1.2255797765077814
13.25	1.2157376207177746
13.35	1.2008870386827755
13.45	1.1877134212195888
13.549999999999999	1.1688255544517716
13.649999999999999	1.1483029995079987
13.75	1.1276854885105831
13.85	1.1082404223468694
13.95	1.0869800461569628
14.049999999999999	1.0652000996295636
14.149999999999999	1.0461340589148072
14.25	1.0256038291073692
14.35	1.0067164359917011
14.45	0.9858967904791451
14.549999999999999	0.9690624205261116
14.649999999999999	0.9543449072010526
14.75	0.9386106887312685
14.85	0.9239403383744347
14.95	0.9108208110956487
15.049999999999999	0.8997319955704838
15.149999999999999	0.8904346848587728
15.25	0.881995825601038
15.35	0.873948367471887
15.45	0.8688427020008043
15.549999999999999	0.8656318230121739
15.649999999999999	0.8610944924238868
15.75	0.857735974634895
15.85	0.8582304971443102
15.95	0.8583058364139371
16.05	0.86003158555568
16.15	0.8632839232437576
16.25	0.8672629849557898
16.349999999999998	0.8738231636034234
16.45	0.8802490716264738
16.55	0.8862946595441963
16.65	0.8948122025824684
16.75	0.9024257292235386
16.849999999999998	0.9131945473578056
16.95	0.9236228669451995
17.05	0.9345128136592038
17.15	0.9453606406708227
17.25	0.9573514091193741
17.349999999999998	0.9697177182988396
17.45	0.9815726388616148
17.55	0.9954028556109457
17.65	1.0111931224120048
17.75	1.0198354438073187
17.849999999999998	1.0318572213846104
17.95	1.0436857302253462
18.05	1.0587048461613662
18.15	1.0678058595049107
18.25	1.0752871738650789
18.349999999999998	1.084902524986488
18.45	1.0898518196298908
18.55	1.0978902744094976
18.65	1.1051162348915449
18.75	1.1069837049885924
18.849999999999998	1.1112948327761536
18.95	1.1109021974843185
19.05	1.1107705707308548
19.15	1.1090642951872018
19.25	1.1078695427334413
19.35	1.104743296628466
19.45	1.1002139377897986
19.55	1.0939298070986103
19.65	1.0852124890593071
19.75	1.08037054482991
19.85	1.0715418723728523
19.95	1.0613514937134823
20.05	1.054328011490233
20.15	1.0439753465720996
20.25	1.0337448165991125
20.35	1.0259157100946914
20.45	1.0159878222512264
20.55	1.006693771291654
20.65	0.9963619737320224
20.75	0.9861728293404026
20.85	0.9786299269474562
20.95	0.9707862796303434
21.05	0.9641878470432426
21.15	0.9556769494890995
21.25	0.9508721606967796
21.35	0.9426547564632277
21.45	0.9389159452755432
21.55	0.935735039363021
21.65	0.9302522636678389
21.75	0.9285389117115705
21.85	0.9254996895700217
21.95	0.9238965505333079
22.05	0.9240316923170943
22.15	0.9217345847674018
22.25	0.9241927908636677
22.35	0.923861544712092
22.45	0.9283481605670182
22.55	0.9288096417619492
22.65	0.9323405462155275
22.75	0.9354453552437886
22.85	0.9407864468318418
22.95	0.9463387329924928
23.05	0.9511596246464331
23.15	0.955871272915211
23.25	0.9627126561281709
23.35	0.9677696190051831
23.45	0.9759403419206207
23.55	0.9805671964313586
23.65	0.9894582828301588
23.75	0.9951074052146143
23.85	1.0032484296974347
23.95	1.0114294343172487
24.05	1.0173367605319605
24.15	1.024372682050814
24.25	1.0310596641722956
24.35	1.0360639332057946
24.45	1.04140147513999
24.55	1.0465147489122004
24.65	1.0508210509011224
24.75	1.0561922662491108
24.85	1.058490861661509
24.95	1.0603199671528758
25.05	1.0617609526934373
25.15	1.0619995114750034
25.25	1.064213253121895
25.35	1.0636042803559649
25.45	1.062571899291206
25.55	1.0605542617148485
25.65	1.056468303579394
25.75	1.0550396285319537
25.85	1.05218287680874
25.95	1.0491610294652955
26.05	1.041848332047615
26.15	1.0394385316536527
26.25	1.0337693294487744
26.35	1.0258062059984998
26.45	1.02215129978971
26.55	1.0165507407263707
26.65	1.0117235763517514
26.75	1.007573330178618
26.85	1.0007602219637235
26.95	0.993298535206595
27.05	0.9897867655462599
27.15	0.9859327949013639
27.25	0.9801480087582469
27.35	0.9761755318632467
27.45	0.975433089837151
27.55	0.9691131225684744
27.65	0.9644076805437515
27.75	0.9614367350777121
27.85	0.9577484679251138
27.95	0.9567615990235455
28.05	0.9558346447607369
28.15	0.9519346825719951
28.25	0.9528409350133015
28.35	0.9533733883575944
28.45	0.9513301756482369
28.55	0.9526005213758028
28.65	0.9533827932163287
28.75	0.9577573065396032
28.85	0.9564615984837861
28.95	0.9607775546946629
29.05	0.9611496353763268
29.15	0.9648867251927405
29.25	0.9658959567580598
29.35	0.9707744046753237
29.45	0.9756005696458382
29.55	0.9789285298741179
29.65	0.9832483561972254
29.75	0.9879700706335135
29.85	0.9929218639584807
29.95	NaN
30.05	1.0009115643927924
30.15	1.005685441989448
30.25	1.011190508424306
30.35	1.0157395389511623
30.45	1.016832689454377
30.55	1.0214661300888408
30.65	1.0257722631218367
30.75	1.0291165115688272
30.85	1.0325442394224584
30.95	1.0332813974833845
31.05	1.035010878335084
31.15	1.03832453286582
31.25	1.040023816656931
31.35	1.0409860415761822
31.45	1.041000977899566
31.55	1.0393835926115038
31.65	1.0401212660548713
31.75	NaN
31.85	1.0380361438650296
31.95	1.0371502786773308
32.05	1.0344686741721996
32.15	1.0314768664422314
32.25	1.0280819023733916
32.35	1.027461033317034
32.45	1.022276409858306
32.55	1.0215034117277535
32.65	1.017170627668342
32.75	1.0137660355357272
32.85	1.008184096348723
32.95	1.0052256621855187
33.05	1.0010355659164791
33.15	0.9988814152237452
33.25	0.9958617638449917
33.35	0.9920199398348813
33.45	0.9873887363968278
33.55	0.9839105687901663
33.65	0.9807942229671694
33.75	0.9806701773207138
33.85	0.9772294352847353
33.95	0.9737867414222557
34.05	0.9747352340821931
34.15	0.9724485047825985
34.25	0.9702364212484905
34.35	0.9677867926923807
34.45	0.9666602184608359
34.55	0.9671945165735725
34.65	0.9675888569986213
34.75	0.9690857019546287
34.85	0.9692530940435693
34.95	0.9692348277281138
35.05	0.9704926881921914
35.15	0.973654518693363
35.25	0.9718040300969978
35.35	0.9754007406615958
35.45	0.9769746027357658
35.55	0.9789275568456287
35.65	0.9825651744055556
35.75	0.9860512614904726
35.85	0.9863574203710986
35.95	0.9881335504775013
36.05	0.9917915518352426
36.15	0.9943639263445668
36.25	0.9979004220253086
36.35	1.0022883458293745
36.45	1.0062285895437046
36.55	1.0073074746943513
36.65	NaN
36.75	1.0135306417516337
36.85	1.0166914507845415
36.95	1.0187570729060416
37.05	1.022232219735952
37.15	1.021055210183743
37.25	1.023351193636335
37.35	1.0248400163546632
37.45	1.0274178729605257
37.55	1.0273202901438252
37.65	1.0272923626393502
37.75	1.0290586052028834
37.85	1.0313054249845601
37.95	1.029846495037675
38.05	NaN
38.15	NaN
38.25	1.0268447667385434
38.35	1.024197250174467
38.45	1.021025955278448
38.550000000000004	1.0191168495868304
38.65	1.020205647849559
38.75	1.0164938253348321
38.85	1.0164847583310188
38.95	1.0111993275686684
39.050000000000004	1.00846613556925
39.15	1.0044560842438897
39.25	1.0020324826710734
39.35	1.0011550717543047
39.45	0.997715530757928
39.550000000000004	0.9974277818007826
39.65	NaN
39.75	0.9911171539271155
39.85	0.9901878889862163
39.95	0.9865269014424475
40.050000000000004	0.984902315354281
40.15	0.9832713422587125
40.25	0.9818956040620017
40.35	NaN
40.45	0.9791234450192299
40.550000000000004	0.9791526256297853
40.65	0.9792550335823301
40.75	0.9779975797965736
40.85	0.9751876744250094
40.95	0.9773723144199336
41.050000000000004	0.9769519592099508
41.15	0.9768079410833931
41.25	0.9785671894080706
41.35	0.9771634501478517
41.45	0.9782391543472219
41.550000000000004	0.9806132888955337
41.65	0.9823190408392422
41.75	0.9831946923662422
41.85	0.9842781746441981
41.95	0.9878038559468255
42.050000000000004	0.9896082395931068
42.15	0.989545016480211
42.25	0.9932114037087779
42.35	0.9968852648322287
42.45	1.0002286235276663
42.550000000000004	1.000336402542233
42.65	1.0031883855326869
42.75	1.005982238940693
42.85	1.0077760254830515
42.95	1.0084378449611353
43.050000000000004	1.009622298828093
43.15	NaN
43.25	1.0139548229629414
43.35	1.015405153512399
43.45	1.0166057959075225
43.550000000000004	1.0119392766001813
43.65	NaN
43.75	NaN
43.85	1.018192183805587
43.95	1.020070464475335
44.050000000000004	1.0205022703006237
44.15	1.0201728002956434
44.25	1.0189723133839343
44.35	1.0188316370839823
44.45	NaN
44.550000000000004	1.0183143407127246
44.65	1.0176738806997587
44.75	1.0139520987743258
44.85	1.0163447064028381
44.95	1.0133664729148266
45.050000000000004	1.0127533627166825
45.15	1.0099917670401086
45.25	1.008470305583536
45.35	1.0057253461269733
45.45	1.0041231510606294
45.550000000000004	1.0005204719609657
45.65	0.9992429163563005
45.75	NaN
45.85	0.996683205193541
45.95	NaN
46.050000000000004	0.9939808429571149
46.15	0.9939836989886955
46.25	0.9869151544556181
46.35	NaN
46.45	0.9880320202293417
46.550000000000004	0.9850450661922923
46.65	NaN
46.75	0.9831490332996855
46.85	0.9820949005783962
46.95	0.9828218779455767
47.050000000000004	0.9811981100289308
47.15	0.9828992411323841
47.25	0.9809463258417773
47.35	0.9835228886021896
47.45	NaN
47.550000000000004	0.9831429602200761
47.65	0.9846778058274183
47.75	0.9846629533998612
47.85	0.9855902336084803
47.95	0.9871547727403973
48.050000000000004	0.9909309056616591
48.15	0.9908887743558802
48.25	0.9919965523072588
48.35	0.9933458370490866
48.45	0.9936258812646601
48.550000000000004	0.9984184960499498
48.65	0.9980444654749706
48.75	1.000424972780902
48.85	1.0018170723341238
48.95	1.0003451204880394
49.050000000000004	1.0044791764419696
49.15	1.006410206378749
49.25	1.0090109567598275
49.35	1.00964472504817
49.45	1.0084777008475052
49.550000000000004	1.009947700474174
49.65	1.0121051119335804
49.75	NaN
49.85	1.0143244308092934
49.95	1.0151736257241213
50.050000000000004	1.015815803055972
50.15	1.0159326573819791
50.25	1.0160102934445696
50.35	1.0155924138531478
50.45	1.0159067877553425
50.550000000000004	1.0181443494710956
50.65	1.0135431168170475
50.75	1.0140099051785287
50.85	1.0154478718762747
50.95	1.0148379041539612
51.050000000000004	1.0130095547043012
51.15	1.0122773024956668
51.25	1.0076842525771088
51.35	1.0078900969263513
51.45	1.008510253300966
51.550000000000004	1.005083499016614
51.65	1.0046991939360654
51.75	1.0027246773287537
51.85	1.001276809741676
51.95	0.999139294069959
52.050000000000004	0.9994517126923615
52.15	NaN
52.25	0.9935529041656326
52.35	0.9948745017117374
52.45	0.99112129789415
52.550000000000004	0.9914576359675944
52.65	0.991280230119565
52.75	0.9902394967059756
52.85	0.9875536136564731
52.95	0.9889803878833088
53.050000000000004	0.9875080778827493
53.15	0.9892360308900128
53.25	0.988425014113423
53.35	0.9859034308363963
53.45	0.9852010755039763
53.550000000000004	0.9856006035824381
53.65	0.9854044352178751
53.75	0.9865541290013545
53.85	0.9872419608917526
53.95	0.9867965327665086
54.050000000000004	0.9871471573609742
54.15	0.9888475755999405
54.25	0.9913189526201194
54.35	0.9928943388366969
54.45	0.9908096961515458
54.550000000000004	NaN
54.65	0.9939792480804516
54.75	0.99338291325938
54.85	1.000196157419672
54.95	0.9970025203178753
55.050000000000004	0.9999217031532472
55.15	1.0007475392308445
55.25	1.0030360026013627
55.35	1.0033006295795912
55.45	1.0065911881361411
55.550000000000004	1.0056848373603775
55.65	NaN
55.75	1.0094331246359571
55.85	1.0074804165533242
55.95	1.008697894858447
56.050000000000004	1.0101321053872798
56.15	1.0091891000609525
56.25	1.0149097536269964
56.35	1.0156555404563883
56.45	1.0112126831895385
56.550000000000004	1.0161295881912549
56.65	1.0133015843377915
56.75	1.0137345135634506
56.85	1.0118930553819572
56.95	1.0122326054064739
57.050000000000004	1.0108671229717772
57.15	1.011020961586309
57.25	1.0098079724296285
57.35	1.009477923388463
57.45	1.0086618307616637
57.550000000000004	NaN
57.65	1.0073233473816094
57.75	1.0026401160120508
57.85	1.003359164480732
57.95	1.003175631387743
58.050000000000004	NaN
58.15	1.0018813546355703
58.25	1.0009420227716097
58.35	0.9969328687355856
58.45	0.9974273422655494
58.550000000000004	0.9956421529582996
58.65	0.9948076128131166
58.75	NaN
58.85	0.99187711163384
58.95	0.9916759982415646
59.050000000000004	0.9913310916823165
59.15	0.9890017941252448
59.25	0.9898920815711222
59.35	0.9897237445096763
59.45	0.9892438103186949
59.550000000000004	0.9902519548620489
59.65	NaN
59.75	0.9897667929930082
59.85	0.9893204189973921
59.95	0.988940987505574
60.050000000000004	0.9903442733150958
60.15	0.9882544666501096
60.25	0.9900090148534268
60.35	NaN
60.45	0.9916153999918554
60.550000000000004	0.9924729611427207
60.65	0.9936900345342415
60.75	0.9945938477896332
60.85	NaN
60.95	0.9968854121223205
61.050000000000004	0.9972483186593732
61.15	0.9987417421639762
61.25	0.9986104594627162
61.35	0.9993579724883003
61.45	1.0018691401915913
61.550000000000004	1.0017521308444801
61.65	1.0061430166522245
61.75	1.0047244681407135
61.85	1.0051501384852868
61.95	NaN
62.050000000000004	1.0088693002707374
62.15	1.0065329917470327
62.25	1.0088930136438656
62.35	1.0077234193440225
62.45	NaN
62.550000000000004	1.010679278927419
62.65	NaN
62.75	NaN
62.85	1.0098782065083844
62.95	1.0107130210862285
63.050000000000004	1.0107561658478221
63.15	1.0099363968683672
63.25	1.009760094957004
63.35	1.0102914896181603
63.45	1.008817617968891
63.550000000000004	1.0087296919205828
63.65	NaN
63.75	1.0055458517552913
63.85	NaN
63.95	1.005051776944326
64.05	1.0039943556346345
64.14999999999999	1.0052469069454815
64.25	1.0017713699329263
64.35	NaN
64.44999999999999	1.000361551195004
64.55	0.9983026057474281
64.64999999999999	0.9983024189466888
64.75	0.9979086830325906
64.85	0.9970700764517092
64.94999999999999	0.9945620208830122
65.05	0.9943772628937672
65.14999999999999	NaN
65.25	0.9934056499020382
65.35	0.9936985453832741
65.44999999999999	0.9916362210608928
65.55	0.9925673204982779
65.64999999999999	NaN
65.75	0.990157825482234
65.85	0.9913097745998326
65.94999999999999	NaN
66.05	NaN
66.14999999999999	0.9900790749563082
66.25	0.9916593225234818
66.35	0.9917242538777926
66.44999999999999	0.9926396728099256
66.55	NaN
66.64999999999999	0.9935826962061542
66.75	0.9935145305572591
66.85	NaN
66.94999999999999	NaN
67.05	NaN
67.14999999999999	NaN
67.25	0.9971354853365477
67.35	NaN
67.44999999999999	NaN
67.55	1.0009783810926076
67.64999999999999	1.0008336513140217
67.75	1.0011061333267381
67.85	0.9993323360462536
67.94999999999999	NaN
68.05	1.0042417589879122
68.14999999999999	1.0037108792424014
68.25	1.0041715008796048
68.35	1.00679044573122
68.44999999999999	1.0066390065750346
68.55	1.0076589595532397
68.64999999999999	NaN
68.75	1.008325488355404
68.85	1.0083817659422112
68.94999999999999	1.0078195404365766
69.05	NaN
69.14999999999999	1.0102847667766672
69.25	NaN
69.35	1.0076711140425794
69.44999999999999	1.0116904737035153
69.55	1.0067794094622955
69.64999999999999	1.0071550590157983
69.75	1.0078194006084786
69.85	1.007043578397894
69.94999999999999	1.0049704880725132
70.05	NaN
70.14999999999999	1.0038004052887413
70.25	1.004563592117725
70.35	1.0040447206282772
70.44999999999999	1.0017303383300915
70.55	1.0004809089640072
70.64999999999999	0.9999386389434419
70.75	1.0007748463475172
70.85	0.9976467017656051
70.94999999999999	0.9976408751462968
71.05	0.9986987202670787
71.14999999999999	NaN
71.25	0.9960023169277156
71.35	NaN
71.44999999999999	0.9958572609118287
71.55	0.994717451241665
71.64999999999999	0.9939540566639714
71.75	0.9932689350775358
71.85	NaN
71.94999999999999	NaN
72.05	0.9942356996619498
72.14999999999999	NaN
72.25	0.9928718623556383
72.35	0.9919858319893455
72.44999999999999	NaN
72.55	NaN
72.64999999999999	0.9921489630250468
72.75	0.99254821613214
72.85	0.9956112968128661
72.94999999999999	NaN
73.05	0.9957290724668562
73.14999999999999	0.9940317738450399
73.25	0.9939063611083894
73.35	0.9963634609594526
73.44999999999999	0.9966353616100797
73.55	0.9967141433052406
73.64999999999999	0.9971811966174914
73.75	1.000207061919163
73.85	0.9997225245698462
73.94999999999999	NaN
74.05	NaN
74.14999999999999	1.0006495656622227
74.25	1.002840568315955
74.35	1.002454202372886
74.44999999999999	1.0039512283053724
74.55	1.00545794682989
74.64999999999999	NaN
74.75	NaN
74.85	1.0069631176605474
74.94999999999999	1.0059405702371775
75.05	1.0064332763272394
75.14999999999999	1.008032160415832
75.25	1.007008098106513
75.35	1.0050889190950894
75.44999999999999	1.0059289440333907
75.55	1.0072193991454321
75.64999999999999	1.0063149015244108
75.75	NaN
75.85	1.0072980319558194
75.94999999999999	NaN
76.05	1.006111966683806
76.14999999999999	1.0047620966712645
76.25	1.0035624111532295
76.35	1.0055703413785058
76.44999999999999	NaN
76.55	1.0036370520639442
76.64999999999999	1.0046442932221633
76.75	NaN
76.85	1.0006445556519283
76.95	1.0005442838459961
77.05	0.9997521766297729
77.14999999999999	0.9983051090560585
77.25	NaN
77.35	NaN
77.45	NaN
77.55	0.9972480830959242
77.64999999999999	NaN
77.75	0.9955082918474105
77.85	0.9951666480639537
77.95	NaN
78.05	0.9947993875096711
78.14999999999999	NaN
78.25	0.994837161234632
78.35	0.9932990974797182
78.45	NaN
78.55	NaN
78.64999999999999	NaN
78.75	0.9939824974078266
78.85	0.9940601273371724
78.95	0.9931346270202916
79.05	NaN
79.14999999999999	NaN
79.25	0.9931832401349409
79.35	0.9950898581973738
79.45	NaN
79.55	0.9959006285991432
79.64999999999999	NaN
79.75	0.9966945937293489
79.85	0.9971635434710117
