0.15	0.035864562105682604
0.25	0.036330287435269275
0.35	0.037399360803501425
0.45	0.037039493419158666
0.55	0.03764619764541697
0.65	0.03782402777667738
0.7500000000000001	0.03811923862305063
0.85	0.0383369110518155
0.95	0.039223740263668275
1.05	0.039891958150234406
1.15	0.04042066565899659
1.25	0.04107520726227658
1.35	0.04197603895944538
1.45	0.04264373239616573
1.55	0.043699495939304854
1.65	0.0449146291682238
1.75	0.046166898403661255
1.85	0.04751039334674037
1.95	0.04878913406119932
2.05	0.05024229258702021
2.15	0.05206411631442841
2.25	0.05417125539330173
2.35	0.0558979451666476
2.45	0.05798738807339505
2.5500000000000003	0.06028732826836372
2.65	0.06307376534759519
2.75	0.06609387126928076
2.85	0.06912560318615221
2.95	0.07246175992207837
3.0500000000000003	0.07624917852290987
3.15	0.08012005415328444
3.25	0.08498663613753345
3.35	0.08983395740464188
3.45	0.09550453820510285
3.5500000000000003	0.10161309892363687
3.65	0.10788033758043394
3.75	0.11548431178897411
3.85	0.12410613237227835
3.95	0.13371281028242019
4.05	0.1435268647287588
4.1499999999999995	0.1552603321530363
4.25	0.16822751856039841
4.35	0.18331087080914021
4.449999999999999	0.20082060757179215
4.55	0.22016541306299253
4.6499999999999995	0.24171908973048264
4.75	0.2679354424216275
4.85	0.29420552755626234
4.95	0.33013459825677716
5.05	0.36954988701757424
5.1499999999999995	0.4127821857759137
5.25	0.46350608813228866
5.35	0.5236992865726957
5.45	0.5981721811266576
5.55	0.6776030851339039
5.6499999999999995	0.7750270979373294
5.75	0.8852747283125348
5.85	1.0129813791123066
5.95	1.1506269453037554
6.05	1.3080801167521385
6.1499999999999995	1.4794330066940204
6.25	1.6471676017891375
6.35	1.8137178013089867
6.45	1.9550864957992387
6.55	2.0627147139389863
6.6499999999999995	2.1247914483359893
6.75	2.1370828581970263
6.85	2.102662158922401
6.95	2.032267181542761
7.05	1.9321734641425097
7.1499999999999995	1.8170971124309774
7.25	1.7011030882411073
7.35	1.591402684162038
7.45	1.4734490220537977
7.55	1.3709703898556356
7.6499999999999995	1.2810746427724637
7.75	1.1953440683861862
7.85	1.121231295951236
7.95	1.0538638599600987
8.05	0.9984099439929838
8.15	0.9460736603485101
8.25	0.9018560120332202
8.350000000000001	0.8645267599945592
8.450000000000001	0.8296268535629499
8.55	0.8013058051505333
8.65	0.7768268080762005
8.75	0.754024467792314
8.850000000000001	0.7370022566126462
8.950000000000001	0.7223802273425037
9.05	0.7108606415044224
9.15	0.701215250025853
9.25	0.6938286259193998
9.350000000000001	0.6892343306356531
9.450000000000001	0.6886642771530739
9.55	0.6865672688153059
9.65	0.6875651036823359
9.750000000000002	0.6911048175649276
9.85	0.694682842574983
9.95	0.7029905719810772
10.049999999999999	0.7108022455516172
10.149999999999999	0.7204239618522073
10.25	0.7352223377802949
10.35	0.7467272109855017
10.45	0.7610241305096149
10.549999999999999	0.7799999684853843
10.649999999999999	0.7987233267284841
10.75	0.8189240420308438
10.85	0.8389207972487149
10.95	0.8618508238809558
11.049999999999999	0.8866822939890564
11.149999999999999	0.9116919530728914
11.25	0.9381193582705586
11.35	0.9626233330652854
11.45	0.9890848416543636
11.549999999999999	1.0179424231279806
11.649999999999999	1.0443596506086839
11.75	1.0700979093002114
11.85	1.0995169383981918
11.95	1.122311336619484
12.049999999999999	1.1460515514074487
12.149999999999999	1.1682803357537368
12.25	1.1872587286632603
12.35	1.2025125892588893
12.45	1.2153499673850083
12.549999999999999	1.2274813930231505
12.649999999999999	1.2355670331326758
12.75	1.2399681962047027
12.85	1.2422608550880474
12.95	1.2404951556322465
13.049999999999999	1.23499657647229
13.149999999999999	1.2281486620313489
13.25	1.216594333414186
13.35	1.2002130679047809
13.45	1.1862024946924692
13.549999999999999	1.1709664982617842
13.649999999999999	1.148141612644264
13.75	1.128013411063203
13.85	1.109290574176179
13.95	1.0888248111624856
14.049999999999999	1.0648033443328473
14.149999999999999	1.0458139183065278
14.25	1.024104064526827
14.35	1.0067053118089568
14.45	0.9866547909348495
14.549999999999999	0.9689356066889303
14.649999999999999	0.9529016918470257
14.75	0.9374909853083672
14.85	0.9237817786922546
14.95	0.9109672416075333
15.049999999999999	0.897945191036764
15.149999999999999	0.8891014418655432
15.25	0.8819642215425869
15.35	0.8750832841430032
15.45	0.8685770777162954
15.549999999999999	0.8630975166635568
15.649999999999999	0.8606545644805507
15.75	0.8570642302840895
15.85	0.8573870437624915
15.95	0.8589311567735437
16.05	0.8623052656208133
16.15	0.8642175464293969
16.25	0.8678606567062127
16.349999999999998	0.8726627339837484
16.45	0.8806499430477832
16.55	0.8860828781867445
16.65	0.8929189474179815
16.75	0.9033736230598403
16.849999999999998	0.9121850682763829
16.95	0.9227342266761974
17.05	0.9333924766885829
17.15	0.9464426063037387
17.25	0.9576121995526458
17.349999999999998	0.970670969020191
17.45	0.9831215695449907
17.55	0.9954436790705354
17.65	1.0075525842075947
17.75	1.0223177631485896
17.849999999999998	1.0332502851568475
17.95	1.0446165904311253
18.05	1.056717652709894
18.15	1.0672380460919222
18.25	1.0753827656062598
18.349999999999998	1.0839501216908802
18.45	1.0904428947527751
18.55	1.0968313156979344
18.65	1.0980295906282804
18.75	1.107743674597525
18.849999999999998	1.1101290289909982
18.95	1.1113514600243795
19.05	1.1104664234098545
19.15	1.1089194271636813
19.25	1.1073496209974127
19.35	1.102806228318679
19.45	1.098743596970534
19.55	1.0911399616291215
19.65	1.0847662757614298
19.75	1.0809604548374991
19.85	1.0706178302774438
19.95	1.062769397086993
20.05	1.0505653975979663
20.15	1.0419205575525425
20.25	1.0334805346182399
20.35	1.0270368595427328
20.45	1.0134975780978581
20.55	1.007908163884494
20.65	0.9976704277870732
20.75	0.989184564468807
20.85	0.9794562234082674
20.95	0.9727808707052155
21.05	0.9640300037854266
21.15	0.9576964328980627
21.25	0.950477883407436
21.35	0.9450465911041823
21.45	0.9382977531988931
21.55	0.935900007138937
21.65	0.9318618200327742
21.75	0.928423280974582
21.85	0.9269109746486097
21.95	0.9235726404748399
22.05	0.9229889044697058
22.15	0.9219026475849378
22.25	0.9237713773051925
22.35	0.9246574734078473
22.45	0.9258104654194678
22.55	0.929797941968478
22.65	0.9332597906761185
22.75	0.9380525865698295
22.85	0.9379907253873013
22.95	0.9461771087477829
23.05	0.9502264672966789
23.15	0.9565364144574843
23.25	0.962214010340163
23.35	0.9689815926620232
23.45	0.9755662496468073
23.55	0.9821531762369853
23.65	0.9896995734829057
23.75	0.9947137756192947
23.85	1.003872577022376
23.95	1.0120617556810578
24.05	1.0185148499571566
24.15	1.0240414734547674
24.25	1.0304944148889459
24.35	1.0367663055634646
24.45	1.0425837323826728
24.55	1.0471921829199984
24.65	1.0504829789252899
24.75	1.0557510735892335
24.85	1.0583422549003678
24.95	1.0601302641231762
25.05	1.0659118940072239
25.15	1.0635220914328563
25.25	1.0639170952979957
25.35	1.0642184170004438
25.45	1.063898256862337
25.55	1.0609247103528359
25.65	1.0552784070810806
25.75	1.0541024803784471
25.85	1.0512045348998023
25.95	1.0465460488926221
26.05	1.0432297336774092
26.15	1.0383941582673344
26.25	1.0341266387480152
26.35	1.0261926670314407
26.45	1.0216437849672664
26.55	1.0160521418527726
26.65	1.0065475058308422
26.75	1.0067654048244337
26.85	0.9999412127826469
26.95	0.997001146468125
27.05	0.9893030872007267
27.15	0.9846007563194418
27.25	0.9796326232336414
27.35	0.9737595824711096
27.45	0.9699259888981608
27.55	0.9682590107778609
27.65	0.961101001117234
27.75	0.9622602092731105
27.85	0.9602847129727367
27.95	0.9563157725333
28.05	0.9543752491466968
28.15	0.9536971120150204
28.25	0.9515606133890138
28.35	0.9515685009614138
28.45	0.9513236366357067
28.55	0.9509798723819666
28.65	0.9528936154389105
28.75	0.9560276500462187
28.85	0.9569672532196528
28.95	0.9585979324830655
29.05	0.9610857585857374
29.15	0.9644652738355481
29.25	0.969109445971557
29.35	0.9721267201659844
29.45	0.9763682016725244
29.55	0.9797823918189839
29.65	0.9855552728062085
29.75	0.9860867894106802
29.85	0.9904482254165651
29.95	NaN
30.05	1.0015134323434174
30.15	1.0040284617426851
30.25	1.0068617432563598
30.35	1.0148200262212659
30.45	1.0202710893325053
30.55	1.0204032433796373
30.65	1.0250747766046746
30.75	1.0271296015888225
30.85	1.0330970646812447
30.95	1.0337832231664223
31.05	1.037518114387236
31.15	1.0381935458043174
31.25	1.0409894471766326
31.35	1.0420195860672774
31.45	1.0419327550120574
31.55	1.0439010984171837
31.65	1.0392647105970745
31.75	NaN
31.85	1.0382032560457584
31.95	1.0373738600748104
32.05	1.0340855556791744
32.15	1.032559457659836
32.25	1.0315681314878173
32.35	1.0260580127560834
32.45	1.022374027958379
32.55	1.0193977218297092
32.65	1.018518145814848
32.75	1.011782816647855
32.85	1.0094259991212349
32.95	1.005947338613492
33.05	1.0010726841825015
33.15	0.9988599456087023
33.25	0.9950975968594143
33.35	0.9939081262176335
33.45	0.9890107678723109
33.55	0.9838169106664384
33.65	0.9814226667036493
33.75	0.9787792130481989
33.85	0.9770207752988195
33.95	0.9739805518369659
34.05	0.9720261626466831
34.15	0.9723947394184436
34.25	0.969543695988679
34.35	0.9694740927018916
34.45	0.9700781583689828
34.55	0.9686123958015581
34.65	0.9677294550399375
34.75	0.9675362192206868
34.85	0.9679967926167344
34.95	0.9705564724126734
35.05	0.9702473149093893
35.15	0.9710547430284433
35.25	0.9728590165697624
35.35	0.9740176830553875
35.45	0.9791801993212014
35.55	0.9796160678659062
35.65	0.9810895857296341
35.75	0.9853392557366536
35.85	0.9874231304258065
35.95	0.9888460201388004
36.05	0.994104607086069
36.15	0.9979161330374566
36.25	0.9980913445065112
36.35	1.001289588954062
36.45	1.004885856379739
36.55	1.0083160899878583
36.65	NaN
36.75	1.0150017688301831
36.85	1.0155210440595914
36.95	1.0171103164086326
37.05	1.0204365251264844
37.15	1.0202347701217587
37.25	1.0250023947887903
37.35	1.0255885845776673
37.45	1.0276298053802475
37.55	1.0272879406997826
37.65	1.0246745412069922
37.75	1.0287645473957892
37.85	1.0270739145839602
37.95	1.0262284162403925
38.05	NaN
38.15	NaN
38.25	1.0248929300345133
38.35	1.0228741540182533
38.45	1.0220998242956503
38.550000000000004	1.0218864690313687
38.65	1.0189512730658097
38.75	1.0180576922045959
38.85	1.0138975698737818
38.95	1.0111682053950062
39.050000000000004	1.0100169228183924
39.15	1.006758569429313
39.25	1.0018271258493625
39.35	0.9994878811735597
39.45	0.9987102213814064
39.550000000000004	0.9968652491317733
39.65	NaN
39.75	0.9915739105973201
39.85	0.9893430752642357
39.95	0.9884003821235009
40.050000000000004	0.982689554311083
40.15	0.9844202531723804
40.25	0.9788789607755101
40.35	NaN
40.45	0.9782144791466868
40.550000000000004	0.9783139397485926
40.65	0.9783472600881283
40.75	0.9757677839784841
40.85	0.9762334641846117
40.95	0.9763708088575994
41.050000000000004	0.9778099563584269
41.15	0.9760714524167855
41.25	0.9768833448635885
41.35	0.9778131569761409
41.45	0.9784391156183305
41.550000000000004	0.9790960147491633
41.65	0.9817542627515734
41.75	0.9837015961499961
41.85	0.9856063892746959
41.95	0.988114539508518
42.050000000000004	0.9888621292354657
42.15	0.9923148698207083
42.25	0.9948583715321323
42.35	0.995377794586435
42.45	0.9976011281433222
42.550000000000004	1.0001008653782009
42.65	1.00142153642743
42.75	1.0018233356789523
42.85	1.007289626213749
42.95	1.0092837390069764
43.050000000000004	1.011285348337265
43.15	NaN
43.25	1.0141332675777344
43.35	1.013658886038807
43.45	1.0167196744129066
43.550000000000004	1.0190480752668767
43.65	NaN
43.75	NaN
43.85	1.0201129951841135
43.95	1.0190299238247869
44.050000000000004	1.0208607972465067
44.15	1.0206839056588215
44.25	1.0234412049697648
44.35	1.0211138432963824
44.45	NaN
44.550000000000004	1.0193567832847483
44.65	1.0182864842109955
44.75	1.0164790827772665
44.85	1.0147681093301246
44.95	1.0133748151928694
45.050000000000004	1.0127919198464637
45.15	1.0096619139062988
45.25	1.0085391780380888
45.35	1.0059649337552017
45.45	1.005562175149789
45.550000000000004	1.0034345327266927
45.65	0.9994903493555449
45.75	NaN
45.85	0.9970230353878173
45.95	NaN
46.050000000000004	0.9945130560938458
46.15	0.9910556497679349
46.25	0.9903197186365861
46.35	NaN
46.45	0.9865785880479785
46.550000000000004	0.9850245233062996
46.65	NaN
46.75	0.9860054232087778
46.85	0.9847303962560046
46.95	0.9846082482221754
47.050000000000004	0.9820684415890023
47.15	0.9817856430219692
47.25	0.9814958059246364
47.35	0.982241890724606
47.45	NaN
47.550000000000004	0.9842807057235584
47.65	0.9827765235550989
47.75	0.9854739801441383
47.85	0.985690499995996
47.95	0.9864653245330924
48.050000000000004	0.9880217386687009
48.15	0.9903031869018102
48.25	0.9916924035411215
48.35	0.9924181899233392
48.45	0.9940877448129116
48.550000000000004	0.9906548211629406
48.65	1.0012984559476827
48.75	1.0016813644311333
48.85	1.001128170763443
48.95	1.002221794916434
49.050000000000004	1.0040972939830601
49.15	1.006472290224044
49.25	1.0081065174630692
49.35	1.0080541021397393
49.45	1.0088777870324415
49.550000000000004	1.0136417953994228
49.65	1.012335395149047
49.75	NaN
49.85	1.0110742180289256
49.95	1.0144543725349178
50.050000000000004	1.0140777556762834
50.15	1.0136575535370298
50.25	1.015721533851917
50.35	1.0138346531795979
50.45	1.016553721436108
50.550000000000004	1.0152742113355506
50.65	1.0131530021588102
50.75	1.014849661907794
50.85	1.0131877790480133
50.95	1.011548268713249
51.050000000000004	1.011173971055924
51.15	1.0117518660713178
51.25	1.0080633561931822
51.35	1.0081615299259443
51.45	1.0077927788349594
51.550000000000004	1.003896685485888
51.65	1.0049518420442825
51.75	1.005519593143093
51.85	1.0007637435421133
51.95	0.9987285703248477
52.050000000000004	0.9978195533377844
52.15	NaN
52.25	0.9969850434444641
52.35	0.9951319891518497
52.45	0.9929386921387171
52.550000000000004	0.991803139990574
52.65	0.9898593931403159
52.75	0.9895777867644177
52.85	0.9890120780507029
52.95	0.9859515895278887
53.050000000000004	0.9857294675374642
53.15	0.9844255926070243
53.25	0.9865256902918094
53.35	0.9859855613901499
53.45	0.9873224283457409
53.550000000000004	0.9845633366486793
53.65	0.9863998602708267
53.75	0.9857792907296614
53.85	0.9869164660045248
53.95	0.9896694278437134
54.050000000000004	0.9880452743288841
54.15	0.9893038067352972
54.25	0.9891887363842321
54.35	0.9913912870835027
54.45	0.9908125791768179
54.550000000000004	NaN
54.65	0.9940400743137794
54.75	0.9963057439781814
54.85	0.9962444152124751
54.95	0.9970712513193751
55.050000000000004	1.001068268219696
55.15	1.0017523031291167
55.25	1.0006087825127215
55.35	1.0038051447725234
55.45	1.0070515988523738
55.550000000000004	1.0052974699468864
55.65	NaN
55.75	1.0086289407852052
55.85	1.0094735232396925
55.95	1.0082434875354243
56.050000000000004	1.009251072580856
56.15	1.0089712953787213
56.25	1.0164589281490923
56.35	1.01416535086441
56.45	1.01668927596883
56.550000000000004	1.0131365181359002
56.65	1.0145033037889104
56.75	1.0123442540064782
56.85	1.0108888362675474
56.95	1.0116462273159776
57.050000000000004	1.0116906638967167
57.15	1.0098845401141208
57.25	1.0098895444705296
57.35	1.0095282061296031
57.45	1.0066385523524901
57.550000000000004	NaN
57.65	1.0064579540870244
57.75	1.0059585007354948
57.85	1.0061119769870277
57.95	1.0022511039525432
58.050000000000004	NaN
58.15	1.000743326012052
58.25	0.99782126500024
58.35	0.9980446942529254
58.45	0.997151658287659
58.550000000000004	0.9969368334611908
58.65	0.9955070992342038
58.75	NaN
58.85	0.9937873737183115
58.95	0.9920482424548716
59.050000000000004	0.991523557375224
59.15	0.9905505300656
59.25	0.9900512044809274
59.35	0.989165877927749
59.45	0.989571179569989
59.550000000000004	0.9893381435730175
59.65	NaN
59.75	0.9902022169863661
59.85	0.9867760654866631
59.95	0.9876093094845345
60.050000000000004	0.9910791159583222
60.15	0.9897757536455584
60.25	0.9912713257384397
60.35	NaN
60.45	0.9896895344904456
60.550000000000004	0.9927114135547266
60.65	0.9932275402045658
60.75	0.9928111877856429
60.85	NaN
60.95	0.9965443101835928
61.050000000000004	0.9968974625010655
61.15	0.9983851323570528
61.25	0.9983659020877419
61.35	1.0005926649980612
61.45	1.0007362817490564
61.550000000000004	1.0026736338184776
61.65	1.0036475757052352
61.75	1.0043128311152751
61.85	1.0055329787294434
61.95	NaN
62.050000000000004	1.0116397175088874
62.15	1.0070973965232883
62.25	1.0083587076990372
62.35	1.0091523888253897
62.45	NaN
62.550000000000004	1.010152797656752
62.65	NaN
62.75	NaN
62.85	1.0098285128568787
62.95	1.0109946303852961
63.050000000000004	1.0093844473347746
63.15	1.0096852448388771
63.25	1.0105967315330073
63.35	1.0074811466763212
63.45	1.006786609611118
63.550000000000004	1.0087390528514215
63.65	NaN
63.75	1.0081765448380386
63.85	NaN
63.95	1.0042069506271376
64.05	1.003844779437443
64.14999999999999	1.003986462070406
64.25	1.0024998777843943
64.35	NaN
64.44999999999999	1.0008689343539712
64.55	0.999340662625502
64.64999999999999	0.9989646407440721
64.75	0.9988101941285308
64.85	0.9955280560121277
64.94999999999999	0.9957120267167991
65.05	0.9942043680076269
65.14999999999999	NaN
65.25	0.9936128505918689
65.35	0.9921604264298607
65.44999999999999	0.9933109558312662
65.55	0.9924993291623097
65.64999999999999	NaN
65.75	0.9929382067841168
65.85	0.9912694179152407
65.94999999999999	NaN
66.05	NaN
66.14999999999999	0.9911513464403119
66.25	0.9905959083010755
66.35	0.9920862301055655
66.44999999999999	0.9907176899782943
66.55	NaN
66.64999999999999	0.9922357995364002
66.75	0.9941205771136604
66.85	NaN
66.94999999999999	NaN
67.05	NaN
67.14999999999999	NaN
67.25	0.99618359908834
67.35	NaN
67.44999999999999	NaN
67.55	1.0007279493719758
67.64999999999999	0.9984921315786802
67.75	1.0003774541402186
67.85	1.001677340812339
67.94999999999999	NaN
68.05	1.0037555241363674
68.14999999999999	1.005056624839711
68.25	1.0069217480081019
68.35	1.007273586962122
68.44999999999999	1.0064114451149788
68.55	1.0065001045206123
68.64999999999999	NaN
68.75	1.007121141023888
68.85	1.0075837043053104
68.94999999999999	1.0103750022164506
69.05	NaN
69.14999999999999	1.008422200098115
69.25	NaN
69.35	1.0074939318218874
69.44999999999999	1.0106149207117496
69.55	1.0074660135965854
69.64999999999999	1.0076963740015261
69.75	1.0058933394972744
69.85	1.0068683339971831
69.94999999999999	1.0052059066657266
70.05	NaN
70.14999999999999	1.002949257311862
70.25	1.0042995525977272
70.35	1.002477706538179
70.44999999999999	1.002154804711282
70.55	1.0010444795313
70.64999999999999	0.9997306664095774
70.75	0.9999230240290062
70.85	0.9988514922238189
70.94999999999999	0.9987381093860714
71.05	0.9968086888230911
71.14999999999999	NaN
71.25	0.9965664706931172
71.35	NaN
71.44999999999999	0.9952985984788029
71.55	0.9946972065509039
71.64999999999999	0.9939960850387864
71.75	0.9950209870671949
71.85	NaN
71.94999999999999	NaN
72.05	0.9920715241091852
72.14999999999999	NaN
72.25	0.9929890803885285
72.35	0.9928156117868691
72.44999999999999	NaN
72.55	NaN
72.64999999999999	0.9944650288945545
72.75	0.9920675612223836
72.85	0.9941067427438811
72.94999999999999	NaN
73.05	0.99367202269679
73.14999999999999	0.9934148019551331
73.25	0.994064761930769
73.35	0.9967505330611671
73.44999999999999	0.9974087015282582
73.55	0.996392527451705
73.64999999999999	0.9975811765255846
73.75	0.9993146871201967
73.85	0.9985397346807078
73.94999999999999	NaN
74.05	NaN
74.14999999999999	1.0011329904740296
74.25	1.001640439419376
74.35	1.0048598008233491
74.44999999999999	1.0048120091939772
74.55	1.0036185808456612
74.64999999999999	NaN
74.75	NaN
74.85	1.005859536939664
74.94999999999999	1.0065289622222917
75.05	1.0061451611596954
75.14999999999999	1.007004102347248
75.25	1.007193038513361
75.35	1.008602669630332
75.44999999999999	1.0074987538835882
75.55	1.006756989612277
75.64999999999999	1.0072680361672401
75.75	NaN
75.85	1.0060536729513159
75.94999999999999	NaN
76.05	1.007172586450781
76.14999999999999	1.0059146745865006
76.25	1.005344727543822
76.35	1.0056510929989182
76.44999999999999	NaN
76.55	1.0036114317210265
76.64999999999999	1.0034702949881698
76.75	NaN
76.85	1.0001986371307618
76.95	1.0006434700471076
77.05	0.9986703655562226
77.14999999999999	0.9983443370957045
77.25	NaN
77.35	NaN
77.45	NaN
77.55	0.9977040797799781
77.64999999999999	NaN
77.75	0.995983369853847
77.85	0.9945496228766053
77.95	NaN
78.05	0.9920856664656434
78.14999999999999	NaN
78.25	0.9939445559406445
78.35	0.99304579062194
78.45	NaN
78.55	NaN
78.64999999999999	NaN
78.75	0.9931446585013268
78.85	0.994630115530105
78.95	0.9932130920450423
79.05	NaN
79.14999999999999	NaN
79.25	0.9951405827788631
79.35	0.9955559936362751
79.45	NaN
79.55	0.9964868048169553
79.64999999999999	NaN
79.75	0.9977867169816875
79.85	0.998627408881503
