0.15	0.01887562097716899
0.25	0.018993079247085178
0.35	0.019062808668886804
0.45	0.019085318396936314
0.55	0.01918821754189195
0.65	0.01936880329168715
0.7500000000000001	0.019368306029436927
0.85	0.01965641416254117
0.95	0.02020616043059079
1.05	0.02045757262472978
1.15	0.02083961146457123
1.25	0.021212219395047333
1.35	0.02154234374538621
1.45	0.02208246674175772
1.55	0.022519034818956694
1.65	0.02312028304219241
1.75	0.023647328615958224
1.85	0.02428316497062477
1.95	0.025163047530434243
2.05	0.02578384364908174
2.15	0.026593612102371454
2.25	0.0275539331827722
2.35	0.028612787620693993
2.45	0.029580462333252105
2.5500000000000003	0.030731761421059225
2.65	0.032025734411023195
2.75	0.033359094685217784
2.85	0.03494921305490201
2.95	0.03664359933994483
3.0500000000000003	0.03832490051329845
3.15	0.04037448544550422
3.25	0.04243727674873386
3.35	0.04509608242066183
3.45	0.047564449984361955
3.5500000000000003	0.05053747325915743
3.65	0.05371716227365235
3.75	0.05758067812384122
3.85	0.060969031160727334
3.95	0.0658265381045176
4.05	0.07081399483505761
4.1499999999999995	0.07649104823926951
4.25	0.0823196075340461
4.35	0.0901333809972057
4.449999999999999	0.09759044281674022
4.55	0.10650132592417648
4.6499999999999995	0.1165995334217655
4.75	0.12908111475917988
4.85	0.14307012504358121
4.95	0.15950094912617943
5.05	0.177130710446112
5.1499999999999995	0.19985145707780244
5.25	0.22416466577975572
5.35	0.2549821086622089
5.45	0.29256000872847854
5.55	0.335596286615048
5.6499999999999995	0.3873519542668356
5.75	0.4534985426347612
5.85	0.5299424724031423
5.95	0.6252730473275367
6.05	0.7468725005901414
6.1499999999999995	0.898380868289637
6.25	1.0867789697449992
6.35	1.3035123878682633
6.45	1.5801499143929145
6.55	1.8847205196040178
6.6499999999999995	2.2249000914172194
6.75	2.5338549997682946
6.85	2.7937732454677384
6.95	2.929234382141903
7.05	2.916794559744543
7.1499999999999995	2.7676260594009032
7.25	2.552939566910144
7.35	2.294515190652013
7.45	2.044043267803369
7.55	1.817606536974062
7.6499999999999995	1.6058371511010028
7.75	1.4285219433605445
7.85	1.2835071196819154
7.95	1.159222497069754
8.05	1.0588127755625059
8.15	0.9746469560466074
8.25	0.9002663643887842
8.350000000000001	0.8382384116444752
8.450000000000001	0.7890522905781295
8.55	0.7443355559064738
8.65	0.7067054971833392
8.75	0.6768660730939172
8.850000000000001	0.6508087285349509
8.950000000000001	0.6286628629085815
9.05	0.6120970807993154
9.15	0.5973408820619451
9.25	0.5874677208880591
9.350000000000001	0.5788245966182094
9.450000000000001	0.573699987594655
9.55	0.5694856023762445
9.65	0.5681721262558588
9.750000000000002	0.5684926615344696
9.85	0.5726104011514861
9.95	0.5777483310354393
10.049999999999999	0.5846209532370745
10.149999999999999	0.594710511060634
10.25	0.6047284324277215
10.35	0.6189645094422819
10.45	0.6341919616619802
10.549999999999999	0.6527643686020469
10.649999999999999	0.6731351829658414
10.75	0.6957931130697621
10.85	0.7212509099264799
10.95	0.7488306336489262
11.049999999999999	0.7765485026112072
11.149999999999999	0.8102830737412284
11.25	0.8429613721174201
11.35	0.8802596905949239
11.45	0.9200676481015087
11.549999999999999	0.9606070902508467
11.649999999999999	1.0037050323416858
11.75	1.0477540973048038
11.85	1.0867537380990313
11.95	1.1255619721329586
12.049999999999999	1.162421012402923
12.149999999999999	1.2011962663166185
12.25	1.232689909476216
12.35	1.2612035332536398
12.45	1.2832136239845844
12.549999999999999	1.3011469598220278
12.649999999999999	1.319204395108416
12.75	1.329390567474478
12.85	1.3366832829553954
12.95	1.33931124526992
13.049999999999999	1.3393828746954095
13.149999999999999	1.3341004490838047
13.25	1.3278448489590828
13.35	1.3178316375523158
13.45	1.3024112145092286
13.549999999999999	1.2880912690996476
13.649999999999999	1.267619053594022
13.75	1.2435762533519699
13.85	1.2183330156355883
13.95	1.1904018599419504
14.049999999999999	1.1591650726217626
14.149999999999999	1.128324209387491
14.25	1.0966930837084408
14.35	1.0651873481124985
14.45	1.032474253770352
14.549999999999999	1.002514518850236
14.649999999999999	0.9717648703169578
14.75	0.9470081429088031
14.85	0.9209938613776112
14.95	0.8974651275384239
15.049999999999999	0.8769494841574658
15.149999999999999	0.8584796721874606
15.25	0.8407305849074
15.35	0.8275842839455486
15.45	0.8129930976107701
15.549999999999999	0.8038119778223763
15.649999999999999	0.7953575326611834
15.75	0.7893223612144633
15.85	0.7852669186642185
15.95	0.7824057859434967
16.05	0.7823481730257308
16.15	0.7831242099658183
16.25	0.7861109802069456
16.349999999999998	0.7912946810010939
16.45	0.7991192087101165
16.55	0.8068794554693771
16.65	0.8165370574444527
16.75	0.827313153666093
16.849999999999998	0.8403787780822664
16.95	0.854337629057948
17.05	0.8702145848042458
17.15	0.8868497513768726
17.25	0.9021446190646606
17.349999999999998	0.922322069793641
17.45	0.943649535009793
17.55	0.9611754720707067
17.65	0.9842115197989432
17.75	1.005497239320098
17.849999999999998	1.0245496780817354
17.95	1.046832442967543
18.05	1.066763509970912
18.15	1.0846478326586504
18.25	1.102893554326928
18.349999999999998	1.1201037421574904
18.45	1.1329302800714711
18.55	1.1449451494732494
18.65	1.1577623971965043
18.75	1.1655481422919174
18.849999999999998	1.1711750348376833
18.95	1.176676602287626
19.05	1.1774495066896298
19.15	1.1755668615485395
19.25	1.1712393053677919
19.35	1.1680601901182466
19.45	1.1613922284804752
19.55	1.152310886421748
19.65	1.1431756201036358
19.75	1.1322520998570658
19.85	1.118396289314962
19.95	1.1082119637327557
20.05	1.0943968922452527
20.15	1.0811562966505928
20.25	1.0655423158108364
20.35	1.0539571902138856
20.45	1.0378909383638022
20.55	1.0230722844435947
20.65	1.0093999149998742
20.75	0.9959690182860852
20.85	0.9832878581683413
20.95	0.9699143405954664
21.05	0.9578416053618524
21.15	0.9463216595634883
21.25	0.93847801377872
21.35	0.9290952733087051
21.45	0.9174731410959577
21.55	0.9082093412690574
21.65	0.9008286740113898
21.75	0.8961564109926039
21.85	0.8929696926629218
21.95	0.886066443472804
22.05	0.8833680263469921
22.15	0.8816552216557706
22.25	0.8788630290184883
22.35	0.8790007281209347
22.45	0.8809195222455868
22.55	0.8809501453398955
22.65	0.8873589936973741
22.75	0.8899239344146885
22.85	0.8949909871076211
22.95	NaN
23.05	0.9097625851107033
23.15	0.9184599577766199
23.25	0.9269721384923633
23.35	0.9348497472421566
23.45	0.946955787988803
23.55	0.95843509167515
23.65	0.9679498868233086
23.75	0.9790566198811961
23.85	0.9914586444316648
23.95	1.00185330388372
24.05	1.0134554997646539
24.15	1.0287495783678957
24.25	1.03767059766313
24.35	1.0474265551845705
24.45	1.0591101480147118
24.55	1.0662701276600093
24.65	1.076296544230623
24.75	1.084983800157895
24.85	1.0900038230372386
24.95	1.0964866183296524
25.05	1.0974055699395924
25.15	1.1048904235304096
25.25	1.1051400136034757
25.35	1.1042413939021878
25.45	1.1042515765414154
25.55	1.1024186977614507
25.65	1.0967524421695234
25.75	1.093515705352533
25.85	1.0895031413185035
25.95	1.0823190904955668
26.05	1.077365708586667
26.15	1.0686449847435342
26.25	1.0589976596181672
26.35	1.052991088495277
26.45	1.045875230673341
26.55	1.0345282754854446
26.65	1.0244384069270502
26.75	1.016760119371386
26.85	1.0068313370779696
26.95	0.9968534138217441
27.05	0.9884868121924377
27.15	0.9817390469758559
27.25	0.9754566836320832
27.35	0.9659397376172992
27.45	0.9612844475663148
27.55	0.9533652645193518
27.65	0.9507559952967839
27.75	0.9428996209541203
27.85	0.9377955213495893
27.95	0.9351464152326839
28.05	0.9305085687491409
28.15	0.9300083999649598
28.25	0.9270860512528618
28.35	0.923590998720512
28.45	0.9242800894009746
28.55	0.9256588776350206
28.65	0.9235905812042627
28.75	0.926197821498774
28.85	0.9281254072784445
28.95	0.9296598337766843
29.05	0.9337562472301939
29.15	0.9382087598319155
29.25	0.9425832479991392
29.35	0.9463406604555412
29.45	0.953981684014014
29.55	0.9597639464015273
29.65	0.9659371847092956
29.75	0.9717882104665424
29.85	0.9768032701650785
29.95	0.9854768991559422
30.05	0.9924588810647191
30.15	1.0026614106118974
30.25	1.0087012372277515
30.35	1.0161704841779997
30.45	1.0227596152428398
30.55	1.0274602113176625
30.65	1.0366076256529282
30.75	1.0418018948831032
30.85	1.0435420541462723
30.95	1.0524326034140785
31.05	1.0570707234212906
31.15	1.0596818496446445
31.25	1.0642431833663994
31.35	1.0650204987668261
31.45	1.0668400584524387
31.55	1.069149260220888
31.65	1.0669860274406167
31.75	1.0685162059789828
31.85	1.0647428851681584
31.95	1.0603860127966491
32.05	1.0611629855348828
32.15	1.0543608889780132
32.25	1.0525282379524634
32.35	1.0444323426152302
32.45	1.0440207632207446
32.55	1.0392377646027973
32.65	1.0306589519930083
32.75	1.0260644906520457
32.85	1.020715499529776
32.95	1.0162361105793685
33.05	1.0087128801832903
33.15	1.0011270029220307
33.25	0.9971626947172529
33.35	0.9913015537792642
33.45	0.9849522457730707
33.55	0.9825230209834174
33.65	0.9747449829696978
33.75	0.971190530079733
33.85	0.9646745706769859
33.95	0.958542439322652
34.05	0.9591274273280009
34.15	0.9551622915204347
34.25	0.9519049398133909
34.35	0.9511769620485141
34.45	0.9472206307595359
34.55	0.946638494418893
34.65	0.948621983912573
34.75	0.9481672022099156
34.85	0.947717337040943
34.95	0.9452766933024543
35.05	0.9492197035696819
35.15	0.9507714574617111
35.25	0.9524008267409692
35.35	0.9539633093292045
35.45	0.9602060108120629
35.55	0.9616522900543958
35.65	0.9658486602129758
35.75	0.9677257265074458
35.85	0.9746769731127806
35.95	0.9786979458228328
36.05	0.9831871274182334
36.15	0.9886622006578877
36.25	0.9940736878953824
36.35	0.9987128306395638
36.45	1.0044891132334997
36.55	NaN
36.65	1.012875293331086
36.75	1.0187468655830048
36.85	1.0226910825358753
36.95	1.0276555810318904
37.05	1.031144986759259
37.15	1.0351111330588842
37.25	1.0378008257344393
37.35	1.0383940492772032
37.45	1.0426210234706141
37.55	1.043795791070321
37.65	NaN
37.75	1.0497790187953373
37.85	1.047869274693202
37.95	1.0481702185594859
38.05	1.0488665334378493
38.15	1.045145991534996
38.25	1.0446004168137997
38.35	1.042220245000442
38.45	1.039783128043592
38.550000000000004	1.0334011135401935
38.65	1.0344527866723014
38.75	1.0300924503489064
38.85	1.025482701514293
38.95	1.024739665972732
39.050000000000004	1.0179978589526986
39.15	NaN
39.25	NaN
39.35	NaN
39.45	NaN
39.550000000000004	0.9969774281840033
39.65	0.9930366873200106
39.75	0.9874929977704828
39.85	0.9832797729312776
39.95	0.9819992940882565
40.050000000000004	0.9799371989033546
40.15	NaN
40.25	0.9711774062392826
40.35	0.9703800141090869
40.45	0.9667657953459234
40.550000000000004	0.9649618457261153
40.65	0.9636086182693855
40.75	0.9624928190355685
40.85	0.9612819247631714
40.95	0.9603544266064893
41.050000000000004	0.9620880084526096
41.15	0.9601303654132104
41.25	0.9619221637398436
41.35	0.9631486917005406
41.45	0.9651831862672378
41.550000000000004	NaN
41.65	0.9675125988663575
41.75	0.9721311578393943
41.85	0.9727534087191888
41.95	0.9764435309978778
42.050000000000004	0.9796013591625385
42.15	NaN
42.25	0.9868256561402919
42.35	0.9897785853153804
42.45	0.994272292282873
42.550000000000004	0.9988812642937427
42.65	1.0003856631273824
42.75	1.0056616319526772
42.85	1.0092908997722418
42.95	1.011944710482505
43.050000000000004	1.0153975675805509
43.15	1.0203325623605108
43.25	1.022376791714855
43.35	1.0253397494090026
43.45	1.0260584540694906
43.550000000000004	1.0290495560062898
43.65	NaN
43.75	1.032128348215104
43.85	1.0344280757883288
43.95	1.0334083423538665
44.050000000000004	1.0328681990429138
44.15	1.0357393774431753
44.25	NaN
44.35	1.0324618865919146
44.45	1.0319166701125952
44.550000000000004	1.031559066198678
44.65	1.029525179893503
44.75	1.0277741085263221
44.85	1.025219753635711
44.95	1.0225569283628364
45.050000000000004	1.0217319182954077
45.15	1.0181802295258824
45.25	1.0135635529451938
45.35	NaN
45.45	1.0086330936545154
45.550000000000004	1.006077175991185
45.65	NaN
45.75	0.9995754039614824
45.85	0.9947194894010675
45.95	0.991797070515396
46.050000000000004	0.9886215451969349
46.15	0.9875860521121603
46.25	0.9848534281609138
46.35	0.9822258022123723
46.45	0.9790498280424282
46.550000000000004	0.9769261813881652
46.65	NaN
46.75	0.9731595887615845
46.85	0.9724670294108314
46.95	0.9723730773784129
47.050000000000004	0.9714511088268439
47.15	0.9705089550842115
47.25	0.96942558775261
47.35	0.9697950939551845
47.45	0.9710845999195747
47.550000000000004	0.9710664091025062
47.65	0.9726306030815036
47.75	0.975224801102155
47.85	0.9756633378240925
47.95	0.9777882808664348
48.050000000000004	0.9816374496605915
48.15	0.982113691088442
48.25	0.9839191966246297
48.35	0.9884406238530103
48.45	0.98687368404892
48.550000000000004	0.9928656230824074
48.65	0.9932645927248593
48.75	0.9957470866704577
48.85	0.9992529932557245
48.95	1.0028450210823527
49.050000000000004	1.005416189579553
49.15	NaN
49.25	1.0112836075019753
49.35	1.0135995765123444
49.45	1.0144252923003678
49.550000000000004	1.0175826510271786
49.65	1.0189534703016592
49.75	1.0214158059449359
49.85	1.0227873782159866
49.95	1.0273014303284633
50.050000000000004	1.0252440823736815
50.15	1.0245578351111941
50.25	1.025550918296493
50.35	1.0261104983191762
50.45	1.0279002706918752
50.550000000000004	1.0273046596389968
50.65	1.0259950560503013
50.75	1.0274055602101528
50.85	1.022285167375311
50.95	NaN
51.050000000000004	1.0198526538373431
51.15	1.019112809384842
51.25	1.016628531146616
51.35	1.016280356403941
51.45	1.0129525297304276
51.550000000000004	NaN
51.65	1.0091231245024819
51.75	1.0050758057613236
51.85	1.0022135252491189
51.95	1.0004085518256962
52.050000000000004	NaN
52.15	0.9969163368963891
52.25	0.9931105143419742
52.35	0.9908053350447169
52.45	0.9906457789538645
52.550000000000004	0.9868490201658346
52.65	0.9864198543274102
52.75	0.9836467353386366
52.85	0.9811845046324018
52.95	NaN
53.050000000000004	0.9794831763215314
53.15	NaN
53.25	0.9785919151205384
53.35	0.978185811479597
53.45	0.977357664736115
53.550000000000004	NaN
53.65	0.9772678161509523
53.75	NaN
53.85	0.9774379460438989
53.95	0.9797756985039977
54.050000000000004	NaN
54.15	0.9815145939431374
54.25	NaN
54.35	0.9841493315465959
54.45	0.9867297408032126
54.550000000000004	NaN
54.65	0.9908887861896292
54.75	0.9909792124079839
54.85	0.9936053514553034
54.95	0.9948009163264213
55.050000000000004	0.9990727770666293
55.15	0.999810325165645
55.25	1.0003458234629106
55.35	1.0034987827593242
55.45	1.0083519127057068
55.550000000000004	1.0101203804325727
55.65	1.0121757480506568
55.75	1.012189007399673
55.85	1.0131791465011561
55.95	1.0160777442410536
56.050000000000004	1.0183943268256272
56.15	1.0180657118182699
56.25	1.0176756852162165
56.35	1.0203178085338653
56.45	1.021054249550673
56.550000000000004	1.0193787208062475
56.65	1.0221666738129827
56.75	NaN
56.85	1.021721811003558
56.95	1.02062399392127
57.050000000000004	1.019838962166883
57.15	1.0188215934148825
57.25	1.0181305870479425
57.35	NaN
57.45	1.0132130509364485
57.550000000000004	1.0125359063230992
57.65	1.0137704633356517
57.75	1.0088769062616683
57.85	1.0081759298426216
57.95	1.0047983256691864
58.050000000000004	1.002889116851452
58.15	1.001777471843645
58.25	1.0025908737831266
58.35	0.9972803865655605
58.45	NaN
58.550000000000004	0.9944534297299382
58.65	0.9926132061404488
58.75	NaN
58.85	0.989695341164214
58.95	NaN
59.050000000000004	0.9864831734099774
59.15	0.985151868470818
59.25	0.9839809732853191
59.35	0.9830935323692255
59.45	0.9823382660186871
59.550000000000004	0.9835666980892358
59.65	0.9817427279351755
59.75	0.980224117106581
59.85	NaN
59.95	0.9821800278107201
60.050000000000004	NaN
60.15	0.9829904150951889
60.25	0.985285767716619
60.35	NaN
60.45	0.9853224249069051
60.550000000000004	0.983535042845985
60.65	0.9903010854525586
60.75	0.988935904588234
60.85	0.9889954881951623
60.95	0.9915995102972085
61.050000000000004	0.9931742130556047
61.15	0.9956292367405197
61.25	0.9998045506834473
61.35	0.9984839180258
61.45	0.9995063465081762
61.550000000000004	NaN
61.65	1.004274986776191
61.75	NaN
61.85	NaN
61.95	1.007291616968234
62.050000000000004	1.0109264496724388
62.15	1.0113869080512248
62.25	1.0101924189748523
62.35	1.013151656826751
62.45	1.016118599288156
62.550000000000004	1.0153222414787622
62.65	1.0143099674066656
62.75	1.0176268110308855
62.85	1.0164210729708771
62.95	1.016512061352267
63.050000000000004	1.0168771564861574
63.15	1.0167431940823632
63.25	NaN
63.35	1.0158207505464218
63.45	1.0151274539073092
63.550000000000004	1.0138730350176348
63.65	1.0159580054076192
63.75	1.0120246342437313
63.85	1.0116245857950006
63.95	1.0100077389020101
64.05	1.0084280021724914
64.14999999999999	1.0072878447395746
64.25	1.0021335752206668
64.35	1.001763073691227
64.44999999999999	1.0016584428119406
64.55	0.9994984210961814
64.64999999999999	0.9974251979904296
64.75	0.9971297870685719
64.85	0.9963161908551917
64.94999999999999	0.9946293028730492
65.05	0.990226977290994
65.14999999999999	0.9914093849928761
65.25	NaN
65.35	0.9881897094852471
65.44999999999999	NaN
65.55	0.9872207403838963
65.64999999999999	0.9860637656398663
65.75	0.9855552078104683
65.85	0.9866324767883222
65.94999999999999	0.9856955526623052
66.05	NaN
66.14999999999999	0.9854332147600654
66.25	0.9836723923442451
66.35	0.98707149636719
66.44999999999999	0.9853972950631574
66.55	0.9853098699633768
66.64999999999999	NaN
66.75	0.9869746537501838
66.85	NaN
66.94999999999999	NaN
67.05	0.991344982065806
67.14999999999999	0.9917453966843229
67.25	0.9937661192948694
67.35	0.9955295639308683
67.44999999999999	0.9965706960392853
67.55	0.9964677688234779
67.64999999999999	NaN
67.75	NaN
67.85	0.9977373125073107
67.94999999999999	1.0053299509241318
68.05	1.0057262067055597
68.14999999999999	1.0089406924559365
68.25	NaN
68.35	1.0079914333142672
68.44999999999999	1.0086721640108727
68.55	1.011156236949001
68.64999999999999	NaN
68.75	1.0126573185067722
68.85	1.0132169866792085
68.94999999999999	1.0150601447705963
69.05	1.0148646149463736
69.14999999999999	1.0143906313025597
69.25	1.0126809148005336
69.35	1.0131965970402719
69.44999999999999	NaN
69.55	1.012735978231835
69.64999999999999	1.0133554551868103
69.75	NaN
69.85	1.0109598054928202
69.94999999999999	NaN
70.05	1.0100877638141939
70.14999999999999	1.0083640695725187
70.25	NaN
70.35	1.0057940856382321
70.44999999999999	NaN
70.55	1.0033418551750068
70.64999999999999	1.002259312358359
70.75	1.0008769472796424
70.85	0.9992432371707044
70.94999999999999	0.9967240724271198
71.05	0.9954937802601668
71.14999999999999	0.9952270161607157
71.25	NaN
71.35	0.9932417610302703
71.44999999999999	0.9919520040339822
71.55	0.9914073324132199
71.64999999999999	0.9896652725991122
71.75	0.9889295980649015
71.85	0.9890525728979795
71.94999999999999	0.9869946610268411
72.05	NaN
72.14999999999999	NaN
72.25	NaN
72.35	NaN
72.44999999999999	0.9879989523116247
72.55	0.9884087953714794
72.64999999999999	0.9869424880499785
72.75	NaN
72.85	0.9896042895759594
72.94999999999999	0.9894954720219585
73.05	0.9905744288465645
73.14999999999999	0.9912915513628291
73.25	0.9924498489157957
73.35	0.992766044971974
73.44999999999999	NaN
73.55	0.9949215691585737
73.64999999999999	NaN
73.75	NaN
73.85	1.0001294488639405
73.94999999999999	0.9999396145042967
74.05	1.0020129893593972
74.14999999999999	1.0000535686187566
74.25	1.0037895879733212
74.35	1.005152820961765
74.44999999999999	1.0045969833340127
74.55	1.006950301489069
74.64999999999999	1.0059621230468456
74.75	1.0093480209921173
74.85	1.010496391187971
74.94999999999999	1.0069903412964973
75.05	1.0105085811765693
75.14999999999999	1.0109669832123824
75.25	NaN
75.35	NaN
75.44999999999999	NaN
75.55	1.0121675767524956
75.64999999999999	NaN
75.75	NaN
75.85	1.009970214600221
75.94999999999999	1.01047861863266
76.05	1.010036277603326
76.14999999999999	1.0080847028535964
76.25	NaN
76.35	1.0060005715680456
76.44999999999999	NaN
76.55	1.0065565002986332
76.64999999999999	1.0038892863775675
76.75	NaN
76.85	NaN
76.95	NaN
77.05	NaN
77.14999999999999	0.9985309048015403
77.25	0.9978723499870413
77.35	0.996481047435904
77.45	0.9942849644408996
77.55	0.9945016642689962
77.64999999999999	0.994579186226264
77.75	0.9926677475886169
77.85	0.9909056253680072
77.95	0.993297474487948
78.05	0.9897467127782862
78.14999999999999	0.9894471386940851
78.25	0.988679461556403
78.35	0.9887055253062872
78.45	NaN
78.55	NaN
78.64999999999999	0.9914194235515628
78.75	0.9901565988292779
78.85	NaN
78.95	0.9892105833272113
79.05	NaN
79.14999999999999	NaN
79.25	0.9940884603995067
79.35	NaN
79.45	0.9966272018437786
79.55	0.9930218688936521
79.64999999999999	NaN
79.75	0.9938693454910512
79.85	0.9948636447344145
