0.15	0.038491330442210356
0.25	0.036288261182709836
0.35	0.03692873861917443
0.45	0.037360161473877454
0.55	0.037813330369576785
0.65	0.03758820206922759
0.7500000000000001	0.038095791373189185
0.85	0.03858378161255695
0.95	0.039123853764466074
1.05	0.039558652498634016
1.15	0.04041243630255996
1.25	0.04107495678756992
1.35	0.04179358193002799
1.45	0.04256263051772001
1.55	0.043649906844832886
1.65	0.04476360670075006
1.75	0.04632422568649495
1.85	0.04751053495271934
1.95	0.04879014589785265
2.05	0.05034279545823535
2.15	0.05190250376321753
2.25	0.05405615405186524
2.35	0.05602151261836652
2.45	0.05783991979773229
2.5500000000000003	0.060238764944208864
2.65	0.0631248455715809
2.75	0.06603205550285751
2.85	0.06909698692115653
2.95	0.0725347809581874
3.0500000000000003	0.0763562268609377
3.15	0.08032035253424785
3.25	0.08475753677983709
3.35	0.0899906118078946
3.45	0.0954949884823599
3.5500000000000003	0.1015169775384705
3.65	0.10785661660885189
3.75	0.11576011347891446
3.85	0.12392893648422453
3.95	0.1337252589764727
4.05	0.1436634979923428
4.1499999999999995	0.15506838833075792
4.25	0.16833485848467078
4.35	0.18364091160657448
4.449999999999999	0.20040266892242478
4.55	0.22009229495108731
4.6499999999999995	0.24226960542649628
4.75	0.26788475886439805
4.85	0.2951981839569033
4.95	0.3305002359897554
5.05	0.3691624111794627
5.1499999999999995	0.41339748140837107
5.25	0.463420588943057
5.35	0.5235091705275426
5.45	0.5974516997890716
5.55	0.6757843418489298
5.6499999999999995	0.7739082616544208
5.75	0.8855858723955773
5.85	1.013407659079898
5.95	1.1518825795441399
6.05	1.3083182963644746
6.1499999999999995	1.4801747737000641
6.25	1.6482807751277457
6.35	1.8151538136075815
6.45	1.9551986983293914
6.55	2.0631399518433033
6.6499999999999995	2.1240263978998533
6.75	2.136534465736807
6.85	2.1037723034757274
6.95	2.031466754967328
7.05	1.93496084466436
7.1499999999999995	1.8203579874733846
7.25	1.7050267863895212
7.35	1.5867029417635719
7.45	1.4743915334328201
7.55	1.3696106296413357
7.6499999999999995	1.2812678812497058
7.75	1.1951496741254846
7.85	1.1226397512419453
7.95	1.0549702620580337
8.05	0.996196180379458
8.15	0.9447984923126012
8.25	0.9015711712001045
8.350000000000001	0.8639800668215568
8.450000000000001	0.8292827356431055
8.55	0.8017861769768138
8.65	0.7758217072552772
8.75	0.7554155870354782
8.850000000000001	0.7363246935794201
8.950000000000001	0.7216088489049146
9.05	0.712429995372352
9.15	0.7021392194178505
9.25	0.6944084535278677
9.350000000000001	0.6906385564915747
9.450000000000001	0.6860469063988567
9.55	0.6858324042254899
9.65	0.686490231652668
9.750000000000002	0.6903679769856303
9.85	0.6955563577669724
9.95	0.703161535228014
10.049999999999999	0.7117426333325324
10.149999999999999	0.7215147834638651
10.25	0.7338616923980221
10.35	0.7474192020802696
10.45	0.7623288167102612
10.549999999999999	0.7797236014627238
10.649999999999999	0.7978890736120087
10.75	0.8168647821589399
10.85	0.8390280735200955
10.95	0.8608381854985108
11.049999999999999	0.8873477712453867
11.149999999999999	0.9109159652285124
11.25	0.9360538423255074
11.35	0.9627029787941289
11.45	0.9908313908787791
11.549999999999999	1.019512731404777
11.649999999999999	1.0452037935110203
11.75	1.070167397899844
11.85	1.0972729366155303
11.95	1.122973315588884
12.049999999999999	1.147729319596193
12.149999999999999	1.1656268812473267
12.25	1.1857857095433386
12.35	1.2037397483713799
12.45	1.2144928335552154
12.549999999999999	1.2296415112032117
12.649999999999999	1.2348675645216325
12.75	1.2403263997610388
12.85	1.2405964556521336
12.95	1.2395184142635087
13.049999999999999	1.2322983366198055
13.149999999999999	1.2248178556852485
13.25	1.2171219233458324
13.35	1.2012231951964962
13.45	1.1864202499889067
13.549999999999999	1.1708618519758756
13.649999999999999	1.1496354973761573
13.75	1.129091372666992
13.85	1.1085139798331216
13.95	1.0873312947756588
14.049999999999999	1.0658427007147377
14.149999999999999	1.046096580968099
14.25	1.0250212042566522
14.35	1.0062188616018097
14.45	0.9866938393778283
14.549999999999999	0.9680203565798644
14.649999999999999	0.9517379404429046
14.75	0.9366064647954768
14.85	0.9252661176986885
14.95	0.9108127381595544
15.049999999999999	0.898719687111294
15.149999999999999	0.8892994825985024
15.25	0.8811227325859897
15.35	0.8748218785556446
15.45	0.8697969681853651
15.549999999999999	0.8653045838331285
15.649999999999999	0.8610010225511705
15.75	0.8580317504338156
15.85	0.8578130310865781
15.95	0.8584276038979906
16.05	0.86025161165934
16.15	0.8618052084541297
16.25	0.8694326378723244
16.349999999999998	0.8724908024670551
16.45	0.8791031362594546
16.55	0.8850239688775509
16.65	0.8911321414823989
16.75	0.9027418690910503
16.849999999999998	0.9131796581332687
16.95	0.923108885976023
17.05	0.934436280401533
17.15	0.9459729700269459
17.25	0.9579540784662581
17.349999999999998	0.969532986103556
17.45	0.9830812622586719
17.55	0.995610043678659
17.65	1.0079371153576053
17.75	1.0208869882127345
17.849999999999998	1.031821135312543
17.95	1.0455372097848215
18.05	1.0544864801615108
18.15	1.0663081561483778
18.25	1.0785460554541109
18.349999999999998	1.086081001355214
18.45	1.0918760909924086
18.55	1.0968855796271673
18.65	1.1072724117851924
18.75	1.1058092398401658
18.849999999999998	1.109056996566629
18.95	1.1099507236992447
19.05	1.1082656216368352
19.15	1.1093286485685248
19.25	1.1061824432003915
19.35	1.1032665822697245
19.45	1.0965847789772996
19.55	1.0937030317809129
19.65	1.0856711531848557
19.75	1.0776312956152017
19.85	1.0701773331761542
19.95	1.0621688162520388
20.05	1.0541580369019081
20.15	1.0432049225351179
20.25	1.03303550168918
20.35	1.0229124885441832
20.45	1.0133274365472016
20.55	1.0037795286423725
20.65	0.9969109405999953
20.75	0.9876592490289648
20.85	0.9786770603414333
20.95	0.9699179462229416
21.05	0.963694443922774
21.15	0.9567001667583349
21.25	0.9522985489439516
21.35	0.9441251452706273
21.45	0.9422960319715123
21.55	0.9351490058258145
21.65	0.9318253332232374
21.75	0.9275338079084883
21.85	0.9261164786195962
21.95	0.9236642609873447
22.05	0.9212572052596042
22.15	0.9223065281201411
22.25	0.9245329491856522
22.35	0.9244917829823247
22.45	0.9277011772365892
22.55	0.9291765604095488
22.65	0.9323201171766486
22.75	0.9351482051010181
22.85	0.939855976651242
22.95	0.9460511912528151
23.05	0.9500332414117816
23.15	0.9564964530548312
23.25	0.961316242174517
23.35	0.9700440430269481
23.45	0.9757689834735467
23.55	0.981899506006064
23.65	0.9893452774110914
23.75	0.9967177913208739
23.85	1.0055436824170343
23.95	1.011216988108133
24.05	1.01800188840689
24.15	1.0242745958070587
24.25	1.0303005573532382
24.35	1.0359820180371733
24.45	1.041652934613972
24.55	1.046052621029602
24.65	1.0518500925399679
24.75	1.055453457207609
24.85	1.0587425422492946
24.95	1.0603281018668227
25.05	1.0611303829257719
25.15	1.063186911094006
25.25	1.0633244192004523
25.35	1.0632580697465313
25.45	1.0622209753617862
25.55	1.0618973638276392
25.65	1.058317686941977
25.75	1.0545939925392636
25.85	1.0500111433900152
25.95	1.0470001867386283
26.05	1.041998378724518
26.15	1.0372161245210978
26.25	1.0339907647349305
26.35	1.0273061572134863
26.45	1.0203294431060317
26.55	1.0176623043067232
26.65	1.009004187005714
26.75	1.0065452256383765
26.85	1.0001056693140182
26.95	0.9945923214333692
27.05	0.9902729533673976
27.15	0.982309790281723
27.25	0.9795006944326828
27.35	0.9748027517932725
27.45	0.970389264208956
27.55	0.9666471812356608
27.65	0.9642990032327633
27.75	0.9614780810146112
27.85	0.9584082136238228
27.95	0.9547837576844918
28.05	0.9545560768415463
28.15	0.9550293437713655
28.25	0.9524466277662972
28.35	0.954055157226618
28.45	0.9531859819119778
28.55	0.9544796168300554
28.65	0.9537102271867681
28.75	0.9554762592912309
28.85	0.9570934495723782
28.95	0.958149445806805
29.05	0.9616054864372805
29.15	0.9653527741707665
29.25	0.96663214934823
29.35	0.9728992018637292
29.45	0.9750733837716812
29.55	0.9771895764365248
29.65	0.9828521702997246
29.75	0.988013699456484
29.85	0.9928351187657635
29.95	NaN
30.05	1.0023697851675284
30.15	1.0048034306778364
30.25	1.0074549584197208
30.35	1.0149058363367964
30.45	1.0179537064064652
30.55	1.0217205603964128
30.65	1.025790103790083
30.75	1.0285894266441766
30.85	1.031390114438531
30.95	1.0325865416234163
31.05	1.0376083315855547
31.15	1.0386410926071736
31.25	1.0402513530621458
31.35	1.040234022407414
31.45	1.0405393238373235
31.55	1.0409923106995844
31.65	1.0422483046331787
31.75	NaN
31.85	1.0388070980705175
31.95	1.0363210821532312
32.05	1.0349935884849615
32.15	1.031562122961984
32.25	1.0304349108745918
32.35	1.0270524550931737
32.45	1.023636892770361
32.55	1.0207717728490193
32.65	1.0171230026516003
32.75	1.013952430999357
32.85	1.0084935846701357
32.95	1.0038620811417096
33.05	1.001096141923346
33.15	0.9969765328209245
33.25	0.9947408417423332
33.35	0.9955174317022013
33.45	0.9884600731217528
33.55	0.9859859556550342
33.65	0.9817743626706184
33.75	0.9810802812205752
33.85	0.9790866098105732
33.95	0.9753968444695852
34.05	0.9716769332752506
34.15	0.9711473569525628
34.25	0.9700417352390859
34.35	0.970128637890007
34.45	0.9682427928530559
34.55	0.9676298977609967
34.65	0.9660703187929529
34.75	0.9671741581738514
34.85	0.9688862369540278
34.95	0.9683761262207431
35.05	0.9715740909276259
35.15	0.974358619082554
35.25	0.9723215061258736
35.35	0.9730062578457509
35.45	0.9785411569807315
35.55	0.9785729855690077
35.65	0.9831224229734736
35.75	0.9861812027159153
35.85	0.9869983454001903
35.95	0.9884167773573466
36.05	0.9932342153769104
36.15	0.9937109515849244
36.25	0.9976480117347007
36.35	1.0021769561654066
36.45	1.0040872713980389
36.55	1.0099689737830433
36.65	NaN
36.75	1.0153957557275433
36.85	1.0163156421222843
36.95	1.0194757232010108
37.05	1.021807304660725
37.15	1.0225171540143767
37.25	1.0235882869483797
37.35	1.0267739862888665
37.45	1.0271986278880558
37.55	1.0290806831147778
37.65	1.0302409829178825
37.75	1.0277245976496037
37.85	1.0242489402903374
37.95	1.028158536543668
38.05	NaN
38.15	NaN
38.25	1.0236985809196082
38.35	1.022702227791885
38.45	1.022187549945616
38.550000000000004	1.019776434806386
38.65	1.0215871192790669
38.75	1.0148333601030555
38.85	1.0128041680175466
38.95	1.0102721140300248
39.050000000000004	1.0069016262446018
39.15	1.0073485987319295
39.25	1.000754915259382
39.35	1.0022044482458825
39.45	0.9978647660734956
39.550000000000004	0.9969384857297018
39.65	NaN
39.75	0.9914485787633807
39.85	0.9887970531399976
39.95	0.9868956219712075
40.050000000000004	0.9833695935397545
40.15	0.9828729980589439
40.25	0.9806440778475486
40.35	NaN
40.45	0.9785736251082647
40.550000000000004	0.978380248735398
40.65	0.9757777770711772
40.75	0.9747777476323782
40.85	0.9753293510352444
40.95	0.9767785043577862
41.050000000000004	0.9774406976009314
41.15	0.9769151033285932
41.25	0.9779401750630885
41.35	0.9793669086433207
41.45	0.9787304919737512
41.550000000000004	0.9807712399421102
41.65	0.9825710680252112
41.75	0.9849040554734622
41.85	0.9863405531755151
41.95	0.9894875265949663
42.050000000000004	0.9906588805576698
42.15	0.9915640512246162
42.25	0.9943064910655134
42.35	0.9950007497028583
42.45	0.9958067364244476
42.550000000000004	1.0003722477485923
42.65	1.0022642456948827
42.75	1.0044336262429534
42.85	1.0089602163440088
42.95	1.009698111071702
43.050000000000004	1.01215683342333
43.15	NaN
43.25	1.0130759876748117
43.35	1.0152510512597697
43.45	1.0168518393155583
43.550000000000004	1.0189553030211267
43.65	NaN
43.75	NaN
43.85	1.0216757435382382
43.95	1.0217314780200226
44.050000000000004	1.020672408798994
44.15	1.019436310054317
44.25	1.018435290919102
44.35	1.0216403414800914
44.45	NaN
44.550000000000004	1.018306834756153
44.65	1.0171012225010831
44.75	1.0149876672100497
44.85	1.015278242478355
44.95	1.01324322036555
45.050000000000004	1.0098328311385785
45.15	1.0110629932338844
45.25	1.0084880071077884
45.35	1.006230128888419
45.45	1.0045868453165958
45.550000000000004	1.0032605377446704
45.65	1.0001901521824652
45.75	NaN
45.85	0.9963441957274377
45.95	NaN
46.050000000000004	0.9918162804109639
46.15	0.9903378692282248
46.25	0.9891271703717195
46.35	NaN
46.45	0.9858956200564077
46.550000000000004	0.985593260864474
46.65	NaN
46.75	0.9833608636284431
46.85	0.9835051844016572
46.95	0.9843176366287398
47.050000000000004	0.9818209596921549
47.15	0.9824271419121469
47.25	0.9824430625447649
47.35	0.9818902039113776
47.45	NaN
47.550000000000004	0.9828092744623423
47.65	0.984937560304926
47.75	0.9839550180685791
47.85	0.9842523185719185
47.95	0.9882899305963829
48.050000000000004	0.9879440250120617
48.15	0.9889984046240381
48.25	0.9926118598149583
48.35	0.9913029008674847
48.45	0.9941864125891313
48.550000000000004	0.9946400803294418
48.65	0.9952848585751995
48.75	1.0001836566756594
48.85	1.0006070306381678
48.95	1.0010816573251327
49.050000000000004	1.0054348514974731
49.15	1.0065804154008517
49.25	1.0085273014089793
49.35	1.0079035776594059
49.45	1.0104964792105355
49.550000000000004	1.011795542138827
49.65	1.0128187109992912
49.75	NaN
49.85	1.0128241441627233
49.95	1.0154890384038218
50.050000000000004	1.0174300716411735
50.15	1.0155250341879796
50.25	1.0165648270229635
50.35	1.0164097729110342
50.45	1.0169219635799058
50.550000000000004	1.0159173928202632
50.65	1.0148850628642043
50.75	1.0149140849574911
50.85	1.0132956373020954
50.95	1.0135892252516885
51.050000000000004	1.0129709835657474
51.15	1.0112224688445435
51.25	1.010302599110097
51.35	1.0084505861654678
51.45	1.0069711747066101
51.550000000000004	1.0049166129827136
51.65	1.0047685129287682
51.75	1.0025665585085615
51.85	1.0008962298156026
51.95	1.0002917502702042
52.050000000000004	0.9973200759446236
52.15	NaN
52.25	0.9957860960271123
52.35	0.9931666467375544
52.45	0.9914300449698723
52.550000000000004	0.9906040428578188
52.65	0.9893961354299491
52.75	0.9889031233200686
52.85	0.9890530559246831
52.95	0.9866330095653495
53.050000000000004	0.9856736081315117
53.15	0.9848046131805207
53.25	0.9864573057851418
53.35	0.9858534399586302
53.45	0.9859563402980077
53.550000000000004	0.9853365234728468
53.65	0.9848431156472425
53.75	0.9852970378627259
53.85	0.9873958295378468
53.95	0.9870406297536691
54.050000000000004	0.9891420780602992
54.15	0.9889587390215084
54.25	0.9891519308141079
54.35	0.9904940179724905
54.45	0.9924030442623494
54.550000000000004	NaN
54.65	0.9953695699888788
54.75	0.9953425291872492
54.85	0.9978120407573502
54.95	0.9984485828489932
55.050000000000004	0.9985038069905485
55.15	1.000328323769154
55.25	1.0041492146139066
55.35	1.0048184284349966
55.45	1.0046190950394838
55.550000000000004	1.0075282475649459
55.65	NaN
55.75	1.0105714898244404
55.85	1.0094657953059623
55.95	1.0088508282274937
56.050000000000004	1.0091169210102469
56.15	1.0127567946576912
56.25	1.0115900163195377
56.35	1.002836126571238
56.45	1.0115795030308927
56.550000000000004	1.0125418866343858
56.65	1.0128618830802516
56.75	1.0119041769827861
56.85	1.0114937814127234
56.95	1.0116018065784063
57.050000000000004	1.0092832895167798
57.15	1.0103970660532202
57.25	1.0106861407346706
57.35	1.0098135447665963
57.45	1.0106170049796486
57.550000000000004	NaN
57.65	1.0056998021657422
57.75	1.0032994841931915
57.85	1.003941473230773
57.95	1.0017092338455666
58.050000000000004	NaN
58.15	1.0004026635515193
58.25	0.9990662660595544
58.35	0.9978455940574874
58.45	0.9969278514122707
58.550000000000004	0.996928598186299
58.65	0.9937213859127434
58.75	NaN
58.85	0.9925568023743392
58.95	0.9911622330475341
59.050000000000004	0.9901477689276073
59.15	0.9905931010042358
59.25	0.9911249534371658
59.35	0.9895866997712092
59.45	0.9897368656070752
59.550000000000004	0.9889001103723953
59.65	NaN
59.75	0.9881634549677579
59.85	0.9888003002456075
59.95	0.9880335566673397
60.050000000000004	0.989285813235743
60.15	0.9890211666726394
60.25	0.9909975642992589
60.35	NaN
60.45	0.9920617338696834
60.550000000000004	0.9920146252507674
60.65	0.9921995833854035
60.75	0.9938614649662274
60.85	NaN
60.95	0.996610099915295
61.050000000000004	0.9967075688662747
61.15	0.9979156507601014
61.25	0.9998534135823574
61.35	0.998609155706687
61.45	1.0008464962681909
61.550000000000004	1.003219504811204
61.65	1.0057079683124945
61.75	1.0043505185728228
61.85	1.0065367596148977
61.95	NaN
62.050000000000004	1.0055016709692972
62.15	1.008255897238181
62.25	1.0076760776197566
62.35	1.0117571943733152
62.45	NaN
62.550000000000004	1.0104218334073731
62.65	NaN
62.75	NaN
62.85	1.011821003879498
62.95	1.0101560456275591
63.050000000000004	1.0100345087534324
63.15	1.0111139922682209
63.25	1.0094355211377388
63.35	1.0091277347917733
63.45	1.0090259419618928
63.550000000000004	1.0083793844326119
63.65	NaN
63.75	1.005478445718257
63.85	NaN
63.95	1.0064802322742608
64.05	1.0043656378009929
64.14999999999999	1.0023022663554821
64.25	1.0022429985564352
64.35	NaN
64.44999999999999	0.9981064160771024
64.55	0.9997046794423545
64.64999999999999	0.9982677154119121
64.75	0.9978315216978978
64.85	0.9962428646157676
64.94999999999999	0.9949680148551385
65.05	0.995523783025512
65.14999999999999	NaN
65.25	0.9933287727992884
65.35	0.9921518963099166
65.44999999999999	0.992483381893661
65.55	0.9917127859818642
65.64999999999999	NaN
65.75	0.9917671132772797
65.85	0.989976085804245
65.94999999999999	NaN
66.05	NaN
66.14999999999999	0.9898741341812406
66.25	0.9903471866394944
66.35	0.9905166032966632
66.44999999999999	0.9913912365357284
66.55	NaN
66.64999999999999	0.9920959805437625
66.75	0.9939753214422107
66.85	NaN
66.94999999999999	NaN
67.05	NaN
67.14999999999999	NaN
67.25	0.9979381282179699
67.35	NaN
67.44999999999999	NaN
67.55	1.0002279768345173
67.64999999999999	1.0022129562116053
67.75	1.001143584719573
67.85	1.001950321404047
67.94999999999999	NaN
68.05	1.0030642936888046
68.14999999999999	1.0029556659065009
68.25	1.0051213849955065
68.35	1.0064749446967272
68.44999999999999	1.0056606269877044
68.55	1.006063726073604
68.64999999999999	NaN
68.75	1.0078139292827355
68.85	1.0071863056580077
68.94999999999999	1.0090652462902339
69.05	NaN
69.14999999999999	1.0080926243099662
69.25	NaN
69.35	1.0081541654752533
69.44999999999999	1.0098285955467194
69.55	1.007150984800695
69.64999999999999	1.0076958956892974
69.75	1.0078612091149732
69.85	1.0058703791812804
69.94999999999999	1.0047613988101893
70.05	NaN
70.14999999999999	1.0055508398110125
70.25	1.0045312806539932
70.35	1.0020099826043876
70.44999999999999	1.0030683746392985
70.55	1.0008459206551243
70.64999999999999	1.0028464133248671
70.75	0.9987391192896897
70.85	0.998761830313266
70.94999999999999	0.997751558263986
71.05	0.9978108115521478
71.14999999999999	NaN
71.25	0.9953047568651274
71.35	NaN
71.44999999999999	0.9955099346419647
71.55	0.9943739284852287
71.64999999999999	0.9940672158866016
71.75	0.9922357398266585
71.85	NaN
71.94999999999999	NaN
72.05	0.9952668980189603
72.14999999999999	NaN
72.25	0.9921033193962718
72.35	0.9924572835348501
72.44999999999999	NaN
72.55	NaN
72.64999999999999	0.992819642108519
72.75	0.9933264547689347
72.85	0.9953708007568806
72.94999999999999	NaN
73.05	0.9953206635978864
73.14999999999999	0.9939856905745279
73.25	0.9959531499279892
73.35	0.995108578058773
73.44999999999999	0.9968460164273037
73.55	0.9970157155364301
73.64999999999999	0.9972254973708663
73.75	0.9989889553155679
73.85	1.0001310108466723
73.94999999999999	NaN
74.05	NaN
74.14999999999999	1.0023004904351533
74.25	1.0021222868119894
74.35	1.0036085933778167
74.44999999999999	1.0025928012584409
74.55	1.0046586626174088
74.64999999999999	NaN
74.75	NaN
74.85	1.0062399322410267
74.94999999999999	1.0072332528034293
75.05	1.0072026880459577
75.14999999999999	1.007687093222701
75.25	1.0063633815778434
75.35	1.0063144649354965
75.44999999999999	1.00808474756941
75.55	1.007434862453686
75.64999999999999	1.0065199159961449
75.75	NaN
75.85	1.0065570269721698
75.94999999999999	NaN
76.05	1.006676556927838
76.14999999999999	1.0035383176921282
76.25	1.0050527940292433
76.35	1.0041657147149174
76.44999999999999	NaN
76.55	1.0018747738572724
76.64999999999999	1.0022240120847643
76.75	NaN
76.85	1.0011246776193181
76.95	1.0005564771842423
77.05	1.0007439780630556
77.14999999999999	0.999943694491005
77.25	NaN
77.35	NaN
77.45	NaN
77.55	0.9966386302435253
77.64999999999999	NaN
77.75	0.997253988721843
77.85	0.9944194147423159
77.95	NaN
78.05	0.9941521464477151
78.14999999999999	NaN
78.25	0.9943365610699096
78.35	0.9953314214067889
78.45	NaN
78.55	NaN
78.64999999999999	NaN
78.75	0.9943191187671185
78.85	0.9942641458595408
78.95	0.993452362392869
79.05	NaN
79.14999999999999	NaN
79.25	0.9952723655903513
79.35	0.9960169172643443
79.45	NaN
79.55	0.9946312684580623
79.64999999999999	NaN
79.75	0.996409129851807
79.85	0.9975777294238333
