0.15	0.01861469415323196
0.25	0.019124025548636483
0.35	0.01951887228126794
0.45	0.01914747141452635
0.55	0.019185195519122313
0.65	0.019395554190472994
0.7500000000000001	0.019750665165927328
0.85	0.019726930361299178
0.95	0.020061125357086863
1.05	0.02042945631938866
1.15	0.020825818781439114
1.25	0.021240452680755816
1.35	0.02150066582353812
1.45	0.02208659528014168
1.55	0.022612327030002752
1.65	0.023101534800308434
1.75	0.023649386381769874
1.85	0.024338989944500365
1.95	0.025106194225319504
2.05	0.025778183952277465
2.15	0.026635842935979998
2.25	0.027555380785918276
2.35	0.02859828173670282
2.45	0.029550834984543806
2.5500000000000003	0.030767597245511532
2.65	0.031999870922566884
2.75	0.033382655802649354
2.85	0.03493623279715967
2.95	0.036630199079865075
3.0500000000000003	0.0383111177535612
3.15	0.04027299767079512
3.25	0.042443514136037516
3.35	0.04502292967931783
3.45	0.047560912879513674
3.5500000000000003	0.050523134777080016
3.65	0.053863103379130604
3.75	0.05752758985093979
3.85	0.0609149474863693
3.95	0.06582078565698697
4.05	0.07076190641978686
4.1499999999999995	0.07637396781824747
4.25	0.08241179806938731
4.35	0.08992542585037748
4.449999999999999	0.09752038897838111
4.55	0.10656337768095799
4.6499999999999995	0.11660588031092795
4.75	0.12897276870226407
4.85	0.14315885065112913
4.95	0.15920012493101154
5.05	0.17722369625287226
5.1499999999999995	0.19963694494640033
5.25	0.22397315317142968
5.35	0.2549043196769178
5.45	0.29164996176130825
5.55	0.33543328566991376
5.6499999999999995	0.38727939387347254
5.75	0.4532923220698772
5.85	0.5297640706976776
5.95	0.6253118903325177
6.05	0.7475978401576554
6.1499999999999995	0.8979671047137108
6.25	1.0819863158498295
6.35	1.3024568602087119
6.45	1.5818029083534078
6.55	1.8896855083412287
6.6499999999999995	2.222694634025938
6.75	2.538714111595224
6.85	2.7890022295432386
6.95	2.922671215227184
7.05	2.912845186889668
7.1499999999999995	2.772762771789913
7.25	2.557930704028878
7.35	2.29746973680436
7.45	2.042649982357847
7.55	1.8153049093816678
7.6499999999999995	1.606310373911402
7.75	1.433348583756267
7.85	1.281694340272305
7.95	1.1615679420246872
8.05	1.059586252875036
8.15	0.9739073468836543
8.25	0.9000222585759753
8.350000000000001	0.8385364445431692
8.450000000000001	0.7870668101487267
8.55	0.7446483514014289
8.65	0.7065532970961371
8.75	0.6762573059542685
8.850000000000001	0.6505194376299345
8.950000000000001	0.6291017019575275
9.05	0.6120628174075916
9.15	0.5975980660305819
9.25	0.5871318274516487
9.350000000000001	0.5793816488274568
9.450000000000001	0.5713667847041404
9.55	0.5706398225742909
9.65	0.5679119615620835
9.750000000000002	0.5694378504671541
9.85	0.5737448368849027
9.95	0.5777177107645438
10.049999999999999	0.5854866677604889
10.149999999999999	0.5943013352827453
10.25	0.605704986272711
10.35	0.6202603173315985
10.45	0.6344439874586336
10.549999999999999	0.6532418050301193
10.649999999999999	0.6716593919328867
10.75	0.6959276620261949
10.85	0.7196239753514979
10.95	0.7480552628093594
11.049999999999999	0.7770846960197482
11.149999999999999	0.8103472923037534
11.25	0.8435516023075217
11.35	0.8824229859225962
11.45	0.9183991843591436
11.549999999999999	0.9602044042869379
11.649999999999999	1.0034302301867506
11.75	1.043606330739371
11.85	1.0846424694872965
11.95	1.1251301514087946
12.049999999999999	1.1646786014114074
12.149999999999999	1.2015875857400933
12.25	1.2336574686689419
12.35	1.2570715619133888
12.45	1.2824380622352818
12.549999999999999	1.3061702484804376
12.649999999999999	1.3190688372403097
12.75	1.3316823508272928
12.85	1.3375720991972173
12.95	1.3398411405303607
13.049999999999999	1.3381472940947203
13.149999999999999	1.3352193442028728
13.25	1.3280043629914438
13.35	1.3175380237052197
13.45	1.3020586615958174
13.549999999999999	1.2865326848528833
13.649999999999999	1.2680533794420776
13.75	1.2440390768677647
13.85	1.2193937638055572
13.95	1.1886434730833164
14.049999999999999	1.1575575740830661
14.149999999999999	1.1294389068331094
14.25	1.096073617219841
14.35	1.0641087289940743
14.45	1.033724520366655
14.549999999999999	1.0032383474183806
14.649999999999999	0.9726201341491538
14.75	0.9450114140554892
14.85	0.9210684124106259
14.95	0.8979565279092943
15.049999999999999	0.8766285062934293
15.149999999999999	0.8570405986907217
15.25	0.8413784379008521
15.35	0.8261294032830577
15.45	0.8139034034211136
15.549999999999999	0.8037723203296987
15.649999999999999	0.795763206208848
15.75	0.7895413391778766
15.85	0.7859860942269841
15.95	0.7823143644084554
16.05	0.782550318893568
16.15	0.7817418096071427
16.25	0.7870929177025981
16.349999999999998	0.7907381095418932
16.45	0.7974969869964563
16.55	0.8065322303799194
16.65	0.8138960452836775
16.75	0.8269884899268986
16.849999999999998	0.8386321297874791
16.95	0.8537420423678405
17.05	0.8690677169165201
17.15	0.8869324448111154
17.25	0.9032742979036932
17.349999999999998	0.9233846529512671
17.45	0.9422013153981121
17.55	0.9619057880473002
17.65	0.9839026628126044
17.75	1.004912078573585
17.849999999999998	1.0247687428917305
17.95	1.0464457336876352
18.05	1.0690229711860662
18.15	1.0875154588436822
18.25	1.1040179374667902
18.349999999999998	1.12061063742015
18.45	1.13514317479364
18.55	1.1470870219657714
18.65	1.159156311081014
18.75	1.1670826022431273
18.849999999999998	1.1678060256347438
18.95	1.176917780567808
19.05	1.175975756497049
19.15	1.174525643498004
19.25	1.1701137552175351
19.35	1.166922225233311
19.45	1.1602928126555645
19.55	1.1534512102584413
19.65	1.14344602278912
19.75	1.1336091666049262
19.85	1.1182636260214414
19.95	1.1090916797747608
20.05	1.0940169903368218
20.15	1.0823963943047377
20.25	1.0665820819152976
20.35	1.053209156979868
20.45	1.0381190292341664
20.55	1.0248831577832713
20.65	1.0107586961505084
20.75	0.9953271680695194
20.85	0.9825532693049052
20.95	0.9716313265414575
21.05	0.9599502219135928
21.15	0.9494447475130243
21.25	0.9358368388678179
21.35	0.9273898438299321
21.45	0.9177711265013632
21.55	0.9095023061196459
21.65	0.9024887451767329
21.75	0.8977380100461877
21.85	0.8894945649142306
21.95	0.8864764197831413
22.05	0.884427109490824
22.15	0.8809867023731252
22.25	0.8813707670362676
22.35	0.8805020028556313
22.45	0.8800310142020755
22.55	0.8825310223819867
22.65	0.8867620354701733
22.75	0.8914441136824307
22.85	0.8965805674206639
22.95	NaN
23.05	0.9089274041853909
23.15	0.9182668661180566
23.25	0.9278948708489467
23.35	0.9355136978097017
23.45	0.9465014351228834
23.55	0.9580372411415359
23.65	0.9675740228371766
23.75	0.9789938082223009
23.85	0.9913807347124145
23.95	1.0048988051420966
24.05	1.0147470986319576
24.15	1.023982589275981
24.25	1.0363845606930195
24.35	1.0468211040691489
24.45	1.057903626234592
24.55	1.068178481018778
24.65	1.0749424137139905
24.75	1.0846865994508748
24.85	1.091198967208941
24.95	1.0975959259153527
25.05	1.1006689671551273
25.15	1.1033105319114833
25.25	1.1034124156416192
25.35	1.1045402239972566
25.45	1.1040958682457225
25.55	1.1029586114939203
25.65	1.098388811915378
25.75	1.0929515424367726
25.85	1.0878168376123738
25.95	1.0836417224444717
26.05	1.0758038540017028
26.15	1.0676657034817938
26.25	1.0606001103715261
26.35	1.0518351459064323
26.45	1.04460522474161
26.55	1.0343312399592772
26.65	1.0267452038605782
26.75	1.015873911337469
26.85	1.0081019764879935
26.95	0.9996303937676356
27.05	0.9910985821961716
27.15	0.9810942274773974
27.25	0.973702861733183
27.35	0.9683269922673131
27.45	0.9602451200020814
27.55	0.9540234082663531
27.65	0.9473851014053133
27.75	0.942504468805004
27.85	0.9430176006187472
27.95	0.9332552250430772
28.05	0.9323984013446863
28.15	0.9289253339787454
28.25	0.9269125655556475
28.35	0.9235310578193575
28.45	0.9237988791935432
28.55	0.923344223603091
28.65	0.9274238226850964
28.75	0.9266105163011358
28.85	0.927077033505967
28.95	0.930519397889476
29.05	0.9356853185307473
29.15	0.9384050008923798
29.25	0.9419309829570026
29.35	0.9489421154648096
29.45	0.9545408566428185
29.55	0.9582467784538999
29.65	0.9660681949064909
29.75	0.9692349185284641
29.85	0.9792393351081936
29.95	0.986278947851824
30.05	0.9952244530165891
30.15	1.0004709514097898
30.25	1.0085650436811284
30.35	1.013589163480052
30.45	1.024002370258244
30.55	1.0304190374113855
30.65	1.036840431463398
30.75	1.0426399113456732
30.85	1.0446935599987222
30.95	1.0527765908059896
31.05	1.0558061780473689
31.15	1.060219120499268
31.25	1.0636431059057847
31.35	1.0658541834666289
31.45	1.0664487780827239
31.55	1.0669214899833612
31.65	1.0691738437605716
31.75	1.0650455991798753
31.85	1.0670034304231188
31.95	1.062400889024147
32.05	1.0618799113138935
32.15	1.0566255338710853
32.25	1.0530845463873593
32.35	1.0452508554165918
32.45	1.0440279277179363
32.55	1.0378048600018548
32.65	1.0296645144181418
32.75	1.0244442113321164
32.85	1.020169146141877
32.95	1.012638624517987
33.05	1.0074842936442054
33.15	1.0030256830124302
33.25	0.9981492948121974
33.35	0.9907402079893204
33.45	0.9833273611149079
33.55	0.9802479020828874
33.65	0.9731051833696271
33.75	0.9695795308128723
33.85	0.9659141056513874
33.95	0.9555772695619495
34.05	0.9578152709280225
34.15	0.9543643542439846
34.25	0.9537075889568535
34.35	0.9491625510488068
34.45	0.9491754506022052
34.55	0.9475786776023215
34.65	0.9477090560549881
34.75	0.946929968204772
34.85	0.9475902548460535
34.95	0.9462250625093472
35.05	0.9503055632811199
35.15	0.951124658279159
35.25	0.9548560102117889
35.35	0.957146734317604
35.45	0.9603763760810908
35.55	0.964008586623659
35.65	0.964939899511938
35.75	0.9700792217108332
35.85	0.9752796214379787
35.95	0.9781037493234142
36.05	0.9842071873231596
36.15	0.9892334293186295
36.25	0.9934027283859216
36.35	0.9981197156203744
36.45	1.0050547703317267
36.55	NaN
36.65	1.0145921858866414
36.75	1.0185788942344507
36.85	1.028248244294822
36.95	1.0271085957683834
37.05	1.0315184654840093
37.15	1.0341687951426735
37.25	1.0390257523012063
37.35	1.0422102896976932
37.45	1.0424817536036692
37.55	1.0462396215591243
37.65	NaN
37.75	1.0481950615842253
37.85	1.0480842741387824
37.95	1.0491781127786708
38.05	1.0476264821704346
38.15	1.0457746309036489
38.25	1.0411928825661747
38.35	1.0396116095423564
38.45	1.0376048416819472
38.550000000000004	1.0344226758528323
38.65	1.0328457804063114
38.75	1.0269245119633799
38.85	1.0241535866627884
38.95	1.0192431303096952
39.050000000000004	1.014784848020443
39.15	NaN
39.25	NaN
39.35	NaN
39.45	NaN
39.550000000000004	0.9966929605585668
39.65	0.9891539290934122
39.75	0.9866369394833967
39.85	0.9841270710078271
39.95	0.9811994767575536
40.050000000000004	0.9810473840670537
40.15	NaN
40.25	0.9716265848158908
40.35	0.968570623787761
40.45	0.9672837202125231
40.550000000000004	0.964860981862918
40.65	0.9644722601400408
40.75	0.96226985262883
40.85	0.9607938119356487
40.95	0.9608540928680588
41.050000000000004	0.9620268891672689
41.15	0.9620091765143909
41.25	0.9629372900940655
41.35	0.9641630123878676
41.45	0.965431362343277
41.550000000000004	NaN
41.65	0.9676997943050973
41.75	0.9705182098290682
41.85	0.9738997958047636
41.95	0.9771759250405045
42.050000000000004	0.9800496746957087
42.15	NaN
42.25	0.9898986534387991
42.35	0.9911501945726866
42.45	0.9936529277759473
42.550000000000004	0.9976041293317096
42.65	1.0004888381666914
42.75	1.0053291323662978
42.85	1.0090698393715078
42.95	1.012853633925918
43.050000000000004	1.0153383328888599
43.15	1.0199539217169937
43.25	1.0235066317212003
43.35	1.02304793312669
43.45	1.0267195309289239
43.550000000000004	1.0276872304442997
43.65	NaN
43.75	1.0336947378438583
43.85	1.032729495286758
43.95	1.035076939698688
44.050000000000004	1.0355158000709355
44.15	1.035243304808951
44.25	NaN
44.35	1.033245057782455
44.45	1.032517268299151
44.550000000000004	1.0302431867944684
44.65	1.0308188695036022
44.75	1.0289780158979402
44.85	1.0258896927118346
44.95	1.0224450152099218
45.050000000000004	1.018648581671058
45.15	1.0170666759214575
45.25	1.0137136203479424
45.35	NaN
45.45	1.0080902970015424
45.550000000000004	1.005777354593553
45.65	NaN
45.75	0.9938868711079185
45.85	0.9957564577719933
45.95	0.9933718221325869
46.050000000000004	0.9895994856609214
46.15	0.9880065713513878
46.25	0.9828850226325918
46.35	0.9787032326444547
46.45	0.9786192540987113
46.550000000000004	0.9772206216782601
46.65	NaN
46.75	0.9741357245171312
46.85	0.9727890617098375
46.95	0.9726053351338935
47.050000000000004	0.9709281344976428
47.15	0.970629331782781
47.25	0.9698633745069883
47.35	0.9714945398666411
47.45	0.97191881431326
47.550000000000004	0.9727016678243704
47.65	0.9732373217388184
47.75	0.9744743472760962
47.85	0.9752860103301547
47.95	0.9766067250336026
48.050000000000004	0.9797543223814611
48.15	0.9743841632345518
48.25	0.9836363221774923
48.35	0.987140014109933
48.45	0.9882477486904171
48.550000000000004	0.9916905044260053
48.65	0.9939100104609025
48.75	0.9955141496091164
48.85	1.000152511022239
48.95	1.0025087266013326
49.050000000000004	1.0052325431588185
49.15	NaN
49.25	1.0118829614366802
49.35	1.0131997703185107
49.45	1.0151997046489791
49.550000000000004	1.018010840162532
49.65	1.0174731269216997
49.75	1.0205391527113878
49.85	1.0223612363522214
49.95	1.0232867271553043
50.050000000000004	1.02452948232513
50.15	1.0252304439298574
50.25	1.0268449515520746
50.35	1.027060691056828
50.45	1.02414623091708
50.550000000000004	1.0255953099059494
50.65	1.0260562376567768
50.75	1.024328065983353
50.85	1.0240614166627926
50.95	NaN
51.050000000000004	1.0219037448375268
51.15	1.0187873281364253
51.25	1.017144942121079
51.35	1.0169831723133826
51.45	1.0131967067348397
51.550000000000004	NaN
51.65	1.007848824146529
51.75	1.004472682338128
51.85	1.0043400317800744
51.95	0.9989504454016511
52.050000000000004	NaN
52.15	0.9956057259601595
52.25	0.9928886418875954
52.35	0.992705402952112
52.45	0.9871103061390648
52.550000000000004	0.9875711454561152
52.65	0.9872256778806517
52.75	0.9831405117033339
52.85	0.9818274272977957
52.95	NaN
53.050000000000004	0.979443410601966
53.15	NaN
53.25	0.9770895460046258
53.35	0.9784626708622233
53.45	0.9781755732225336
53.550000000000004	NaN
53.65	0.9758974093826022
53.75	NaN
53.85	0.9780063322403432
53.95	0.9797290795315269
54.050000000000004	NaN
54.15	0.9810629883669528
54.25	NaN
54.35	0.9833876109407939
54.45	0.987169242461065
54.550000000000004	NaN
54.65	0.9887278402240176
54.75	0.991198062071065
54.85	0.9924504469801246
54.95	0.9965503212992473
55.050000000000004	0.9990340489482603
55.15	0.9999769243346843
55.25	1.0020832497830123
55.35	1.0089524375585353
55.45	1.007140888508825
55.550000000000004	1.0103364659689467
55.65	1.012221187995268
55.75	1.0129456232271754
55.85	1.0135728589893853
55.95	1.0156715534204954
56.050000000000004	1.0164614152223677
56.15	1.0187590248232652
56.25	1.0186673563457393
56.35	1.0204445952074965
56.45	1.0233398397828743
56.550000000000004	1.0186926837037367
56.65	1.0228268468763704
56.75	NaN
56.85	1.020913466506826
56.95	1.0179203138022
57.050000000000004	1.01982266937239
57.15	1.017233560888945
57.25	1.0209367655918276
57.35	NaN
57.45	1.014447465249611
57.550000000000004	1.0126891358512422
57.65	1.0101887151549964
57.75	1.0098844995816054
57.85	1.00979452276757
57.95	1.0051671543283311
58.050000000000004	1.0027613367684336
58.15	1.000584069304395
58.25	0.9990764265120811
58.35	0.9974458258456956
58.45	NaN
58.550000000000004	0.9940594738660555
58.65	0.9926926330558978
58.75	NaN
58.85	0.9880594650257027
58.95	NaN
59.050000000000004	0.987684920217096
59.15	0.9860895667982397
59.25	0.9854771839760122
59.35	0.9824955703254922
59.45	0.9820734479044275
59.550000000000004	0.9820090940976397
59.65	0.9820001314121485
59.75	0.9815576641758121
59.85	NaN
59.95	0.9803448660352686
60.050000000000004	NaN
60.15	0.982672027518061
60.25	0.982424547592462
60.35	NaN
60.45	0.9853630799801846
60.550000000000004	0.9882877963338619
60.65	0.9879752397482473
60.75	0.9892413891547699
60.85	0.9907671322058429
60.95	0.9925950842846422
61.050000000000004	0.9928973040195401
61.15	0.9961774984205595
61.25	0.9987432355849927
61.35	0.999085028324352
61.45	1.0003031188938625
61.550000000000004	NaN
61.65	1.0057075588730777
61.75	NaN
61.85	NaN
61.95	1.008195718997629
62.050000000000004	1.0098268874120186
62.15	1.0112401908374506
62.25	1.0128580124423197
62.35	1.0140410723716402
62.45	1.014939734413806
62.550000000000004	1.0171931698041128
62.65	1.0178894543112402
62.75	1.017303913769239
62.85	1.0181165689090046
62.95	1.0171762261142236
63.050000000000004	1.0168163454039767
63.15	1.0165473702233117
63.25	NaN
63.35	1.0153683235245345
63.45	1.015574587445544
63.550000000000004	1.0137791534726184
63.65	1.0134426899433706
63.75	1.0115304853227445
63.85	1.0107043828335056
63.95	1.008755690740111
64.05	1.0076624516646377
64.14999999999999	1.0055408690464336
64.25	1.0049261344034157
64.35	1.0009122044042027
64.44999999999999	1.0016218655256126
64.55	1.0005838881864624
64.64999999999999	0.9988605091953425
64.75	0.991454816275374
64.85	0.9977983813181163
64.94999999999999	0.9920679212274083
65.05	0.9923445221618223
65.14999999999999	0.9891988787079777
65.25	NaN
65.35	0.9910238220473425
65.44999999999999	NaN
65.55	0.9865949313225614
65.64999999999999	0.9852799951485014
65.75	0.9858412301809754
65.85	0.9842767536045195
65.94999999999999	0.984781928159271
66.05	NaN
66.14999999999999	0.9843272996616673
66.25	0.9871568044666711
66.35	0.9869522079120442
66.44999999999999	0.9859269207716819
66.55	0.9849737452208949
66.64999999999999	NaN
66.75	0.9874822650285175
66.85	NaN
66.94999999999999	NaN
67.05	0.9911220947806053
67.14999999999999	0.991516844076308
67.25	0.9937289116519387
67.35	0.9958181823094956
67.44999999999999	0.995987653657085
67.55	1.0010001657612004
67.64999999999999	NaN
67.75	NaN
67.85	0.999937235475392
67.94999999999999	1.0053722317404066
68.05	1.0068993374098276
68.14999999999999	1.008580102061996
68.25	NaN
68.35	1.0103139868130793
68.44999999999999	1.0100682205424654
68.55	1.0115943583980966
68.64999999999999	NaN
68.75	1.0120187277087966
68.85	1.0139428901849874
68.94999999999999	1.0141332448013545
69.05	1.0125560613075548
69.14999999999999	1.012229890014585
69.25	1.0142732089001663
69.35	1.0129717939621263
69.44999999999999	NaN
69.55	1.0136876767670993
69.64999999999999	1.012553410151201
69.75	NaN
69.85	1.0116943354884922
69.94999999999999	NaN
70.05	1.0087408716080473
70.14999999999999	1.0077706872896668
70.25	NaN
70.35	1.0050344451529725
70.44999999999999	NaN
70.55	1.002781041866351
70.64999999999999	1.0033285118565483
70.75	0.9999343212002574
70.85	1.0004308006369058
70.94999999999999	0.9974104854024655
71.05	0.9965983755943385
71.14999999999999	0.9962411960052031
71.25	NaN
71.35	0.9934820102226395
71.44999999999999	0.9919946206694045
71.55	0.9901149101053823
71.64999999999999	0.9920673896962228
71.75	0.9903154768663759
71.85	0.9880689489124642
71.94999999999999	0.9868430476374841
72.05	NaN
72.14999999999999	NaN
72.25	NaN
72.35	NaN
72.44999999999999	0.9851005114175283
72.55	0.987676708802722
72.64999999999999	0.988561228963309
72.75	NaN
72.85	0.9885982469886481
72.94999999999999	0.9905951020595722
73.05	0.9894730765783388
73.14999999999999	0.9908063785273414
73.25	0.9924113041292322
73.35	0.9930496697084759
73.44999999999999	NaN
73.55	0.9957871533427615
73.64999999999999	NaN
73.75	NaN
73.85	0.9998054676810457
73.94999999999999	0.9991233166498981
74.05	1.0011114656996891
74.14999999999999	1.0034226146235998
74.25	1.0020954924421535
74.35	1.004645136035867
74.44999999999999	1.0064950523090128
74.55	1.0078525764081876
74.64999999999999	1.0105113482905823
74.75	1.0097678204572111
74.85	1.0084697313870608
74.94999999999999	1.0134338421400555
75.05	1.0118381506339684
75.14999999999999	1.0110622331626857
75.25	NaN
75.35	NaN
75.44999999999999	NaN
75.55	1.0119253186387658
75.64999999999999	NaN
75.75	NaN
75.85	1.0107378506315008
75.94999999999999	1.0106634998772046
76.05	1.0102249531335845
76.14999999999999	1.0085530121210062
76.25	NaN
76.35	1.008324219545593
76.44999999999999	NaN
76.55	1.0057680245356615
76.64999999999999	1.0053499506823964
76.75	NaN
76.85	NaN
76.95	NaN
77.05	NaN
77.14999999999999	0.9948995635142663
77.25	0.9985974495332961
77.35	0.9954441840978131
77.45	0.9954469686750607
77.55	0.9924351494349516
77.64999999999999	0.9937626813435209
77.75	0.9932546313099102
77.85	0.9923284578678422
77.95	0.9912214190046781
78.05	0.9889465017937475
78.14999999999999	0.9906520022531325
78.25	0.9905788764994973
78.35	0.9908339724096802
78.45	NaN
78.55	NaN
78.64999999999999	0.9875407473681734
78.75	0.9911153327327434
78.85	NaN
78.95	0.9897268344672768
79.05	NaN
79.14999999999999	NaN
79.25	0.9912281357701871
79.35	NaN
79.45	0.9904606765825452
79.55	0.9940095023133486
79.64999999999999	NaN
79.75	0.994708574979064
79.85	0.9957301499095358
