0.15	0.03655003874153246
0.25	0.036755535501502005
0.35	0.03684321500938487
0.45	0.036981211196107464
0.55	0.037349594052561066
0.65	0.03809057782137268
0.7500000000000001	0.038033798968649175
0.85	0.0382190336880092
0.95	0.03913841418996377
1.05	0.039711415908876425
1.15	0.04055386729850783
1.25	0.04085329801358912
1.35	0.04180341574636073
1.45	0.04279480479985288
1.55	0.04360415899708352
1.65	0.04497648453588958
1.75	0.046080501688669534
1.85	0.04760310647089342
1.95	0.04877984493784239
2.05	0.05033573778393409
2.15	0.05208368174102756
2.25	0.05397126271606084
2.35	0.05592608404395841
2.45	0.057869435297993044
2.5500000000000003	0.06017607426152215
2.65	0.06311808155705609
2.75	0.06599302651941526
2.85	0.06901282656908708
2.95	0.07233795758047709
3.0500000000000003	0.07619099334392752
3.15	0.08030321012944246
3.25	0.08465713440366288
3.35	0.09003493488468133
3.45	0.09568035434654419
3.5500000000000003	0.10161254452426623
3.65	0.10779353719482104
3.75	0.11581715827980037
3.85	0.12370251073311962
3.95	0.13354269953712933
4.05	0.14354545102970226
4.1499999999999995	0.155412110574494
4.25	0.1682937145542952
4.35	0.18369225056905558
4.449999999999999	0.20074061509852728
4.55	0.21985473626190882
4.6499999999999995	0.2415093278541241
4.75	0.26753135474076095
4.85	0.2949957848951214
4.95	0.32986486801832204
5.05	0.3695964508729475
5.1499999999999995	0.41343086049539934
5.25	0.4647613337910324
5.35	0.5236514077789193
5.45	0.5976055022983553
5.55	0.6773454843691914
5.6499999999999995	0.7731019135347355
5.75	0.8862413513310148
5.85	1.013467114746806
5.95	1.1486697068331166
6.05	1.3076255299986588
6.1499999999999995	1.4807957007166475
6.25	1.645303603398792
6.35	1.8149362184046312
6.45	1.955633353526021
6.55	2.0638417038170322
6.6499999999999995	2.1256633348535026
6.75	2.134597464357675
6.85	2.1036505111510464
6.95	2.028503634522825
7.05	1.9321941429789777
7.1499999999999995	1.8161698383115443
7.25	1.7004847996147092
7.35	1.5895637322651717
7.45	1.473665703219206
7.55	1.370001021158579
7.6499999999999995	1.2805611680712203
7.75	1.195273883104842
7.85	1.121880323526214
7.95	1.054923962803873
8.05	0.9963836384282944
8.15	0.945373184911466
8.25	0.9037011801627189
8.350000000000001	0.8629250687933835
8.450000000000001	0.8282980542726099
8.55	0.8010173427577816
8.65	0.7773094905466499
8.75	0.7551918243728943
8.850000000000001	0.736491977860658
8.950000000000001	0.7230517018642487
9.05	0.711744892080777
9.15	0.7009109528883656
9.25	0.6954775080705491
9.350000000000001	0.6896357842269737
9.450000000000001	0.687316525017961
9.55	0.6859887519777623
9.65	0.6883398261636027
9.750000000000002	0.6911445112724804
9.85	0.697579059197221
9.95	0.7028519816681569
10.049999999999999	0.7120500499308055
10.149999999999999	0.721579414435716
10.25	0.7337052734051376
10.35	0.7469800993490204
10.45	0.7625125765633305
10.549999999999999	0.779912581472098
10.649999999999999	0.7967066266557973
10.75	0.8184027645984571
10.85	0.8385967701717072
10.95	0.8611410823102609
11.049999999999999	0.8870577538358564
11.149999999999999	0.9097658117127626
11.25	0.9363911712383046
11.35	0.9636831529261886
11.45	0.9920803453464428
11.549999999999999	1.019561531256534
11.649999999999999	1.0440551315700275
11.75	1.0705851514763365
11.85	1.1005334364203812
11.95	1.1226797122436554
12.049999999999999	1.1460195329022735
12.149999999999999	1.1672897736570325
12.25	1.1858214613310392
12.35	1.2030652852427925
12.45	1.2171090548925272
12.549999999999999	1.2279959695517733
12.649999999999999	1.2333537034613609
12.75	1.2403855478860066
12.85	1.2440401892619988
12.95	1.2383100916786385
13.049999999999999	1.234914318323379
13.149999999999999	1.2255224995565692
13.25	1.214179748968115
13.35	1.2016096400932241
13.45	1.1856367580192226
13.549999999999999	1.1715271619771264
13.649999999999999	1.1483944531707813
13.75	1.128895862711364
13.85	1.1088483135376956
13.95	1.0869914774428557
14.049999999999999	1.0668370561308003
14.149999999999999	1.0468385635331126
14.25	1.0264898901010573
14.35	1.0069431339870798
14.45	0.9869750286240954
14.549999999999999	0.967705908813346
14.649999999999999	0.9527541443495362
14.75	0.9389054251105253
14.85	0.9232623546125678
14.95	0.9109421934300944
15.049999999999999	0.9002150373798595
15.149999999999999	0.8894913268526468
15.25	0.88061283032011
15.35	0.8739659631182725
15.45	0.8683559875626315
15.549999999999999	0.8641018005330361
15.649999999999999	0.8607684817130008
15.75	0.8588138273107985
15.85	0.858417424715677
15.95	0.8583259230980167
16.05	0.8602580154257401
16.15	0.862572723515093
16.25	0.8676393069824595
16.349999999999998	0.8744254005687607
16.45	0.8780701615626645
16.55	0.8851287808049633
16.65	0.892702276208313
16.75	0.9028459160182541
16.849999999999998	0.9114335611977887
16.95	0.9239504931836467
17.05	0.9329193893511297
17.15	0.9451332196099086
17.25	0.9575963624659427
17.349999999999998	0.968875667500807
17.45	0.9823323062098922
17.55	0.9962825044124805
17.65	1.0104046065552639
17.75	1.0205520281654556
17.849999999999998	1.032650287847381
17.95	1.0462976296919424
18.05	1.054953650161511
18.15	1.0656408227843666
18.25	1.0762289607815292
18.349999999999998	1.0843620458478214
18.45	1.0938505575739708
18.55	1.0963732107752011
18.65	1.1027086309039789
18.75	1.109238255379692
18.849999999999998	1.1090511080984857
18.95	1.1096058717629038
19.05	1.111993633335605
19.15	1.1072822013900068
19.25	1.1067584735902334
19.35	1.1027863882039948
19.45	1.0975411053883648
19.55	1.0935863762051274
19.65	1.0853998175159323
19.75	1.0780329349270064
19.85	1.0686251691839037
19.95	1.0633954310855738
20.05	1.0507177162092198
20.15	1.0447143690563703
20.25	1.0334477351874363
20.35	1.0243001976127144
20.45	1.0139963535114644
20.55	1.0041483964131568
20.65	0.9965249157958442
20.75	0.9885991663779572
20.85	0.9794217891278889
20.95	0.9735971805913329
21.05	0.9645385054062993
21.15	0.9543227453730752
21.25	0.9523577619985111
21.35	0.9440122247671424
21.45	0.9402502051381579
21.55	0.9338142531618226
21.65	0.9314089342550104
21.75	0.9296587436440698
21.85	0.9255009238657277
21.95	0.9227677126557878
22.05	0.922528333848486
22.15	0.9227905274430912
22.25	0.923381702632154
22.35	0.9257083272833855
22.45	0.9271303818343501
22.55	0.9286774832240116
22.65	0.9320024351153511
22.75	0.9344480242290883
22.85	0.9399977160248967
22.95	0.9453929170713925
23.05	0.9520627745544595
23.15	0.9567844837916115
23.25	0.9629058808138626
23.35	0.9692603090029156
23.45	0.9764135423697723
23.55	0.9844153728349125
23.65	0.9885982671935065
23.75	0.9940813438961897
23.85	1.0070066561455502
23.95	1.0118151953622354
24.05	1.0177133779589813
24.15	1.0246626013055935
24.25	1.0312934853094462
24.35	1.036774370997799
24.45	1.0422978748425624
24.55	1.0479782245887082
24.65	1.053115456547083
24.75	1.0564055929553056
24.85	1.0584518052703704
24.95	1.0604512075003858
25.05	1.0628407779758589
25.15	1.0634953938937788
25.25	1.0632126686465335
25.35	1.0645266867623282
25.45	1.0622684462990568
25.55	1.0567579296657075
25.65	1.0590425284985505
25.75	1.0553259497287772
25.85	1.0503528490660783
25.95	1.0469321574021693
26.05	1.0445952842519028
26.15	1.0367890885816096
26.25	1.0344560376566385
26.35	1.0264645330272435
26.45	1.0223040709541025
26.55	1.0162960166422117
26.65	1.0108635758342128
26.75	1.0045331356655767
26.85	1.0008465047656365
26.95	0.9930972285655866
27.05	0.989937830769881
27.15	0.984461409251556
27.25	0.9792295306230249
27.35	0.975997829921672
27.45	0.9720651277696406
27.55	0.9684987639081809
27.65	0.96458661872949
27.75	0.9604873011450312
27.85	0.9593535868023557
27.95	0.9554429173194106
28.05	0.954759802139059
28.15	0.9537068414309415
28.25	0.9528574699195203
28.35	0.9534521540394184
28.45	0.9526715452891681
28.55	0.9540975566608482
28.65	0.9534953293441215
28.75	0.9555811750366437
28.85	0.9557858948603071
28.95	0.9600766834323223
29.05	0.960986655153612
29.15	0.9645314592408548
29.25	0.9679633847404195
29.35	0.9717216074055173
29.45	0.9762134466107069
29.55	0.977485182298146
29.65	0.983663408926024
29.75	0.984707753109541
29.85	0.992566139682167
29.95	NaN
30.05	1.0011183494971378
30.15	1.003977267377918
30.25	1.0099620363183313
30.35	1.0136032639706767
30.45	1.0184085030707428
30.55	1.0212335575389133
30.65	1.027457435346204
30.75	1.0282635954656647
30.85	1.0323421332556846
30.95	1.035026089310534
31.05	1.0360077845100926
31.15	1.0388288540755375
31.25	1.0404137391902202
31.35	1.0399266685036315
31.45	1.0419440136126439
31.55	1.0407356261971785
31.65	1.0386356194720978
31.75	NaN
31.85	1.0375106759500732
31.95	1.0383789508322945
32.05	1.034679476936491
32.15	1.0322877669229031
32.25	1.0296529640940841
32.35	1.0261823243963495
32.45	1.0234697820892573
32.55	1.0205677443203547
32.65	1.0195517475862619
32.75	1.0154645240662843
32.85	1.0093794866360741
32.95	1.0064883241428517
33.05	1.0008305115630796
33.15	0.9979931981175388
33.25	0.9962996035000617
33.35	0.9910681172284268
33.45	0.9874854180543244
33.55	0.9860667952737263
33.65	0.9834999638107519
33.75	0.9785244553039888
33.85	0.9779932492713692
33.95	0.9751246809164392
34.05	0.9718536943135594
34.15	0.9714284272798324
34.25	0.9688580064536573
34.35	0.9700224834410013
34.45	0.965576017214693
34.55	0.9689820856189565
34.65	0.9680182068154283
34.75	0.9686579293766334
34.85	0.9688381345608215
34.95	0.9691643811096794
35.05	0.9680131544769529
35.15	0.9723271184017358
35.25	0.9716454072550887
35.35	0.9743842877231313
35.45	0.9779513797784428
35.55	0.979223032903017
35.65	0.9808407612033075
35.75	0.9843464050221978
35.85	0.9897085236288333
35.95	0.9903470998621162
36.05	0.9930359734250109
36.15	0.9962924085951982
36.25	1.000634743537191
36.35	1.0016944602362718
36.45	1.0055765190045736
36.55	1.004732331166888
36.65	NaN
36.75	1.0132347537794657
36.85	1.0160354764178618
36.95	1.0179817398871873
37.05	1.0181740769482979
37.15	1.0231441698260708
37.25	1.0238286033958734
37.35	1.026589213155525
37.45	1.0269055155389002
37.55	1.027157289639504
37.65	1.0281571398330256
37.75	1.0285081035489863
37.85	1.0279132668806847
37.95	1.0293880878402475
38.05	NaN
38.15	NaN
38.25	1.0309394557179665
38.35	1.0233487260192313
38.45	1.021809475822071
38.550000000000004	1.0206442293696647
38.65	1.019399051013448
38.75	1.0178289845680002
38.85	1.0109286390907875
38.95	1.0117889736942913
39.050000000000004	1.0080581317688035
39.15	1.0051925600837888
39.25	1.0026689828380864
39.35	1.0006095329843299
39.45	0.9988286962453558
39.550000000000004	0.9935862723383273
39.65	NaN
39.75	0.9907568426567838
39.85	0.9899275857727712
39.95	0.9867496412693856
40.050000000000004	0.9858292610940084
40.15	0.9832109909879128
40.25	0.9829295621492028
40.35	NaN
40.45	0.977349209183203
40.550000000000004	0.9767846804095919
40.65	0.9787338355042263
40.75	0.9779771622876203
40.85	0.9778666964960683
40.95	0.9764673696763411
41.050000000000004	0.9768815291538382
41.15	0.9770674528466656
41.25	0.977959860083661
41.35	0.9780185196618805
41.45	0.979899396225868
41.550000000000004	0.9799488707821217
41.65	0.9820500790091745
41.75	0.9836659258492007
41.85	0.9831728871548431
41.95	0.9888140999078707
42.050000000000004	0.9892193305389603
42.15	0.9916096256742171
42.25	0.9954202060313586
42.35	0.9945315394166172
42.45	0.9967687708691707
42.550000000000004	0.9991583355729168
42.65	1.0041110551489418
42.75	1.0044313709239696
42.85	1.0075940607125677
42.95	1.0093343250299294
43.050000000000004	1.0110923251401098
43.15	NaN
43.25	1.014982517919644
43.35	1.016648257116604
43.45	1.0173858406564247
43.550000000000004	1.0202290383280164
43.65	NaN
43.75	NaN
43.85	1.0205960774656784
43.95	1.0211153055140503
44.050000000000004	1.0202629558885608
44.15	1.0214342067400668
44.25	1.0167209848689962
44.35	1.0195414110707297
44.45	NaN
44.550000000000004	1.0173883943248838
44.65	1.0174849337995369
44.75	1.0152837756180215
44.85	1.0151411516146494
44.95	1.0133452941169077
45.050000000000004	1.010387102113892
45.15	1.0099364154807844
45.25	1.007920638440031
45.35	1.0063992557941834
45.45	1.0033866139705954
45.550000000000004	1.0022239222631906
45.65	1.001656990254698
45.75	NaN
45.85	0.9962431848554596
45.95	NaN
46.050000000000004	0.9911601637097232
46.15	0.99302248135888
46.25	0.9889502204171629
46.35	NaN
46.45	0.9876260392108731
46.550000000000004	0.9851103868752985
46.65	NaN
46.75	0.9844810612205621
46.85	0.982150117882278
46.95	0.982644694233159
47.050000000000004	0.9809218611672517
47.15	0.9829326747938207
47.25	0.9824873345271004
47.35	0.984008445800756
47.45	NaN
47.550000000000004	0.9832098632857982
47.65	0.9823774788130495
47.75	0.9847521805834268
47.85	0.9844666498669924
47.95	0.9868512668942002
48.050000000000004	0.9900297363660067
48.15	0.990813528641006
48.25	0.9905690774588104
48.35	0.9925951197591809
48.45	0.9929557135945699
48.550000000000004	0.9968839626839662
48.65	0.9956713591845021
48.75	1.0013682518522082
48.85	1.0007772550385774
48.95	1.0018191439970832
49.050000000000004	1.0038116048493262
49.15	1.0045269354282356
49.25	1.0059738288054725
49.35	1.0080556367457056
49.45	1.009952053741409
49.550000000000004	1.0106112412310082
49.65	1.0125010430675374
49.75	NaN
49.85	1.0141641190521433
49.95	1.0154408712382224
50.050000000000004	1.0137660183622887
50.15	1.0160762376490484
50.25	1.014203732800879
50.35	1.0180469824549068
50.45	1.0153039121582823
50.550000000000004	1.0160260215288957
50.65	1.015586373457077
50.75	1.01453158186871
50.85	1.0127756768423415
50.95	1.0130963912873163
51.050000000000004	1.0117816809102769
51.15	1.012375751506442
51.25	1.010051257608674
51.35	1.01122092978538
51.45	1.0072826276396705
51.550000000000004	1.00666252246551
51.65	1.0036458707147742
51.75	1.0040383442733445
51.85	1.0007317208564463
51.95	0.9993526390494761
52.050000000000004	0.9984337689991094
52.15	NaN
52.25	0.993139221026306
52.35	0.996081660720197
52.45	0.9913888671670344
52.550000000000004	0.9893182330003457
52.65	0.9922015869999735
52.75	0.9901226937751044
52.85	0.9887384327188115
52.95	0.9878958302322524
53.050000000000004	0.9859815047256424
53.15	0.9893460667348074
53.25	0.9865048730348978
53.35	0.9857146435545964
53.45	0.9871453141708572
53.550000000000004	0.9857244308693521
53.65	0.9870016218150962
53.75	0.9861375810803368
53.85	0.9850209011158099
53.95	0.9860870721836755
54.050000000000004	0.9889650313218366
54.15	0.989691633946836
54.25	0.9916097892908223
54.35	0.9916305494775481
54.45	0.9912793761239823
54.550000000000004	NaN
54.65	0.9938733015130099
54.75	0.9967820330144421
54.85	0.9988668207384418
54.95	0.9978423608837557
55.050000000000004	1.0013445854077248
55.15	1.001473177995843
55.25	1.0030702751839684
55.35	1.0039990300380437
55.45	1.0044826271050251
55.550000000000004	1.0058516827413126
55.65	NaN
55.75	1.0075294575113543
55.85	1.010237534038609
55.95	1.00911003548404
56.050000000000004	1.0103365713540509
56.15	1.0089208438365105
56.25	1.0150509332774578
56.35	1.0160670501187552
56.45	1.0135113761677117
56.550000000000004	1.012230000016265
56.65	1.0121480546376713
56.75	1.0150397766073755
56.85	1.0118647278045954
56.95	1.0123356317089596
57.050000000000004	1.010735651017542
57.15	1.011549774277473
57.25	1.0139642704989056
57.35	1.0092770111385312
57.45	1.00860219082604
57.550000000000004	NaN
57.65	1.0051525537641752
57.75	1.0040032735895228
57.85	1.0037681660726359
57.95	1.0009409793453192
58.050000000000004	NaN
58.15	1.0000883557616087
58.25	0.9997723022851577
58.35	0.9995774619794742
58.45	0.9964029329613955
58.550000000000004	0.9967642227271473
58.65	0.9929341918950403
58.75	NaN
58.85	0.9936432482065746
58.95	0.991202005307217
59.050000000000004	0.9913905099403625
59.15	0.9907222399707373
59.25	0.9905613211333805
59.35	0.9911808408359563
59.45	0.990668012077941
59.550000000000004	0.9884027399844679
59.65	NaN
59.75	0.9887201082228138
59.85	0.9900576549387163
59.95	0.989143374481675
60.050000000000004	0.9889234147932591
60.15	0.9875495211831847
60.25	0.9897746709132659
60.35	NaN
60.45	0.9892341626169304
60.550000000000004	0.9928055877251696
60.65	0.991848432525096
60.75	0.9957450011648817
60.85	NaN
60.95	0.9959274507093507
61.050000000000004	0.9982416952483514
61.15	0.9980081736955976
61.25	0.9979257401936072
61.35	1.0018361645050524
61.45	0.9996918192280065
61.550000000000004	1.0026227362214013
61.65	1.0046978462361729
61.75	1.0057066897451596
61.85	1.0045120887641643
61.95	NaN
62.050000000000004	1.0051415090925677
62.15	1.008136946563631
62.25	1.0091505631204336
62.35	1.0089632953778394
62.45	NaN
62.550000000000004	1.007933835432055
62.65	NaN
62.75	NaN
62.85	1.0109537397351949
62.95	1.0091255883183634
63.050000000000004	1.0105827843003399
63.15	1.008965753952272
63.25	1.0102993073091042
63.35	1.0101629242504495
63.45	1.0105008448763206
63.550000000000004	1.0070171340903975
63.65	NaN
63.75	1.0065357929929364
63.85	NaN
63.95	1.0051191185268615
64.05	1.003628267342034
64.14999999999999	1.004372474623195
64.25	1.0022413259926135
64.35	NaN
64.44999999999999	1.001692730446902
64.55	0.9990235393410403
64.64999999999999	0.9977669719020553
64.75	0.9969174637132152
64.85	0.9971606851908449
64.94999999999999	0.9955868762713531
65.05	0.9954503852859945
65.14999999999999	NaN
65.25	0.9943862059272365
65.35	0.9929608277745294
65.44999999999999	0.9923021593414679
65.55	0.9910362311455819
65.64999999999999	NaN
65.75	0.9904000439347573
65.85	0.9906446456226096
65.94999999999999	NaN
66.05	NaN
66.14999999999999	0.9903427683176385
66.25	0.9912718920475326
66.35	0.9913094602056758
66.44999999999999	0.9935978013925942
66.55	NaN
66.64999999999999	0.9924009256353103
66.75	0.9951104509669728
66.85	NaN
66.94999999999999	NaN
67.05	NaN
67.14999999999999	NaN
67.25	0.9980324017019616
67.35	NaN
67.44999999999999	NaN
67.55	0.9998896806038409
67.64999999999999	0.9994661912262317
67.75	1.0006623367480154
67.85	1.0010588435426933
67.94999999999999	NaN
68.05	1.0034514571895734
68.14999999999999	1.003934733965507
68.25	1.003962934673562
68.35	1.005639887811386
68.44999999999999	1.005510504384832
68.55	1.0061350516113592
68.64999999999999	NaN
68.75	1.0080795862726653
68.85	1.0083904513174824
68.94999999999999	1.007145381848177
69.05	NaN
69.14999999999999	1.0079699549823598
69.25	NaN
69.35	1.008196338951323
69.44999999999999	1.0050884245746978
69.55	1.0074544679838076
69.64999999999999	1.0078980340177035
69.75	1.0058228000180358
69.85	1.0070130836346172
69.94999999999999	1.0062313872576527
70.05	NaN
70.14999999999999	1.0047003055612425
70.25	1.0036939956995157
70.35	1.0034724740477963
70.44999999999999	1.0027512231078737
70.55	1.003210655304616
70.64999999999999	1.0012135141021277
70.75	1.0008956932562383
70.85	0.9996789146402805
70.94999999999999	0.9978345758891619
71.05	0.9975534604258233
71.14999999999999	NaN
71.25	0.9956258151998051
71.35	NaN
71.44999999999999	0.9945471383394259
71.55	0.9930158553914218
71.64999999999999	0.9930054900066415
71.75	0.9927034580306616
71.85	NaN
71.94999999999999	NaN
72.05	0.9925882312741354
72.14999999999999	NaN
72.25	0.9917408633507172
72.35	0.992611546330612
72.44999999999999	NaN
72.55	NaN
72.64999999999999	0.9931438891099927
72.75	0.9935159521706979
72.85	0.9935337214692826
72.94999999999999	NaN
73.05	0.9954011742263673
73.14999999999999	0.9941299340564997
73.25	0.9975005398110137
73.35	0.9965090850050441
73.44999999999999	0.9970898204239169
73.55	0.9965772203089307
73.64999999999999	1.0004400830136766
73.75	0.9988777099298791
73.85	1.0002646216354674
73.94999999999999	NaN
74.05	NaN
74.14999999999999	1.0026833330020426
74.25	1.0036101301082052
74.35	1.0038238876938397
74.44999999999999	1.0055827695517547
74.55	1.0048615076596428
74.64999999999999	NaN
74.75	NaN
74.85	1.0048725979446242
74.94999999999999	1.0058128172599017
75.05	1.0063318336009055
75.14999999999999	1.0086017299216892
75.25	1.0078296324985114
75.35	1.006777620750789
75.44999999999999	1.0060289547613293
75.55	1.0078681544541963
75.64999999999999	1.0083655759599621
75.75	NaN
75.85	1.0069423911841742
75.94999999999999	NaN
76.05	1.0040011296271552
76.14999999999999	1.0049341007622181
76.25	1.0048401703834309
76.35	1.0040906960332598
76.44999999999999	NaN
76.55	1.0016851889918612
76.64999999999999	1.0046102921784537
76.75	NaN
76.85	1.001816224997546
76.95	1.0000754483606569
77.05	0.9997048558929914
77.14999999999999	0.9989127258848342
77.25	NaN
77.35	NaN
77.45	NaN
77.55	0.9969855891365494
77.64999999999999	NaN
77.75	0.9937514450448992
77.85	0.9964335712687076
77.95	NaN
78.05	0.9948530621214027
78.14999999999999	NaN
78.25	0.9931835935288543
78.35	0.9940987241531655
78.45	NaN
78.55	NaN
78.64999999999999	NaN
78.75	0.9947079141033659
78.85	0.99334608797425
78.95	0.9933082877214654
79.05	NaN
79.14999999999999	NaN
79.25	0.9946087329833686
79.35	0.9951438545458128
79.45	NaN
79.55	0.9953960781735409
79.64999999999999	NaN
79.75	0.9973116356859498
79.85	0.9990163268101193
