0.15	0.01926493258903553
0.25	0.019503127254528702
0.35	0.01923163760237022
0.45	0.019127211118555417
0.55	0.019416186213029582
0.65	0.019359081496253105
0.7500000000000001	0.019767687655402467
0.85	0.019852536442431415
0.95	0.020056964056429392
1.05	0.020484766840520415
1.15	0.020929241635115482
1.25	0.021234895141457533
1.35	0.021513226053275093
1.45	0.021959960573191526
1.55	0.022597780741705344
1.65	0.02304364868013844
1.75	0.023717355898614154
1.85	0.02435911867291662
1.95	0.02509547976791278
2.05	0.025744212202693014
2.15	0.02672020719459083
2.25	0.027518781417414543
2.35	0.02857327346146845
2.45	0.02951624685638852
2.5500000000000003	0.03082856961603972
2.65	0.03197168781894466
2.75	0.03349236688209701
2.85	0.03492103422531734
2.95	0.03669452924792125
3.0500000000000003	0.038284585790027185
3.15	0.04032005728490948
3.25	0.04244734752412005
3.35	0.04509314032707927
3.45	0.047474919179912124
3.5500000000000003	0.05053279365462392
3.65	0.053728110661256684
3.75	0.057498795538395805
3.85	0.06108100248627671
3.95	0.06585271050381468
4.05	0.07067255163621948
4.1499999999999995	0.07635716560044774
4.25	0.082418587107183
4.35	0.09003033943343089
4.449999999999999	0.09753288978693847
4.55	0.10642197637839318
4.6499999999999995	0.116775058389022
4.75	0.12907165961171269
4.85	0.1431834141686034
4.95	0.15961852881338398
5.05	0.17704080447925324
5.1499999999999995	0.19982225784253485
5.25	0.2244465352322501
5.35	0.25535851594283243
5.45	0.2921113699616675
5.55	0.33570015454908436
5.6499999999999995	0.3870033144649788
5.75	0.45372832640471833
5.85	0.5302814373854123
5.95	0.6258746009952975
6.05	0.746714610550081
6.1499999999999995	0.8982403933559246
6.25	1.082467963807944
6.35	1.2987310674340193
6.45	1.5766847689917782
6.55	1.8879064658797835
6.6499999999999995	2.22165323568629
6.75	2.5411748947735573
6.85	2.7832750737051195
6.95	2.930154146387608
7.05	2.910267160724994
7.1499999999999995	2.772136983605617
7.25	2.5551351906069515
7.35	2.2943755878330374
7.45	2.0439366444974096
7.55	1.8152222062778087
7.6499999999999995	1.6047021581896694
7.75	1.4334316417101904
7.85	1.2821996626111545
7.95	1.1604562825702898
8.05	1.0607281942217281
8.15	0.9733168404593652
8.25	0.9003227838270482
8.350000000000001	0.8384325920964912
8.450000000000001	0.7877468796554264
8.55	0.7438940425349854
8.65	0.7061416643940649
8.75	0.6772443032273552
8.850000000000001	0.6512058224539772
8.950000000000001	0.6296162030243978
9.05	0.6114249742312826
9.15	0.5983379645633468
9.25	0.5873733537078879
9.350000000000001	0.5780707082259084
9.450000000000001	0.5731676311333784
9.55	0.570460085752971
9.65	0.568120017797174
9.750000000000002	0.5690772579711464
9.85	0.5730203529732336
9.95	0.5788542442885727
10.049999999999999	0.5841761203641945
10.149999999999999	0.5946128458145602
10.25	0.6058237076226257
10.35	0.6191105552899625
10.45	0.6356100411467854
10.549999999999999	0.6516349477042798
10.649999999999999	0.6723606185703146
10.75	0.6957881056122632
10.85	0.7210320088239123
10.95	0.7473186735139917
11.049999999999999	0.778398009625866
11.149999999999999	0.8105997849319259
11.25	0.8439100167070279
11.35	0.8807946427058745
11.45	0.9195996172959823
11.549999999999999	0.9633266112027965
11.649999999999999	1.0030875793269518
11.75	1.0420289343373255
11.85	1.0863086109890385
11.95	1.1235979451819569
12.049999999999999	1.1645838261043016
12.149999999999999	1.2003416867380676
12.25	1.2333351228734106
12.35	1.257443514204554
12.45	1.2864851227480394
12.549999999999999	1.3035748833749714
12.649999999999999	1.321593086019938
12.75	1.328957243619172
12.85	1.3362488943311666
12.95	1.3409741413776375
13.049999999999999	1.3396838289605448
13.149999999999999	1.33353178420071
13.25	1.328853208595633
13.35	1.3186983481372188
13.45	1.3017185176507775
13.549999999999999	1.2870641468037305
13.649999999999999	1.2685095140668028
13.75	1.2452901408806667
13.85	1.2175766516368618
13.95	1.189943347338782
14.049999999999999	1.1603483352592676
14.149999999999999	1.1285692439261268
14.25	1.0968925635726763
14.35	1.0638514031399333
14.45	1.0337281048635116
14.549999999999999	1.0037776495627035
14.649999999999999	0.9729328840326585
14.75	0.9453047040715485
14.85	0.9216382212746086
14.95	0.896596558921556
15.049999999999999	0.8762323734506434
15.149999999999999	0.8588604355771007
15.25	0.8422138727486677
15.35	0.8272715020833116
15.45	0.8130421977986033
15.549999999999999	0.8027335343147696
15.649999999999999	0.7960979093927867
15.75	0.789380719438447
15.85	0.7850518362546044
15.95	0.7820966623059658
16.05	0.7820506936964448
16.15	0.7839764881233853
16.25	0.7852849527774282
16.349999999999998	0.7903123812821162
16.45	0.7975012811786234
16.55	0.804685867364499
16.65	0.815296164653083
16.75	0.8268094823242497
16.849999999999998	0.8390926785931814
16.95	0.8533557950008019
17.05	0.8697238152247185
17.15	0.8874031034745062
17.25	0.904254948665869
17.349999999999998	0.9225761176940053
17.45	0.9418127864836403
17.55	0.962972777391783
17.65	0.9834941190991235
17.75	1.0065677725044306
17.849999999999998	1.0275679435248641
17.95	1.0470509779308532
18.05	1.0659855097291497
18.15	1.0866284461875273
18.25	1.103396413726419
18.349999999999998	1.1221283974592853
18.45	1.1348066782592872
18.55	1.1462458062957541
18.65	1.1579636988914623
18.75	1.1672745728812142
18.849999999999998	1.171095822555472
18.95	1.1754306313158025
19.05	1.1768662101215759
19.15	1.17655761268876
19.25	1.1728089088696514
19.35	1.1671674949009367
19.45	1.1607195050214334
19.55	1.153352415584765
19.65	1.14395632923924
19.75	1.1318470670613774
19.85	1.121033803711119
19.95	1.1081648044284143
20.05	1.0955382589849665
20.15	1.0793166864226211
20.25	1.06727345714096
20.35	1.052377774848275
20.45	1.0369178002155697
20.55	1.0252890333752716
20.65	1.0094627503445923
20.75	0.9966656890192882
20.85	0.9834130755933671
20.95	0.9711730627118733
21.05	0.9590463047954427
21.15	0.948148468847683
21.25	0.9353790238791438
21.35	0.9272496149165604
21.45	0.919149257554348
21.55	0.9106901885847091
21.65	0.9012068201323846
21.75	0.8965095799678254
21.85	0.8912485813210228
21.95	0.8884672860390275
22.05	0.8818497508304445
22.15	0.8823465786066836
22.25	0.881921879056562
22.35	0.8805753577181742
22.45	0.8815828747500948
22.55	0.8844071846346695
22.65	0.8866059919878053
22.75	0.8894844486042236
22.85	0.8949687490198156
22.95	NaN
23.05	0.9097567484226793
23.15	0.9166287220119814
23.25	0.9265513299945153
23.35	0.9361913192802906
23.45	0.945368601704461
23.55	0.9551532600208266
23.65	0.9702258249181817
23.75	0.9786197950177669
23.85	0.9913251607248224
23.95	1.0035643241457746
24.05	1.0153239791290258
24.15	1.0243532591353184
24.25	1.0377658059990624
24.35	1.0471646559380314
24.45	1.0617812516164309
24.55	1.0675070991405546
24.65	1.076723529198923
24.75	1.083835909413871
24.85	1.0904772100441051
24.95	1.0967848368748023
25.05	1.1005819074456178
25.15	1.1034968416197868
25.25	1.1047323754769494
25.35	1.105807296924291
25.45	1.104478236238015
25.55	1.1020351838618978
25.65	1.096698794348389
25.75	1.0929172496451598
25.85	1.090056646525084
25.95	1.0823036003760105
26.05	1.0764765069005005
26.15	1.0680510267665193
26.25	1.0599161675051292
26.35	1.0497204706060934
26.45	1.0420926568865774
26.55	1.0338211079630109
26.65	1.0261582558027706
26.75	1.0166311384332265
26.85	1.0078534299701007
26.95	0.9973232720109291
27.05	0.9907588409888599
27.15	0.9823903919244928
27.25	0.9747801658620853
27.35	0.9674234641775455
27.45	0.9595984299910792
27.55	0.9523028427077473
27.65	0.9467038067103963
27.75	0.9431300672459076
27.85	0.9397991663798803
27.95	0.9350888951225451
28.05	0.9305575921407055
28.15	0.9282791304351847
28.25	0.9266687911830445
28.35	0.9247695259969132
28.45	0.9241901161008091
28.55	0.9249328391801982
28.65	0.9247604922203991
28.75	0.926061766533805
28.85	0.9270668500864667
28.95	0.9317494485634817
29.05	0.932487269000306
29.15	0.9380139581464845
29.25	0.9424208111807243
29.35	0.9467171009859359
29.45	0.9522697326554632
29.55	0.9625536895568402
29.65	0.96656164871099
29.75	0.9731285529791578
29.85	0.9776769433389539
29.95	0.9852358215792463
30.05	0.9928240390362616
30.15	1.000524463032871
30.25	1.0089720420970838
30.35	1.0166076605235121
30.45	1.0227925425545399
30.55	1.0294388661858902
30.65	1.034749709928825
30.75	1.0413840593027825
30.85	1.0465926417736526
30.95	1.0521357169866903
31.05	1.0592798438122921
31.15	1.0607697711193615
31.25	1.0633368017301819
31.35	1.0658647720720278
31.45	1.06694753903605
31.55	1.0668728583052356
31.65	1.0687494937295003
31.75	1.066813010238682
31.85	1.0659258202734685
31.95	1.0642498214556348
32.05	1.0580465202699578
32.15	1.0566643788312466
32.25	1.0521436234718098
32.35	1.043546869360396
32.45	1.0438105262184518
32.55	1.0382927868393936
32.65	1.0335587537761144
32.75	1.0284555714407457
32.85	1.0181658768615025
32.95	1.0152224405963801
33.05	1.0079455926586256
33.15	1.004627340073732
33.25	0.994604838264329
33.35	0.9914591083773027
33.45	0.9844700808521142
33.55	0.9814131561606251
33.65	0.9754779999030099
33.75	0.9698119261762479
33.85	0.9645636218061329
33.95	0.957626379696753
34.05	0.9593949550742603
34.15	0.9546260924954537
34.25	0.95260882608116
34.35	0.9501178158471665
34.45	0.9493164335750451
34.55	0.9486675901896081
34.65	0.9474278317369326
34.75	0.945985553075574
34.85	0.9476457714108039
34.95	0.9512391026145373
35.05	0.9496154511090872
35.15	0.9512687571800497
35.25	0.953549354894077
35.35	0.9579189903258132
35.45	0.9602318471634936
35.55	0.9619432958536676
35.65	0.9650567504766924
35.75	0.9708614733756267
35.85	0.975103170927709
35.95	0.9791434420025075
36.05	0.9828607933500086
36.15	0.9883021476922164
36.25	0.9945525585145651
36.35	0.998305657920562
36.45	1.004995400751157
36.55	NaN
36.65	1.0132311839602115
36.75	1.0177040077624846
36.85	1.0221120142340168
36.95	1.0279404987381688
37.05	1.031642635142072
37.15	1.0362648457750439
37.25	1.0386752117236946
37.35	1.040065602068273
37.45	1.0435651533520203
37.55	1.0430399560786727
37.65	NaN
37.75	1.04919140786551
37.85	1.0461072833131615
37.95	1.0475729001860612
38.05	1.0461034882370819
38.15	1.0440348611915635
38.25	1.0423055114309012
38.35	1.041424088945894
38.45	1.0405875076063058
38.550000000000004	1.0336372423762734
38.65	1.0325927213995718
38.75	1.0290488936508373
38.85	1.0250364399938925
38.95	1.0219447297123851
39.050000000000004	1.018014444001417
39.15	NaN
39.25	NaN
39.35	NaN
39.45	NaN
39.550000000000004	0.9962153728578729
39.65	0.9917554342228148
39.75	0.9864998038934364
39.85	0.985275019327998
39.95	0.9801151863201001
40.050000000000004	0.9769319328996106
40.15	NaN
40.25	0.9719004298340853
40.35	0.9678366730028397
40.45	0.9662463909563194
40.550000000000004	0.9648562058259875
40.65	0.9634119491512669
40.75	0.9621533442145674
40.85	0.9587640986599318
40.95	0.9608090174760571
41.050000000000004	0.9615545751220025
41.15	0.9608761325995907
41.25	0.9619199277975
41.35	0.9635329100469241
41.45	0.9640979466436292
41.550000000000004	NaN
41.65	0.9669672999601677
41.75	0.9713022374649067
41.85	0.9747415803785138
41.95	0.977081956279116
42.050000000000004	0.9800967848727655
42.15	NaN
42.25	0.9859999770405499
42.35	0.9900607112634757
42.45	0.9929335565457701
42.550000000000004	0.9971132253953408
42.65	0.9990478334760241
42.75	1.004331338106328
42.85	1.0081957189932527
42.95	1.011966311703961
43.050000000000004	1.016485911445179
43.15	1.0173850794934964
43.25	1.02289795986185
43.35	1.0247758029368224
43.45	1.0238782105039888
43.550000000000004	1.0301892998788966
43.65	NaN
43.75	1.0326547212196884
43.85	1.0342173125076541
43.95	1.032100628341664
44.050000000000004	1.0338284645622184
44.15	1.0340990385747666
44.25	NaN
44.35	1.034092364401887
44.45	1.0312149730110194
44.550000000000004	1.0336433805599947
44.65	1.030331128770221
44.75	1.0274401551232832
44.85	1.0243540017399595
44.95	1.022655112226987
45.050000000000004	1.0211175959131729
45.15	1.0173216691257545
45.25	1.0135494275713772
45.35	NaN
45.45	1.0093604168140136
45.550000000000004	1.0067557112141547
45.65	NaN
45.75	0.9975558421352687
45.85	0.9952850510353097
45.95	0.9932125196377344
46.050000000000004	0.9901129887241875
46.15	0.9863493751885642
46.25	0.9844608680204924
46.35	0.9813901224464435
46.45	0.9792336487953857
46.550000000000004	0.9768644889204925
46.65	NaN
46.75	0.9743185231264426
46.85	0.9748021056801275
46.95	0.972545826244009
47.050000000000004	0.9703205406226014
47.15	0.9714802188450357
47.25	0.970244199976002
47.35	0.9711688710683587
47.45	0.9691124782869821
47.550000000000004	0.9715888981576244
47.65	0.9737917617408364
47.75	0.9747623392302958
47.85	0.9749301102770912
47.95	0.9763751266907343
48.050000000000004	0.9809506877212774
48.15	0.9773693944372898
48.25	0.9813056014069054
48.35	0.9847142463865465
48.45	0.9885120743543697
48.550000000000004	0.9913845091999264
48.65	0.9937136080909656
48.75	0.9966747438880222
48.85	0.999065515338932
48.95	1.0018639485589775
49.050000000000004	1.0042387805341177
49.15	NaN
49.25	1.010712549716018
49.35	1.013104273654116
49.45	1.015924165913445
49.550000000000004	1.0189350085368243
49.65	1.0182184101141585
49.75	1.0212581147543107
49.85	1.0243494528633097
49.95	1.0238008563818073
50.050000000000004	1.0265756603538227
50.15	1.0255972722880744
50.25	1.0265556770456359
50.35	1.026703974412715
50.45	1.0253693503300476
50.550000000000004	1.0254747102926167
50.65	1.0253781173887815
50.75	1.0254524334662591
50.85	1.023808986280334
50.95	NaN
51.050000000000004	1.0202226733542057
51.15	1.0198965189600708
51.25	1.0170603868212469
51.35	1.0151325831127944
51.45	1.0114051585184003
51.550000000000004	NaN
51.65	1.006723882961476
51.75	1.0054079606839121
51.85	1.0034978841571036
51.95	1.0014874080610314
52.050000000000004	NaN
52.15	0.9947794805025182
52.25	0.99320461091264
52.35	0.9913241501441022
52.45	0.9870392853895792
52.550000000000004	0.9876210625495759
52.65	0.9859631544461557
52.75	0.9833661803595106
52.85	0.9802980147266953
52.95	NaN
53.050000000000004	0.9792934648687426
53.15	NaN
53.25	0.9774694131185674
53.35	0.9774401822176201
53.45	0.9799867114901486
53.550000000000004	NaN
53.65	0.977459689723718
53.75	NaN
53.85	0.9786158948515414
53.95	0.9787587148239002
54.050000000000004	NaN
54.15	0.9812793438405697
54.25	NaN
54.35	0.9847299814624585
54.45	0.9873249997769562
54.550000000000004	NaN
54.65	0.9898390245426301
54.75	0.9922705864290362
54.85	0.9941112687870902
54.95	0.9977476044503292
55.050000000000004	0.9993896270782127
55.15	0.9992295646585433
55.25	1.003068501465148
55.35	1.0029110457010362
55.45	1.0063236583473392
55.550000000000004	1.0078193570759761
55.65	1.0106737987349534
55.75	1.0119030489429837
55.85	1.0148675596582293
55.95	1.0172798815431714
56.050000000000004	1.0189944960578277
56.15	1.0175251253430961
56.25	1.020513963031648
56.35	1.0207710047792797
56.45	1.02022152889225
56.550000000000004	1.0223618853370875
56.65	1.0226884475281455
56.75	NaN
56.85	1.020045819752297
56.95	1.0199620989122977
57.050000000000004	1.019396581750003
57.15	1.0178211236899937
57.25	1.0183107743448192
57.35	NaN
57.45	1.0157820121352399
57.550000000000004	1.012524337335913
57.65	1.0096643978009952
57.75	1.0092023482452608
57.85	1.007908352779886
57.95	1.0055358474075808
58.050000000000004	1.0050349689657208
58.15	1.0003796453076128
58.25	0.9976261631186076
58.35	0.9974682946684407
58.45	NaN
58.550000000000004	0.993806111655125
58.65	0.9926960622645761
58.75	NaN
58.85	0.9882676969640528
58.95	NaN
59.050000000000004	0.9898401002225896
59.15	0.9848763960187594
59.25	0.9823591259314504
59.35	0.9837397145642849
59.45	0.9817484944007819
59.550000000000004	0.9807218848242011
59.65	0.981698215550834
59.75	0.9834854380317746
59.85	NaN
59.95	0.9845167212319414
60.050000000000004	NaN
60.15	0.982737836600377
60.25	0.9842642812595209
60.35	NaN
60.45	0.986637608562739
60.550000000000004	0.9865818379177751
60.65	0.9904262801204918
60.75	0.9872947922016457
60.85	0.9898080008424283
60.95	0.9924624251520905
61.050000000000004	0.9949685125139022
61.15	0.9946766407208505
61.25	0.9956451335203312
61.35	1.0002560013298565
61.45	0.9991143668023672
61.550000000000004	NaN
61.65	1.0035056169560308
61.75	NaN
61.85	NaN
61.95	1.0088659410070653
62.050000000000004	1.010887550203942
62.15	1.0150324550148402
62.25	1.0124582992302555
62.35	1.0144446117926735
62.45	1.0182338989486188
62.550000000000004	1.0152258099503502
62.65	1.017699362492642
62.75	1.0159852909331306
62.85	1.016189271161937
62.95	1.0167626052816727
63.050000000000004	1.0147636110815614
63.15	1.0160441668813842
63.25	NaN
63.35	1.0143507323925198
63.45	1.012862067855091
63.550000000000004	1.0122487992225346
63.65	1.0124705068543873
63.75	1.0116667941384947
63.85	1.0117138325006791
63.95	1.0072020414650253
64.05	1.0081660230445928
64.14999999999999	1.0076357966062495
64.25	1.0071478509903362
64.35	1.0028936489027924
64.44999999999999	0.9999108430262217
64.55	0.9987119783893744
64.64999999999999	0.995327629988967
64.75	0.9929680901925035
64.85	0.9952925675030555
64.94999999999999	0.9917129415505486
65.05	0.9920436707045991
65.14999999999999	0.9928264804910784
65.25	NaN
65.35	0.9891415043707117
65.44999999999999	NaN
65.55	0.98801519162477
65.64999999999999	0.9851125116869085
65.75	0.9845278492948824
65.85	0.9842496700639782
65.94999999999999	0.9846661640687536
66.05	NaN
66.14999999999999	0.9824591436351549
66.25	0.9853294356611149
66.35	0.9882205383672571
66.44999999999999	0.9857104066764282
66.55	0.9867661510608323
66.64999999999999	NaN
66.75	0.9890391862740024
66.85	NaN
66.94999999999999	NaN
67.05	0.9914577423699296
67.14999999999999	0.9935242644709282
67.25	0.9943081377996726
67.35	0.9957521704608552
67.44999999999999	0.9971162011219022
67.55	0.997836457921172
67.64999999999999	NaN
67.75	NaN
67.85	0.9985440645294411
67.94999999999999	1.0039028046620075
68.05	1.0058930138557272
68.14999999999999	1.0053163234169735
68.25	NaN
68.35	1.0110284883120801
68.44999999999999	1.0114137387961593
68.55	1.0111544054489403
68.64999999999999	NaN
68.75	1.0114542055000157
68.85	1.013833463616146
68.94999999999999	1.013963751902968
69.05	1.0137533401639778
69.14999999999999	1.0152025979519135
69.25	1.0145535175716567
69.35	1.0134636175036016
69.44999999999999	NaN
69.55	1.013764576575916
69.64999999999999	1.0135326551627362
69.75	NaN
69.85	1.0117835024594404
69.94999999999999	NaN
70.05	1.008186194313619
70.14999999999999	1.0081525015621946
70.25	NaN
70.35	1.0047958506917967
70.44999999999999	NaN
70.55	1.0038668500319412
70.64999999999999	1.0011541974326583
70.75	1.0026051002443546
70.85	0.9984548512892274
70.94999999999999	0.9979467367787452
71.05	0.9983359753290095
71.14999999999999	0.9985356960440956
71.25	NaN
71.35	0.9917090756806893
71.44999999999999	0.9926782277950505
71.55	0.9900422549022653
71.64999999999999	0.9900167088764001
71.75	0.9901916422533161
71.85	0.9882421778848715
71.94999999999999	0.9885682719980526
72.05	NaN
72.14999999999999	NaN
72.25	NaN
72.35	NaN
72.44999999999999	0.986930461132828
72.55	0.9865294626989127
72.64999999999999	0.9865029244979137
72.75	NaN
72.85	0.9900758557322421
72.94999999999999	0.9899723641126085
73.05	0.989045150326962
73.14999999999999	0.9897174856731682
73.25	0.9906889236533797
73.35	0.9928947495857657
73.44999999999999	NaN
73.55	0.995704089510338
73.64999999999999	NaN
73.75	NaN
73.85	0.9976594079047912
73.94999999999999	1.0010330729099408
74.05	1.0011480075725259
74.14999999999999	1.003637388755434
74.25	1.0051376125310783
74.35	1.0045385527282478
74.44999999999999	1.0044237839151038
74.55	1.0078455415494474
74.64999999999999	1.0064743560701706
74.75	1.0089849979429655
74.85	1.0106237031613152
74.94999999999999	1.0102723485681044
75.05	1.0095318662677266
75.14999999999999	1.0119304741289958
75.25	NaN
75.35	NaN
75.44999999999999	NaN
75.55	1.012326520758978
75.64999999999999	NaN
75.75	NaN
75.85	1.0088849033720977
75.94999999999999	1.0101797901198868
76.05	1.0099714412247354
76.14999999999999	1.0087842849977704
76.25	NaN
76.35	1.0071697829030908
76.44999999999999	NaN
76.55	1.0059526725616996
76.64999999999999	1.0042081714743822
76.75	NaN
76.85	NaN
76.95	NaN
77.05	NaN
77.14999999999999	0.9985605561476077
77.25	0.9965724006205875
77.35	0.9968366987983254
77.45	0.9958238409867892
77.55	0.9924411965512347
77.64999999999999	0.9940582359544535
77.75	0.9931004132379676
77.85	0.99170894339757
77.95	0.9914224565043147
78.05	0.990738888995493
78.14999999999999	0.9903333381524348
78.25	0.989412842778017
78.35	0.9889518069073041
78.45	NaN
78.55	NaN
78.64999999999999	0.9894853176572728
78.75	0.9892758842910875
78.85	NaN
78.95	0.9882307919861019
79.05	NaN
79.14999999999999	NaN
79.25	0.9924348162952334
79.35	NaN
79.45	0.9908078894998271
79.55	0.9946966679597911
79.64999999999999	NaN
79.75	0.9935164778259864
79.85	0.9959306874343422
