0.15	0.03804914111904882
0.25	0.03587518379590779
0.35	0.03701343331637516
0.45	0.037642062587594984
0.55	0.037505537259665024
0.65	0.0376241455451193
0.7500000000000001	0.03844323335903075
0.85	0.03857115092996444
0.95	0.039291547738980366
1.05	0.03969914312432104
1.15	0.040391350578710884
1.25	0.041001506514383876
1.35	0.04179419593723924
1.45	0.04291405480335732
1.55	0.04362846476233466
1.65	0.0449392676958601
1.75	0.04606600653988084
1.85	0.04761368156991409
1.95	0.04886675642064871
2.05	0.050509644718507024
2.15	0.05194183126832696
2.25	0.053957220431175075
2.35	0.05596128948641935
2.45	0.05789409603963488
2.5500000000000003	0.06036062373112518
2.65	0.06309317824488957
2.75	0.0660435084046499
2.85	0.06907124250207085
2.95	0.07250495769795
3.0500000000000003	0.07611257636503771
3.15	0.08035522153193884
3.25	0.08490405740940797
3.35	0.08991656957269391
3.45	0.09554240593727231
3.5500000000000003	0.10160383770270111
3.65	0.1079491505002886
3.75	0.11590249643735752
3.85	0.12368191231693829
3.95	0.1337472225579078
4.05	0.1434300575074459
4.1499999999999995	0.15510600469568875
4.25	0.16827193947412336
4.35	0.18321219085850715
4.449999999999999	0.2003486210089635
4.55	0.2200154613687758
4.6499999999999995	0.24147872171556475
4.75	0.26762552489288727
4.85	0.29508291240859247
4.95	0.3305276951390323
5.05	0.36897658564431257
5.1499999999999995	0.4131761361228778
5.25	0.4640244210317234
5.35	0.5225179046825429
5.45	0.5973286761600648
5.55	0.6775054501940627
5.6499999999999995	0.7732103029005732
5.75	0.8841691641206607
5.85	1.0126394611841767
5.95	1.1525832058607048
6.05	1.3100602533963044
6.1499999999999995	1.4813808293259179
6.25	1.649724439418985
6.35	1.817113547118702
6.45	1.9570931012611328
6.55	2.0584242194282703
6.6499999999999995	2.124026804606795
6.75	2.138177806944611
6.85	2.1044266832058534
6.95	2.0332977605591136
7.05	1.9269061699051637
7.1499999999999995	1.8187515746257155
7.25	1.700481183804005
7.35	1.5901738216610761
7.45	1.472964178984085
7.55	1.371834526392034
7.6499999999999995	1.2811858347470844
7.75	1.1948222946041456
7.85	1.12317927870696
7.95	1.054415928385936
8.05	0.9989767339971755
8.15	0.9480742776533398
8.25	0.903246559740963
8.350000000000001	0.8634017010922895
8.450000000000001	0.828862839900764
8.55	0.8014915363298141
8.65	0.7763011250566874
8.75	0.755142535662341
8.850000000000001	0.7361318876477506
8.950000000000001	0.7228965349341587
9.05	0.7098820154992933
9.15	0.7009134409603744
9.25	0.6954821140660603
9.350000000000001	0.688748344004034
9.450000000000001	0.6869144868789031
9.55	0.6872210282464285
9.65	0.6890572900472843
9.750000000000002	0.6908747142086924
9.85	0.6952436626175384
9.95	0.7028600896851633
10.049999999999999	0.7114719563321699
10.149999999999999	0.7217527607134038
10.25	0.7339608502784442
10.35	0.7462646136472856
10.45	0.7623085709127756
10.549999999999999	0.7792926738873036
10.649999999999999	0.7969083718913826
10.75	0.8185830999836273
10.85	0.8394503180911748
10.95	0.8613507432060126
11.049999999999999	0.8854968964033477
11.149999999999999	0.9099272037114899
11.25	0.9370235755937222
11.35	0.9642719861193011
11.45	0.9899902812468128
11.549999999999999	1.0157508794067673
11.649999999999999	1.0450168501643884
11.75	1.0702150141498032
11.85	1.097750117721322
11.95	1.1230765079294276
12.049999999999999	1.1455590706854604
12.149999999999999	1.165647947684197
12.25	1.186002108394066
12.35	1.203915037820919
12.45	1.2158513295449747
12.549999999999999	1.2267095646711894
12.649999999999999	1.2370692915013866
12.75	1.239710052471582
12.85	1.2439346412691672
12.95	1.2384976481758918
13.049999999999999	1.236160579693001
13.149999999999999	1.226183746873028
13.25	1.2141619250302147
13.35	1.2040058114975214
13.45	1.1833639667259244
13.549999999999999	1.1696769367025275
13.649999999999999	1.1486194713072027
13.75	1.130251141729265
13.85	1.1086254715597252
13.95	1.0905340998407131
14.049999999999999	1.0659239978511061
14.149999999999999	1.0457266926707858
14.25	1.0266366394446076
14.35	1.0068350198165033
14.45	0.9877741592712265
14.549999999999999	0.9682857932151219
14.649999999999999	0.9529061039195234
14.75	0.9375985392353526
14.85	0.923599676923092
14.95	0.9108286275972021
15.049999999999999	0.8989177722127913
15.149999999999999	0.889148219130684
15.25	0.8805534191292951
15.35	0.8725638508206179
15.45	0.8690021980539111
15.549999999999999	0.8649273850408674
15.649999999999999	0.8595036751527149
15.75	0.8586972243922204
15.85	0.8577623508206342
15.95	0.8588134549242944
16.05	0.8609190402552807
16.15	0.8628466663519383
16.25	0.8684361389697988
16.349999999999998	0.8721160752912005
16.45	0.8777533181457403
16.55	0.8864564750378229
16.65	0.8929882745565129
16.75	0.9032139903312301
16.849999999999998	0.9133563045000387
16.95	0.922831872561793
17.05	0.93336284924221
17.15	0.9479014899385048
17.25	0.957389426851751
17.349999999999998	0.9700173554683476
17.45	0.9813763430678905
17.55	0.9983485164576293
17.65	1.007844692836178
17.75	1.0212459108992038
17.849999999999998	1.0327490871148848
17.95	1.0453167031986716
18.05	1.05307614881801
18.15	1.0682132622107197
18.25	1.0747232123015427
18.349999999999998	1.0841246993984468
18.45	1.0911879731422958
18.55	1.1001944845991414
18.65	1.104221755464335
18.75	1.1076388233513264
18.849999999999998	1.1106005975104924
18.95	1.111926507587395
19.05	1.1097959698200752
19.15	1.1091242247050699
19.25	1.1062441374805632
19.35	1.1036439197431955
19.45	1.096971165151923
19.55	1.092192687999667
19.65	1.0870094057474098
19.75	1.079280959417083
19.85	1.068856860896044
19.95	1.0615693333186724
20.05	1.0525520644063622
20.15	1.043376576256005
20.25	1.0347269131667147
20.35	1.0236558685816672
20.45	1.01423750101292
20.55	1.0082473352003392
20.65	0.9969370397931292
20.75	0.9870567297635139
20.85	0.9794604504819773
20.95	0.9714973816413823
21.05	0.9648465925243249
21.15	0.9570639348385307
21.25	0.9517441563379283
21.35	0.9440135625344911
21.45	0.9408638813237691
21.55	0.9342308320101107
21.65	0.9310567094914148
21.75	0.9278055236359602
21.85	0.9258021586068336
21.95	0.9238928169951883
22.05	0.9241473968305387
22.15	0.9235457730452828
22.25	0.9243979563391332
22.35	0.9232189616224451
22.45	0.9222979107462441
22.55	0.9269129026156906
22.65	0.932157178982347
22.75	0.9375879651812004
22.85	0.938928459096127
22.95	0.9463190496645631
23.05	0.9507762165499378
23.15	0.9567671149278412
23.25	0.963049562261906
23.35	0.9684847569115973
23.45	0.9763829672085764
23.55	0.9813568586652123
23.65	0.990338873247501
23.75	0.9992747854116668
23.85	1.0053444662659203
23.95	1.01002175998701
24.05	1.0173957214856146
24.15	1.0241312511239833
24.25	1.0336154486550273
24.35	1.0360747753469068
24.45	1.0423181067864713
24.55	1.046250584188896
24.65	1.0547814460230254
24.75	1.0546994754645318
24.85	1.0589801527586074
24.95	1.0612753537075565
25.05	1.0584869054184887
25.15	1.0623086810077051
25.25	1.063284668178856
25.35	1.0641313824539107
25.45	1.061483964631141
25.55	1.0603844508323548
25.65	1.060334432631272
25.75	1.0557437998221268
25.85	1.0511183276297558
25.95	1.0479455078302236
26.05	1.0419478857331952
26.15	1.0384952468059192
26.25	1.0325384414365475
26.35	1.0282872138404888
26.45	1.0229923698912795
26.55	1.0157546924507295
26.65	1.0099926211590553
26.75	1.0061711428757671
26.85	0.9996822591050163
26.95	0.9930958160116928
27.05	0.9900945419019158
27.15	0.9838500681698891
27.25	0.9787607540735024
27.35	0.9739463722713216
27.45	0.9700489189034218
27.55	0.9684867401357167
27.65	0.9645438406228806
27.75	0.9603069303121768
27.85	0.9573931541317117
27.95	0.9556093890622577
28.05	0.9537165185978936
28.15	0.9546772012114957
28.25	0.9525791273464038
28.35	0.9506088409996888
28.45	0.9517056032519052
28.55	0.9511817049853513
28.65	0.9535313823165523
28.75	0.9546138006932509
28.85	0.9573118822812402
28.95	0.9591874063440802
29.05	0.9627059824360378
29.15	0.9646470259722174
29.25	0.969998891745337
29.35	0.9723124739287649
29.45	0.9758061846206488
29.55	0.9811761088664603
29.65	0.9851645006296813
29.75	0.9895075696063129
29.85	0.9927931103915307
29.95	NaN
30.05	1.0018644499503073
30.15	1.0044436264531016
30.25	1.010215610236534
30.35	1.0129872597284664
30.45	1.0181738326018384
30.55	1.0214293780030497
30.65	1.0271112827619082
30.75	1.0280019139929482
30.85	1.0330195913076003
30.95	1.0336992236961136
31.05	1.0368801314258267
31.15	1.0365817871606122
31.25	1.0396817772671716
31.35	1.040894047497632
31.45	1.0404232477981672
31.55	1.041660002820227
31.65	1.0397793734655751
31.75	NaN
31.85	1.0373991233397648
31.95	1.0358453239837668
32.05	1.0352974863750593
32.15	1.032340848520191
32.25	1.0308852879693915
32.35	1.0257881164176794
32.45	1.0220060007927851
32.55	1.0208215059236272
32.65	1.0167782336546247
32.75	1.0113243282595337
32.85	1.0103092571575463
32.95	1.005424804403523
33.05	1.003070122181429
33.15	0.9997344021032022
33.25	0.993812175492186
33.35	0.9925016646071073
33.45	0.9872337233884646
33.55	0.9836482650937928
33.65	0.9819987117640032
33.75	0.9797934196177326
33.85	0.9776104103527606
33.95	0.9750412368337301
34.05	0.974471815074468
34.15	0.9713580018951986
34.25	0.9692896005887915
34.35	0.9697377359954161
34.45	0.9687806859770075
34.55	0.9681103405880899
34.65	0.9666561052300525
34.75	0.9682667307670653
34.85	0.9688737714006392
34.95	0.9676275278938676
35.05	0.9714476981688512
35.15	0.9716597993740559
35.25	0.9717965122842036
35.35	0.9743107533374259
35.45	0.9773433092634508
35.55	0.9796450705806795
35.65	0.9827358413889815
35.75	0.9849551869518643
35.85	0.9882286394223362
35.95	0.9915738911349804
36.05	0.992806829553578
36.15	0.99487680774751
36.25	0.9971445412706557
36.35	1.0019602552476135
36.45	1.0066246309538647
36.55	1.0098705255101452
36.65	NaN
36.75	1.0139050906978389
36.85	1.016654565973295
36.95	1.0191396626041145
37.05	1.0208226050201914
37.15	1.0225877626088788
37.25	1.0243356895895723
37.35	1.0242008874704644
37.45	1.0266845563110472
37.55	1.0280223721526607
37.65	1.0273508637937225
37.75	1.0280925853896627
37.85	1.0243570877718118
37.95	1.0273903923768268
38.05	NaN
38.15	NaN
38.25	1.0258698211951036
38.35	1.0236694771808765
38.45	1.020818430125784
38.550000000000004	1.021290226679481
38.65	1.0192939961524086
38.75	1.0126921388137018
38.85	1.0117322277510503
38.95	1.0110821505775704
39.050000000000004	1.0072389768539551
39.15	1.005592828878444
39.25	1.0038533399996172
39.35	1.0009969829537726
39.45	0.9986897960681438
39.550000000000004	0.9955145431886923
39.65	NaN
39.75	0.9904894293506998
39.85	0.9884083271415509
39.95	0.98553426103864
40.050000000000004	0.9850942062555104
40.15	0.9821048852404869
40.25	0.980196606276332
40.35	NaN
40.45	0.9791725309217887
40.550000000000004	0.9786830101146418
40.65	0.9756709702014568
40.75	0.9751611526424722
40.85	0.9753111211774881
40.95	0.9766276344106934
41.050000000000004	0.976960950273685
41.15	0.9772290119518482
41.25	0.9771331904832069
41.35	0.9775255370096129
41.45	0.9789615077860503
41.550000000000004	0.9801158801817982
41.65	0.9833623287470683
41.75	0.9840201966293654
41.85	0.9853149107544849
41.95	0.9885971193819124
42.050000000000004	0.9917665694625262
42.15	0.9925507548765493
42.25	0.9940884638626037
42.35	0.995132511665348
42.45	0.9963146100113724
42.550000000000004	0.998898010136607
42.65	1.0029877367347202
42.75	1.001506475615095
42.85	1.0088207639313371
42.95	1.007316838176153
43.050000000000004	1.0085701258298094
43.15	NaN
43.25	1.012493695737458
43.35	1.0137054625545934
43.45	1.0162947020785502
43.550000000000004	1.0189819952960328
43.65	NaN
43.75	NaN
43.85	1.0202635139183596
43.95	1.0210897877955896
44.050000000000004	1.0214810051528822
44.15	1.0194347540461237
44.25	1.0184832695523096
44.35	1.0193351559941883
44.45	NaN
44.550000000000004	1.0178170661631456
44.65	1.0161829861763383
44.75	1.0150208373254348
44.85	1.014505137005329
44.95	1.011799764143796
45.050000000000004	1.010382674887473
45.15	1.0092548750905372
45.25	1.0078685181036853
45.35	1.0056560007123772
45.45	1.0054682688874597
45.550000000000004	1.0016101299484714
45.65	0.9996390219080644
45.75	NaN
45.85	0.9955011345069272
45.95	NaN
46.050000000000004	0.9934984430257451
46.15	0.9913171774630828
46.25	0.9871428530888251
46.35	NaN
46.45	0.9878698848766406
46.550000000000004	0.9855991193817348
46.65	NaN
46.75	0.9837388397377458
46.85	0.9820769946940692
46.95	0.9804717748970082
47.050000000000004	0.9826848901122553
47.15	0.9826295022602956
47.25	0.9816935819159697
47.35	0.9827716174989267
47.45	NaN
47.550000000000004	0.9832133839581106
47.65	0.9838955132744429
47.75	0.9842871769987341
47.85	0.9859556379940376
47.95	0.9865575335841078
48.050000000000004	0.9892279829682676
48.15	0.9899286328376992
48.25	0.9895204567682832
48.35	0.9916704735676799
48.45	0.9924850488144704
48.550000000000004	0.9962342041470804
48.65	0.9949158634094439
48.75	0.9986156275893937
48.85	1.0002408375010732
48.95	1.0010408031720268
49.050000000000004	1.0035928617464538
49.15	1.0041390551212548
49.25	1.007574490671515
49.35	1.0093973932046278
49.45	1.0087805899064803
49.550000000000004	1.0109317506879159
49.65	1.0122674874942068
49.75	NaN
49.85	1.0148956118844576
49.95	1.014708794725438
50.050000000000004	1.0152394976908963
50.15	1.0155543253387358
50.25	1.0151366333707303
50.35	1.0174359523729501
50.45	1.016195483725698
50.550000000000004	1.0156457303459314
50.65	1.0130199010584784
50.75	1.014822163739607
50.85	1.0128214845092358
50.95	1.0134418266730816
51.050000000000004	1.0120412309152533
51.15	1.0119031915416175
51.25	1.0101107294857294
51.35	1.0082165327860946
51.45	1.0064265650113682
51.550000000000004	1.0066377716255357
51.65	1.0051541426623558
51.75	1.0010077003068716
51.85	1.0015558189206082
51.95	0.9998077538496823
52.050000000000004	0.997136111625798
52.15	NaN
52.25	0.9960433808422714
52.35	0.9952120072851958
52.45	0.9942206310180326
52.550000000000004	0.9885506794055006
52.65	0.9866486818204052
52.75	0.9885747838046788
52.85	0.9890622913391262
52.95	0.9900148062111468
53.050000000000004	0.9883137438073804
53.15	0.988344334174764
53.25	0.9869122921164434
53.35	0.9875394195138789
53.45	0.9855740888283787
53.550000000000004	0.9870814034117292
53.65	0.9843883858652931
53.75	0.9862874779764974
53.85	0.9881046520074698
53.95	0.9879515836881071
54.050000000000004	0.9887526165653021
54.15	0.9882209515779771
54.25	0.9896542875879587
54.35	0.9917106730653434
54.45	0.9914957995282221
54.550000000000004	NaN
54.65	0.9934281407016241
54.75	0.9960635290098496
54.85	0.9974005748480083
54.95	0.997677413827947
55.050000000000004	0.9988573992871604
55.15	1.0034144463936656
55.25	1.0011667604101089
55.35	1.0043173276279946
55.45	1.0028539879241583
55.550000000000004	1.004850122524323
55.65	NaN
55.75	1.0075084808183643
55.85	1.0106895672382046
55.95	1.0098566578694672
56.050000000000004	1.0106814426739203
56.15	1.0126901514186124
56.25	1.014748048779782
56.35	1.0055192346844615
56.45	1.0117037765028898
56.550000000000004	1.0146415143359822
56.65	1.012112144242766
56.75	1.0090846654276144
56.85	1.0128124603923059
56.95	1.0106354229854189
57.050000000000004	1.0110933233184585
57.15	1.0111816797983388
57.25	1.0093697461966735
57.35	1.0084928247068776
57.45	1.0088468705351088
57.550000000000004	NaN
57.65	1.0088344114716237
57.75	1.0075231485291896
57.85	1.004367934194739
57.95	1.0027612536990989
58.050000000000004	NaN
58.15	1.000818315628253
58.25	0.9991382172157418
58.35	0.9989528346345236
58.45	0.9980424762212025
58.550000000000004	0.9963406107736904
58.65	0.9952358150296254
58.75	NaN
58.85	0.9946441328753477
58.95	0.9913075804390535
59.050000000000004	0.990649120148564
59.15	0.9914168479022015
59.25	0.9904345874400645
59.35	0.989087630693919
59.45	0.9886868049369044
59.550000000000004	0.9882703331281382
59.65	NaN
59.75	0.9902756566499057
59.85	0.9882992723442381
59.95	0.9896757635501485
60.050000000000004	0.9882409340753223
60.15	0.9894802975886079
60.25	0.9914809001224402
60.35	NaN
60.45	0.9905893454851048
60.550000000000004	0.9923703250141496
60.65	0.9932591589613602
60.75	0.993152915329433
60.85	NaN
60.95	0.9965771002096854
61.050000000000004	0.9972551061642937
61.15	0.9983711401087887
61.25	1.0011854633818185
61.35	0.9993574228510284
61.45	1.0022592972606945
61.550000000000004	1.0025027887302589
61.65	1.0051794570242223
61.75	1.0058607452112722
61.85	1.005226228416418
61.95	NaN
62.050000000000004	1.0027744405016445
62.15	1.0082073177390707
62.25	1.0089914544981533
62.35	1.0069154785565781
62.45	NaN
62.550000000000004	1.0087582825156143
62.65	NaN
62.75	NaN
62.85	1.0101652673738057
62.95	1.0106617691668398
63.050000000000004	1.0118414410665002
63.15	1.0095814865086798
63.25	1.0095082510685942
63.35	1.0079449555402162
63.45	1.0084946895673046
63.550000000000004	1.0083942897676266
63.65	NaN
63.75	1.00727638947469
63.85	NaN
63.95	1.0053943979562547
64.05	1.0033304701091141
64.14999999999999	1.0012980950845696
64.25	1.0022871775546704
64.35	NaN
64.44999999999999	1.0005737391575336
64.55	0.9983262235390375
64.64999999999999	0.9980326218905562
64.75	0.9988618749155904
64.85	0.9970712727350682
64.94999999999999	0.9966265380374247
65.05	0.9959436926123166
65.14999999999999	NaN
65.25	0.9935055090315713
65.35	0.9914592848423165
65.44999999999999	0.9918226207429377
65.55	0.9916038979317944
65.64999999999999	NaN
65.75	0.9899118820341609
65.85	0.9911187648010146
65.94999999999999	NaN
66.05	NaN
66.14999999999999	0.9906057429482005
66.25	0.9915957455055908
66.35	0.9914210022571901
66.44999999999999	0.9899569895961309
66.55	NaN
66.64999999999999	0.9947207759883921
66.75	0.9928492845311553
66.85	NaN
66.94999999999999	NaN
67.05	NaN
67.14999999999999	NaN
67.25	0.9968271660517625
67.35	NaN
67.44999999999999	NaN
67.55	0.9988423125057785
67.64999999999999	1.0012196036001515
67.75	1.0002220029320796
67.85	1.0018118855391334
67.94999999999999	NaN
68.05	1.0033564951291236
68.14999999999999	1.0033342015645614
68.25	1.0067233481392048
68.35	1.0058097274000597
68.44999999999999	1.0069587850353623
68.55	1.0073744974423078
68.64999999999999	NaN
68.75	1.0080107381886052
68.85	1.0079273570649605
68.94999999999999	1.0064973507944714
69.05	NaN
69.14999999999999	1.0071583281466634
69.25	NaN
69.35	1.006488560537953
69.44999999999999	1.0080162193630808
69.55	1.0081440775148214
69.64999999999999	1.0066491969700841
69.75	1.0081942608825805
69.85	1.0072891606805103
69.94999999999999	1.0056733357798586
70.05	NaN
70.14999999999999	1.0045518783901233
70.25	1.0027538680591814
70.35	1.00310140219781
70.44999999999999	1.0017796481160388
70.55	1.0028788483467823
70.64999999999999	0.9997476520227503
70.75	0.9981696701375842
70.85	0.9981438944968075
70.94999999999999	0.9983964649849115
71.05	0.9970812215540426
71.14999999999999	NaN
71.25	0.9966166342942389
71.35	NaN
71.44999999999999	0.9943730744062023
71.55	0.9941423499372358
71.64999999999999	0.993750606065891
71.75	0.9926619278766944
71.85	NaN
71.94999999999999	NaN
72.05	0.9927491483311343
72.14999999999999	NaN
72.25	0.9929826584035456
72.35	0.9925711406435712
72.44999999999999	NaN
72.55	NaN
72.64999999999999	0.9916693435034237
72.75	0.9938029794128576
72.85	0.9923298028683301
72.94999999999999	NaN
73.05	0.9945924628101839
73.14999999999999	0.9958038759097313
73.25	0.9966732912655636
73.35	0.9954446775419271
73.44999999999999	0.9971208921180255
73.55	0.9984464715650487
73.64999999999999	0.998574727059572
73.75	0.9985095268729051
73.85	0.9988623478993323
73.94999999999999	NaN
74.05	NaN
74.14999999999999	1.0009187571262466
74.25	1.0019452182710133
74.35	1.0029022731671007
74.44999999999999	1.0042880660260087
74.55	1.0042682466210644
74.64999999999999	NaN
74.75	NaN
74.85	1.006353376025728
74.94999999999999	1.0069377166310793
75.05	1.006327153583526
75.14999999999999	1.0068893074577014
75.25	1.0078696786371557
75.35	1.0071325265904127
75.44999999999999	1.0082950128381925
75.55	1.005850409377445
75.64999999999999	1.0075166822663966
75.75	NaN
75.85	1.0058484247072077
75.94999999999999	NaN
76.05	1.00638270395956
76.14999999999999	1.005611277435378
76.25	1.0048535863915293
76.35	1.0044005482418183
76.44999999999999	NaN
76.55	1.0026908575080369
76.64999999999999	1.0034465035293605
76.75	NaN
76.85	1.0009802968042698
76.95	1.0006753230584646
77.05	0.9986658393813447
77.14999999999999	0.9985571626483937
77.25	NaN
77.35	NaN
77.45	NaN
77.55	0.9970020616783533
77.64999999999999	NaN
77.75	0.9944820335236199
77.85	0.9947251514271208
77.95	NaN
78.05	0.9949219199801684
78.14999999999999	NaN
78.25	0.993695337721805
78.35	0.9940354748152674
78.45	NaN
78.55	NaN
78.64999999999999	NaN
78.75	0.9937867612652518
78.85	0.9940022959353582
78.95	0.9933163438445757
79.05	NaN
79.14999999999999	NaN
79.25	0.9954873748844325
79.35	0.9951136770941055
79.45	NaN
79.55	0.995233151579563
79.64999999999999	NaN
79.75	0.9984746235237938
79.85	0.9987073278392503
