0.15	0.036340437407935876
0.25	0.03667510029763802
0.35	0.036717628218778206
0.45	0.03708302073781044
0.55	0.03738590306826153
0.65	0.03771043453469643
0.7500000000000001	0.03805425142134198
0.85	0.03916715570277123
0.95	0.03920941483523714
1.05	0.03974871803768844
1.15	0.040375345305374274
1.25	0.04097482582423501
1.35	0.041712463008055714
1.45	0.042742724597691614
1.55	0.0435640454175634
1.65	0.04483153513340603
1.75	0.04615022928398319
1.85	0.04749853718739434
1.95	0.04869859118484577
2.05	0.05051024177991089
2.15	0.05205267417592899
2.25	0.05415156647521219
2.35	0.05592568930554771
2.45	0.05800243560233422
2.5500000000000003	0.06030115802358805
2.65	0.06311764739102747
2.75	0.06596901966351423
2.85	0.06916928872030248
2.95	0.07226338310113853
3.0500000000000003	0.076181216873705
3.15	0.08018365690510365
3.25	0.08492722178687397
3.35	0.08985772760140766
3.45	0.09548042031076254
3.5500000000000003	0.10149165012904453
3.65	0.10772253154366324
3.75	0.11566368767451571
3.85	0.1238677915841126
3.95	0.13368463115313944
4.05	0.14363555425645955
4.1499999999999995	0.15516317801652324
4.25	0.1681721166740263
4.35	0.1837254848125083
4.449999999999999	0.20047125312452097
4.55	0.22013253757495374
4.6499999999999995	0.2419279065374298
4.75	0.26818465557931037
4.85	0.2948892063827701
4.95	0.33046036969823145
5.05	0.36852310220444223
5.1499999999999995	0.41316852037014395
5.25	0.4648134286791488
5.35	0.5239373267233922
5.45	0.5966111123641689
5.55	0.6776855833948303
5.6499999999999995	0.7749074301228226
5.75	0.8861473942393893
5.85	1.015442690315506
5.95	1.1510345489390978
6.05	1.307310438948977
6.1499999999999995	1.4808417096567896
6.25	1.6500892554812003
6.35	1.8082450115496425
6.45	1.9541902500066186
6.55	2.060429754430144
6.6499999999999995	2.122327780478814
6.75	2.1369772347070115
6.85	2.1007969999221703
6.95	2.0309551843179556
7.05	1.9306953656582142
7.1499999999999995	1.8174052509315979
7.25	1.703084980543778
7.35	1.5872484154423565
7.45	1.4740988035178957
7.55	1.3713588666979208
7.6499999999999995	1.280663445037575
7.75	1.1970609007385968
7.85	1.1229191867079498
7.95	1.056257596908626
8.05	0.9972877289880846
8.15	0.9469439670677633
8.25	0.90065824705922
8.350000000000001	0.863227636779449
8.450000000000001	0.8304371557722533
8.55	0.8000318269330873
8.65	0.7749515437790533
8.75	0.7535011082007067
8.850000000000001	0.7381130636004927
8.950000000000001	0.7231004400327127
9.05	0.7105258282861479
9.15	0.7007583552762102
9.25	0.6947257652796166
9.350000000000001	0.6895130595832871
9.450000000000001	0.6875878123069414
9.55	0.6854496125521249
9.65	0.6884416704016435
9.750000000000002	0.6908081163638965
9.85	0.6972500214560482
9.95	0.7034394428998194
10.049999999999999	0.7109717491759395
10.149999999999999	0.721421438144087
10.25	0.7333034902649544
10.35	0.7480028482567155
10.45	0.7624692165702331
10.549999999999999	0.7803441622559827
10.649999999999999	0.7989530274988693
10.75	0.8187162095390312
10.85	0.8377286917206697
10.95	0.8623482737582236
11.049999999999999	0.8860599295730361
11.149999999999999	0.9090250581182115
11.25	0.9367025955743687
11.35	0.964191064721397
11.45	0.99075789154589
11.549999999999999	1.0176568933511037
11.649999999999999	1.0454143662051807
11.75	1.0713279776802729
11.85	1.0963564215727444
11.95	1.122776587392578
12.049999999999999	1.1451460587994746
12.149999999999999	1.1645137261645055
12.25	1.1853598369272962
12.35	1.2066248896312561
12.45	1.2150603400096023
12.549999999999999	1.2269760804654282
12.649999999999999	1.2349086606702349
12.75	1.2406313714283133
12.85	1.2400962207542412
12.95	1.2379720198815571
13.049999999999999	1.23497304072992
13.149999999999999	1.2247085306549448
13.25	1.2170261757030387
13.35	1.1996228690245474
13.45	1.1867762520457161
13.549999999999999	1.169370796686178
13.649999999999999	1.1517131088159307
13.75	1.1302548181439442
13.85	1.1078493962996043
13.95	1.0880889618867264
14.049999999999999	1.0661693338337521
14.149999999999999	1.0465336374494238
14.25	1.0249976064175876
14.35	1.0054816915634963
14.45	0.9905167420292157
14.549999999999999	0.9695786082651425
14.649999999999999	0.9530216522960188
14.75	0.9357386404166386
14.85	0.923312278726071
14.95	0.9112148967785249
15.049999999999999	0.9004936368836483
15.149999999999999	0.8899292832203669
15.25	0.8822787753090432
15.35	0.8751433514465088
15.45	0.8684341496457021
15.549999999999999	0.8612642105850485
15.649999999999999	0.8607005367423888
15.75	0.8580504563887492
15.85	0.8583691000131742
15.95	0.8591374454965052
16.05	0.8592039778372178
16.15	0.8629988330837085
16.25	0.8706174851183244
16.349999999999998	0.8707773605188537
16.45	0.8815217069021803
16.55	0.8864362051463917
16.65	0.893733237697307
16.75	0.9028693890425195
16.849999999999998	0.9121463248307625
16.95	0.9221145239464701
17.05	0.9339046529267089
17.15	0.9443957120686292
17.25	0.9581882400657116
17.349999999999998	0.9702203342146926
17.45	0.9826915749794592
17.55	0.9960632771790797
17.65	1.0086728514285848
17.75	1.0195494370294602
17.849999999999998	1.0324207714256481
17.95	1.0448649448210405
18.05	1.0552195019267505
18.15	1.064636438729838
18.25	1.0733471244973412
18.349999999999998	1.0838509672141956
18.45	1.0927991460364617
18.55	1.0976648842242505
18.65	1.1074577487456148
18.75	1.1064598366302938
18.849999999999998	1.109464860353553
18.95	1.112335665255675
19.05	1.111413190674216
19.15	1.1080619784987715
19.25	1.1070652847831142
19.35	1.1023502912177476
19.45	1.097254317065001
19.55	1.090869262032042
19.65	1.0838484534416755
19.75	1.0776650582304599
19.85	1.0711195644243057
19.95	1.0618384271713255
20.05	1.0531921192735862
20.15	1.0432000844339455
20.25	1.033504221283056
20.35	1.0241446319687644
20.45	1.0152876551161893
20.55	1.007354603121157
20.65	0.996629393535344
20.75	0.988426865179494
20.85	0.9800738080206989
20.95	0.9732019549686657
21.05	0.9622664400284971
21.15	0.9557105165257263
21.25	0.9512791320865466
21.35	0.9459420383519533
21.45	0.9388363172619364
21.55	0.9344384971242831
21.65	0.9321052750182289
21.75	0.9283499033175943
21.85	0.9253736485524833
21.95	0.9247931489430625
22.05	0.92330172536488
22.15	0.922480926977536
22.25	0.924236302210374
22.35	0.9227730318561372
22.45	0.9238367844998471
22.55	0.9263492266025548
22.65	0.9310817967907974
22.75	0.9350015074750889
22.85	0.9412037026814252
22.95	0.9465943438720467
23.05	0.9517073273511516
23.15	0.957191493562156
23.25	0.9642527251126924
23.35	0.9673628146168791
23.45	0.9761412584684463
23.55	0.9850270603259067
23.65	0.9900400856952087
23.75	0.9976586460629254
23.85	1.003741132080486
23.95	1.0111982855383208
24.05	1.0175299795763768
24.15	1.024690411856865
24.25	1.029421623607404
24.35	1.0363783233846584
24.45	1.042763462965163
24.55	1.0466061973703096
24.65	1.0529187481518267
24.75	1.054793845012703
24.85	1.0589129105971256
24.95	1.0599599195667098
25.05	1.0563720988493117
25.15	1.063337931628908
25.25	1.061768316497046
25.35	1.0634864783040443
25.45	1.0607154079053218
25.55	1.0601994422188705
25.65	1.0565799880433222
25.75	1.0536101495556425
25.85	1.053038358448215
25.95	1.0467450784578916
26.05	1.0424675569423434
26.15	1.0388177907948786
26.25	1.0324432911193973
26.35	1.0294426559187217
26.45	1.0239967098028988
26.55	1.0168944621939497
26.65	1.0139419912134655
26.75	1.0067529105011714
26.85	1.000096851461217
26.95	0.994733954802633
27.05	0.9895346235002459
27.15	0.9849944242169311
27.25	0.9804178384887713
27.35	0.975633777424377
27.45	0.9699105779743112
27.55	0.9664644481041957
27.65	0.9642818262119369
27.75	0.9605687145285897
27.85	0.9588008476854224
27.95	0.956824716686913
28.05	0.9547616216303173
28.15	0.9539353815918572
28.25	0.9528545746256118
28.35	0.9502738738833482
28.45	0.9525634685692819
28.55	0.9541733577645704
28.65	0.9536250923846794
28.75	0.9546802025686746
28.85	0.9569672154031067
28.95	0.9571561584718922
29.05	0.960564211823193
29.15	0.9634006845450322
29.25	0.969227860800755
29.35	0.9711257007855963
29.45	0.9741949925673994
29.55	0.9788626813425185
29.65	0.9839222905725767
29.75	0.9867952327544852
29.85	0.990905009946235
29.95	NaN
30.05	1.000951676431551
30.15	1.00292859098439
30.25	1.011100078936235
30.35	1.014035936943609
30.45	1.0172237608072976
30.55	1.0221476823944373
30.65	1.0268157673608762
30.75	1.0269786978081912
30.85	1.0306633962685239
30.95	1.0349705774400544
31.05	1.0352272296017617
31.15	1.0391563769625536
31.25	1.039192887265703
31.35	1.0392764285275167
31.45	1.0426188540677779
31.55	1.0402699290471915
31.65	1.0388270334336085
31.75	NaN
31.85	1.0372655303608447
31.95	1.0360512281693868
32.05	1.0333259229854261
32.15	1.0334157729080418
32.25	1.0303889296627797
32.35	1.0275240691248455
32.45	1.0248319305123283
32.55	1.0200044306752178
32.65	1.0169825793169973
32.75	1.011136490012142
32.85	1.0098724871693041
32.95	1.0062896572623412
33.05	1.0020682276114206
33.15	0.9991615279789323
33.25	0.9945584590432218
33.35	0.9908892070550124
33.45	0.9886007861158969
33.55	0.982790242617208
33.65	0.9819142628833698
33.75	0.9789483457308958
33.85	0.9772260558484553
33.95	0.9740465334270216
34.05	0.9766385060116685
34.15	0.9735664663999856
34.25	0.9690493823796532
34.35	0.9670919068999894
34.45	0.9670052680503322
34.55	0.9691740828897181
34.65	0.9667673007351378
34.75	0.9664902878186051
34.85	0.9674865059937547
34.95	0.9666886257575769
35.05	0.9725576352977796
35.15	0.9712683667022096
35.25	0.9723813340053378
35.35	0.9735686040619826
35.45	0.9772038903408359
35.55	0.9789549147794295
35.65	0.9825111503832142
35.75	0.9852282438811716
35.85	0.9875890974417968
35.95	0.9912449047659893
36.05	0.9926408635264927
36.15	0.9957312323532634
36.25	1.0011659001171531
36.35	1.001908420871362
36.45	1.0054886293643712
36.55	1.0077709547196732
36.65	NaN
36.75	1.0123134003007437
36.85	1.0158181169123475
36.95	1.0188715415181835
37.05	1.0200503194385413
37.15	1.0227318948133153
37.25	1.0243663358949082
37.35	1.025198245057696
37.45	1.0269737083300283
37.55	1.029665216884513
37.65	1.0280001062185917
37.75	1.0280154672795003
37.85	1.0305611559103887
37.95	1.0276807551121308
38.05	NaN
38.15	NaN
38.25	1.026922191325316
38.35	1.0230129263513184
38.45	1.0225335392776433
38.550000000000004	1.0199074770328134
38.65	1.0165690895993653
38.75	1.015995557749976
38.85	1.0139217505180596
38.95	1.0107417097324767
39.050000000000004	1.0092156975763047
39.15	1.0059131080669128
39.25	1.003826682343593
39.35	0.9998680189397496
39.45	0.9976604503173965
39.550000000000004	0.9958703867683194
39.65	NaN
39.75	0.9905205349758132
39.85	0.9912870967142351
39.95	0.9885765582773594
40.050000000000004	0.9825256654318307
40.15	0.9834726261930758
40.25	0.9803874555265147
40.35	NaN
40.45	0.9793343116792731
40.550000000000004	0.9767131594505102
40.65	0.9776382506067752
40.75	0.978452039780073
40.85	0.9758603609424896
40.95	0.9762399185316439
41.050000000000004	0.9771759587179252
41.15	0.9754802141263699
41.25	0.976882503981289
41.35	0.9782809386448533
41.45	0.9809852443154526
41.550000000000004	0.9806577797767729
41.65	0.9830182533720198
41.75	0.9842031378102681
41.85	0.9877904703813568
41.95	0.9865681325156156
42.050000000000004	0.9892870301010268
42.15	0.9901199262487895
42.25	0.9930934777406796
42.35	0.9952761650738832
42.45	0.9982350284770081
42.550000000000004	0.9991210333787696
42.65	1.0018736958246768
42.75	1.0042723470548505
42.85	1.0069429358984314
42.95	1.0089237600428433
43.050000000000004	1.0109563960924508
43.15	NaN
43.25	1.0145219405117059
43.35	1.017702318497296
43.45	1.0163311450396815
43.550000000000004	1.020720013861738
43.65	NaN
43.75	NaN
43.85	1.0213795191409367
43.95	1.0192704240740291
44.050000000000004	1.0204535988618615
44.15	1.021056127134209
44.25	1.0196920789499877
44.35	1.0200144226320107
44.45	NaN
44.550000000000004	1.0181718369910482
44.65	1.0157963054214305
44.75	1.015047768232309
44.85	1.0139167978719423
44.95	1.0126895719994096
45.050000000000004	1.0115991417485637
45.15	1.009783968415013
45.25	1.0055809753227283
45.35	1.0058586387372221
45.45	1.0039854406081448
45.550000000000004	1.002298479412452
45.65	0.9991378546798872
45.75	NaN
45.85	0.9966939355570957
45.95	NaN
46.050000000000004	0.9919613392540139
46.15	0.9892396033658221
46.25	0.9917098586419295
46.35	NaN
46.45	0.9869288061993248
46.550000000000004	0.9867941571373634
46.65	NaN
46.75	0.9839121119844298
46.85	0.9830471749167078
46.95	0.9816985827738869
47.050000000000004	0.9810775502351484
47.15	0.9823410782491391
47.25	0.9834952128757657
47.35	0.9827599616510829
47.45	NaN
47.550000000000004	0.9841012254831872
47.65	0.9823033450209625
47.75	0.9841000430451619
47.85	0.9857962470112216
47.95	0.9875968441056258
48.050000000000004	0.9862465573563877
48.15	0.9897770782206634
48.25	0.9888946945721996
48.35	0.9914890303628864
48.45	0.9933490766287048
48.550000000000004	0.9992979610104802
48.65	0.9985113956284696
48.75	0.998288904498459
48.85	1.0009154174357728
48.95	1.0024036915538967
49.050000000000004	1.004721161720924
49.15	1.0049684818815954
49.25	1.0074752620433705
49.35	1.0095020343315548
49.45	1.0100996287253519
49.550000000000004	1.0110591156979643
49.65	1.012614770231189
49.75	NaN
49.85	1.0123665851101118
49.95	1.0144040742905316
50.050000000000004	1.0175985809521757
50.15	1.0147488293591544
50.25	1.0152053412664392
50.35	1.0167039634221302
50.45	1.0158596890742753
50.550000000000004	1.0150324074155306
50.65	1.016527201151406
50.75	1.0159586066930233
50.85	1.0143517142509384
50.95	1.0125031427792797
51.050000000000004	1.011638539449895
51.15	1.0094555040991111
51.25	1.0090377312123353
51.35	1.0107222468554935
51.45	1.0071606831233515
51.550000000000004	1.0050903304835745
51.65	1.0021975585521172
51.75	1.0008365612953336
51.85	1.0025253688906515
51.95	1.0004089423900084
52.050000000000004	0.9998079653628775
52.15	NaN
52.25	0.9926332688218781
52.35	0.9949620324363867
52.45	0.9933947737446349
52.550000000000004	0.9924282162374364
52.65	0.9911007643244041
52.75	0.9895351225090612
52.85	0.9885442986600168
52.95	0.9884229428283214
53.050000000000004	0.9854926148522332
53.15	0.9870269835465711
53.25	0.9861893302535372
53.35	0.9869798249244163
53.45	0.9876820906561149
53.550000000000004	0.9838984333326815
53.65	0.9859994926236562
53.75	0.9861001232441386
53.85	0.9875072649633992
53.95	0.9877071403573479
54.050000000000004	0.9886289858975953
54.15	0.9884897116649433
54.25	0.989391207548697
54.35	0.9907140804056069
54.45	0.9935146414235668
54.550000000000004	NaN
54.65	0.9959131917889402
54.75	0.9950024117416324
54.85	0.9952572691571028
54.95	0.9986296742365088
55.050000000000004	1.001037963611207
55.15	0.999666242127225
55.25	1.0031448824835738
55.35	1.0018776643468212
55.45	1.0055795653273945
55.550000000000004	1.0043578768543056
55.65	NaN
55.75	1.0082382379973913
55.85	1.008942140758953
55.95	1.0086904196355941
56.050000000000004	1.0099694027156532
56.15	1.0096390962578978
56.25	1.0119194850799054
56.35	1.0045341251689741
56.45	1.0118952029671848
56.550000000000004	1.0128914996572058
56.65	1.012555401827994
56.75	1.0114304613248064
56.85	1.0119590815231454
56.95	1.010256462715896
57.050000000000004	1.0123134740467792
57.15	1.0112505681596868
57.25	1.0115907087145317
57.35	1.0092850089120076
57.45	1.0085445173483776
57.550000000000004	NaN
57.65	1.0058817524051127
57.75	1.0051873366160013
57.85	1.0065571013297432
57.95	1.0039835198459672
58.050000000000004	NaN
58.15	0.9999701122420429
58.25	0.9991119151887077
58.35	0.9990903193367027
58.45	0.9974655483888167
58.550000000000004	0.9951965127593816
58.65	0.9949429418091911
58.75	NaN
58.85	0.9924483597407795
58.95	0.9940123402467005
59.050000000000004	0.9923455324386312
59.15	0.991930065470753
59.25	0.9907081607337274
59.35	0.9896359152986854
59.45	0.9891301959269497
59.550000000000004	0.9895749612719315
59.65	NaN
59.75	0.9892623353517387
59.85	0.9882512070402025
59.95	0.987533672657853
60.050000000000004	0.9899903861474931
60.15	0.9904533955996789
60.25	0.9909188089987514
60.35	NaN
60.45	0.9914776824548016
60.550000000000004	0.9908821763060762
60.65	0.9923572331215558
60.75	0.9943125617661488
60.85	NaN
60.95	0.9949074111974427
61.050000000000004	0.9964209398048796
61.15	0.9976892471684793
61.25	0.9985945422174738
61.35	0.9999580881861836
61.45	0.9994750070948895
61.550000000000004	1.0033941270083047
61.65	1.0042709311960476
61.75	1.0032144718403777
61.85	1.0054740389608647
61.95	NaN
62.050000000000004	1.0074094622756598
62.15	1.005401838698171
62.25	1.0087749800131562
62.35	1.0069974059620417
62.45	NaN
62.550000000000004	1.0099752222396838
62.65	NaN
62.75	NaN
62.85	1.0110315331421034
62.95	1.0112844779735093
63.050000000000004	1.0102517377740443
63.15	1.009588343825031
63.25	1.009598036857493
63.35	1.0079017556084922
63.45	1.0072190595187183
63.550000000000004	1.0086014833059735
63.65	NaN
63.75	1.0038226638869374
63.85	NaN
63.95	1.0057550588377369
64.05	1.002653868980609
64.14999999999999	1.0032844676936947
64.25	1.0012262373188938
64.35	NaN
64.44999999999999	1.000025108732124
64.55	0.997958664373175
64.64999999999999	0.9971627324366086
64.75	0.9982323803292152
64.85	0.9960185765633001
64.94999999999999	0.9968655452642943
65.05	0.994010920823544
65.14999999999999	NaN
65.25	0.9930612203191899
65.35	0.9888821497159482
65.44999999999999	0.9913038194157591
65.55	0.9922222559033328
65.64999999999999	NaN
65.75	0.9903111455935808
65.85	0.9901430419546303
65.94999999999999	NaN
66.05	NaN
66.14999999999999	0.9897486561274459
66.25	0.991922603644087
66.35	0.9912120951965361
66.44999999999999	0.9929326001769541
66.55	NaN
66.64999999999999	0.9912247974000669
66.75	0.9926356479791842
66.85	NaN
66.94999999999999	NaN
67.05	NaN
67.14999999999999	NaN
67.25	0.9962057611502502
67.35	NaN
67.44999999999999	NaN
67.55	0.9994574546497583
67.64999999999999	0.9998054022300076
67.75	1.00151290699155
67.85	1.0037419813511494
67.94999999999999	NaN
68.05	1.0027967858566036
68.14999999999999	1.0059299787906664
68.25	1.0062420076912646
68.35	1.0052281229279656
68.44999999999999	1.0057405552630254
68.55	1.0070015270806152
68.64999999999999	NaN
68.75	1.0077221361668671
68.85	1.0072749859044472
68.94999999999999	1.0096999100881159
69.05	NaN
69.14999999999999	1.008293446429924
69.25	NaN
69.35	1.0089815182323787
69.44999999999999	1.0092629369781785
69.55	1.0098132949693963
69.64999999999999	1.008076113755968
69.75	1.007904265154839
69.85	1.0054783012816735
69.94999999999999	1.005972297797353
70.05	NaN
70.14999999999999	1.0049533194576328
70.25	1.004915647845352
70.35	1.0043244644710856
70.44999999999999	1.0020747943326354
70.55	1.0027665890795614
70.64999999999999	1.0004095100489532
70.75	0.9983376505944689
70.85	0.9995109080079634
70.94999999999999	0.9982178289714059
71.05	0.996870169933666
71.14999999999999	NaN
71.25	0.9972781468828892
71.35	NaN
71.44999999999999	0.9946326279376827
71.55	0.9947021099453291
71.64999999999999	0.9941405919897129
71.75	0.9935212330999289
71.85	NaN
71.94999999999999	NaN
72.05	0.9925219775111179
72.14999999999999	NaN
72.25	0.992754205641189
72.35	0.9914816597337869
72.44999999999999	NaN
72.55	NaN
72.64999999999999	0.9941310588616759
72.75	0.9935950812756332
72.85	0.993440898166167
72.94999999999999	NaN
73.05	0.9948470626422473
73.14999999999999	0.9947109131294579
73.25	0.9959348322718796
73.35	0.9971878523535856
73.44999999999999	0.9967800402112355
73.55	0.9970090249573441
73.64999999999999	0.9987940641537549
73.75	0.9972968765051005
73.85	0.9996563595008455
73.94999999999999	NaN
74.05	NaN
74.14999999999999	1.000878444528811
74.25	1.000791314530894
74.35	1.0042241178029259
74.44999999999999	1.0039917294685892
74.55	1.0049372130574052
74.64999999999999	NaN
74.75	NaN
74.85	1.0059851267201618
74.94999999999999	1.0052571725618233
75.05	1.0071193485752807
75.14999999999999	1.007238806117009
75.25	1.0069518157132862
75.35	1.005438756779461
75.44999999999999	1.0075168774641319
75.55	1.0072059322014768
75.64999999999999	1.0069193137071966
75.75	NaN
75.85	1.0077850757334201
75.94999999999999	NaN
76.05	1.006106356856873
76.14999999999999	1.0046685189967695
76.25	1.004712387964443
76.35	1.0045385237939777
76.44999999999999	NaN
76.55	1.0027597489424522
76.64999999999999	1.0011318310463455
76.75	NaN
76.85	1.000948013129729
76.95	1.001471199579463
77.05	1.0001087545341998
77.14999999999999	0.9988889000416806
77.25	NaN
77.35	NaN
77.45	NaN
77.55	0.9971842070794024
77.64999999999999	NaN
77.75	0.996666198445889
77.85	0.9946975263435005
77.95	NaN
78.05	0.9945783343757604
78.14999999999999	NaN
78.25	0.9939381114854694
78.35	0.9939377510876614
78.45	NaN
78.55	NaN
78.64999999999999	NaN
78.75	0.9934815284732247
78.85	0.9955989605394733
78.95	0.9930272403343209
79.05	NaN
79.14999999999999	NaN
79.25	0.994741589577039
79.35	0.9954098349297665
79.45	NaN
79.55	0.9975274135371762
79.64999999999999	NaN
79.75	0.9978000201103037
79.85	0.9969831354663502
