0.15	0.03786626205275758
0.25	0.03708378273710907
0.35	0.03691933966180119
0.45	0.0371486481931184
0.55	0.037688481199370245
0.65	0.03746638553273535
0.7500000000000001	0.03797625095374015
0.85	0.038418885136298465
0.95	0.03927873834774522
1.05	0.03990172049290726
1.15	0.04043482820718255
1.25	0.04104946956626904
1.35	0.04187798339884548
1.45	0.04262545129673104
1.55	0.04379506266243013
1.65	0.04472539025918232
1.75	0.04619168394332284
1.85	0.04756638041119605
1.95	0.04885034087391408
2.05	0.05047644184294123
2.15	0.05209177295154013
2.25	0.05404102650444514
2.35	0.0559177039574859
2.45	0.058034932248994496
2.5500000000000003	0.06045006614843466
2.65	0.06300697789191137
2.75	0.06608738330273899
2.85	0.0690163957841689
2.95	0.07253230023153923
3.0500000000000003	0.07610589765249755
3.15	0.08034967282117994
3.25	0.08480679822953327
3.35	0.08989851548452228
3.45	0.09538930129200116
3.5500000000000003	0.10162108899913902
3.65	0.10806139275719895
3.75	0.11585411863638728
3.85	0.12366169265910021
3.95	0.13367112440526469
4.05	0.14349245746520228
4.1499999999999995	0.15546322999700202
4.25	0.16817106674483484
4.35	0.1833438929507281
4.449999999999999	0.20068497869990887
4.55	0.2198853354756684
4.6499999999999995	0.24233216077970057
4.75	0.26797795743828035
4.85	0.29488178656826536
4.95	0.33058702570002607
5.05	0.3692182171894786
5.1499999999999995	0.4130315859719356
5.25	0.4638028886553216
5.35	0.5237948145524731
5.45	0.59845675924203
5.55	0.6755562483689943
5.6499999999999995	0.7744399837195748
5.75	0.886757986265279
5.85	1.0158602787165176
5.95	1.1497609360220862
6.05	1.3059241111844495
6.1499999999999995	1.4791118422276426
6.25	1.6500980464068602
6.35	1.8141114556864772
6.45	1.9511313378094868
6.55	2.0622202163684236
6.6499999999999995	2.126200426324075
6.75	2.1401958267681995
6.85	2.104518009110947
6.95	2.0325013844357382
7.05	1.932570739826479
7.1499999999999995	1.8180627741659643
7.25	1.7022424575551556
7.35	1.5867905720379698
7.45	1.472422606865192
7.55	1.3734243818151368
7.6499999999999995	1.280112140345982
7.75	1.193233828667743
7.85	1.121948337408219
7.95	1.0546650969983606
8.05	0.9984713149720388
8.15	0.9467393549927822
8.25	0.902636226792801
8.350000000000001	0.8635806491357649
8.450000000000001	0.8298531540539632
8.55	0.801057688499504
8.65	0.7771221616686054
8.75	0.7547098623891972
8.850000000000001	0.7368653169678486
8.950000000000001	0.7224952394996362
9.05	0.712313161388708
9.15	0.7006065663621841
9.25	0.6946468906337011
9.350000000000001	0.6914296569453194
9.450000000000001	0.6874326020228196
9.55	0.6869442627756553
9.65	0.6881215111143164
9.750000000000002	0.6903090059719542
9.85	0.6964366405565403
9.95	0.7014348370821253
10.049999999999999	0.7121422934324873
10.149999999999999	0.721462620643311
10.25	0.7333962997384014
10.35	0.7472283624979271
10.45	0.7617314629981417
10.549999999999999	0.778420293362806
10.649999999999999	0.7969327931977238
10.75	0.8180895105705055
10.85	0.8380455716568358
10.95	0.8623649962418813
11.049999999999999	0.8871517348639886
11.149999999999999	0.911543751246605
11.25	0.937508338846697
11.35	0.964841907329545
11.45	0.9920467926244488
11.549999999999999	1.0196873795507053
11.649999999999999	1.043813173256792
11.75	1.0702323631378974
11.85	1.0965938948123393
11.95	1.1246681849683509
12.049999999999999	1.144611184566299
12.149999999999999	1.1638191474462976
12.25	1.1879392060882517
12.35	1.2035886712860469
12.45	1.215134536918224
12.549999999999999	1.2262112624689214
12.649999999999999	1.2361373719459758
12.75	1.2385078461952328
12.85	1.2413195216889163
12.95	1.2402312454229245
13.049999999999999	1.2349260777963869
13.149999999999999	1.2242648410568033
13.25	1.2133909818901698
13.35	1.201878965979595
13.45	1.1834801978441785
13.549999999999999	1.1669950444689237
13.649999999999999	1.1497671074553746
13.75	1.1307051702949424
13.85	1.1086914590166401
13.95	1.0879566138750785
14.049999999999999	1.0670872463291654
14.149999999999999	1.0458806083673853
14.25	1.0260809584337847
14.35	1.0075297492393989
14.45	0.9881082458602144
14.549999999999999	0.971662236511331
14.649999999999999	0.9524742498100116
14.75	0.9371019255451235
14.85	0.9236211031649482
14.95	0.9113591272813453
15.049999999999999	0.8999506276309567
15.149999999999999	0.8882511698507727
15.25	0.880778933129632
15.35	0.8736196087250845
15.45	0.8688836939553344
15.549999999999999	0.8640850671618562
15.649999999999999	0.8605774109843614
15.75	0.8590012342771652
15.85	0.8574686678210084
15.95	0.8589914857308601
16.05	0.859716321572649
16.15	0.8643964534381551
16.25	0.8659195458336093
16.349999999999998	0.8732890828585322
16.45	0.8792277534674741
16.55	0.8852508105790695
16.65	0.894389857314939
16.75	0.9014397133478904
16.849999999999998	0.910884207634866
16.95	0.9242695732310202
17.05	0.933735298648936
17.15	0.9460640157054837
17.25	0.958199699480819
17.349999999999998	0.9712620253973093
17.45	0.9840131840632494
17.55	0.9954150702074495
17.65	1.008642785178723
17.75	1.0210645485195466
17.849999999999998	1.0308839282963356
17.95	1.0459396750403376
18.05	1.0581673421473605
18.15	1.0659868154481245
18.25	1.0757202297413548
18.349999999999998	1.083481115393878
18.45	1.0916482494164705
18.55	1.0976105673807495
18.65	1.1009163120423109
18.75	1.106917081065281
18.849999999999998	1.1097729193554078
18.95	1.1076054863648483
19.05	1.1123653668402083
19.15	1.1096784453649917
19.25	1.1060268093400156
19.35	1.1031200558029401
19.45	1.0973828681017177
19.55	1.091678843896572
19.65	1.0863396236442429
19.75	1.0780792688013614
19.85	1.0704587696901753
19.95	1.062193697021999
20.05	1.0529612677273936
20.15	1.043732602407585
20.25	1.033230536794667
20.35	1.0253554289309041
20.45	1.0167510371966704
20.55	1.0045190540125324
20.65	0.9965185317350705
20.75	0.9863158963343353
20.85	0.9785838649586582
20.95	0.972103033361954
21.05	0.964069032303497
21.15	0.9552154477822438
21.25	0.952036724102772
21.35	0.9433583192304547
21.45	0.9395268425786638
21.55	0.9329322275530205
21.65	0.9312027913355247
21.75	0.9297909584782924
21.85	0.9256468346342258
21.95	0.924839614470057
22.05	0.9208760159173865
22.15	0.9236881127811025
22.25	0.92473784577319
22.35	0.925407844877346
22.45	0.9281649799711827
22.55	0.9276801296732357
22.65	0.9335413579117471
22.75	0.9380979479974781
22.85	0.9423818245271941
22.95	0.9438798623117943
23.05	0.9518101741586452
23.15	0.957102631774676
23.25	0.963562957242885
23.35	0.9703167394666217
23.45	0.9745468923441917
23.55	0.9831365118199671
23.65	0.9899840929063858
23.75	0.9976808382713193
23.85	1.0035835799917356
23.95	1.0116298226657239
24.05	1.016868553990868
24.15	1.0246011318940431
24.25	1.0301190848834054
24.35	1.0372023438710232
24.45	1.0418373469015956
24.55	1.046663566580878
24.65	1.0524906687050115
24.75	1.055422039243341
24.85	1.0592357524621037
24.95	1.0608965186730523
25.05	1.063171663221038
25.15	1.0632497647072063
25.25	1.0625459144352958
25.35	1.0639741079990106
25.45	1.0623675646081194
25.55	1.0597161558330184
25.65	1.0590066532691014
25.75	1.0550230528741433
25.85	1.050500094892823
25.95	1.0493454157574684
26.05	1.0407208252594156
26.15	1.038458311224679
26.25	1.0338068466868282
26.35	1.027014305229297
26.45	1.022956284450022
26.55	1.0174511121766925
26.65	1.0068873345492897
26.75	1.0065953369004792
26.85	1.0004602321320386
26.95	0.9932339302579383
27.05	0.9889021483278223
27.15	0.9849860006913101
27.25	0.9788365198330199
27.35	0.9753589533330193
27.45	0.9692503653508978
27.55	0.9676310053970123
27.65	0.9617949753981764
27.75	0.9601572952427564
27.85	0.9578549245926913
27.95	0.9554313813381221
28.05	0.953215858173342
28.15	0.9528220931719183
28.25	0.9520603205284021
28.35	0.951675733941634
28.45	0.95319300286546
28.55	0.9511921434343918
28.65	0.9527370440847337
28.75	0.9561574144781143
28.85	0.9573988822172866
28.95	0.9580285830597566
29.05	0.9612092268299546
29.15	0.9638460535379023
29.25	0.9672182575422748
29.35	0.9701402604647856
29.45	0.9746901984323708
29.55	0.9794465561482653
29.65	0.9837157220510299
29.75	0.9907103939951115
29.85	0.9926356480196519
29.95	NaN
30.05	1.0015268586180752
30.15	1.0071103539300468
30.25	1.0090440798813878
30.35	1.0137876090226392
30.45	1.016357102681312
30.55	1.0210930455805116
30.65	1.024336289205594
30.75	1.027728182069455
30.85	1.0324479320235427
30.95	1.0323259149717237
31.05	1.0358589626150552
31.15	1.0376244300628568
31.25	1.0395294766103687
31.35	1.0406946893175497
31.45	1.0410458728066696
31.55	1.0413582804431065
31.65	1.0415613214619983
31.75	NaN
31.85	1.0410295269604368
31.95	1.0369205122973224
32.05	1.035372747206568
32.15	1.0333569967077856
32.25	1.0309174904764489
32.35	1.0260695458497697
32.45	1.0233300329830095
32.55	1.0189823735116113
32.65	1.018054650681149
32.75	1.011988047654654
32.85	1.010542678112649
32.95	1.002633720265719
33.05	1.001608247732259
33.15	0.9991090154071226
33.25	0.9952548895154731
33.35	0.9917800174957798
33.45	0.9893016196593332
33.55	0.9854625550916156
33.65	0.9839382498046695
33.75	0.9795510084949378
33.85	0.9783395492052079
33.95	0.9747324739077801
34.05	0.9712778586379909
34.15	0.972765507616839
34.25	0.9701976628942082
34.35	0.9682889233123727
34.45	0.9689371524752947
34.55	0.9678339040187404
34.65	0.9653393002150329
34.75	0.9662245669952344
34.85	0.9688769991914558
34.95	0.9695099523060862
35.05	0.9685438652461947
35.15	0.9714814137959964
35.25	0.9703116076942174
35.35	0.9750662977258834
35.45	0.9763841029903801
35.55	0.9797728556144883
35.65	0.9795679262789334
35.75	0.9842537611679386
35.85	0.9868268856938944
35.95	0.9897599583747245
36.05	0.9934191722255408
36.15	0.9953317698852593
36.25	0.9987680953845389
36.35	1.0013775998929306
36.45	1.0032158121643762
36.55	1.0080976999005575
36.65	NaN
36.75	1.017050449060724
36.85	1.0191316504424375
36.95	1.0162960648757802
37.05	1.0217005980646228
37.15	1.0234398809186664
37.25	1.0230714359357804
37.35	1.0250246516714487
37.45	1.0268564667168738
37.55	1.027585271272097
37.65	1.02668112052129
37.75	1.0285221461306608
37.85	1.0279865740972207
37.95	1.0307240147525045
38.05	NaN
38.15	NaN
38.25	1.0218008609080356
38.35	1.0233060414475776
38.45	1.0211764025980017
38.550000000000004	1.0217716912552488
38.65	1.0183717905226848
38.75	1.0129372720707015
38.85	1.0134722057928311
38.95	1.01031308027223
39.050000000000004	1.0103381595238956
39.15	1.004815242358873
39.25	1.000980884382848
39.35	0.999801348911163
39.45	0.999162131569596
39.550000000000004	0.9948096808464375
39.65	NaN
39.75	0.9910932113885984
39.85	0.9895001080122985
39.95	0.9870862656053255
40.050000000000004	0.9839013431906397
40.15	0.9827758146222113
40.25	0.981263228086672
40.35	NaN
40.45	0.9784233293306577
40.550000000000004	0.977145144666011
40.65	0.9755720332856459
40.75	0.9739876365426176
40.85	0.973736347743314
40.95	0.9763634908863724
41.050000000000004	0.9770645493838559
41.15	0.9768725973011936
41.25	0.9768358240698731
41.35	0.9781972989471336
41.45	0.9802882907447293
41.550000000000004	0.9810114816059733
41.65	0.9824022719792691
41.75	0.9841350784626495
41.85	0.9861369653795471
41.95	0.9880033736405063
42.050000000000004	0.99097703082496
42.15	0.9921402201231935
42.25	0.993767353800522
42.35	0.9962179330084202
42.45	0.996695213752597
42.550000000000004	1.0023003480802875
42.65	1.0016203234695564
42.75	1.006498243805118
42.85	1.0076412610494643
42.95	1.0093110359751356
43.050000000000004	1.0116189682718524
43.15	NaN
43.25	1.0115580154340749
43.35	1.0152968438022572
43.45	1.0177398490522154
43.550000000000004	1.0253517964451542
43.65	NaN
43.75	NaN
43.85	1.0220399972406615
43.95	1.02127262989823
44.050000000000004	1.021115689254445
44.15	1.0212762427002477
44.25	1.0216849047563812
44.35	1.0188834788401353
44.45	NaN
44.550000000000004	1.019164150888193
44.65	1.0159161363157605
44.75	1.0155141466498263
44.85	1.0140489013925713
44.95	1.0135604961500213
45.050000000000004	1.010616116865007
45.15	1.0087212666974998
45.25	1.0084574680903284
45.35	1.0072734915920247
45.45	1.0030019076366754
45.550000000000004	1.0029511331933605
45.65	1.0011301957240522
45.75	NaN
45.85	0.996406629138725
45.95	NaN
46.050000000000004	0.992487773356184
46.15	0.9915973383762113
46.25	0.9895565695671318
46.35	NaN
46.45	0.988361077365161
46.550000000000004	0.9848056510820196
46.65	NaN
46.75	0.9841522948839783
46.85	0.9834787450812983
46.95	0.981723451569095
47.050000000000004	0.981315752505994
47.15	0.9816255349827557
47.25	0.9811422213567014
47.35	0.9830189904617548
47.45	NaN
47.550000000000004	0.9811119492040137
47.65	0.9839934777733873
47.75	0.9846130073324
47.85	0.9853023631452468
47.95	0.9881804153841746
48.050000000000004	0.9884160082193553
48.15	0.988605525425443
48.25	0.9894744298881345
48.35	0.9951536995942313
48.45	0.9940890478375843
48.550000000000004	0.9958732501146256
48.65	0.9998593200801125
48.75	0.9973959328907525
48.85	1.0008887499120995
48.95	1.002699270556599
49.050000000000004	1.0030822472685348
49.15	1.0064606397089413
49.25	1.0050025491187644
49.35	1.008873182601242
49.45	1.0110998211760347
49.550000000000004	1.0129656314052875
49.65	1.012826682974502
49.75	NaN
49.85	1.015530951974997
49.95	1.016729428675142
50.050000000000004	1.0136926490322977
50.15	1.014901450000158
50.25	1.015029393302114
50.35	1.0148905652878901
50.45	1.015145755402097
50.550000000000004	1.0158811866222153
50.65	1.0163349840198064
50.75	1.0141549036408177
50.85	1.0132585262410125
50.95	1.0122001821993472
51.050000000000004	1.0128922200007164
51.15	1.0081027269701122
51.25	1.011845913625469
51.35	1.0069314741026774
51.45	1.0064582259128312
51.550000000000004	1.005288071534624
51.65	1.0018176918761958
51.75	0.9985608821480945
51.85	1.0025287101244842
51.95	1.0001891661382456
52.050000000000004	0.9967777389568676
52.15	NaN
52.25	0.9953999967718846
52.35	0.9937845793616052
52.45	0.9920893323320196
52.550000000000004	0.9928836191046726
52.65	0.9894276625989796
52.75	0.9903643198623702
52.85	0.9883864878105989
52.95	0.9879629736219168
53.050000000000004	0.9880198271247843
53.15	0.9848230650396055
53.25	0.987347405000101
53.35	0.986805842842602
53.45	0.9846955587789233
53.550000000000004	0.9859568398809492
53.65	0.9859642107035917
53.75	0.9856374794062753
53.85	0.9868877430943819
53.95	0.9848985660928108
54.050000000000004	0.9883061382931061
54.15	0.9888383921767933
54.25	0.9911213500994893
54.35	0.9911115285690452
54.45	0.9904620393336702
54.550000000000004	NaN
54.65	0.9971494699544137
54.75	0.994815802157033
54.85	0.9966954094910984
54.95	0.9983841149803417
55.050000000000004	1.0004100445026887
55.15	1.001792952281735
55.25	1.0043936071767021
55.35	1.0015951186393484
55.45	1.006062344412229
55.550000000000004	1.0067583462642549
55.65	NaN
55.75	1.0079432984164718
55.85	1.0095918275450515
55.95	1.0093047188760136
56.050000000000004	1.011632710073506
56.15	1.0111147366726103
56.25	1.0107167921383073
56.35	1.009943854634996
56.45	1.0119241019516652
56.550000000000004	1.0148832629146711
56.65	1.011449623791292
56.75	1.0119569672757083
56.85	1.0138551091951082
56.95	1.011059871346292
57.050000000000004	1.0115631789426531
57.15	1.0114116694203095
57.25	1.0108712822792665
57.35	1.0100711505844333
57.45	1.0129605381767917
57.550000000000004	NaN
57.65	1.0071015254189006
57.75	1.0040594440711974
57.85	1.004077761167824
57.95	1.0038506628079469
58.050000000000004	NaN
58.15	1.000474961786892
58.25	0.99901000950578
58.35	0.9988475092001248
58.45	0.9973664976292055
58.550000000000004	0.9949396617933979
58.65	0.9946173870921187
58.75	NaN
58.85	0.9928859071233067
58.95	0.9916347593050667
59.050000000000004	0.9904225704626997
59.15	0.9911221120454753
59.25	0.9901317204101457
59.35	0.9890485843703376
59.45	0.9887423620349161
59.550000000000004	0.9888835996985632
59.65	NaN
59.75	0.9912359655871714
59.85	0.9891334939517814
59.95	0.9891080146895087
60.050000000000004	0.9870432064585999
60.15	0.9889131026470042
60.25	0.9910970660179854
60.35	NaN
60.45	0.9918457660193652
60.550000000000004	0.99342003976854
60.65	0.992038645914214
60.75	0.9938123322626436
60.85	NaN
60.95	0.9973822175338845
61.050000000000004	0.9968766917432067
61.15	0.9979816801291842
61.25	0.9992284605282784
61.35	0.9989180113948294
61.45	1.0017488851640788
61.550000000000004	1.0004785825815223
61.65	1.0022969566173239
61.75	1.0045100397653919
61.85	1.0057793846760916
61.95	NaN
62.050000000000004	1.007995275310086
62.15	1.0053871828361856
62.25	1.008881276514937
62.35	1.00741771472828
62.45	NaN
62.550000000000004	1.0104313839232426
62.65	NaN
62.75	NaN
62.85	1.0092587459292224
62.95	1.009082909990537
63.050000000000004	1.010494745568861
63.15	1.0119565244633544
63.25	1.0109091611911583
63.35	1.008472961484406
63.45	1.0099565981105085
63.550000000000004	1.0071490727916836
63.65	NaN
63.75	1.0070535475418791
63.85	NaN
63.95	1.0045382464589163
64.05	1.0032619747168339
64.14999999999999	1.00474119219135
64.25	1.002800187224793
64.35	NaN
64.44999999999999	1.0002496867282293
64.55	0.9982077824555567
64.64999999999999	0.9981443273708569
64.75	0.9986118332602285
64.85	0.9967642323621071
64.94999999999999	0.9962150948529014
65.05	0.9956883964844587
65.14999999999999	NaN
65.25	0.9930611723141692
65.35	0.9906014118444949
65.44999999999999	0.9923361508080021
65.55	0.9919732047954276
65.64999999999999	NaN
65.75	0.993290191781819
65.85	0.990803480691576
65.94999999999999	NaN
66.05	NaN
66.14999999999999	0.9912403095882253
66.25	0.9894560692664187
66.35	0.992053932583189
66.44999999999999	0.9925234275964208
66.55	NaN
66.64999999999999	0.9912152149961746
66.75	0.9920575009017618
66.85	NaN
66.94999999999999	NaN
67.05	NaN
67.14999999999999	NaN
67.25	0.9965529050812321
67.35	NaN
67.44999999999999	NaN
67.55	0.9978117446201523
67.64999999999999	1.0011423367299017
67.75	1.0019429979505923
67.85	1.004557647321288
67.94999999999999	NaN
68.05	1.0027979843549804
68.14999999999999	1.0055470031098037
68.25	1.0037555671903624
68.35	1.0061865926829918
68.44999999999999	1.005873823922155
68.55	1.0067727138031564
68.64999999999999	NaN
68.75	1.0075361643647744
68.85	1.0082914609470417
68.94999999999999	1.0067633073981788
69.05	NaN
69.14999999999999	1.0087603027739953
69.25	NaN
69.35	1.0078361097188409
69.44999999999999	1.009365078217636
69.55	1.0071909188525179
69.64999999999999	1.0069959497240277
69.75	1.0070539971088164
69.85	1.005290679553088
69.94999999999999	1.0061904214274877
70.05	NaN
70.14999999999999	1.0048369902145189
70.25	1.004088052663508
70.35	1.0032904318912435
70.44999999999999	1.0025445109092193
70.55	1.003677396698472
70.64999999999999	1.0007905019417533
70.75	1.0001322330968565
70.85	0.9985625529116026
70.94999999999999	0.9970888327373969
71.05	0.9976611722189601
71.14999999999999	NaN
71.25	0.9948962664434275
71.35	NaN
71.44999999999999	0.9937294179208874
71.55	0.9941903638371155
71.64999999999999	0.9940100652226878
71.75	0.9924185550537803
71.85	NaN
71.94999999999999	NaN
72.05	0.9912593500694352
72.14999999999999	NaN
72.25	0.9917570157476645
72.35	0.9927921589377842
72.44999999999999	NaN
72.55	NaN
72.64999999999999	0.9927772990737874
72.75	0.9936548606323902
72.85	0.9923715087692483
72.94999999999999	NaN
73.05	0.9935707803778033
73.14999999999999	0.9953932066545518
73.25	0.9928571911934896
73.35	0.9966555952589895
73.44999999999999	0.9965755242611347
73.55	0.9970742173362556
73.64999999999999	0.9981884708955252
73.75	1.0003265194581863
73.85	0.999260143206288
73.94999999999999	NaN
74.05	NaN
74.14999999999999	1.0018097678980862
74.25	1.0025976197667095
74.35	1.0046722790512768
74.44999999999999	1.0038301206101126
74.55	1.0044292795434016
74.64999999999999	NaN
74.75	NaN
74.85	1.0060892302785462
74.94999999999999	1.007269143622729
75.05	1.006381759098605
75.14999999999999	1.0048268916176366
75.25	1.0064288322503567
75.35	1.0061426758051812
75.44999999999999	1.0065033413451974
75.55	1.006172869535879
75.64999999999999	1.0075385362858338
75.75	NaN
75.85	1.007387901930794
75.94999999999999	NaN
76.05	1.0057301890974324
76.14999999999999	1.005113250059397
76.25	1.005907275371316
76.35	1.0045033186004317
76.44999999999999	NaN
76.55	1.0043536041707872
76.64999999999999	1.0032887194117412
76.75	NaN
76.85	1.0032008774864238
76.95	1.0027313877342292
77.05	1.000183341773003
77.14999999999999	0.9987738315427829
77.25	NaN
77.35	NaN
77.45	NaN
77.55	0.9972631194427439
77.64999999999999	NaN
77.75	0.9963219395769674
77.85	0.9952611999750604
77.95	NaN
78.05	0.9943840969568276
78.14999999999999	NaN
78.25	0.9948078402009538
78.35	0.9948067249361746
78.45	NaN
78.55	NaN
78.64999999999999	NaN
78.75	0.9933460487520838
78.85	0.9936324289059485
78.95	0.9935197226786037
79.05	NaN
79.14999999999999	NaN
79.25	0.9943871890395757
79.35	0.9954444277341341
79.45	NaN
79.55	0.997820780453248
79.64999999999999	NaN
79.75	0.9971416570486499
79.85	0.997380858297125
