0.15	0.019381137860904597
0.25	0.01856306641128133
0.35	0.019220749068555407
0.45	0.01942635775290828
0.55	0.019063199768249457
0.65	0.01931343649470157
0.7500000000000001	0.019625632146447344
0.85	0.01987773131422077
0.95	0.02008053308982595
1.05	0.020409117317017448
1.15	0.020789692350768198
1.25	0.021222906332753613
1.35	0.021476277491108243
1.45	0.02210009215138823
1.55	0.022584041214864688
1.65	0.022998955638496955
1.75	0.023708696294837777
1.85	0.024390492955210875
1.95	0.02509950731986859
2.05	0.025693357098777327
2.15	0.02663814040082951
2.25	0.027542834631330514
2.35	0.028568340568168656
2.45	0.02951349557884136
2.5500000000000003	0.0308400794869196
2.65	0.032025199291789194
2.75	0.03335895649831736
2.85	0.034922233189579044
2.95	0.03662456727665694
3.0500000000000003	0.038341039551923556
3.15	0.04023615671778722
3.25	0.04242825658551923
3.35	0.04505231275829871
3.45	0.04752101107782255
3.5500000000000003	0.0505510162766318
3.65	0.05367967230226415
3.75	0.057507300903464564
3.85	0.06091194378140074
3.95	0.06573834286642032
4.05	0.0707373294092353
4.1499999999999995	0.07636872133485763
4.25	0.08240763880096641
4.35	0.09001166668450797
4.449999999999999	0.09760999693077461
4.55	0.1065489575818717
4.6499999999999995	0.11670717493330113
4.75	0.12899869739683825
4.85	0.14306504218881347
4.95	0.1595139445862527
5.05	0.17721562948244526
5.1499999999999995	0.19996173038346257
5.25	0.22421866786821049
5.35	0.2545482727276376
5.45	0.2926025388676123
5.55	0.3357983780921784
5.6499999999999995	0.38664866829887645
5.75	0.4539133232936037
5.85	0.5289929582481979
5.95	0.6255352391415766
6.05	0.7463489331389824
6.1499999999999995	0.8996871583728463
6.25	1.0839268650187412
6.35	1.3020069404703851
6.45	1.5769783450603907
6.55	1.8891620730905594
6.6499999999999995	2.2263588022215504
6.75	2.5385549625690085
6.85	2.7885555968005935
6.95	2.9279557204847224
7.05	2.919978742260558
7.1499999999999995	2.7717785927578245
7.25	2.5554342227073388
7.35	2.293739450782314
7.45	2.040853963852772
7.55	1.81726181810226
7.6499999999999995	1.6070423851545443
7.75	1.430281975066579
7.85	1.2828378463196244
7.95	1.1595523293209695
8.05	1.058887948637861
8.15	0.9737217672408962
8.25	0.9003307738430321
8.350000000000001	0.837270456552613
8.450000000000001	0.7875417034975981
8.55	0.7432526648248968
8.65	0.7075656990861287
8.75	0.6770977817685976
8.850000000000001	0.6507796790489832
8.950000000000001	0.6284361982405515
9.05	0.6122912013944697
9.15	0.5966826228933902
9.25	0.5872398088903736
9.350000000000001	0.5783993982585426
9.450000000000001	0.5726232229727568
9.55	0.5702273901890319
9.65	0.5681409232752508
9.750000000000002	0.5693750135317195
9.85	0.5733565978031169
9.95	0.5774601723594767
10.049999999999999	0.5851400699073395
10.149999999999999	0.5941570810213234
10.25	0.604791592318286
10.35	0.6192679797593943
10.45	0.6340794266513298
10.549999999999999	0.6522458738979139
10.649999999999999	0.6716771985676808
10.75	0.6936933832509445
10.85	0.7205524711717597
10.95	0.7461625618787212
11.049999999999999	0.7772760211832632
11.149999999999999	0.8113543943418571
11.25	0.844184827659556
11.35	0.8798998419240912
11.45	0.9218945938915214
11.549999999999999	0.9610635362341162
11.649999999999999	1.0043382477334308
11.75	1.0457546909986106
11.85	1.0856147947196733
11.95	1.1270595617138734
12.049999999999999	1.1667222758667881
12.149999999999999	1.2020482378989912
12.25	1.2315696819028605
12.35	1.2605815737524897
12.45	1.2863382621979718
12.549999999999999	1.3031075009625341
12.649999999999999	1.3183429948743748
12.75	1.3288234946289805
12.85	1.335912668256947
12.95	1.3405292056047136
13.049999999999999	1.3366722662397852
13.149999999999999	1.3347471429406406
13.25	1.3299341862846816
13.35	1.316096109738508
13.45	1.3026018299039634
13.549999999999999	1.2844502199060872
13.649999999999999	1.267572602197476
13.75	1.2452967271021738
13.85	1.2192436482861353
13.95	1.1893435952152673
14.049999999999999	1.1598981878213053
14.149999999999999	1.1284521238554033
14.25	1.095001179072335
14.35	1.0657754795083356
14.45	1.0341690095397502
14.549999999999999	1.0029718007916808
14.649999999999999	0.9736807164032685
14.75	0.94735196292975
14.85	0.921097152092219
14.95	0.895806236159914
15.049999999999999	0.8762529027392852
15.149999999999999	0.8572694753362714
15.25	0.8410438660850005
15.35	0.8268968660851703
15.45	0.813172036708996
15.549999999999999	0.8027573514708608
15.649999999999999	0.7957298217624739
15.75	0.7887553306255746
15.85	0.7850372529418381
15.95	0.7836007959913587
16.05	0.781749236974747
16.15	0.7825246284907358
16.25	0.7861982353843913
16.349999999999998	0.7914276292572179
16.45	0.7968218912262094
16.55	0.8060276604012906
16.65	0.815361128316536
16.75	0.8260016921361247
16.849999999999998	0.8380716488551123
16.95	0.8554201213739523
17.05	0.8705422592623583
17.15	0.8865547154242076
17.25	0.9036431678608251
17.349999999999998	0.9211225917442734
17.45	0.94316576529904
17.55	0.9625002969400104
17.65	0.9843253156819197
17.75	1.0073966210131808
17.849999999999998	1.025043845071918
17.95	1.0460309947674236
18.05	1.066942383928489
18.15	1.0838971668186006
18.25	1.1043510548528581
18.349999999999998	1.1224695767845658
18.45	1.1353420551020053
18.55	1.1459288221806798
18.65	1.1578487056731104
18.75	1.167542145084236
18.849999999999998	1.170200525522283
18.95	1.174959117165815
19.05	1.175568801942985
19.15	1.1736427238707259
19.25	1.1721128997132135
19.35	1.1676326610956702
19.45	1.161542224739913
19.55	1.1542515173309353
19.65	1.1432625672501948
19.75	1.1322777159617934
19.85	1.1190916272624598
19.95	1.108018905450668
20.05	1.093837020298469
20.15	1.0812328209724593
20.25	1.0650766516213008
20.35	1.0517522399519874
20.45	1.0373850835934972
20.55	1.023974662197574
20.65	1.010298053844023
20.75	0.9978263778388502
20.85	0.9822138005406035
20.95	0.9708750620786888
21.05	0.959081601226279
21.15	0.9455033195310385
21.25	0.935411085413729
21.35	0.92795141999221
21.45	0.9183386916205182
21.55	0.910095636352026
21.65	0.902963075356157
21.75	0.8927196773101471
21.85	0.8905288542102273
21.95	0.8890621322346428
22.05	0.8856088597104883
22.15	0.8828127446709664
22.25	0.8800815379876493
22.35	0.879763250378504
22.45	0.8813185857809533
22.55	0.8808340929715166
22.65	0.8863100355950325
22.75	0.8927964863835193
22.85	0.8963963682351768
22.95	NaN
23.05	0.9092888580560313
23.15	0.9176592277724955
23.25	0.9273027504801326
23.35	0.9346114922909522
23.45	0.9467441385354415
23.55	0.9536336835441462
23.65	0.9660635453350703
23.75	0.977996615558726
23.85	0.9916243165703488
23.95	1.00154774118588
24.05	1.0141487909695
24.15	1.0274297097410428
24.25	1.0380092081111532
24.35	1.0495038532754046
24.45	1.0547074273405448
24.55	1.0675461330974914
24.65	1.0775426293193795
24.75	1.0844404943564796
24.85	1.0920923316687792
24.95	1.0966344984979857
25.05	1.0999753015055853
25.15	1.1025463990993698
25.25	1.103892118755595
25.35	1.1056464388452887
25.45	1.103915851924224
25.55	1.1020333059894198
25.65	1.0991248388272294
25.75	1.0944018917874003
25.85	1.0901066012580223
25.95	1.0811818407820555
26.05	1.0731100712258643
26.15	1.06780095838982
26.25	1.059254387543672
26.35	1.0525677721553484
26.45	1.0435491491727622
26.55	1.0353800261655126
26.65	1.0244060242741853
26.75	1.0174014047694844
26.85	1.0077441241944167
26.95	1.00115514658702
27.05	0.9900245779872267
27.15	0.9837742211725484
27.25	0.9739195767418378
27.35	0.965735630257825
27.45	0.962833220891074
27.55	0.9533783427543502
27.65	0.9466206581263926
27.75	0.9435602059763827
27.85	0.9371880939779902
27.95	0.9357026865042101
28.05	0.9308308350239021
28.15	0.9293257676935244
28.25	0.9264397961937986
28.35	0.9264068392967483
28.45	0.9247421713153542
28.55	0.9238115784570835
28.65	0.926161674797769
28.75	0.9258258297294868
28.85	0.926663377407645
28.95	0.9301031099203806
29.05	0.9333862555686975
29.15	0.9371739036821312
29.25	0.9409960921101813
29.35	0.9470716465350826
29.45	0.9528655905078971
29.55	0.9587982732138729
29.65	0.9646335918822238
29.75	0.9714985945947906
29.85	0.9787808767546495
29.95	0.9865990450253992
30.05	0.9924167224919539
30.15	1.0006228168695435
30.25	1.007923361171846
30.35	1.012775558006037
30.45	1.0221663805987253
30.55	1.0301727709837976
30.65	1.0359303645365363
30.75	1.0417201859332288
30.85	1.0408521064949536
30.95	1.0520862463256946
31.05	1.0599819591902113
31.15	1.0601875377318621
31.25	1.0630136307281208
31.35	1.0658446958704286
31.45	1.06707007711305
31.55	1.0703455940590962
31.65	1.069455044004253
31.75	1.0663440613853568
31.85	1.06369078884472
31.95	1.0638045593454972
32.05	1.059381225829109
32.15	1.0577835301308414
32.25	1.053487483490246
32.35	1.0454037661285411
32.45	1.0432783405083594
32.55	1.0377214994926787
32.65	1.0300842461121655
32.75	1.027221020153674
32.85	1.020615141897746
32.95	1.0150887203182142
33.05	1.0095109054716307
33.15	1.0013370138432092
33.25	0.9953769783576024
33.35	0.9899546931997784
33.45	0.9852701563805759
33.55	0.9782418094390872
33.65	0.9749980330748992
33.75	0.96822517290474
33.85	0.9647587730053322
33.95	0.9639035160258013
34.05	0.957982339053663
34.15	0.9556925127265713
34.25	0.9538122912443154
34.35	0.9518601946653736
34.45	0.9500711125541556
34.55	0.9474928308795042
34.65	0.9445250081881075
34.75	0.9465565038773709
34.85	0.9479264203178892
34.95	0.9469009694929054
35.05	0.9499308152937109
35.15	0.9519608052816173
35.25	0.9566375493683205
35.35	0.9553864661948017
35.45	0.9588783377339569
35.55	0.9620223708202358
35.65	0.9663046027871303
35.75	0.9700125715591892
35.85	0.9723892812526318
35.95	0.9797384989908706
36.05	0.9830641808928425
36.15	0.9885061310441795
36.25	0.9947403429789875
36.35	1.0005547303504136
36.45	1.0029674319406727
36.55	NaN
36.65	1.013619790657156
36.75	1.0187861368751416
36.85	1.0229492582596944
36.95	1.0267135518015449
37.05	1.031036142786275
37.15	1.0356367860852855
37.25	1.039310704589167
37.35	1.0411313865764247
37.45	1.0428025558114253
37.55	1.0444949103876464
37.65	NaN
37.75	1.0453215159240308
37.85	1.047014378942419
37.95	1.0474561545369665
38.05	1.04523719204262
38.15	1.044825207627303
38.25	1.0424879657234056
38.35	1.0411764322071855
38.45	1.0380064621483949
38.550000000000004	1.035106754348819
38.65	1.0338159584958235
38.75	1.027885835457544
38.85	1.024845988284651
38.95	1.0195154899546666
39.050000000000004	1.0169705826480868
39.15	NaN
39.25	NaN
39.35	NaN
39.45	NaN
39.550000000000004	0.9967671034746148
39.65	0.9917350856192434
39.75	0.9864887513611439
39.85	0.9837823161899627
39.95	0.9812878751474651
40.050000000000004	0.9792441214695815
40.15	NaN
40.25	0.9711340843877453
40.35	0.9673376695524591
40.45	0.9686404068849562
40.550000000000004	0.9666057319781743
40.65	0.963738691938209
40.75	0.9622393449181668
40.85	0.9629294913957459
40.95	0.9605116284629266
41.050000000000004	0.9621210535238691
41.15	0.9632479305117592
41.25	0.962594567647183
41.35	0.9632333126228094
41.45	0.9653227472045578
41.550000000000004	NaN
41.65	0.9685104686977093
41.75	0.9719872039931572
41.85	0.9767081707947787
41.95	0.9770739477603798
42.050000000000004	0.9794947964692329
42.15	NaN
42.25	0.9870251013301782
42.35	0.9888879845634747
42.45	0.9956586689012912
42.550000000000004	0.9973688559265282
42.65	0.9996236452056463
42.75	1.0054157527058867
42.85	1.0107074999735761
42.95	1.0100771759507787
43.050000000000004	1.0158272636478347
43.15	1.0198427125283354
43.25	1.0212112073141886
43.35	1.024030132058907
43.45	1.028228403334763
43.550000000000004	1.029694252512878
43.65	NaN
43.75	1.0320271668277337
43.85	1.0337249442969467
43.95	1.032415114308201
44.050000000000004	1.0338662115689885
44.15	1.0343211413984865
44.25	NaN
44.35	1.033591465382615
44.45	1.03181893028957
44.550000000000004	1.0301894543050798
44.65	1.0292834789106902
44.75	1.0266772531257813
44.85	1.0260210932697182
44.95	1.0236670104442929
45.050000000000004	1.0232195622149944
45.15	1.0171920132679355
45.25	1.0153842582464294
45.35	NaN
45.45	1.0077356695431288
45.550000000000004	1.0035055040834335
45.65	NaN
45.75	0.999488750866505
45.85	0.9942410761172654
45.95	0.9928945425501248
46.050000000000004	0.9899990994098036
46.15	0.9867419065517883
46.25	0.9834020076659603
46.35	0.9808889438612777
46.45	0.9794061392582274
46.550000000000004	0.977018138788515
46.65	NaN
46.75	0.974276105808792
46.85	0.9727263509415057
46.95	0.9720851310769373
47.050000000000004	0.9728607988174083
47.15	0.9704695963202197
47.25	0.9700285270507272
47.35	0.9706856332034471
47.45	0.971433185281612
47.550000000000004	0.9718516379147069
47.65	0.9721772077905414
47.75	0.9750633700312977
47.85	0.976762883093915
47.95	0.9785205385275946
48.050000000000004	0.9804806388979005
48.15	0.9810207385766159
48.25	0.9835174354618946
48.35	0.9836560029326665
48.45	0.9882971602275833
48.550000000000004	0.9925412299682795
48.65	0.9939322729244446
48.75	0.9964297656479728
48.85	0.9996821376305836
48.95	1.0021526347557286
49.050000000000004	1.0054054395528174
49.15	NaN
49.25	1.0086209419836052
49.35	1.012900035562387
49.45	1.015492135221018
49.550000000000004	1.0178240035769355
49.65	1.0202263505164673
49.75	1.0219223735110965
49.85	1.0228956381735836
49.95	1.0234516064215962
50.050000000000004	1.0251683165695533
50.15	1.025753680548077
50.25	1.0263131445599885
50.35	1.0267689641208564
50.45	1.0233520299495815
50.550000000000004	1.0257607959026809
50.65	1.0241707123455908
50.75	1.0242450156220033
50.85	1.023342309778469
50.95	NaN
51.050000000000004	1.0205687441964395
51.15	1.019355086623684
51.25	1.0167127861135978
51.35	1.0144222328615107
51.45	1.0109272639056117
51.550000000000004	NaN
51.65	1.0071531326113392
51.75	1.0076190026008713
51.85	1.0006000801453625
51.95	1.0010728763846588
52.050000000000004	NaN
52.15	0.9966587046452378
52.25	0.9927032367657102
52.35	0.990916258923966
52.45	0.9904811795123756
52.550000000000004	0.9871438870124949
52.65	0.9856319367031584
52.75	0.9851095091758879
52.85	0.9823505776883522
52.95	NaN
53.050000000000004	0.9784336265685531
53.15	NaN
53.25	0.978998745286955
53.35	0.9771549658621218
53.45	0.9764720791991554
53.550000000000004	NaN
53.65	0.975582363482098
53.75	NaN
53.85	0.9778942203516418
53.95	0.9763776346155674
54.050000000000004	NaN
54.15	0.9828467682154598
54.25	NaN
54.35	0.9834049639335647
54.45	0.985120303312209
54.550000000000004	NaN
54.65	0.9888479035051547
54.75	0.9933521958586423
54.85	0.9919780553706494
54.95	0.9971568403980481
55.050000000000004	0.9969486864939834
55.15	0.9989715067797978
55.25	1.000849680270074
55.35	1.0067488857804479
55.45	1.007328306298241
55.550000000000004	1.009005910459701
55.65	1.0087085827490183
55.75	1.009197668783521
55.85	1.0138728224817024
55.95	1.0159979353220225
56.050000000000004	1.0180248922385502
56.15	1.0155651398879502
56.25	1.0247489852099683
56.35	1.0200240826082003
56.45	1.021663112720132
56.550000000000004	1.0211179456102792
56.65	1.0199682457531227
56.75	NaN
56.85	1.0205925713753163
56.95	1.0209309238945028
57.050000000000004	1.0200218930656408
57.15	1.0189163516039426
57.25	1.0185118432031877
57.35	NaN
57.45	1.0154685006268378
57.550000000000004	1.0127168433191482
57.65	1.0122473181753924
57.75	1.0103980454274808
57.85	1.0037199381679183
57.95	1.0075404169119522
58.050000000000004	1.0018698708154796
58.15	1.0026547023693666
58.25	0.9976112902170808
58.35	0.9988075334930234
58.45	NaN
58.550000000000004	0.9950952131466171
58.65	0.9928643939458401
58.75	NaN
58.85	0.9891982508535477
58.95	NaN
59.050000000000004	0.9841791251402423
59.15	0.9857990944173773
59.25	0.9836671855189423
59.35	0.9819153964586612
59.45	0.9816193830491198
59.550000000000004	0.9804817771131505
59.65	0.981163424573554
59.75	0.981123509508911
59.85	NaN
59.95	0.9822656832411221
60.050000000000004	NaN
60.15	0.9823803876016572
60.25	0.9841371771362388
60.35	NaN
60.45	0.9857419992069387
60.550000000000004	0.9894316164338622
60.65	0.9868222568995234
60.75	0.9886966905943201
60.85	0.9920769827454607
60.95	0.9924383420177179
61.050000000000004	0.9943188414499702
61.15	0.9962014419335411
61.25	0.9967323146932762
61.35	1.0012427888717057
61.45	0.9988706854220301
61.550000000000004	NaN
61.65	1.0037679345067116
61.75	NaN
61.85	NaN
61.95	1.009309284778518
62.050000000000004	1.0109428995711887
62.15	1.013174568504853
62.25	1.0135223109361087
62.35	1.0141149264796332
62.45	1.0163084024713718
62.550000000000004	1.0168686744625335
62.65	1.0165576220135804
62.75	1.0174323030128072
62.85	1.0159342550733121
62.95	1.0168410601927773
63.050000000000004	1.0169389182945954
63.15	1.0168370458217395
63.25	NaN
63.35	1.0156650869138384
63.45	1.0166752810144628
63.550000000000004	1.011343942626537
63.65	1.0149796259460941
63.75	1.0121553155048062
63.85	1.0120086503611927
63.95	1.0085629363247433
64.05	1.008172086662918
64.14999999999999	1.0076240582567193
64.25	1.0047736254791235
64.35	0.9987012905140363
64.44999999999999	1.0025330508866603
64.55	0.9996451964581728
64.64999999999999	0.9968633083985224
64.75	0.994249383321713
64.85	0.9944038878409754
64.94999999999999	0.9924920998874169
65.05	0.9913704146353046
65.14999999999999	0.9903022228525795
65.25	NaN
65.35	0.9873270455265452
65.44999999999999	NaN
65.55	0.9854006268585781
65.64999999999999	0.9887105452691459
65.75	0.9848223246189597
65.85	0.9845777323949622
65.94999999999999	0.9842556329648797
66.05	NaN
66.14999999999999	0.984869089350387
66.25	0.9827912925563532
66.35	0.9837118810647493
66.44999999999999	0.9851348646265758
66.55	0.9855192533770484
66.64999999999999	NaN
66.75	0.9876415839662542
66.85	NaN
66.94999999999999	NaN
67.05	0.9919024727815886
67.14999999999999	0.9921875555407099
67.25	0.9938490691308325
67.35	0.9948235675434971
67.44999999999999	0.9982614100232089
67.55	0.9991829950536618
67.64999999999999	NaN
67.75	NaN
67.85	0.9975533569759972
67.94999999999999	1.0032945344550113
68.05	1.006261316214956
68.14999999999999	1.0075692693714418
68.25	NaN
68.35	1.010043668531952
68.44999999999999	1.0089540483248898
68.55	1.0094390911259523
68.64999999999999	NaN
68.75	1.0140307331847012
68.85	1.012912737792045
68.94999999999999	1.0137398473970962
69.05	1.0135730058989518
69.14999999999999	1.0160484994271095
69.25	1.0149515190415
69.35	1.0145927873445073
69.44999999999999	NaN
69.55	1.0133598101249077
69.64999999999999	1.0124118624502982
69.75	NaN
69.85	1.0089756243572892
69.94999999999999	NaN
70.05	1.0102368879417205
70.14999999999999	1.0084794331144693
70.25	NaN
70.35	1.005135745699165
70.44999999999999	NaN
70.55	1.0032066386333087
70.64999999999999	1.0022828458535054
70.75	1.0007096084607805
70.85	0.9977734467652902
70.94999999999999	0.9985720690201161
71.05	1.0005338962488635
71.14999999999999	0.9939049539561158
71.25	NaN
71.35	0.9935996526416223
71.44999999999999	0.9920239897858735
71.55	0.9914690013090633
71.64999999999999	0.9902426543453489
71.75	0.9895153722070523
71.85	0.9900602635607169
71.94999999999999	0.9871887129760069
72.05	NaN
72.14999999999999	NaN
72.25	NaN
72.35	NaN
72.44999999999999	0.9884354213040673
72.55	0.9867727605130063
72.64999999999999	0.9866055486139838
72.75	NaN
72.85	0.9886392587007242
72.94999999999999	0.9883571132665779
73.05	0.9909420201745905
73.14999999999999	0.9905863111494237
73.25	0.9908358469326938
73.35	0.9929695272242605
73.44999999999999	NaN
73.55	0.9958036321681834
73.64999999999999	NaN
73.75	NaN
73.85	0.9997644699805139
73.94999999999999	1.0004495072926196
74.05	1.0015302397052026
74.14999999999999	1.0024105505739773
74.25	1.0039202732786177
74.35	1.004590263991435
74.44999999999999	1.0049394552000088
74.55	1.0072215836174387
74.64999999999999	1.0081763041862501
74.75	1.0079648790249873
74.85	1.008894712354205
74.94999999999999	1.010642867854581
75.05	1.0109080728033009
75.14999999999999	1.0108641922691437
75.25	NaN
75.35	NaN
75.44999999999999	NaN
75.55	1.012832906209084
75.64999999999999	NaN
75.75	NaN
75.85	1.0119071835529236
75.94999999999999	1.0105473722920508
76.05	1.010172180589543
76.14999999999999	1.0101456700725315
76.25	NaN
76.35	1.0073835384953034
76.44999999999999	NaN
76.55	1.0064560049884728
76.64999999999999	1.004555510821433
76.75	NaN
76.85	NaN
76.95	NaN
77.05	NaN
77.14999999999999	0.9977682023563809
77.25	0.9976551313688651
77.35	0.9977131217022958
77.45	0.9947826563814594
77.55	0.9953826864453003
77.64999999999999	0.994021679875039
77.75	0.9942179357312173
77.85	0.9933080234529176
77.95	0.9913312431467367
78.05	0.9910994240313269
78.14999999999999	0.9893994836432605
78.25	0.9903814385619489
78.35	0.9911587743296361
78.45	NaN
78.55	NaN
78.64999999999999	0.9906525311195105
78.75	0.9905853479924811
78.85	NaN
78.95	0.9882623124602024
79.05	NaN
79.14999999999999	NaN
79.25	0.99228935888638
79.35	NaN
79.45	0.9898317848695855
79.55	0.9935418684159106
79.64999999999999	NaN
79.75	0.9937711517789235
79.85	0.9957330880211103
