0.15	0.01843012655377049
0.25	0.01902289961276961
0.35	0.01889286485689092
0.45	0.01924861370161306
0.55	0.019152732744684993
0.65	0.01967303524661896
0.7500000000000001	0.019594319678092987
0.85	0.0197709521734179
0.95	0.020212252130307744
1.05	0.020496645758064567
1.15	0.020832950321149034
1.25	0.021174908756475378
1.35	0.021581586534478187
1.45	0.021998434668440005
1.55	0.02258530590233946
1.65	0.023089066318175578
1.75	0.023559550268205207
1.85	0.024329931063281744
1.95	0.025160911256286996
2.05	0.025835881524712275
2.15	0.026651373785044556
2.25	0.02752759584333953
2.35	0.028554841365843926
2.45	0.02960529109077449
2.5500000000000003	0.03077137225368957
2.65	0.03202079406260766
2.75	0.03345653626919189
2.85	0.034897719950266186
2.95	0.036661550917991156
3.0500000000000003	0.03830194869229784
3.15	0.040208524362082075
3.25	0.04246053472565311
3.35	0.04506118577884072
3.45	0.04749258913719996
3.5500000000000003	0.05064768029830359
3.65	0.053758324129911994
3.75	0.05751765714994575
3.85	0.06100333991372288
3.95	0.06584979876300774
4.05	0.07068676469476014
4.1499999999999995	0.07635402417798469
4.25	0.08236285551321293
4.35	0.09008283108358835
4.449999999999999	0.09777132277503912
4.55	0.10663369236513094
4.6499999999999995	0.11648918263022753
4.75	0.1290839519707566
4.85	0.14310624732735416
4.95	0.1592754423179787
5.05	0.1770784013849238
5.1499999999999995	0.19988654867457833
5.25	0.22426274523898374
5.35	0.2551329125091697
5.45	0.2923137155388308
5.55	0.33558172892819826
5.6499999999999995	0.3869409375559871
5.75	0.4536779728868915
5.85	0.5299505485021545
5.95	0.625772484689941
6.05	0.7472968912402701
6.1499999999999995	0.9011254568183975
6.25	1.085600389830788
6.35	1.3024648942656158
6.45	1.578607329688387
6.55	1.8878457155388213
6.6499999999999995	2.222760708774969
6.75	2.5363898885762337
6.85	2.792598190014493
6.95	2.9264993269654886
7.05	2.911930215642758
7.1499999999999995	2.7768748557665606
7.25	2.557207704603221
7.35	2.297837694669119
7.45	2.0445319000059246
7.55	1.8170013153802056
7.6499999999999995	1.6055444201291518
7.75	1.4324369031476685
7.85	1.2806539582397867
7.95	1.163073026489802
8.05	1.0595559647467747
8.15	0.9738108324048683
8.25	0.8999433421480258
8.350000000000001	0.837370659833199
8.450000000000001	0.787986876575852
8.55	0.7451084637272298
8.65	0.7062988283887124
8.75	0.6765954717883054
8.850000000000001	0.650546450028434
8.950000000000001	0.630777708477702
9.05	0.6123485028658399
9.15	0.5969924975233714
9.25	0.5876683562771419
9.350000000000001	0.5797214450239709
9.450000000000001	0.5724237897781543
9.55	0.5688317777143151
9.65	0.5683821859802458
9.750000000000002	0.5701671653178111
9.85	0.5720888870566153
9.95	0.5774119639612546
10.049999999999999	0.5844198839872232
10.149999999999999	0.5940085694576155
10.25	0.6058874939096458
10.35	0.6184647903961347
10.45	0.6338044965929241
10.549999999999999	0.6524505010036753
10.649999999999999	0.67187889843206
10.75	0.6959502597018985
10.85	0.7196956652983354
10.95	0.7479466300338153
11.049999999999999	0.7775461913656817
11.149999999999999	0.8111654788757302
11.25	0.8444149146353634
11.35	0.881663211744937
11.45	0.9200576088886119
11.549999999999999	0.9610535620407596
11.649999999999999	1.0029243455182888
11.75	1.0440197399510287
11.85	1.0844922454558608
11.95	1.1266469837425002
12.049999999999999	1.164296661851361
12.149999999999999	1.1992547727013176
12.25	1.2320573421068242
12.35	1.2602956475111706
12.45	1.2828039048567372
12.549999999999999	1.301782398675947
12.649999999999999	1.3179285181994869
12.75	1.3280201355841752
12.85	1.335026889179843
12.95	1.3406342763380048
13.049999999999999	1.340071121002405
13.149999999999999	1.3346239716393107
13.25	1.329620941181468
13.35	1.3198914376964626
13.45	1.3029622760758899
13.549999999999999	1.2884006540046185
13.649999999999999	1.267249982526523
13.75	1.243076471757163
13.85	1.217538764649093
13.95	1.1908181075678534
14.049999999999999	1.1607382222927147
14.149999999999999	1.130631962149702
14.25	1.0961055268551119
14.35	1.0640810272985501
14.45	1.0324547979845642
14.549999999999999	1.0037683151010977
14.649999999999999	0.9731503247273667
14.75	0.947883503359209
14.85	0.9195645318598972
14.95	0.8977847635928171
15.049999999999999	0.875275130864643
15.149999999999999	0.8572561861672733
15.25	0.8404288886579143
15.35	0.8257549629878157
15.45	0.813425970641901
15.549999999999999	0.8031631086989691
15.649999999999999	0.7942256753144645
15.75	0.7895743819197848
15.85	0.7840447047663954
15.95	0.7820924436070759
16.05	0.7817077047058069
16.15	0.7825722134289481
16.25	0.7872554551706497
16.349999999999998	0.7913289178191905
16.45	0.79913523897209
16.55	0.8067845795755391
16.65	0.815353930976249
16.75	0.8253110298060405
16.849999999999998	0.8386338863117544
16.95	0.8537090343718214
17.05	0.8696579811243882
17.15	0.8851720844269602
17.25	0.9031112665014153
17.349999999999998	0.9236099671979197
17.45	0.9422330553668571
17.55	0.9626569423595178
17.65	0.9848890253901095
17.75	1.0030460893864082
17.849999999999998	1.024812057734421
17.95	1.0464132589538362
18.05	1.0661992216162948
18.15	1.0857833283046316
18.25	1.1052577245734518
18.349999999999998	1.1195465723929139
18.45	1.133820389670573
18.55	1.1482798655021709
18.65	1.1572161495681026
18.75	1.1685928571947084
18.849999999999998	1.1696300144613274
18.95	1.1745203968568658
19.05	1.1762418337248477
19.15	1.17416802397398
19.25	1.172165583308729
19.35	1.1682457341834682
19.45	1.1605868160904318
19.55	1.1521267276443465
19.65	1.143460952748262
19.75	1.1326281482793208
19.85	1.12123841626076
19.95	1.108298703367436
20.05	1.0942070390124414
20.15	1.0816851015408757
20.25	1.0680597935789657
20.35	1.0532197520280175
20.45	1.0368512461139994
20.55	1.0225968876107656
20.65	1.0098605354054484
20.75	0.9956626528002512
20.85	0.9826446189045493
20.95	0.9716907658753609
21.05	0.9572845908312463
21.15	0.9472459628147485
21.25	0.9376339678742296
21.35	0.9268124792065047
21.45	0.9186005641562611
21.55	0.909832649267065
21.65	0.9033202352176232
21.75	0.8961893727595397
21.85	0.8919773994593168
21.95	0.8867712860175264
22.05	0.8826900933937065
22.15	0.8801945719657632
22.25	0.8797348966032686
22.35	0.8788535431438558
22.45	0.8812831358922759
22.55	0.8839797064956004
22.65	0.8860593495410254
22.75	0.8893766732153745
22.85	0.8955860720889988
22.95	NaN
23.05	0.9099088655729909
23.15	0.9161659290841058
23.25	0.9262130652991059
23.35	0.9362044363274247
23.45	0.9468118166103586
23.55	0.9580879375878794
23.65	0.9689861307638544
23.75	0.9794621134279619
23.85	0.9911750901111498
23.95	1.0017069350521026
24.05	1.0147750894851293
24.15	1.0265836373479382
24.25	1.0371578664847432
24.35	1.047526038986286
24.45	1.0597056469105737
24.55	1.0694099142744393
24.65	1.0776575837535196
24.75	1.086537288856808
24.85	1.0908517669153182
24.95	1.0968456988214461
25.05	1.1009934453200976
25.15	1.1016045838847175
25.25	1.1053376977875708
25.35	1.1040713740260117
25.45	1.1046446877767184
25.55	1.1016763906582845
25.65	1.0969812425137755
25.75	1.092861601917369
25.85	1.0896814553370011
25.95	1.0822994739927123
26.05	1.0750740412193502
26.15	1.0667752605138026
26.25	1.0593420464216647
26.35	1.0498774490014413
26.45	1.0415669033479267
26.55	1.034856874068108
26.65	1.0246676159671568
26.75	1.0173918114579703
26.85	1.0070516323265835
26.95	0.9999296276148384
27.05	0.9912916092732239
27.15	0.9826589261836174
27.25	0.974598434343373
27.35	0.9655534576985484
27.45	0.9616002644582682
27.55	0.9550056864639836
27.65	0.9489038757369762
27.75	0.9428974765607633
27.85	0.9362595815283807
27.95	0.9349861043825034
28.05	0.9307817607360587
28.15	0.928345392890263
28.25	0.924294277542652
28.35	0.9227909993981324
28.45	0.9232590702758279
28.55	0.9248944100163027
28.65	0.9254375029339307
28.75	0.9253936794498117
28.85	0.9291211289656702
28.95	0.9293944671871228
29.05	0.9342545159686444
29.15	0.9384089069923858
29.25	0.9427617897225585
29.35	0.9473578016134792
29.45	0.952371562218425
29.55	0.9581384297683937
29.65	0.9664319192901323
29.75	0.9705764147705377
29.85	0.9806599670986917
29.95	0.9849242625425146
30.05	0.9929878385697929
30.15	1.0064616744131751
30.25	1.0071003340220528
30.35	1.0163770043856093
30.45	1.0219669638596929
30.55	1.0288264888809728
30.65	1.036075332057401
30.75	1.0410531175288789
30.85	1.0499084481544523
30.95	1.0525454166669928
31.05	1.053986587214389
31.15	1.060319103428244
31.25	1.063549168537994
31.35	1.065555527331253
31.45	1.066921240177882
31.55	1.070408824651027
31.65	1.0664604561119388
31.75	1.067802395027135
31.85	1.0638389070040406
31.95	1.0634327051303707
32.05	1.0597205539430834
32.15	1.0571968945649872
32.25	1.0518216528241984
32.35	1.0468422960663897
32.45	1.04113423959225
32.55	1.035848037377378
32.65	1.0323209816405048
32.75	1.0251789402112195
32.85	1.0179159439103054
32.95	1.0139716704339243
33.05	1.0082212049471877
33.15	1.0013069225837326
33.25	0.9949969734947737
33.35	0.990478633790846
33.45	0.9840767102384049
33.55	0.9786130640294463
33.65	0.9745875697609774
33.75	0.9698126166827992
33.85	0.9652793275096275
33.95	0.9605703503249767
34.05	0.9584316759777957
34.15	0.9527600857516935
34.25	0.9536508527979086
34.35	0.9493501549301545
34.45	0.9500304183748076
34.55	0.9477166873996403
34.65	0.9472825355367229
34.75	0.9467732949891577
34.85	0.9471072791137644
34.95	0.948051610457502
35.05	0.9511251230801788
35.15	0.952288973500318
35.25	0.9508083762491188
35.35	0.9563662990375192
35.45	0.9591952440488819
35.55	0.9626594444130824
35.65	0.9678242067433308
35.75	0.9719624594117859
35.85	0.9754784309765935
35.95	0.9791215118185879
36.05	0.9841785401825154
36.15	0.9893920870787257
36.25	0.9949358214788779
36.35	0.9977739695952034
36.45	1.0043002091012767
36.55	NaN
36.65	1.013653139550215
36.75	1.0189261086997874
36.85	1.0228690830858294
36.95	1.0262493449463974
37.05	1.0314433173578785
37.15	1.0338567955877314
37.25	1.0382123543106159
37.35	1.0418991723854552
37.45	1.0434251075304468
37.55	1.0452754618911515
37.65	NaN
37.75	1.0450582911824748
37.85	1.05111935448892
37.95	1.0459400073180545
38.05	1.0453146109373
38.15	1.044676039947397
38.25	1.042160226503845
38.35	1.0397356816724388
38.45	1.0409414023925603
38.550000000000004	1.0342342377125453
38.65	1.0308618766190485
38.75	1.0285241280783544
38.85	1.0248928800746933
38.95	1.0225924671161217
39.050000000000004	1.0167375490555577
39.15	NaN
39.25	NaN
39.35	NaN
39.45	NaN
39.550000000000004	0.995091384223778
39.65	0.9908493624594497
39.75	0.9875241381217023
39.85	0.9832810279826163
39.95	0.9810277875150025
40.050000000000004	0.9717167211116257
40.15	NaN
40.25	0.9715268852297126
40.35	0.9692774649581126
40.45	0.96743955267999
40.550000000000004	0.9653653792620124
40.65	0.9636826433421191
40.75	0.963998467208946
40.85	0.9605632829635931
40.95	0.9608811011749228
41.050000000000004	0.9605647988267069
41.15	0.9609330048034934
41.25	0.9622466868664392
41.35	0.9639098694644738
41.45	0.9644789956315604
41.550000000000004	NaN
41.65	0.9701444855963367
41.75	0.9696793824666121
41.85	0.9733514945966041
41.95	0.9774426873168373
42.050000000000004	0.9802878772573055
42.15	NaN
42.25	0.9866110516943024
42.35	0.9903851434304588
42.45	0.9937320085827084
42.550000000000004	0.9968567214954727
42.65	0.9996984215623265
42.75	1.0040873087704563
42.85	1.0101205344370965
42.95	1.01306642691505
43.050000000000004	1.0158609446237454
43.15	1.0195504601521042
43.25	1.0209177515837078
43.35	1.0267494283516203
43.45	1.026966336670462
43.550000000000004	1.028620884867071
43.65	NaN
43.75	1.0335788837512878
43.85	1.031890970491096
43.95	1.033784272777124
44.050000000000004	1.034595375365207
44.15	1.0363528842607812
44.25	NaN
44.35	1.0330979748718978
44.45	1.0336419354883246
44.550000000000004	1.0333615306497832
44.65	1.0286537913663232
44.75	1.028178700724648
44.85	1.0253192780100515
44.95	1.0232636408310383
45.050000000000004	1.0194814494078532
45.15	1.0181338484799047
45.25	1.015074595479742
45.35	NaN
45.45	1.008204670602667
45.550000000000004	1.0054241533273987
45.65	NaN
45.75	1.0015843651755532
45.85	0.9959537514370252
45.95	0.9909953251069631
46.050000000000004	0.9887964446241096
46.15	0.9858773133681151
46.25	0.9850429140471925
46.35	0.9806101936734584
46.45	0.9795754123646687
46.550000000000004	0.9776322016570121
46.65	NaN
46.75	0.9736006393233879
46.85	0.9713812634826123
46.95	0.9711866348936203
47.050000000000004	0.9706995137824613
47.15	0.9722181043273064
47.25	0.9709640850881159
47.35	0.972020864373244
47.45	0.9731013042141468
47.550000000000004	0.9705297540995732
47.65	0.9720945591182388
47.75	0.9752814880880761
47.85	0.9756774441123536
47.95	0.9763992003737907
48.050000000000004	0.9802131989124092
48.15	0.9761406741801955
48.25	0.9821122573225642
48.35	0.9864889948984712
48.45	0.987883681589117
48.550000000000004	0.9905322508859656
48.65	0.9938632813576859
48.75	0.9963410775225687
48.85	1.0005046193668163
48.95	1.0013147948907979
49.050000000000004	1.0045326307657074
49.15	NaN
49.25	1.0085671376040217
49.35	1.013950872947951
49.45	1.0149343452635067
49.550000000000004	1.0175097124307184
49.65	1.020097455537439
49.75	1.021621788599075
49.85	1.0219847532072492
49.95	1.0230825114808089
50.050000000000004	1.0262750342342888
50.15	1.0255769500211094
50.25	1.0272580518204597
50.35	1.0268945031351608
50.45	1.0242379265072457
50.550000000000004	1.0269133418886243
50.65	1.026393373714689
50.75	1.025838796921355
50.85	1.0216788825610987
50.95	NaN
51.050000000000004	1.0208435725405962
51.15	1.0206556463127658
51.25	1.0173876151506787
51.35	1.0161167967273597
51.45	1.0129906224140641
51.550000000000004	NaN
51.65	1.0069334426869765
51.75	1.0043212954851155
51.85	1.0020376174237555
51.95	1.000498442006809
52.050000000000004	NaN
52.15	0.9967344471753999
52.25	0.9937491719214689
52.35	0.9911134911375871
52.45	0.988724953340478
52.550000000000004	0.9829622302844998
52.65	0.9840898824935174
52.75	0.9828648711602169
52.85	0.9807843582519522
52.95	NaN
53.050000000000004	0.9792290244765458
53.15	NaN
53.25	0.9777637912722095
53.35	0.9754175881470307
53.45	0.9762459013194135
53.550000000000004	NaN
53.65	0.9779378459235603
53.75	NaN
53.85	0.9778120054900933
53.95	0.9769370557353906
54.050000000000004	NaN
54.15	0.9824580848861534
54.25	NaN
54.35	0.9853666008156855
54.45	0.9863048293495092
54.550000000000004	NaN
54.65	0.9899358526141349
54.75	0.993364629720526
54.85	0.9924257599760886
54.95	0.9962206951934717
55.050000000000004	0.9994109052804722
55.15	0.9997305881870304
55.25	1.0034808895107785
55.35	1.007668862353505
55.45	1.0043537767351223
55.550000000000004	1.0087628291150152
55.65	1.0100840407113643
55.75	1.0128175315766357
55.85	1.015275311526802
55.95	1.01893173424666
56.050000000000004	1.0177548445902722
56.15	1.0203654236183792
56.25	1.0203689964394382
56.35	1.0211688364865859
56.45	1.0218744964419526
56.550000000000004	1.0193325925899275
56.65	1.0217896433119409
56.75	NaN
56.85	1.020777132123556
56.95	1.0211708825136436
57.050000000000004	1.0189897811946849
57.15	1.0174822701131945
57.25	1.0184686398195848
57.35	NaN
57.45	1.0160971948279929
57.550000000000004	1.0125141386729983
57.65	1.0106603366190965
57.75	1.0087941694261338
57.85	1.0077426227148667
57.95	1.0076667136575748
58.050000000000004	1.0034278195856008
58.15	1.00132976033556
58.25	0.9987517480057219
58.35	0.9981534295323276
58.45	NaN
58.550000000000004	0.9932155507462997
58.65	0.9918992491957515
58.75	NaN
58.85	0.9886428191777917
58.95	NaN
59.050000000000004	0.9876522760349654
59.15	0.9837396880036395
59.25	0.9843651522960187
59.35	0.9830111618766276
59.45	0.9824598571676592
59.550000000000004	0.9836922300980367
59.65	0.9821205852018235
59.75	0.9781180824658763
59.85	NaN
59.95	0.9812166742618198
60.050000000000004	NaN
60.15	0.98129464050776
60.25	0.9819986649949729
60.35	NaN
60.45	0.9844355014223757
60.550000000000004	0.9918433706482891
60.65	0.9879874980408868
60.75	0.9883442597673218
60.85	0.991175931933035
60.95	0.9931151381448015
61.050000000000004	0.9952931479414787
61.15	0.9951087906118481
61.25	0.9963767856970703
61.35	0.9988908999867002
61.45	1.002655399426724
61.550000000000004	NaN
61.65	1.0053453498259513
61.75	NaN
61.85	NaN
61.95	1.0087408075186202
62.050000000000004	1.0109514947740368
62.15	1.0135145074909409
62.25	1.0140061348286467
62.35	1.0148422528454775
62.45	1.0162135632302975
62.550000000000004	1.0164430188698736
62.65	1.0171398307627224
62.75	1.0159738795081295
62.85	1.0160648973189819
62.95	1.0168966795166319
63.050000000000004	1.0169467157086565
63.15	1.0169008520555436
63.25	NaN
63.35	1.0157826520229996
63.45	1.0119304964794997
63.550000000000004	1.012173004112118
63.65	1.0098715787459924
63.75	1.011867733883463
63.85	1.0105830252185253
63.95	1.0084169457663081
64.05	1.0083661851256207
64.14999999999999	1.0058522636682552
64.25	1.0048640660550314
64.35	1.0006627096900238
64.44999999999999	1.0004260042875457
64.55	1.0000485191524213
64.64999999999999	0.9985491470667233
64.75	0.9953426238853882
64.85	0.9940881979784703
64.94999999999999	0.9930241196450903
65.05	0.9915810236782175
65.14999999999999	0.9893501744821066
65.25	NaN
65.35	0.9875464606289613
65.44999999999999	NaN
65.55	0.9853148920968003
65.64999999999999	0.9845652764727567
65.75	0.9847741781788284
65.85	0.9838353898096907
65.94999999999999	0.9843284339183271
66.05	NaN
66.14999999999999	0.9848112247873493
66.25	0.9851458415597213
66.35	0.9832318851695545
66.44999999999999	0.9868416246795397
66.55	0.9860979741891515
66.64999999999999	NaN
66.75	0.9872468916717358
66.85	NaN
66.94999999999999	NaN
67.05	0.9918220044287637
67.14999999999999	0.9924754744619602
67.25	0.993208671111385
67.35	0.9966622364526585
67.44999999999999	0.9958388832579061
67.55	0.9992262136341052
67.64999999999999	NaN
67.75	NaN
67.85	0.9999034884573362
67.94999999999999	1.0036300630288355
68.05	1.004856455676123
68.14999999999999	1.006247304286535
68.25	NaN
68.35	1.0109037011731703
68.44999999999999	1.0105027504669786
68.55	1.0100303194734994
68.64999999999999	NaN
68.75	1.0126081411339543
68.85	1.0149543195429143
68.94999999999999	1.014900411278439
69.05	1.014368528616134
69.14999999999999	1.013762545680449
69.25	1.0136487305916253
69.35	1.014176252394244
69.44999999999999	NaN
69.55	1.013854216461406
69.64999999999999	1.0142007215322935
69.75	NaN
69.85	1.0110273469858546
69.94999999999999	NaN
70.05	1.0093374087590516
70.14999999999999	1.0078963414539204
70.25	NaN
70.35	1.0048419568531668
70.44999999999999	NaN
70.55	1.0036203823901797
70.64999999999999	0.9986886455989423
70.75	0.9986136017917062
70.85	1.0004239653472933
70.94999999999999	0.9977162899366263
71.05	0.9952637409384651
71.14999999999999	0.9942794912040326
71.25	NaN
71.35	0.9938954489588313
71.44999999999999	0.9916405427307838
71.55	0.9909529412807341
71.64999999999999	0.9898500323721522
71.75	0.9873420174943456
71.85	0.98842510228926
71.94999999999999	0.9879816731267966
72.05	NaN
72.14999999999999	NaN
72.25	NaN
72.35	NaN
72.44999999999999	0.9890896724702483
72.55	0.9878805496078789
72.64999999999999	0.9879181167659151
72.75	NaN
72.85	0.9893513187870013
72.94999999999999	0.9894093056679578
73.05	0.9909106958969127
73.14999999999999	0.9930868955432437
73.25	0.991209382580547
73.35	0.9923531176977285
73.44999999999999	NaN
73.55	0.994609612994175
73.64999999999999	NaN
73.75	NaN
73.85	0.9998967058502851
73.94999999999999	1.0005420906724283
74.05	1.0002117301973008
74.14999999999999	1.0035816635758912
74.25	1.0040570368688944
74.35	1.0040284326724542
74.44999999999999	1.0070673888351036
74.55	1.0063729298658446
74.64999999999999	1.0062369743954422
74.75	1.0094018051668545
74.85	1.0094197214061176
74.94999999999999	1.0097417226274619
75.05	1.0110176035432274
75.14999999999999	1.0110099563615746
75.25	NaN
75.35	NaN
75.44999999999999	NaN
75.55	1.0118648324073567
75.64999999999999	NaN
75.75	NaN
75.85	1.013371403799128
75.94999999999999	1.010411635363115
76.05	1.0090843698110115
76.14999999999999	1.008712392197899
76.25	NaN
76.35	1.008456353298074
76.44999999999999	NaN
76.55	1.005793066873103
76.64999999999999	1.0047682319833473
76.75	NaN
76.85	NaN
76.95	NaN
77.05	NaN
77.14999999999999	0.9998488421683364
77.25	0.997681793946099
77.35	0.9959587263841334
77.45	0.9950555332129809
77.55	0.9936425944984828
77.64999999999999	0.993483017261754
77.75	0.9921354136610443
77.85	0.99178224339548
77.95	0.9914447619115462
78.05	0.9915842101308873
78.14999999999999	0.9899151509226934
78.25	0.9902366102315943
78.35	0.9881526299136564
78.45	NaN
78.55	NaN
78.64999999999999	0.9883764208904331
78.75	0.9886688904895504
78.85	NaN
78.95	0.9903381073798446
79.05	NaN
79.14999999999999	NaN
79.25	0.9924650124087173
79.35	NaN
79.45	0.9918033688808827
79.55	0.9946552261289631
79.64999999999999	NaN
79.75	0.9946849615764903
79.85	0.9954570114155364
