0.15	0.019016794568977827
0.25	0.019147888370203675
0.35	0.01910050577290266
0.45	0.01916024367044052
0.55	0.019410418199530318
0.65	0.019499401784157655
0.7500000000000001	0.019738300956418667
0.85	0.01980120225630504
0.95	0.020157909492593298
1.05	0.020456604830613213
1.15	0.020793095840862388
1.25	0.021234834642695717
1.35	0.021460622748275905
1.45	0.021958003442346982
1.55	0.02260221958840046
1.65	0.02309056011368155
1.75	0.02360309654365476
1.85	0.024290486851958466
1.95	0.025060963969831356
2.05	0.025771202827899062
2.15	0.026632729075057423
2.25	0.02747995553905772
2.35	0.02861893233121703
2.45	0.029534681905427747
2.5500000000000003	0.03075881346794504
2.65	0.031997845007432024
2.75	0.033380618392975576
2.85	0.03482591960596539
2.95	0.03665484690778735
3.0500000000000003	0.03825876178092254
3.15	0.04023243784511588
3.25	0.04239703631721881
3.35	0.04505735170886789
3.45	0.04748742488292996
3.5500000000000003	0.05048452457685247
3.65	0.05364588924675511
3.75	0.05751053673168196
3.85	0.061008324947843764
3.95	0.06584641561648118
4.05	0.07082511760527908
4.1499999999999995	0.07642712548702227
4.25	0.08233340201919694
4.35	0.09001095602183035
4.449999999999999	0.09750867396065745
4.55	0.1065326856313857
4.6499999999999995	0.11658998008030394
4.75	0.12930097652054304
4.85	0.14303923595267182
4.95	0.1592272882828355
5.05	0.17701354913841683
5.1499999999999995	0.19982586030046862
5.25	0.2245151082001552
5.35	0.25510990860878513
5.45	0.29225932032486834
5.55	0.33571368655257433
5.6499999999999995	0.3872391405820182
5.75	0.45397630018333657
5.85	0.5299001748178133
5.95	0.6261562503182178
6.05	0.7466151775482947
6.1499999999999995	0.9001135027418632
6.25	1.0826038056570861
6.35	1.3027164595981489
6.45	1.578401574991079
6.55	1.8894656284470386
6.6499999999999995	2.2236667201664377
6.75	2.538172863319723
6.85	2.789934054038185
6.95	2.930405079857725
7.05	2.911357507238311
7.1499999999999995	2.7763778900175033
7.25	2.5603058420620664
7.35	2.2915054653343705
7.45	2.040846314593438
7.55	1.8147604879749837
7.6499999999999995	1.6059740299379701
7.75	1.4327713527951118
7.85	1.2812126484985888
7.95	1.1614734479397624
8.05	1.0589912911717638
8.15	0.9757104290628731
8.25	0.8990640648483835
8.350000000000001	0.8356133684559475
8.450000000000001	0.7876968106238961
8.55	0.7436117469625513
8.65	0.7070291076090713
8.75	0.6770542607123621
8.850000000000001	0.6514449610676563
8.950000000000001	0.628882077552365
9.05	0.6120149409534543
9.15	0.5981616421152717
9.25	0.5874289497427455
9.350000000000001	0.5789278410113073
9.450000000000001	0.5727782590527353
9.55	0.567977149595135
9.65	0.5672321741438577
9.750000000000002	0.5699696332382773
9.85	0.5723907737573019
9.95	0.5778600325742009
10.049999999999999	0.5845280088479934
10.149999999999999	0.5946408597248718
10.25	0.6046049542617248
10.35	0.619286943399975
10.45	0.6344035338192034
10.549999999999999	0.6524545233103223
10.649999999999999	0.6722926731123899
10.75	0.6948807721441485
10.85	0.7203704669810181
10.95	0.7458811085832199
11.049999999999999	0.7785000775867164
11.149999999999999	0.8096805652055493
11.25	0.8444236296398773
11.35	0.8800473086253979
11.45	0.9225172392315505
11.549999999999999	0.9617685475603893
11.649999999999999	1.0020384287007875
11.75	1.0452597573982942
11.85	1.0852289150504857
11.95	1.125009030301427
12.049999999999999	1.1651394480424744
12.149999999999999	1.1993073278079327
12.25	1.2312285693876883
12.35	1.261599077119921
12.45	1.2840815590136347
12.549999999999999	1.3050363740693756
12.649999999999999	1.3192562710878781
12.75	1.3283256252812103
12.85	1.3376484389921137
12.95	1.3389278527799242
13.049999999999999	1.338361689899916
13.149999999999999	1.334256150849492
13.25	1.331082150512542
13.35	1.3177128793810533
13.45	1.304033501130402
13.549999999999999	1.287415423868998
13.649999999999999	1.2654708474044025
13.75	1.2418688804830986
13.85	1.2166573509925072
13.95	1.1913151822739858
14.049999999999999	1.1610280398643673
14.149999999999999	1.1282866062407038
14.25	1.09542742674971
14.35	1.0651378115562673
14.45	1.031503574605034
14.549999999999999	1.0035360015861297
14.649999999999999	0.972918311308066
14.75	0.9464750141830139
14.85	0.9217738066035147
14.95	0.898558760287367
15.049999999999999	0.8772069101845373
15.149999999999999	0.858766561677431
15.25	0.8405466225092278
15.35	0.8266673213722727
15.45	0.8135959768735915
15.549999999999999	0.8054765184242086
15.649999999999999	0.7958649106638551
15.75	0.7890815692571563
15.85	0.7853554775805996
15.95	0.7814331267482872
16.05	0.7824783842279656
16.15	0.7822139954901354
16.25	0.7881643188227372
16.349999999999998	0.7905438301374703
16.45	0.7985925492068788
16.55	0.8057494070596736
16.65	0.8156852171122085
16.75	0.8270540929272758
16.849999999999998	0.8384235220098131
16.95	0.8528227319542953
17.05	0.8702197729935323
17.15	0.8848595270418219
17.25	0.9016579796813804
17.349999999999998	0.9240316953538056
17.45	0.9440114548408399
17.55	0.9624813509286889
17.65	0.9843059157736105
17.75	1.0041902984904658
17.849999999999998	1.0242442394777957
17.95	1.0455880017016252
18.05	1.0678907949032845
18.15	1.0870362825388642
18.25	1.1018833682889455
18.349999999999998	1.1185686123583065
18.45	1.1336316408622649
18.55	1.146050390175519
18.65	1.1580041155824112
18.75	1.1653874647940343
18.849999999999998	1.1693933687996012
18.95	1.1770960983423222
19.05	1.1780061892552485
19.15	1.173827142022916
19.25	1.1684638628336346
19.35	1.1678968328875368
19.45	1.1620753120953191
19.55	1.1540404316600046
19.65	1.1417643294258186
19.75	1.1337431609833033
19.85	1.1209625097510347
19.95	1.1072429377582123
20.05	1.0918469767367074
20.15	1.080216858085768
20.25	1.0669553837375898
20.35	1.0529631414367397
20.45	1.0379047891137982
20.55	1.0242520452364625
20.65	1.0101898051557319
20.75	0.9961972497903537
20.85	0.9837546373228885
20.95	0.9700374422649919
21.05	0.9573657061651673
21.15	0.9466870272866902
21.25	0.9378077777661489
21.35	0.926382873027486
21.45	0.9159140484255264
21.55	0.9095385525926489
21.65	0.9038507799165739
21.75	0.8979859119805977
21.85	0.89144017031151
21.95	0.8868749900237363
22.05	0.8840543970809267
22.15	0.8805555278785053
22.25	0.8810489250087646
22.35	0.8815842185270988
22.45	0.8802316336976742
22.55	0.8832266446003324
22.65	0.8871977071550811
22.75	0.8903607169226245
22.85	0.8961467389057514
22.95	NaN
23.05	0.9101090877379309
23.15	0.9178865525446726
23.25	0.9256604814381041
23.35	0.9359460995513628
23.45	0.9456123714451213
23.55	0.9562539548845481
23.65	0.9701628574003072
23.75	0.9786840166231814
23.85	0.9902659058518305
23.95	1.0022058161583893
24.05	1.0150241130681492
24.15	1.0238972422064552
24.25	1.0378810634329714
24.35	1.049364291889348
24.45	1.058984457168443
24.55	1.0671638639070375
24.65	1.0764998043187037
24.75	1.085475129456247
24.85	1.0901394558759967
24.95	1.0950355998324623
25.05	1.1001946786643242
25.15	1.1035745033780155
25.25	1.104918816569857
25.35	1.1053719142791578
25.45	1.1042891172097584
25.55	1.1009611870711966
25.65	1.0997240706724083
25.75	1.0937998003433536
25.85	1.0880672158557374
25.95	1.0818302930807993
26.05	1.076065260591248
26.15	1.0676641802847602
26.25	1.0591139825749367
26.35	1.0496192554315673
26.45	1.0438049891615087
26.55	1.0345088621518452
26.65	1.0242293330391683
26.75	1.014759758369669
26.85	1.0076168967811414
26.95	0.9965163118307371
27.05	0.9893954417341648
27.15	0.982921277286713
27.25	0.9741872187927648
27.35	0.9666846655740078
27.45	0.9597679428176901
27.55	0.9553291366419191
27.65	0.9483380998429639
27.75	0.9418441404381831
27.85	0.9357989861532406
27.95	0.9345908433032482
28.05	0.9286459282726228
28.15	0.9287951296954886
28.25	0.9249829404607526
28.35	0.9247024836715282
28.45	0.9249270325364768
28.55	0.9250059083040962
28.65	0.9274538645717517
28.75	0.9261336719758338
28.85	0.927506287366363
28.95	0.9311389554420668
29.05	0.9324517758721834
29.15	0.9375127901157534
29.25	0.9419557840474063
29.35	0.9488073893596864
29.45	0.9527314758453871
29.55	0.9590897679961984
29.65	0.9640014237251664
29.75	0.9712845345693627
29.85	0.9778261680577355
29.95	0.9866921582405802
30.05	0.9936226795817575
30.15	1.0033790222922727
30.25	1.008564733656657
30.35	1.014690401053243
30.45	1.021850168542982
30.55	1.0285387681718041
30.65	1.0354609796927883
30.75	1.0429728195519299
30.85	1.0457431971362878
30.95	1.05257693118643
31.05	1.060950859010001
31.15	1.0614227370249023
31.25	1.0617822138609376
31.35	1.0665221443812611
31.45	1.0668608261968842
31.55	1.0702109719125632
31.65	1.0680069883449688
31.75	1.0664062634011704
31.85	1.0640167776116802
31.95	1.0636793322021063
32.05	1.0609320123135395
32.15	1.0554883137393565
32.25	1.0523558704643858
32.35	1.0501072311021575
32.45	1.0419764626344319
32.55	1.0374583092344067
32.65	1.0317590017911624
32.75	1.0229770330653096
32.85	1.0203711646529836
32.95	1.0155395464613128
33.05	1.0083421904384144
33.15	1.002736409761259
33.25	0.99547565453067
33.35	0.9893210876643751
33.45	0.9861994757304069
33.55	0.9842022695065356
33.65	0.9754216971054183
33.75	0.9713874704986132
33.85	0.966885890832766
33.95	0.960814062470011
34.05	0.9568823684613128
34.15	0.9552309363330055
34.25	0.9535222183629634
34.35	0.95327119137294
34.45	0.9492472908969722
34.55	0.9484276860947172
34.65	0.946704644157098
34.75	0.9450992271310658
34.85	0.9470844489106218
34.95	0.9467063573310914
35.05	0.9492669079483085
35.15	0.9511929998842901
35.25	0.9526186589536684
35.35	0.9599829151830818
35.45	0.9568611810772111
35.55	0.9630628634078275
35.65	0.964645862491351
35.75	0.9704826225685222
35.85	0.9747427168686428
35.95	0.9789979849303654
36.05	0.9834131473155805
36.15	0.989254209421819
36.25	0.9940156902634494
36.35	0.998271519230311
36.45	1.002280581266039
36.55	NaN
36.65	1.0143582794161
36.75	1.0200267603625426
36.85	1.0217293002318681
36.95	1.028523910117102
37.05	1.0324652888845938
37.15	1.0355384380346542
37.25	1.037648020047591
37.35	1.0402314429650195
37.45	1.0436122758617887
37.55	1.0421988940576123
37.65	NaN
37.75	1.048135312669501
37.85	1.0508125502615129
37.95	1.0458328437801814
38.05	1.0467892593499646
38.15	1.045726241833277
38.25	1.0402840804875235
38.35	1.0408529537666824
38.45	1.0408690472786306
38.550000000000004	1.0355789638424377
38.65	1.0336167952117643
38.75	1.028711029989851
38.85	1.0250763346386347
38.95	1.019849389505631
39.050000000000004	1.0153157543826339
39.15	NaN
39.25	NaN
39.35	NaN
39.45	NaN
39.550000000000004	0.9961131420456436
39.65	0.9928492864037622
39.75	0.987578862819616
39.85	0.9838581217225302
39.95	0.9817114571423929
40.050000000000004	0.9774006308957398
40.15	NaN
40.25	0.9705282307693692
40.35	0.9685929441177669
40.45	0.9647890519743443
40.550000000000004	0.9658963290048566
40.65	0.9623486883241719
40.75	0.9623875235854963
40.85	0.9617144456656941
40.95	0.9617353785453779
41.050000000000004	0.960522908097199
41.15	0.961258633232488
41.25	0.9614643450911922
41.35	0.9642435799107718
41.45	0.9659830085049651
41.550000000000004	NaN
41.65	0.970746631064723
41.75	0.9722866725457302
41.85	0.9744961605050958
41.95	0.9759643916492257
42.050000000000004	0.9800717394342751
42.15	NaN
42.25	0.9874430140088656
42.35	0.9891731243525138
42.45	0.9942118850876464
42.550000000000004	0.999074575703145
42.65	1.0017785934495183
42.75	1.0047606229859627
42.85	1.006290325412585
42.95	1.0132584303010714
43.050000000000004	1.0153937368468133
43.15	1.0191978495245932
43.25	1.023403487303703
43.35	1.0256073532120977
43.45	1.026297167817641
43.550000000000004	1.0305581263273083
43.65	NaN
43.75	1.030916012344322
43.85	1.0338267039137314
43.95	1.0334329571062997
44.050000000000004	1.0336077984007843
44.15	1.0342806349623261
44.25	NaN
44.35	1.033006301369701
44.45	1.0314928874974525
44.550000000000004	1.0320909070134565
44.65	1.0298897995746061
44.75	1.027910876016836
44.85	1.0255002341570885
44.95	1.0254050560866603
45.050000000000004	1.0216482794395878
45.15	1.0176507128131083
45.25	1.0149342416449885
45.35	NaN
45.45	1.0084570713336947
45.550000000000004	1.004908867506938
45.65	NaN
45.75	1.0008714120069957
45.85	0.9947318516328566
45.95	0.9901637370037961
46.050000000000004	0.9899669782498914
46.15	0.9864112851234397
46.25	0.9856257628305847
46.35	0.9811797953366441
46.45	0.9787371576757883
46.550000000000004	0.9777549110890768
46.65	NaN
46.75	0.9750638507680379
46.85	0.9709712202727128
46.95	0.9721624860355339
47.050000000000004	0.9700844236693378
47.15	0.9686524259945657
47.25	0.9696573670294352
47.35	0.9702915420302425
47.45	0.9709947581257888
47.550000000000004	0.9710570462902237
47.65	0.9727271618159684
47.75	0.972755443534199
47.85	0.9750901335628883
47.95	0.9762608832721671
48.050000000000004	0.9783027612324849
48.15	0.9788470761786321
48.25	0.9830212743821782
48.35	0.9866641674547552
48.45	0.9890342739189751
48.550000000000004	0.9897141231055743
48.65	0.9940982488232815
48.75	0.9958131413444146
48.85	0.9986475042898704
48.95	1.0022876478065759
49.050000000000004	1.0059337182245405
49.15	NaN
49.25	1.009607855126963
49.35	1.0136616464045995
49.45	1.0149994707340777
49.550000000000004	1.0175222872529233
49.65	1.0190194300761273
49.75	1.022349333171997
49.85	1.0228883111837734
49.95	1.0233093421570236
50.050000000000004	1.0258241521868512
50.15	1.026547836491596
50.25	1.0254044024982014
50.35	1.0260382283965408
50.45	1.0271415441939538
50.550000000000004	1.0266081618571237
50.65	1.025447923842703
50.75	1.0252444002436616
50.85	1.0234478591133291
50.95	NaN
51.050000000000004	1.0210626488228247
51.15	1.0170774559867364
51.25	1.017344760492627
51.35	1.0143180801394935
51.45	1.012755517054597
51.550000000000004	NaN
51.65	1.0073875075819858
51.75	1.0056125441630388
51.85	1.001608850736458
51.95	1.0004218625743369
52.050000000000004	NaN
52.15	0.9953947674891169
52.25	0.9929473794464718
52.35	0.9914081204702013
52.45	0.9866610768693482
52.550000000000004	0.9864584774144968
52.65	0.986274445648686
52.75	0.9827535177550539
52.85	0.9816295384738624
52.95	NaN
53.050000000000004	0.9796433144506657
53.15	NaN
53.25	0.9779182397838676
53.35	0.9770107247258489
53.45	0.9767920657561933
53.550000000000004	NaN
53.65	0.9763217234179753
53.75	NaN
53.85	0.9779935989505294
53.95	0.9778168186541338
54.050000000000004	NaN
54.15	0.9811440920375218
54.25	NaN
54.35	0.9841128877631997
54.45	0.9851842016253292
54.550000000000004	NaN
54.65	0.9880142552012147
54.75	0.991882686528116
54.85	0.9950951569209127
54.95	0.9959863144944541
55.050000000000004	0.9977048318619491
55.15	1.0021046970814464
55.25	1.0028230475403097
55.35	1.010499275775949
55.45	1.005888508787696
55.550000000000004	1.0077873684907381
55.65	1.010262441877251
55.75	1.011777508072216
55.85	1.0144678954745059
55.95	1.0165085491411021
56.050000000000004	1.0169816218539849
56.15	1.0185297883030813
56.25	1.0220905596911625
56.35	1.0188993926448602
56.45	1.0198990924586322
56.550000000000004	1.0186781260424067
56.65	1.0208574479157382
56.75	NaN
56.85	1.0207694873213484
56.95	1.0193656927059533
57.050000000000004	1.0200245579584244
57.15	1.0187746781739522
57.25	1.016255696967772
57.35	NaN
57.45	1.0128100486337879
57.550000000000004	1.012107517421725
57.65	1.0095770546653549
57.75	1.009859700416082
57.85	1.0074641096002315
57.95	1.006132576816291
58.050000000000004	1.0042453215131766
58.15	1.002015376409472
58.25	0.9964297485430323
58.35	1.0001190394846473
58.45	NaN
58.550000000000004	0.9931837826025928
58.65	0.993918114445578
58.75	NaN
58.85	0.989151372090622
58.95	NaN
59.050000000000004	0.9861207241202111
59.15	0.9851660952263682
59.25	0.9834790738514088
59.35	0.9832888710024311
59.45	0.9812526011354422
59.550000000000004	0.9828915534686948
59.65	0.9807723844481407
59.75	0.9801643827416586
59.85	NaN
59.95	0.9815194400025298
60.050000000000004	NaN
60.15	0.9808133807636548
60.25	0.9842130513786996
60.35	NaN
60.45	0.9843965382384939
60.550000000000004	0.9882158841873669
60.65	0.9876484661735103
60.75	0.9893214927418601
60.85	0.9910801858298811
60.95	0.9927356696994168
61.050000000000004	0.9928904027619878
61.15	0.9958477824284698
61.25	0.996932597760197
61.35	0.9999194203471705
61.45	1.001782281348107
61.550000000000004	NaN
61.65	1.0041239508782998
61.75	NaN
61.85	NaN
61.95	1.0111461217333904
62.050000000000004	1.0105391137699653
62.15	1.0104135810391213
62.25	1.0135479275312755
62.35	1.0153152530803415
62.45	1.014649199562294
62.550000000000004	1.0165395304616172
62.65	1.017988446900956
62.75	1.0160045627556968
62.85	1.017248443159103
62.95	1.0171374961053323
63.050000000000004	1.0163745098172743
63.15	1.016351009072916
63.25	NaN
63.35	1.0159650924497696
63.45	1.01598112355594
63.550000000000004	1.0121473512919976
63.65	1.01233084628698
63.75	1.0109419224503677
63.85	1.0095818758563249
63.95	1.0105571575546137
64.05	1.0071022770467295
64.14999999999999	1.0058379996593225
64.25	1.0063851928238143
64.35	1.0006388403616011
64.44999999999999	1.0021802907911763
64.55	0.9994497746086859
64.64999999999999	0.9971196721064548
64.75	0.9971648779771181
64.85	0.9935515839592964
64.94999999999999	0.9943645787065665
65.05	0.9917794273491544
65.14999999999999	0.9916970929480836
65.25	NaN
65.35	0.9886844866933969
65.44999999999999	NaN
65.55	0.9864545600599283
65.64999999999999	0.9851679913520897
65.75	0.9857700981391091
65.85	0.9850174518702609
65.94999999999999	0.9854306162437854
66.05	NaN
66.14999999999999	0.983058939095505
66.25	0.9851543281306435
66.35	0.9856147254447876
66.44999999999999	0.984556357444235
66.55	0.9861106957259691
66.64999999999999	NaN
66.75	0.9858857566463031
66.85	NaN
66.94999999999999	NaN
67.05	0.9915022357104163
67.14999999999999	0.9932808784372197
67.25	0.9933960071361707
67.35	0.9949825373031819
67.44999999999999	0.9963964558519458
67.55	0.9967366383587752
67.64999999999999	NaN
67.75	NaN
67.85	1.0013786865296077
67.94999999999999	1.003204770146456
68.05	1.0043674757430623
68.14999999999999	1.0081988861981779
68.25	NaN
68.35	1.0096323640538158
68.44999999999999	1.009158424336062
68.55	1.0105203209429199
68.64999999999999	NaN
68.75	1.0123511804599783
68.85	1.0119993287806006
68.94999999999999	1.012864604797733
69.05	1.0136919271058606
69.14999999999999	1.0161043751506376
69.25	1.0145316237585396
69.35	1.0139895370596705
69.44999999999999	NaN
69.55	1.0117838802487051
69.64999999999999	1.0140386546044753
69.75	NaN
69.85	1.0118299814810006
69.94999999999999	NaN
70.05	1.010268127400225
70.14999999999999	1.0077581821651662
70.25	NaN
70.35	1.00629932944063
70.44999999999999	NaN
70.55	1.0028050777172945
70.64999999999999	1.0032491430253039
70.75	1.0014668496894321
70.85	0.9995960469356114
70.94999999999999	0.9968770858562442
71.05	1.0006675829407592
71.14999999999999	0.9960192997642427
71.25	NaN
71.35	0.9920998104829329
71.44999999999999	0.9919200086555655
71.55	0.9918836432034672
71.64999999999999	0.990348664372198
71.75	0.98979111692468
71.85	0.989238045222902
71.94999999999999	0.987060511656221
72.05	NaN
72.14999999999999	NaN
72.25	NaN
72.35	NaN
72.44999999999999	0.9879521411030336
72.55	0.9869568273293173
72.64999999999999	0.988247059454705
72.75	NaN
72.85	0.9890793013498159
72.94999999999999	0.9890718000114672
73.05	0.9897285705985269
73.14999999999999	0.9914473884178379
73.25	0.9927259471984984
73.35	0.9926022514528413
73.44999999999999	NaN
73.55	0.9951633775065736
73.64999999999999	NaN
73.75	NaN
73.85	0.9989771458819295
73.94999999999999	1.0001993971723746
74.05	0.9993017435136903
74.14999999999999	1.000787616045238
74.25	1.0024919946827577
74.35	1.005235730947604
74.44999999999999	1.0064688565718853
74.55	1.0068862580420164
74.64999999999999	1.0063661966443522
74.75	1.0084588359083766
74.85	1.0089809364397402
74.94999999999999	1.0150598942895463
75.05	1.0111688772336345
75.14999999999999	1.0111806208797203
75.25	NaN
75.35	NaN
75.44999999999999	NaN
75.55	1.0125355761110824
75.64999999999999	NaN
75.75	NaN
75.85	1.0114506408530144
75.94999999999999	1.0101832021409496
76.05	1.0104540604324554
76.14999999999999	1.0089883970037494
76.25	NaN
76.35	1.0073042759451531
76.44999999999999	NaN
76.55	1.0053244194053947
76.64999999999999	1.005548453832052
76.75	NaN
76.85	NaN
76.95	NaN
77.05	NaN
77.14999999999999	0.9995134298185101
77.25	0.9970674266435545
77.35	0.9971494135175272
77.45	0.9973459040530449
77.55	0.9950104741002066
77.64999999999999	0.9936812302489273
77.75	0.9923069349425926
77.85	0.9912650884284149
77.95	0.9917334334911656
78.05	0.9909559507701773
78.14999999999999	0.989384421441747
78.25	0.9904876530854527
78.35	0.9882821370014275
78.45	NaN
78.55	NaN
78.64999999999999	0.9884893421252817
78.75	0.9908029033398169
78.85	NaN
78.95	0.9896350655625762
79.05	NaN
79.14999999999999	NaN
79.25	0.9919552750587927
79.35	NaN
79.45	0.9921692606374646
79.55	0.9936342402835618
79.64999999999999	NaN
79.75	0.994189504543704
79.85	0.9980843719967881
