0.15	0.03754365387480575
0.25	0.03699708277133158
0.35	0.03633098586513229
0.45	0.037031344924647915
0.55	0.03741247872368069
0.65	0.03787153987351033
0.7500000000000001	0.03825890801963914
0.85	0.03853378968837745
0.95	0.03897088213913727
1.05	0.039650569940512484
1.15	0.04036927120819629
1.25	0.04098996887347447
1.35	0.041821854590630425
1.45	0.04282314805241762
1.55	0.04378552887148925
1.65	0.04486085203288832
1.75	0.046260614601024264
1.85	0.04753828618009806
1.95	0.04896656558015743
2.05	0.05030543631448307
2.15	0.052085069799910295
2.25	0.05403513523014056
2.35	0.0559258923642578
2.45	0.05788255428245865
2.5500000000000003	0.0602469976012548
2.65	0.0631286394406526
2.75	0.06603237994363567
2.85	0.06912560518953459
2.95	0.0724451476397343
3.0500000000000003	0.07610441807129832
3.15	0.08035675993295914
3.25	0.0848930349062022
3.35	0.08987656756834594
3.45	0.09554819838887417
3.5500000000000003	0.10146322602311911
3.65	0.10784166681739878
3.75	0.11535401433307833
3.85	0.12396303330751259
3.95	0.13357720126025058
4.05	0.14362820634028234
4.1499999999999995	0.15506498747842073
4.25	0.16809999032177905
4.35	0.18356957576976443
4.449999999999999	0.20035862510826946
4.55	0.22006670396025932
4.6499999999999995	0.2424440804051748
4.75	0.2683096447866654
4.85	0.2949076509371675
4.95	0.3305503704558162
5.05	0.3684266320667807
5.1499999999999995	0.41312542866057134
5.25	0.46433889666814976
5.35	0.5230227056362503
5.45	0.5982212138953518
5.55	0.6771925898458031
5.6499999999999995	0.7740901901339157
5.75	0.8852950640996978
5.85	1.015693167659124
5.95	1.1508378401049009
6.05	1.3087521258368948
6.1499999999999995	1.481285366164282
6.25	1.6494633203105806
6.35	1.8135465569104072
6.45	1.9548263815041487
6.55	2.062821145426119
6.6499999999999995	2.1256481570371313
6.75	2.1339465324538565
6.85	2.10386026039423
6.95	2.0291649157145026
7.05	1.9281499863896503
7.1499999999999995	1.8214858114360715
7.25	1.7019650013179948
7.35	1.588286103521368
7.45	1.4754095698362963
7.55	1.3706837301736188
7.6499999999999995	1.278916014768312
7.75	1.1972086315719288
7.85	1.1217878651341873
7.95	1.0543160025658844
8.05	0.9968086256416996
8.15	0.9490335318963312
8.25	0.9013834405770539
8.350000000000001	0.8634865192353028
8.450000000000001	0.8308568091128201
8.55	0.8011425979587669
8.65	0.775952033565829
8.75	0.7538372441434508
8.850000000000001	0.7374736112149607
8.950000000000001	0.7227877671074262
9.05	0.7113080129095802
9.15	0.7011550779364059
9.25	0.6950042503773479
9.350000000000001	0.6899319362970842
9.450000000000001	0.6883806592961313
9.55	0.6856957381220306
9.65	0.6874585182797975
9.750000000000002	0.6900745785866802
9.85	0.6968098233301713
9.95	0.7036204287125399
10.049999999999999	0.7121739422831299
10.149999999999999	0.7222974374770638
10.25	0.7340409124628746
10.35	0.7484861321563443
10.45	0.7620061059696743
10.549999999999999	0.7788274766324943
10.649999999999999	0.7987877331433406
10.75	0.8175828373353478
10.85	0.8384313771251057
10.95	0.8617007775313604
11.049999999999999	0.886196381840498
11.149999999999999	0.9125430044766689
11.25	0.9380898938795579
11.35	0.9645276813987884
11.45	0.9909366893639161
11.549999999999999	1.0183389012347026
11.649999999999999	1.045361959442717
11.75	1.0701364972342917
11.85	1.0979263286343763
11.95	1.123275263140879
12.049999999999999	1.1451058242224241
12.149999999999999	1.167268844040069
12.25	1.188785508993769
12.35	1.2033440544140748
12.45	1.2164066770206148
12.549999999999999	1.2265154910996736
12.649999999999999	1.235605359675344
12.75	1.239839152230645
12.85	1.241562687276252
12.95	1.2409121258031057
13.049999999999999	1.2349862147200132
13.149999999999999	1.2275089988164238
13.25	1.2160169922167152
13.35	1.2023151134800738
13.45	1.186951354132426
13.549999999999999	1.1681130733757759
13.649999999999999	1.148523684390814
13.75	1.132262431682006
13.85	1.1092146654768578
13.95	1.0877651878491896
14.049999999999999	1.0674838153849124
14.149999999999999	1.0467472190727167
14.25	1.024975694706799
14.35	1.0064823465585664
14.45	0.9877772639088432
14.549999999999999	0.9700500154540164
14.649999999999999	0.9539424614898848
14.75	0.9376638781457103
14.85	0.9230702847130002
14.95	0.9126401766664078
15.049999999999999	0.901132128070918
15.149999999999999	0.8887417125307121
15.25	0.8815389228365086
15.35	0.8747935992678211
15.45	0.8683416909729008
15.549999999999999	0.8630025067164765
15.649999999999999	0.859810703398355
15.75	0.8577140575220089
15.85	0.8577316891243523
15.95	0.8596910145941646
16.05	0.8606795220778419
16.15	0.8638091451869999
16.25	0.8683971009253414
16.349999999999998	0.8733868783527509
16.45	0.8781251997053777
16.55	0.8871400258129222
16.65	0.8940162599370314
16.75	0.9015462793966641
16.849999999999998	0.9119801240145606
16.95	0.9227503849470597
17.05	0.9342461339787629
17.15	0.943650869699632
17.25	0.9564343869890228
17.349999999999998	0.9688880055288964
17.45	0.9829862996567372
17.55	0.9963516135677631
17.65	1.0090776909121588
17.75	1.0205971842382557
17.849999999999998	1.032384458322562
17.95	1.0431970522632334
18.05	1.0556144249828567
18.15	1.0669838855616172
18.25	1.077236270406297
18.349999999999998	1.0873406940194896
18.45	1.0946442913509615
18.55	1.0987860011971677
18.65	1.1024928366643827
18.75	1.106706699859404
18.849999999999998	1.1076139549655193
18.95	1.110416486011875
19.05	1.1124300391405888
19.15	1.1086258965887177
19.25	1.1057540240814643
19.35	1.1042213718985698
19.45	1.0962577799020221
19.55	1.0920405476244373
19.65	1.0863325067549874
19.75	1.0787117472172727
19.85	1.0705299333778007
19.95	1.060713109872316
20.05	1.0519723984946263
20.15	1.0430549019371014
20.25	1.033476932529465
20.35	1.025350176852222
20.45	1.014401621501811
20.55	1.0060210625726138
20.65	0.996982319567225
20.75	0.9858654666224999
20.85	0.9804440385237366
20.95	0.971971496599442
21.05	0.9629660667715325
21.15	0.956964500717513
21.25	0.9503493238159368
21.35	0.9443670968346983
21.45	0.9397684815882298
21.55	0.9344127898353811
21.65	0.9299311792285038
21.75	0.9275402834688381
21.85	0.9264738976134472
21.95	0.9235837425521851
22.05	0.9239976608818276
22.15	0.9225114061678599
22.25	0.9240046268920398
22.35	0.9244554850526554
22.45	0.9261526677009209
22.55	0.9284955413992896
22.65	0.9301921199781279
22.75	0.9353494138283397
22.85	0.9406766950321468
22.95	0.9445746260133394
23.05	0.9504077584663153
23.15	0.9567227319877722
23.25	0.9637635498726717
23.35	0.9682167289341211
23.45	0.9750916354271909
23.55	0.9847013444864313
23.65	0.9897754410653757
23.75	0.9939516661472197
23.85	1.0033399608375457
23.95	1.0112931331775166
24.05	1.017410615719972
24.15	1.0232357399621563
24.25	1.0299026165038705
24.35	1.037180292912192
24.45	1.042785342705771
24.55	1.0457143305772834
24.65	1.0526155076958101
24.75	1.057154290691838
24.85	1.0585468048134248
24.95	1.0606181192041995
25.05	1.0651750100975628
25.15	1.0628906359557293
25.25	1.06541692063292
25.35	1.0642920479829918
25.45	1.0613847443019417
25.55	1.0598883794832588
25.65	1.057144660936871
25.75	1.0542270101339664
25.85	1.051741807315043
25.95	1.0479756748708173
26.05	1.0437662449765255
26.15	1.0384683396454266
26.25	1.0342076655321208
26.35	1.0280579735338728
26.45	1.0231768506179273
26.55	1.0169718238678025
26.65	1.0072991658388586
26.75	1.005404327929514
26.85	0.999896506976143
26.95	0.9952811638050028
27.05	0.9896064578868492
27.15	0.9818073768230632
27.25	0.9788029682335528
27.35	0.9761852395023588
27.45	0.971823930103091
27.55	0.9678282548185168
27.65	0.9646948878248968
27.75	0.9616343036823883
27.85	0.9594793212328054
27.95	0.9575549517560744
28.05	0.954720954877492
28.15	0.9520357180057242
28.25	0.9532821988987142
28.35	0.9515739746662589
28.45	0.9525347066689164
28.55	0.9527817282219023
28.65	0.9544820063991067
28.75	0.9547144167610625
28.85	0.9570656452924187
28.95	0.9604708649425988
29.05	0.9608439121012475
29.15	0.9657343122943545
29.25	0.9630733783828541
29.35	0.9721989222315166
29.45	0.9767128643031939
29.55	0.980455333171131
29.65	0.9841304441423808
29.75	0.9871791212131444
29.85	0.9903852472047167
29.95	NaN
30.05	1.000187343467779
30.15	1.0051373642145272
30.25	1.0109401342669422
30.35	1.0130518748514106
30.45	1.0173730716203164
30.55	1.0196335483626284
30.65	1.0255306797460644
30.75	1.0294623099234461
30.85	1.0316220974500796
30.95	1.0340017824633714
31.05	1.0351323497561604
31.15	1.0376787020417797
31.25	1.041022627599265
31.35	1.0417443570203306
31.45	1.0405677819484431
31.55	1.041899686622742
31.65	1.0396059805151827
31.75	NaN
31.85	1.0371294738021435
31.95	1.0375182206985731
32.05	1.0343659815382196
32.15	1.0326986076569395
32.25	1.027434238237111
32.35	1.0273523871741062
32.45	1.0240715687780468
32.55	1.0196735392356804
32.65	1.0182661547593521
32.75	1.0144525639917443
32.85	1.009706729519719
32.95	1.0079540210731213
33.05	1.001438583928516
33.15	0.99806913982994
33.25	0.9952322248389742
33.35	0.9929563730138438
33.45	0.987089056810179
33.55	0.9856245066218404
33.65	0.9815648568649514
33.75	0.9800351489942329
33.85	0.9779009523510956
33.95	0.9739133072536974
34.05	0.976096905720671
34.15	0.970548756314001
34.25	0.968497266058298
34.35	0.9665678239439804
34.45	0.9670659142991193
34.55	0.9669390762449666
34.65	0.9666192454128443
34.75	0.9679974583408446
34.85	0.9685500238134399
34.95	0.9673489077640796
35.05	0.9692793452873862
35.15	0.969743268374596
35.25	0.9744559264386203
35.35	0.9764919984569943
35.45	0.9740561430181914
35.55	0.9800948285698842
35.65	0.9822719061614449
35.75	0.9825543739275467
35.85	0.9868418399039619
35.95	0.99054271071757
36.05	0.9931983835097108
36.15	0.9952326037080128
36.25	0.998027393239038
36.35	1.0024234287159717
36.45	1.0054468217445367
36.55	1.009586910028691
36.65	NaN
36.75	1.01528688625301
36.85	1.0167173857617118
36.95	1.018359650189346
37.05	1.0193696142218327
37.15	1.0242869509785317
37.25	1.0242514774730165
37.35	1.0273694482955127
37.45	1.0269839789157715
37.55	1.030087862144595
37.65	1.0269633767883284
37.75	1.0283390429569332
37.85	1.0299331030578087
37.95	1.0292124328170238
38.05	NaN
38.15	NaN
38.25	1.0254361263167346
38.35	1.0216552270355612
38.45	1.0210020101986164
38.550000000000004	1.019827458267741
38.65	1.0172717831056834
38.75	1.014458064826843
38.85	1.0137185445049783
38.95	1.0110388417652785
39.050000000000004	1.006907326238681
39.15	1.0058964531838825
39.25	1.0041455369019219
39.35	1.0003872292681006
39.45	0.9968934203127604
39.550000000000004	0.994796750959984
39.65	NaN
39.75	0.9911156283554142
39.85	0.9897028353602847
39.95	0.9860732871393507
40.050000000000004	0.9840822726003937
40.15	0.9842968952748462
40.25	0.9816169445221274
40.35	NaN
40.45	0.979383105802645
40.550000000000004	0.977740409364385
40.65	0.976669595800753
40.75	0.9761144682936248
40.85	0.9752061423930518
40.95	0.9775374296440565
41.050000000000004	0.9731250684973887
41.15	0.9774370666064433
41.25	0.9781044905150204
41.35	0.9791057652200024
41.45	0.9795840173484603
41.550000000000004	0.97955341615751
41.65	0.982367657347502
41.75	0.9839979893743068
41.85	0.9848503553546762
41.95	0.987552235218387
42.050000000000004	0.9885327562845209
42.15	0.9925970613419767
42.25	0.9947275997207726
42.35	0.9960677752868535
42.45	0.9996537396885715
42.550000000000004	1.0002222580930755
42.65	1.0027645455858298
42.75	1.004033878646683
42.85	1.0041182855915165
42.95	1.0094641010658862
43.050000000000004	1.0097690626989932
43.15	NaN
43.25	1.0141271499201499
43.35	1.0143606095705335
43.45	1.0168725204753681
43.550000000000004	1.0215439206493426
43.65	NaN
43.75	NaN
43.85	1.0218103880535871
43.95	1.0207642890491744
44.050000000000004	1.0212218211685664
44.15	1.020463833031152
44.25	1.019993262936533
44.35	1.0198557286381975
44.45	NaN
44.550000000000004	1.018031156265203
44.65	1.017535856699337
44.75	1.0148611950257351
44.85	1.0158844144227934
44.95	1.0127406407506592
45.050000000000004	1.0124695208057393
45.15	1.0099984006726992
45.25	1.0087292382033413
45.35	1.004979941675414
45.45	1.0051906630956449
45.550000000000004	1.0025832387063904
45.65	1.00021337322305
45.75	NaN
45.85	0.9957313739443296
45.95	NaN
46.050000000000004	0.9917880646940969
46.15	0.9929986477361118
46.25	0.992983156555827
46.35	NaN
46.45	0.9868619127315887
46.550000000000004	0.9866717910509958
46.65	NaN
46.75	0.9836365945591173
46.85	0.9818988692834644
46.95	0.9813404571262409
47.050000000000004	0.9823658907915099
47.15	0.9814087485556543
47.25	0.982188161376753
47.35	0.9815931562588196
47.45	NaN
47.550000000000004	0.9837157237997919
47.65	0.9828026543832548
47.75	0.9843421790205995
47.85	0.9860866794093491
47.95	0.9878263015725312
48.050000000000004	0.99050980793366
48.15	0.9899304916912219
48.25	0.9935951986234094
48.35	0.9914307277052156
48.45	0.993342664735844
48.550000000000004	0.9976899987596356
48.65	0.9950966898531003
48.75	0.9990471289710795
48.85	0.9995393146580906
48.95	1.0025867667888289
49.050000000000004	1.005970989661363
49.15	1.004344988335089
49.25	1.0079177033853184
49.35	1.0071325512991958
49.45	1.0114174016579038
49.550000000000004	1.009320718199778
49.65	1.0124888510444607
49.75	NaN
49.85	1.013325164949989
49.95	1.014696777696006
50.050000000000004	1.0154738780560022
50.15	1.0167986491378511
50.25	1.0148778426085554
50.35	1.0138764201180024
50.45	1.0173599716969124
50.550000000000004	1.015246328146834
50.65	1.0158527032127855
50.75	1.0143304593478093
50.85	1.0126925000667852
50.95	1.0118799844011337
51.050000000000004	1.0134064197915746
51.15	1.0113214313296535
51.25	1.0110269163405976
51.35	1.007919216681266
51.45	1.009043470147084
51.550000000000004	1.0065224725365427
51.65	1.002804175077187
51.75	1.0048035427638717
51.85	1.0006368723764352
51.95	1.000508008433846
52.050000000000004	0.9982520308806937
52.15	NaN
52.25	0.9953232724959273
52.35	0.9939625308528631
52.45	0.9930926484724607
52.550000000000004	0.9927924906308372
52.65	0.9886261957031084
52.75	0.9894558589440181
52.85	0.9883968865361971
52.95	0.9861607321944175
53.050000000000004	0.9866378797581379
53.15	0.9876010947751193
53.25	0.986914517349523
53.35	0.9877476290932325
53.45	0.9853377714635198
53.550000000000004	0.9859520891591765
53.65	0.984970580938512
53.75	0.9861708884445612
53.85	0.9863473179137857
53.95	0.9913901269973665
54.050000000000004	0.9884807081100907
54.15	0.9879430876633831
54.25	0.9896161628978332
54.35	0.9893307532611731
54.45	0.9903304638093655
54.550000000000004	NaN
54.65	0.9924317596556933
54.75	0.9967885086847966
54.85	0.996864209254889
54.95	0.9977062464639074
55.050000000000004	0.9995449633637677
55.15	0.9999409617740138
55.25	1.0025101016095157
55.35	1.0025231567515804
55.45	1.001424455912248
55.550000000000004	1.006641977486806
55.65	NaN
55.75	1.00690027451052
55.85	1.0105448290664936
55.95	1.0090590497162395
56.050000000000004	1.0132947109133805
56.15	1.0105631383914229
56.25	1.0115341181080415
56.35	1.0173108347476765
56.45	1.0097932939546619
56.550000000000004	1.0128971161505413
56.65	1.011768822934196
56.75	1.011466047696146
56.85	1.0124637411378972
56.95	1.0121661118244936
57.050000000000004	1.0103980722694688
57.15	1.011669234545521
57.25	1.010380219782435
57.35	1.0102428006023183
57.45	1.0109057555248528
57.550000000000004	NaN
57.65	1.0045140540932298
57.75	1.0037010620939772
57.85	1.0045006971395682
57.95	1.0030989129035661
58.050000000000004	NaN
58.15	1.0004070607690403
58.25	0.9983825737712156
58.35	1.0002676693088834
58.45	0.997837399258793
58.550000000000004	0.996357895050895
58.65	0.9947185648503952
58.75	NaN
58.85	0.9928167711013742
58.95	0.9909846691585882
59.050000000000004	0.9920597353296577
59.15	0.990237477365203
59.25	0.9901320422858878
59.35	0.9908611571251472
59.45	0.9896277353318238
59.550000000000004	0.9869793598508373
59.65	NaN
59.75	0.9885742306813623
59.85	0.9892632862172595
59.95	0.9888495591949916
60.050000000000004	0.9902730536593125
60.15	0.9899009718007753
60.25	0.9900386053196862
60.35	NaN
60.45	0.9915777445795975
60.550000000000004	0.9916187092650125
60.65	0.9925513998449599
60.75	0.9921910784048542
60.85	NaN
60.95	0.9956598632905803
61.050000000000004	0.9977147950962858
61.15	0.9955408124814065
61.25	1.000207847495547
61.35	0.999257507749272
61.45	1.0015706360171721
61.550000000000004	1.0023860789375239
61.65	1.0019505641925537
61.75	1.002674211996652
61.85	1.0049530585614377
61.95	NaN
62.050000000000004	1.0083839501829688
62.15	1.0084697029657477
62.25	1.010319605763438
62.35	1.0088304594709092
62.45	NaN
62.550000000000004	1.0104199406305006
62.65	NaN
62.75	NaN
62.85	1.0116693364513067
62.95	1.011006169496879
63.050000000000004	1.0104685383769427
63.15	1.0123529658587744
63.25	1.0084713696101502
63.35	1.0090662627463898
63.45	1.0101400372589606
63.550000000000004	1.0085296930835652
63.65	NaN
63.75	1.0064514461410417
63.85	NaN
63.95	1.006246203741759
64.05	1.0038365517178034
64.14999999999999	1.0025428468104858
64.25	1.003217472393648
64.35	NaN
64.44999999999999	0.9993406384139991
64.55	1.0001576625871902
64.64999999999999	0.9982067014190097
64.75	0.9972183154813827
64.85	0.9956538709017791
64.94999999999999	0.9973224804532266
65.05	0.9947145840721479
65.14999999999999	NaN
65.25	0.9935534478595892
65.35	0.9916281471105267
65.44999999999999	0.9931519506509682
65.55	0.9916334383346589
65.64999999999999	NaN
65.75	0.9918636842465425
65.85	0.991086024826944
65.94999999999999	NaN
66.05	NaN
66.14999999999999	0.9908134281950013
66.25	0.991312465987819
66.35	0.9889911770196624
66.44999999999999	0.9920965231458704
66.55	NaN
66.64999999999999	0.9925153859818704
66.75	0.9925237190802726
66.85	NaN
66.94999999999999	NaN
67.05	NaN
67.14999999999999	NaN
67.25	0.9957507437298531
67.35	NaN
67.44999999999999	NaN
67.55	0.9985559449199803
67.64999999999999	1.0006715204948156
67.75	1.001688373032074
67.85	1.0009941468407202
67.94999999999999	NaN
68.05	1.0046435598543941
68.14999999999999	1.006585398493458
68.25	1.0047696428933648
68.35	1.0060924724315146
68.44999999999999	1.007070575234399
68.55	1.0072011378408787
68.64999999999999	NaN
68.75	1.0077146450550958
68.85	1.008139390506104
68.94999999999999	1.0071119650533114
69.05	NaN
69.14999999999999	1.0099139807856388
69.25	NaN
69.35	1.0090961065482578
69.44999999999999	1.0102399134929136
69.55	1.0083703630885639
69.64999999999999	1.0069658118449136
69.75	1.008627203919527
69.85	1.0073941581647885
69.94999999999999	1.0064125223727982
70.05	NaN
70.14999999999999	1.0041025902353544
70.25	1.0049077476708212
70.35	1.0039833950261774
70.44999999999999	1.0021088497342738
70.55	1.0007994568773906
70.64999999999999	0.9984556539024514
70.75	0.9992241954268561
70.85	1.0001355791988948
70.94999999999999	0.9991515588521938
71.05	0.9973913571510391
71.14999999999999	NaN
71.25	0.9986191220942692
71.35	NaN
71.44999999999999	0.9934471160634412
71.55	0.993353332368251
71.64999999999999	0.9925869580453744
71.75	0.9920189683761352
71.85	NaN
71.94999999999999	NaN
72.05	0.9924098020946986
72.14999999999999	NaN
72.25	0.9928901026231288
72.35	0.9926018615131025
72.44999999999999	NaN
72.55	NaN
72.64999999999999	0.9920176503081143
72.75	0.9937985739421151
72.85	0.9931578368364832
72.94999999999999	NaN
73.05	0.9947332856778153
73.14999999999999	0.9949340680318945
73.25	0.9948711315294351
73.35	0.9965037151604377
73.44999999999999	0.9965579547060754
73.55	0.9984355743717274
73.64999999999999	0.9989029824699942
73.75	1.0004429344731767
73.85	1.0014947086229458
73.94999999999999	NaN
74.05	NaN
74.14999999999999	1.0009131597555727
74.25	1.003547044357965
74.35	1.002985285457872
74.44999999999999	1.003838441667304
74.55	1.0048992363412428
74.64999999999999	NaN
74.75	NaN
74.85	1.0062779066164518
74.94999999999999	1.0051447023890137
75.05	1.0065432291605536
75.14999999999999	1.005299695076539
75.25	1.0068984700018606
75.35	1.0087126359659895
75.44999999999999	1.00467331415124
75.55	1.006488632166145
75.64999999999999	1.0068945248684689
75.75	NaN
75.85	1.005889401767692
75.94999999999999	NaN
76.05	1.005470685372328
76.14999999999999	1.006421250234865
76.25	1.0040666435441161
76.35	1.0047068886547372
76.44999999999999	NaN
76.55	1.0021187401965541
76.64999999999999	1.0050354434554811
76.75	NaN
76.85	1.001345276276024
76.95	0.9993831086214052
77.05	0.9998855521200203
77.14999999999999	0.9991494551681499
77.25	NaN
77.35	NaN
77.45	NaN
77.55	0.9966306727263061
77.64999999999999	NaN
77.75	0.9961342840697756
77.85	0.9951198702034227
77.95	NaN
78.05	0.993652108804629
78.14999999999999	NaN
78.25	0.9938884528828443
78.35	0.9930706754927284
78.45	NaN
78.55	NaN
78.64999999999999	NaN
78.75	0.9934563911390111
78.85	0.9943260603224452
78.95	0.9929677101786146
79.05	NaN
79.14999999999999	NaN
79.25	0.9951676847801475
79.35	0.9950301132656542
79.45	NaN
79.55	0.9965829329763815
79.64999999999999	NaN
79.75	0.996686609872627
79.85	0.9973085355968109
