0.15	0.019150993171284512
0.25	0.019289684880464432
0.35	0.019422631335810417
0.45	0.019154239846899623
0.55	0.019321610279189508
0.65	0.019436264428416148
0.7500000000000001	0.019771563374890555
0.85	0.019775483073631566
0.95	0.020081176728154123
1.05	0.020503608361005274
1.15	0.020863636664881686
1.25	0.021210451503419107
1.35	0.02154032002296619
1.45	0.022011079629957096
1.55	0.02248644669120524
1.65	0.023107297433867045
1.75	0.023657323218518805
1.85	0.024352335820890494
1.95	0.025095751236419543
2.05	0.025770369134901525
2.15	0.026604025990573415
2.25	0.02767321362747882
2.35	0.02850822602333856
2.45	0.029516430744787776
2.5500000000000003	0.030770673835319277
2.65	0.03203432935008055
2.75	0.03330476206404338
2.85	0.03488544089599249
2.95	0.036618199451586196
3.0500000000000003	0.03838643259815894
3.15	0.04026428162785191
3.25	0.0424433395518795
3.35	0.04509552996460654
3.45	0.047628322982322675
3.5500000000000003	0.05057686675878934
3.65	0.05376970282925929
3.75	0.05747495321903363
3.85	0.0609936104606173
3.95	0.06595523534815242
4.05	0.07078716272986788
4.1499999999999995	0.07649423324292412
4.25	0.08243960098452416
4.35	0.08990073045858224
4.449999999999999	0.09747999946206573
4.55	0.10664040230249378
4.6499999999999995	0.11640591796553879
4.75	0.12889773386523198
4.85	0.14289956427151543
4.95	0.15941157511894724
5.05	0.17697993970696643
5.1499999999999995	0.199610850064364
5.25	0.22448297254691713
5.35	0.25492294008606514
5.45	0.2914758249826203
5.55	0.33612875768865175
5.6499999999999995	0.3868786798813909
5.75	0.453553834452355
5.85	0.5299576616813105
5.95	0.6264016843452116
6.05	0.7463701901460514
6.1499999999999995	0.900181036253167
6.25	1.0801027330529707
6.35	1.302149362145396
6.45	1.579687389025284
6.55	1.8875756099265533
6.6499999999999995	2.2186679947474413
6.75	2.5355970607298772
6.85	2.7922114367667437
6.95	2.926921852707678
7.05	2.9135861256871904
7.1499999999999995	2.770645218259181
7.25	2.5521981412253916
7.35	2.293963897567792
7.45	2.0381811837512323
7.55	1.8175983273607468
7.6499999999999995	1.6050950284028878
7.75	1.4340443864582961
7.85	1.2805594493511296
7.95	1.1597671983983089
8.05	1.0615144493009046
8.15	0.9732578434865627
8.25	0.9008527943712776
8.350000000000001	0.8380359380279923
8.450000000000001	0.7869060607606205
8.55	0.7431660720228803
8.65	0.7063091318698477
8.75	0.6780270506574676
8.850000000000001	0.6514914802362913
8.950000000000001	0.6296608454952154
9.05	0.6124685874750085
9.15	0.5984125168799919
9.25	0.5874717001295926
9.350000000000001	0.5780147256944748
9.450000000000001	0.5730406041876961
9.55	0.5695252387559913
9.65	0.5690080470724221
9.750000000000002	0.5687338891300735
9.85	0.5734260814182573
9.95	0.5782580033400864
10.049999999999999	0.5845537715904896
10.149999999999999	0.5949742443335867
10.25	0.6053137817198989
10.35	0.6178857082316431
10.45	0.6357694419339524
10.549999999999999	0.653038516491053
10.649999999999999	0.6726773639045771
10.75	0.6957833815836565
10.85	0.7207798746198315
10.95	0.7469131582425249
11.049999999999999	0.7770882814743966
11.149999999999999	0.8104391018840842
11.25	0.8436929031459136
11.35	0.8821601270343983
11.45	0.920781937881806
11.549999999999999	0.9603101744783956
11.649999999999999	1.00206311817178
11.75	1.0434158556629847
11.85	1.084327631513822
11.95	1.1255218834430836
12.049999999999999	1.163520092148248
12.149999999999999	1.198182875922762
12.25	1.2337780505264642
12.35	1.2606865101291556
12.45	1.284032171739865
12.549999999999999	1.3046287343294978
12.649999999999999	1.3170320675131781
12.75	1.3293863994661488
12.85	1.3358045042295454
12.95	1.338210576588098
13.049999999999999	1.3377497834982146
13.149999999999999	1.3352135287037936
13.25	1.328167615573824
13.35	1.3171285186929236
13.45	1.3027495491629848
13.549999999999999	1.2878827852694774
13.649999999999999	1.266818663102206
13.75	1.244586701408972
13.85	1.217575239875022
13.95	1.1885995550721165
14.049999999999999	1.1633250116106253
14.149999999999999	1.127492898083159
14.25	1.0960982165628854
14.35	1.0645499784363437
14.45	1.0323075024465083
14.549999999999999	1.0033145196852151
14.649999999999999	0.9736767613891184
14.75	0.9446865759981933
14.85	0.9227235372756358
14.95	0.8961901040473788
15.049999999999999	0.8752842419270034
15.149999999999999	0.8568012193870697
15.25	0.8402471420899602
15.35	0.8286304433996452
15.45	0.815379684191758
15.549999999999999	0.8048927059727566
15.649999999999999	0.7949244458446124
15.75	0.7886868381339315
15.85	0.7861799891758298
15.95	0.7823853715220003
16.05	0.7823809693007616
16.15	0.7838914662766254
16.25	0.785648338899356
16.349999999999998	0.7913498495463582
16.45	0.7970965788333012
16.55	0.806366483358078
16.65	0.8148285496588925
16.75	0.8247501980833638
16.849999999999998	0.8408604288079361
16.95	0.8535986479173995
17.05	0.8699697807223657
17.15	0.8859626254319259
17.25	0.9047324727936278
17.349999999999998	0.9223412498831434
17.45	0.9420549577806124
17.55	0.9628208971398937
17.65	0.9844031716038024
17.75	1.0018602748420502
17.849999999999998	1.0238007355503322
17.95	1.0461331324628802
18.05	1.0674505209591487
18.15	1.0870629813497739
18.25	1.1046778778462516
18.349999999999998	1.1209239446228654
18.45	1.1343021828665862
18.55	1.1473128115765303
18.65	1.1580258681379012
18.75	1.1656013437690844
18.849999999999998	1.1705481147183352
18.95	1.1726585266157166
19.05	1.1752615026579813
19.15	1.1758793803675167
19.25	1.1696132903087484
19.35	1.168201397031836
19.45	1.160943139502006
19.55	1.1517078327150805
19.65	1.1433114425469721
19.75	1.1320010359348474
19.85	1.1208753979634647
19.95	1.106286765065639
20.05	1.0943905736012105
20.15	1.0791733837022361
20.25	1.0660184080636905
20.35	1.0532776298637085
20.45	1.0395167261439433
20.55	1.0242617966915935
20.65	1.0119737397130697
20.75	0.9960600587333011
20.85	0.9839724334487525
20.95	0.9708758748319611
21.05	0.9591088588524362
21.15	0.948380092323797
21.25	0.9374576508827623
21.35	0.9263458422649192
21.45	0.9167237731536307
21.55	0.9103087134064198
21.65	0.9026063388761004
21.75	0.8986993079366752
21.85	0.8905888091863707
21.95	0.8861036083036885
22.05	0.8827914510533195
22.15	0.8820367571367825
22.25	0.8817843984921266
22.35	0.880917745274001
22.45	0.8810955742353597
22.55	0.8834566323426347
22.65	0.887073569290174
22.75	0.8907911483005589
22.85	0.8949056762594395
22.95	NaN
23.05	0.908565007359751
23.15	0.9180695769645837
23.25	0.9249868268428797
23.35	0.9344512142197439
23.45	0.9449200764467742
23.55	0.9575165838898623
23.65	0.9664374568128344
23.75	0.9783114375098821
23.85	0.9905203369391328
23.95	1.0043146015022146
24.05	1.015047894993024
24.15	1.0267854411592516
24.25	1.0380601810926335
24.35	1.0462870244608342
24.45	1.0565054083826655
24.55	1.0677087283322584
24.65	1.0771674931806612
24.75	1.0846701367147928
24.85	1.0901771951245107
24.95	1.0957200732836205
25.05	1.0982558729993679
25.15	1.1033300602272784
25.25	1.1066953210733388
25.35	1.1050067086310273
25.45	1.1025560896012605
25.55	1.1009207556397858
25.65	1.096766245448425
25.75	1.0945714101342208
25.85	1.089943099840117
25.95	1.0821638477222963
26.05	1.0724104236462637
26.15	1.0679614557608927
26.25	1.0605873032970783
26.35	1.0490666936339177
26.45	1.0429030710080216
26.55	1.034337549832638
26.65	1.0235368705053893
26.75	1.0163122225493684
26.85	1.0054403506126908
26.95	0.9992735108496947
27.05	0.9880973845291984
27.15	0.9822548600792737
27.25	0.9738775871328638
27.35	0.9674987559221739
27.45	0.9608480986418912
27.55	0.9516632439022937
27.65	0.9476654746054037
27.75	0.9423462161151027
27.85	0.9394762510776489
27.95	0.9333594884898879
28.05	0.9303548347613649
28.15	0.9293103617754064
28.25	0.9259235358836193
28.35	0.9256625755739074
28.45	0.9254339198394992
28.55	0.9238744962705338
28.65	0.9251370322264832
28.75	0.9268422635761348
28.85	0.9261320887428037
28.95	0.9328640511693636
29.05	0.9342764482456037
29.15	0.9378125077110782
29.25	0.9416418150134046
29.35	0.947531433774053
29.45	0.9522755662414366
29.55	0.9555811518903415
29.65	0.9648201042607485
29.75	0.9727659082575144
29.85	0.9774105357397657
29.95	0.9867318641123676
30.05	0.9943737655192971
30.15	1.0046978651459497
30.25	1.0069692336710887
30.35	1.0158965576011072
30.45	1.0230838466930514
30.55	1.0297504441917555
30.65	1.0343502006821381
30.75	1.040374300346467
30.85	1.0443497779286999
30.95	1.0532688527581864
31.05	1.0531232655224265
31.15	1.0609879535194915
31.25	1.061401044395767
31.35	1.0655280690560474
31.45	1.0661601252804511
31.55	1.0690586713615133
31.65	1.0684109356617502
31.75	1.0680983702446225
31.85	1.065849757132557
31.95	1.061577662303143
32.05	1.0607209974572314
32.15	1.0572127568730205
32.25	1.0528944128571338
32.35	1.0481638105823
32.45	1.0437696168414639
32.55	1.0374849432929023
32.65	1.030722152267937
32.75	1.0264616169755962
32.85	1.020007050043859
32.95	1.0121808062732647
33.05	1.0088243507859436
33.15	1.0007687657870294
33.25	0.9951493689630235
33.35	0.9903076745473471
33.45	0.9843552769629081
33.55	0.980200298704866
33.65	0.9760980319057493
33.75	0.967911211547672
33.85	0.9666025936953987
33.95	0.9617587440867754
34.05	0.9576336263214075
34.15	0.9564529374761652
34.25	0.9540124503416727
34.35	0.9521278478598301
34.45	0.948473525559863
34.55	0.9472473803283508
34.65	0.947970410016955
34.75	0.9435625283423583
34.85	0.9475821522187199
34.95	0.9488128125544437
35.05	0.9483046523476403
35.15	0.9502197888424037
35.25	0.9565501300494392
35.35	0.9570404749745942
35.45	0.959563963334113
35.55	0.9608395180702201
35.65	0.9649337535263979
35.75	0.970963273428536
35.85	0.9763061108452653
35.95	0.979056118499196
36.05	0.9846767800097587
36.15	0.9897431180570904
36.25	0.9944614165932048
36.35	0.9970635207378371
36.45	1.0043889993012842
36.55	NaN
36.65	1.013684043858629
36.75	1.02030418306841
36.85	1.0221793708283915
36.95	1.0276241622664464
37.05	1.0313549385885878
37.15	1.0353776180860557
37.25	1.0377915277020737
37.35	1.0406944933144995
37.45	1.0443764491485092
37.55	1.0439376037680643
37.65	NaN
37.75	1.0474226615801092
37.85	1.044231809664513
37.95	1.046356189631875
38.05	1.0466469158956133
38.15	1.0429604361915419
38.25	1.0433734181806775
38.35	1.0411173528765736
38.45	1.0371510299042832
38.550000000000004	1.036443635930701
38.65	1.03654617388078
38.75	1.0281454640786973
38.85	1.0247070371592648
38.95	1.0199143380084135
39.050000000000004	1.0152040437705216
39.15	NaN
39.25	NaN
39.35	NaN
39.45	NaN
39.550000000000004	0.9969285973317391
39.65	0.9907017912871791
39.75	0.9874215403421469
39.85	0.9840677791819483
39.95	0.9785622548349624
40.050000000000004	0.975029535722831
40.15	NaN
40.25	0.9721019800165686
40.35	0.9677677795244702
40.45	0.9658129617555055
40.550000000000004	0.9648644847585236
40.65	0.9638651950892517
40.75	0.962506788225933
40.85	0.9613687371916628
40.95	0.9597901541559213
41.050000000000004	0.9604667889139659
41.15	0.9612951497987728
41.25	0.9606861446238689
41.35	0.9628083989353466
41.45	0.9677574338268247
41.550000000000004	NaN
41.65	0.9665822679508851
41.75	0.9712477184669606
41.85	0.9748712286107791
41.95	0.976650315448238
42.050000000000004	0.9799252231649915
42.15	NaN
42.25	0.9871068825283108
42.35	0.989572303287572
42.45	0.9940626832880052
42.550000000000004	0.999129504422802
42.65	1.002603285894015
42.75	1.0036054825867284
42.85	1.0082565679059459
42.95	1.0099051758146282
43.050000000000004	1.0158106971278689
43.15	1.0182712700304482
43.25	1.0212208959321147
43.35	1.0252526121809264
43.45	1.0272323084462018
43.550000000000004	1.0279478063447638
43.65	NaN
43.75	1.0318180327740218
43.85	1.0316724440959917
43.95	1.033818859690187
44.050000000000004	1.0349675311354571
44.15	1.034582676842421
44.25	NaN
44.35	1.032823815385592
44.45	1.031738761386302
44.550000000000004	1.0324643735464432
44.65	1.0290697903497161
44.75	1.027447946553233
44.85	1.02431556441532
44.95	1.0221202624126207
45.050000000000004	1.0222818022512896
45.15	1.0184996260914077
45.25	1.0147767097780451
45.35	NaN
45.45	1.0090651489545313
45.550000000000004	1.0040423316537554
45.65	NaN
45.75	1.002348743657056
45.85	0.9950607252163841
45.95	0.9928003294054062
46.050000000000004	0.9894982252213003
46.15	0.9867450755810211
46.25	0.9832930771455931
46.35	0.9810935804825078
46.45	0.9791752974103856
46.550000000000004	0.9782528215487423
46.65	NaN
46.75	0.9741507025296069
46.85	0.974837375927041
46.95	0.9725865635644899
47.050000000000004	0.9713256151859446
47.15	0.969868298218916
47.25	0.9698751241018981
47.35	0.9716073407403816
47.45	0.9715255663305363
47.550000000000004	0.9727428546183242
47.65	0.9730335332415329
47.75	0.9737854976475817
47.85	0.9754489317686111
47.95	0.9766459818955545
48.050000000000004	0.977999963480469
48.15	0.9793217015352261
48.25	0.9838707886882816
48.35	0.9856839555937053
48.45	0.9883685824362959
48.550000000000004	0.9925161349354221
48.65	0.9935102206769805
48.75	0.9963323222421299
48.85	0.9985345211266602
48.95	1.0022824661792886
49.050000000000004	1.0055177467038037
49.15	NaN
49.25	1.0122343187658172
49.35	1.0120493556448307
49.45	1.0145543860511668
49.550000000000004	1.0175723031212085
49.65	1.0189897795472667
49.75	1.021479585042548
49.85	1.024039109178935
49.95	1.0262526343511125
50.050000000000004	1.0254631284792868
50.15	1.025519215681571
50.25	1.0268522340337665
50.35	1.0270210738998449
50.45	1.0235827483336708
50.550000000000004	1.026057497996599
50.65	1.026140750371685
50.75	1.0263464368334687
50.85	1.0260702627158722
50.95	NaN
51.050000000000004	1.0208071788153879
51.15	1.0193708220164002
51.25	1.0161368408381461
51.35	1.01635892387267
51.45	1.0134837508118526
51.550000000000004	NaN
51.65	1.0071636377548596
51.75	1.0060198144196417
51.85	1.003570438936094
51.95	1.0001169102521539
52.050000000000004	NaN
52.15	0.9952189546419586
52.25	0.9938615568734852
52.35	0.9914388880483486
52.45	0.9896221106919769
52.550000000000004	0.9880971699252277
52.65	0.988117837323252
52.75	0.9841563832952273
52.85	0.9812101576085691
52.95	NaN
53.050000000000004	0.980223169455557
53.15	NaN
53.25	0.9777215828047875
53.35	0.9773514901572774
53.45	0.9759109752301227
53.550000000000004	NaN
53.65	0.9796668670410026
53.75	NaN
53.85	0.9789190761392146
53.95	0.9789497579406897
54.050000000000004	NaN
54.15	0.9806148003239364
54.25	NaN
54.35	0.9840810786796723
54.45	0.9858279006055081
54.550000000000004	NaN
54.65	0.9893869668667324
54.75	0.9916920115578921
54.85	0.9940093635557554
54.95	0.9956802233376805
55.050000000000004	0.9986508723307026
55.15	1.0021332685988145
55.25	1.0018280017943595
55.35	1.0070142054728322
55.45	1.0075328572363944
55.550000000000004	1.008883318074547
55.65	1.0123739015284507
55.75	1.0138718805877402
55.85	1.0132440986730067
55.95	1.016735468198424
56.050000000000004	1.0182003508094577
56.15	1.0191598855721602
56.25	1.0186008535204956
56.35	1.0207822343883242
56.45	1.0197237353238904
56.550000000000004	1.0214924803286325
56.65	1.0195371225707213
56.75	NaN
56.85	1.0222071793627379
56.95	1.0197750946478963
57.050000000000004	1.0192736831514788
57.15	1.0162005051135132
57.25	1.0148246172857696
57.35	NaN
57.45	1.0162498174387784
57.550000000000004	1.012709616980303
57.65	1.0122437511707094
57.75	1.009699012601655
57.85	1.0052693090232523
57.95	1.004015679873293
58.050000000000004	1.0035987217500812
58.15	1.0025576858737568
58.25	1.0008124377572774
58.35	0.9992630931094336
58.45	NaN
58.550000000000004	0.9939919082097143
58.65	0.9917252295001028
58.75	NaN
58.85	0.988639316864157
58.95	NaN
59.050000000000004	0.9882042124526779
59.15	0.9853087997609125
59.25	0.9831346425666005
59.35	0.9844228928567105
59.45	0.9822238234077516
59.550000000000004	0.9817395096583958
59.65	0.982832674515778
59.75	0.9821370496807351
59.85	NaN
59.95	0.9803543090086562
60.050000000000004	NaN
60.15	0.9823534625386491
60.25	0.982892212380848
60.35	NaN
60.45	0.9842675445195138
60.550000000000004	0.9856768963060455
60.65	0.9868498070823896
60.75	0.9897129520055038
60.85	0.9897245067632984
60.95	0.9924216788519703
61.050000000000004	0.9948064751224747
61.15	0.9953280695883987
61.25	0.9981558036473392
61.35	0.9974716720760582
61.45	1.0009490461496267
61.550000000000004	NaN
61.65	1.0044723390192198
61.75	NaN
61.85	NaN
61.95	1.0082112173266518
62.050000000000004	1.0107533848707793
62.15	1.0144507432302783
62.25	1.0137474446574462
62.35	1.0157137324635392
62.45	1.01476144513244
62.550000000000004	1.0158612918599719
62.65	1.0159015484757776
62.75	1.0183390741418685
62.85	1.0172889468808448
62.95	1.01763459789605
63.050000000000004	1.018190196035342
63.15	1.0150752515540327
63.25	NaN
63.35	1.0155239705557717
63.45	1.0154796793422844
63.550000000000004	1.0114861482119417
63.65	1.0125879886407525
63.75	1.011453013109716
63.85	1.0097792952765718
63.95	1.0070270042004446
64.05	1.007315104693997
64.14999999999999	1.004147064612338
64.25	1.0050831346017204
64.35	1.0019250039492311
64.44999999999999	1.00096031711187
64.55	0.9996090368113126
64.64999999999999	0.9972726408938896
64.75	0.9982810288420156
64.85	0.9947072812433507
64.94999999999999	0.9925302108175199
65.05	0.9902891079724627
65.14999999999999	0.9895560538006578
65.25	NaN
65.35	0.9885980745016558
65.44999999999999	NaN
65.55	0.9863555835362137
65.64999999999999	0.9853508520209141
65.75	0.9856124385244358
65.85	0.9842700554495688
65.94999999999999	0.9845354876669238
66.05	NaN
66.14999999999999	0.9841073654066878
66.25	0.9863834974997934
66.35	0.9863456427641935
66.44999999999999	0.9857738335971806
66.55	0.9851473124729867
66.64999999999999	NaN
66.75	0.9876768963143636
66.85	NaN
66.94999999999999	NaN
67.05	0.9906183706716984
67.14999999999999	0.9923515811495466
67.25	0.9943538107334458
67.35	0.9948371003366063
67.44999999999999	0.997762702866198
67.55	0.9983370760135271
67.64999999999999	NaN
67.75	NaN
67.85	1.0022744888329695
67.94999999999999	1.00485773380947
68.05	1.0081716341237366
68.14999999999999	1.0058214269089834
68.25	NaN
68.35	1.009280501708519
68.44999999999999	1.0098019012477533
68.55	1.013785462955674
68.64999999999999	NaN
68.75	1.0124229874526174
68.85	1.011307373467433
68.94999999999999	1.0128069803034496
69.05	1.0134071662450248
69.14999999999999	1.0111794395187845
69.25	1.0142228253778447
69.35	1.0137671898405436
69.44999999999999	NaN
69.55	1.0129775150806795
69.64999999999999	1.011127341600327
69.75	NaN
69.85	1.0116681366462075
69.94999999999999	NaN
70.05	1.008904950847823
70.14999999999999	1.0078500211545485
70.25	NaN
70.35	1.005830762532013
70.44999999999999	NaN
70.55	1.0035025684910481
70.64999999999999	1.002636705282807
70.75	1.000431010806738
70.85	0.9990644434069819
70.94999999999999	0.9976683246335752
71.05	0.99562750468625
71.14999999999999	0.9962077113765345
71.25	NaN
71.35	0.9929253635750939
71.44999999999999	0.9926581646593483
71.55	0.9916191603031036
71.64999999999999	0.9918044348419045
71.75	0.989967968740447
71.85	0.989276872781
71.94999999999999	0.9876432298748267
72.05	NaN
72.14999999999999	NaN
72.25	NaN
72.35	NaN
72.44999999999999	0.9865214114746381
72.55	0.9870901886077017
72.64999999999999	0.9889660179686908
72.75	NaN
72.85	0.9893235328548363
72.94999999999999	0.9895172712271243
73.05	0.9908248793500941
73.14999999999999	0.9904107829777694
73.25	0.9907492880748409
73.35	0.9932840790602552
73.44999999999999	NaN
73.55	0.9940818254854296
73.64999999999999	NaN
73.75	NaN
73.85	0.9992575662509028
73.94999999999999	0.9997400591592964
74.05	0.9990908501486846
74.14999999999999	1.0024752206765855
74.25	1.0054099901173246
74.35	1.0046431541810896
74.44999999999999	1.0051823337512449
74.55	1.0061552286839595
74.64999999999999	1.0080437417175323
74.75	1.0069295812604973
74.85	1.0108595022439164
74.94999999999999	1.0089548903525658
75.05	1.011075984749597
75.14999999999999	1.0113544140350514
75.25	NaN
75.35	NaN
75.44999999999999	NaN
75.55	1.0119414101143531
75.64999999999999	NaN
75.75	NaN
75.85	1.0114893560186544
75.94999999999999	1.0104030207951655
76.05	1.0098320617237764
76.14999999999999	1.0090679352606715
76.25	NaN
76.35	1.0086791189119635
76.44999999999999	NaN
76.55	1.0056148644371083
76.64999999999999	1.004922875092613
76.75	NaN
76.85	NaN
76.95	NaN
77.05	NaN
77.14999999999999	0.9999612388483498
77.25	0.9972065326879301
77.35	0.9969345640361664
77.45	0.996447839250514
77.55	0.9947966662573877
77.64999999999999	0.9940100876828277
77.75	0.9927213619710545
77.85	0.9926329156163519
77.95	0.9919089745179678
78.05	0.987991137940443
78.14999999999999	0.990113338772672
78.25	0.989659907117095
78.35	0.9877476907794057
78.45	NaN
78.55	NaN
78.64999999999999	0.9899755882560449
78.75	0.9888850892850232
78.85	NaN
78.95	0.9882666872935093
79.05	NaN
79.14999999999999	NaN
79.25	0.9909515416977783
79.35	NaN
79.45	0.9896165055757006
79.55	0.9925165280315452
79.64999999999999	NaN
79.75	0.9950153527863237
79.85	0.9952686896042767
