0.15	0.03587056505277322
0.25	0.03638981233471174
0.35	0.03691531559665992
0.45	0.03706408450833892
0.55	0.03730110105346063
0.65	0.03739412578965799
0.7500000000000001	0.038247754553507714
0.85	0.03890141496030454
0.95	0.03923877611044412
1.05	0.039509362106741705
1.15	0.04028882305486122
1.25	0.04105427092780367
1.35	0.041799764613506145
1.45	0.04261829494926488
1.55	0.04380624850021848
1.65	0.044784634962385585
1.75	0.046150461303498536
1.85	0.04748036166437873
1.95	0.04876355411934356
2.05	0.050339524709418056
2.15	0.05199228727075671
2.25	0.05405185594723894
2.35	0.055806542717349084
2.45	0.058123600669565324
2.5500000000000003	0.060335641176855
2.65	0.06296894698872767
2.75	0.06594816667315162
2.85	0.0690874495282329
2.95	0.07240715867869513
3.0500000000000003	0.0762632705676545
3.15	0.08019869796292484
3.25	0.08473490730940422
3.35	0.08993999798121947
3.45	0.09535586920269769
3.5500000000000003	0.10156141947725252
3.65	0.10775946823058835
3.75	0.11593972712755671
3.85	0.12404113394531335
3.95	0.13374529191092194
4.05	0.1433213746014143
4.1499999999999995	0.1552417802937216
4.25	0.16823274532139082
4.35	0.18342895855618957
4.449999999999999	0.2003543847458346
4.55	0.2199797727369
4.6499999999999995	0.24203127438504
4.75	0.26798952675044324
4.85	0.2949121727876303
4.95	0.3308398315351711
5.05	0.3692809580226359
5.1499999999999995	0.4129036778302297
5.25	0.4643801234960545
5.35	0.5244734178246052
5.45	0.5972754687079358
5.55	0.6772351196035372
5.6499999999999995	0.7740811010023174
5.75	0.8845489865144069
5.85	1.0143565916321682
5.95	1.1527839928528352
6.05	1.3068064351306226
6.1499999999999995	1.479246970824796
6.25	1.6500165595458212
6.35	1.8172469172528158
6.45	1.9529778542839706
6.55	2.062928515508083
6.6499999999999995	2.1251490042126684
6.75	2.1379206855462813
6.85	2.1021221623276993
6.95	2.033023687487009
7.05	1.93065033481727
7.1499999999999995	1.820174926708767
7.25	1.7027088113207098
7.35	1.5881398149265673
7.45	1.4738278894694272
7.55	1.371698618313379
7.6499999999999995	1.2794473808381637
7.75	1.1947887255457506
7.85	1.1223181905693205
7.95	1.0550869602819628
8.05	0.9980840497134026
8.15	0.9455812802452288
8.25	0.9029829005282481
8.350000000000001	0.864624048093496
8.450000000000001	0.8296809642295809
8.55	0.8006439328277226
8.65	0.776541364268139
8.75	0.7550536196747305
8.850000000000001	0.7367638139266234
8.950000000000001	0.7223352590059274
9.05	0.7108482670482692
9.15	0.7021129566452051
9.25	0.695333082548523
9.350000000000001	0.6897212920189518
9.450000000000001	0.6857324292736323
9.55	0.6859192392844777
9.65	0.6880743428435577
9.750000000000002	0.6921727002132498
9.85	0.6955589480863245
9.95	0.7014453570317927
10.049999999999999	0.7104608581725667
10.149999999999999	0.7222321704292357
10.25	0.734383367666782
10.35	0.7476786103823038
10.45	0.7627621045966932
10.549999999999999	0.779339733622131
10.649999999999999	0.7986307753964204
10.75	0.8184965191644238
10.85	0.8399040172779485
10.95	0.861320679997061
11.049999999999999	0.8864897341156954
11.149999999999999	0.9116272596455754
11.25	0.9376383310169081
11.35	0.9622835897787917
11.45	0.9888386257274275
11.549999999999999	1.0172483427096979
11.649999999999999	1.0450611402869434
11.75	1.073162542099489
11.85	1.0995660340784845
11.95	1.123047097433811
12.049999999999999	1.149499673769252
12.149999999999999	1.1684591576826844
12.25	1.1875414797019463
12.35	1.20316509228017
12.45	1.2193706888126208
12.549999999999999	1.2287695570632664
12.649999999999999	1.2364205862566735
12.75	1.2399871621604668
12.85	1.2403083626843079
12.95	1.241330808566179
13.049999999999999	1.2347395889131647
13.149999999999999	1.2243826623047156
13.25	1.2173352739260617
13.35	1.2004977732621087
13.45	1.1852635294182525
13.549999999999999	1.1702991854101752
13.649999999999999	1.1495137120342849
13.75	1.1287752905797754
13.85	1.1083401686141514
13.95	1.0881530370522945
14.049999999999999	1.0656354629184452
14.149999999999999	1.0453558693830984
14.25	1.0269222369478874
14.35	1.0061962707225385
14.45	0.9866776935003679
14.549999999999999	0.9692371029800128
14.649999999999999	0.9496284016939162
14.75	0.9379861802576172
14.85	0.9221690910951096
14.95	0.9128615606707334
15.049999999999999	0.8983480563507469
15.149999999999999	0.889083375074305
15.25	0.8799354487639488
15.35	0.8755872866964511
15.45	0.8693937525117864
15.549999999999999	0.8624670628414967
15.649999999999999	0.8604248826738122
15.75	0.8572976509859208
15.85	0.8582013396169738
15.95	0.8591819445704033
16.05	0.8608361380956734
16.15	0.8634825020760516
16.25	0.8686567746525508
16.349999999999998	0.8722761823504068
16.45	0.8797467764984139
16.55	0.8855403246038839
16.65	0.8946503895615873
16.75	0.9006192217414482
16.849999999999998	0.9135904057495026
16.95	0.9239215847858675
17.05	0.9334303181597066
17.15	0.9464063838405028
17.25	0.9582332397057917
17.349999999999998	0.9714885255804215
17.45	0.9825319475504055
17.55	0.9948467103181275
17.65	1.0076222498641105
17.75	1.02155119191512
17.849999999999998	1.0302472263570313
17.95	1.043261510955323
18.05	1.055806640593333
18.15	1.065195400605816
18.25	1.0768283662982652
18.349999999999998	1.0827624987134965
18.45	1.0925849706057054
18.55	1.097124925102943
18.65	1.1013292074324827
18.75	1.1073114028320903
18.849999999999998	1.108681817850325
18.95	1.1123901071977027
19.05	1.1096444190497041
19.15	1.1093738361156393
19.25	1.1082846745987778
19.35	1.1023054222359345
19.45	1.0982372134451142
19.55	1.0904958485142686
19.65	1.0857629953278745
19.75	1.077883947800498
19.85	1.0700720598511337
19.95	1.0584075398856743
20.05	1.053910140850937
20.15	1.043078440634411
20.25	1.0356844342303644
20.35	1.0247537799254038
20.45	1.014202080862483
20.55	1.0030650257607068
20.65	0.9977315050427911
20.75	0.9867621503489097
20.85	0.9779490370710399
20.95	0.9747193114697804
21.05	0.9646726819235217
21.15	0.9567203755869446
21.25	0.9488607378038096
21.35	0.9427021001375292
21.45	0.9389662106895764
21.55	0.9345426601510626
21.65	0.931412878709091
21.75	0.9283221456664165
21.85	0.925442728559622
21.95	0.9230303884872131
22.05	0.9223021311896836
22.15	0.9242137720899356
22.25	0.9242178905211101
22.35	0.9252703839317763
22.45	0.9253109944426008
22.55	0.9293906407047611
22.65	0.9333565616421374
22.75	0.9381108963244404
22.85	0.9412369484984925
22.95	0.9459076083505125
23.05	0.9502850109264038
23.15	0.9572492546613727
23.25	0.9643907344277027
23.35	0.9687943085034004
23.45	0.9764739121068429
23.55	0.9819066799343836
23.65	0.9903059751575649
23.75	1.003412692404703
23.85	1.004468734619797
23.95	1.0104325744846332
24.05	1.0170436686371902
24.15	1.0261387040340815
24.25	1.0304080117819316
24.35	1.0364833720361333
24.45	1.0414221819004892
24.55	1.0454957015345363
24.65	1.0540618174666383
24.75	1.0548412434721832
24.85	1.0585844583570463
24.95	1.0608638957062324
25.05	1.0652715387014973
25.15	1.0643715639932492
25.25	1.0640660650713945
25.35	1.0639027909235135
25.45	1.0615863854542906
25.55	1.0594950005256045
25.65	1.0556963432674193
25.75	1.0555019166564328
25.85	1.051051641589724
25.95	1.047396756404268
26.05	1.0434305377005026
26.15	1.0385297609664064
26.25	1.0336209335744626
26.35	1.0285615718054888
26.45	1.023494207510697
26.55	1.01674054368863
26.65	1.0087601789329146
26.75	1.0071985564295098
26.85	1.0004524092333766
26.95	0.9948472967670193
27.05	0.9894136048773202
27.15	0.9848185423136273
27.25	0.9809894184463652
27.35	0.9760149448438428
27.45	0.9705085460125611
27.55	0.9689259728795958
27.65	0.963957047670704
27.75	0.9623176118752221
27.85	0.9612001009742333
27.95	0.9565017504730277
28.05	0.9538931062557625
28.15	0.9530017329162529
28.25	0.9532842499732302
28.35	0.9504431948573641
28.45	0.9530394484744773
28.55	0.9519485823423326
28.65	0.9530888237934491
28.75	0.955280223445457
28.85	0.9571246848581016
28.95	0.960450744576757
29.05	0.96155814624483
29.15	0.9652616857640289
29.25	0.9642570473913948
29.35	0.9719148747941974
29.45	0.9747144979352665
29.55	0.9806866064646752
29.65	0.9854513619028783
29.75	0.9866102569606079
29.85	0.9928086506305434
29.95	NaN
30.05	1.0013548892604274
30.15	1.0054499057886013
30.25	1.0093542907101134
30.35	1.0151678513504703
30.45	1.0161044971005595
30.55	1.0216375533877629
30.65	1.0254034779538792
30.75	1.028456510700414
30.85	1.0309990289776527
30.95	1.0352923691358435
31.05	1.0373313360026195
31.15	1.0373912910834922
31.25	1.0385543639853976
31.35	1.040057104561528
31.45	1.0406736908010974
31.55	1.0403270154715707
31.65	1.0410716364875796
31.75	NaN
31.85	1.0390390829174116
31.95	1.0370063400552725
32.05	1.0371238429773701
32.15	1.0331425848811489
32.25	1.0313055030462615
32.35	1.026984382988754
32.45	1.024594051189362
32.55	1.0210161038602377
32.65	1.0189447051886529
32.75	1.0126244775074038
32.85	1.0095753179811013
32.95	1.0072619626241233
33.05	1.0026595450475533
33.15	0.99616334368017
33.25	0.9951573247079509
33.35	0.9921276030208948
33.45	0.9885451209189754
33.55	0.9848058287155715
33.65	0.9840184043012522
33.75	0.9796481995296462
33.85	0.9764807455574197
33.95	0.9755226505880938
34.05	0.9735007313520753
34.15	0.9728645004902754
34.25	0.9695628006227156
34.35	0.9692726188702702
34.45	0.9702188867084168
34.55	0.9685193011712404
34.65	0.9664246767714679
34.75	0.9662020382832103
34.85	0.967743669055231
34.95	0.9684559441024625
35.05	0.9692956805631304
35.15	0.9719073113593732
35.25	0.9716373288832286
35.35	0.9757062617602957
35.45	0.9758199853587988
35.55	0.9782812380574825
35.65	0.9819244590745749
35.75	0.9844582276444909
35.85	0.9870700449296005
35.95	0.9890750650461002
36.05	0.9932664636889288
36.15	0.996149326257161
36.25	1.0011105140357914
36.35	1.0028243171125175
36.45	1.0048716872499637
36.55	1.0094744397080542
36.65	NaN
36.75	1.0144542411528754
36.85	1.0155454705183842
36.95	1.0191313289562394
37.05	1.020321437363971
37.15	1.021127208839958
37.25	1.0258375676687024
37.35	1.0249999804964116
37.45	1.0271968598756016
37.55	1.0270912126018539
37.65	1.0274165197125609
37.75	1.0278442726849408
37.85	1.0287569241281738
37.95	1.0259234555452228
38.05	NaN
38.15	NaN
38.25	1.0230266168332673
38.35	1.024520634826779
38.45	1.022197671634924
38.550000000000004	1.0196005349172166
38.65	1.0184127792572237
38.75	1.0146207109913308
38.85	1.0138585424665072
38.95	1.0123201404040922
39.050000000000004	1.0073971780764461
39.15	1.005299022693058
39.25	1.0019412996796315
39.35	1.0001781380068955
39.45	0.9992330098169078
39.550000000000004	0.9944779431349877
39.65	NaN
39.75	0.9922736374941078
39.85	0.9878906145992342
39.95	0.9855865237036501
40.050000000000004	0.9842963034692714
40.15	0.9835229422262295
40.25	0.9820434339250704
40.35	NaN
40.45	0.9775796685120642
40.550000000000004	0.9758846128143277
40.65	0.9775102730117717
40.75	0.9762540256041345
40.85	0.9766796412350893
40.95	0.9760519062256376
41.050000000000004	0.975777960043626
41.15	0.9762407343554554
41.25	0.9781277391889555
41.35	0.9815099543317342
41.45	0.9802004774333771
41.550000000000004	0.9824607810211964
41.65	0.9826357835453952
41.75	0.9835140150410223
41.85	0.9857488956477123
41.95	0.9864765826681607
42.050000000000004	0.9887709683749092
42.15	0.9929294096197518
42.25	0.9942164007408626
42.35	0.996946593273694
42.45	0.9989894870657422
42.550000000000004	1.0008490069177118
42.65	1.0029439925945929
42.75	1.0069785901473114
42.85	1.0067119670231401
42.95	1.0094886009185575
43.050000000000004	1.0097123872532323
43.15	NaN
43.25	1.0144176891975067
43.35	1.0144581543170552
43.45	1.01738510625846
43.550000000000004	1.0147604008023956
43.65	NaN
43.75	NaN
43.85	1.020544838399917
43.95	1.0215630756174405
44.050000000000004	1.0216331216648706
44.15	1.0209514183457244
44.25	1.0231940283389995
44.35	1.0204635472507
44.45	NaN
44.550000000000004	1.0188561219301873
44.65	1.0180901740955226
44.75	1.0176609726288586
44.85	1.0145328128198925
44.95	1.0136915432199047
45.050000000000004	1.0136565472363288
45.15	1.0102280867270061
45.25	1.00609056141983
45.35	1.0057091843336385
45.45	1.0034114344390297
45.550000000000004	1.0014262732345791
45.65	1.0004880407559278
45.75	NaN
45.85	0.9951216193240586
45.95	NaN
46.050000000000004	0.9904876617212239
46.15	0.9897371491789901
46.25	0.9910779327933653
46.35	NaN
46.45	0.9870480246389024
46.550000000000004	0.9844917041449259
46.65	NaN
46.75	0.9839210322850812
46.85	0.9842646735986392
46.95	0.9832533196896356
47.050000000000004	0.9831671338014155
47.15	0.9816847407347958
47.25	0.9833387589011638
47.35	0.9822389229744766
47.45	NaN
47.550000000000004	0.9838340773956312
47.65	0.9849922177125195
47.75	0.983720609922274
47.85	0.9864235027282073
47.95	0.9864555113858824
48.050000000000004	0.9920603737235828
48.15	0.9893336835927208
48.25	0.9887192489091079
48.35	0.9917700139955778
48.45	0.9932043465791042
48.550000000000004	0.9953931038240872
48.65	0.9992777132540499
48.75	0.9987468245098277
48.85	1.0009381208600399
48.95	1.0019917629969775
49.050000000000004	1.0040660961834316
49.15	1.0053773133325794
49.25	1.0085862084160062
49.35	1.0090606413570986
49.45	1.010835873702367
49.550000000000004	1.0130179614537325
49.65	1.0112495660573741
49.75	NaN
49.85	1.013410927779775
49.95	1.0161968117608933
50.050000000000004	1.0165580078873095
50.15	1.0168754164641807
50.25	1.0157636668116263
50.35	1.0167222406001077
50.45	1.0135231601176786
50.550000000000004	1.017672696504677
50.65	1.0140304147725758
50.75	1.0151045888882388
50.85	1.0135499750625747
50.95	1.0118054671733956
51.050000000000004	1.0124031082451648
51.15	1.0088053380599258
51.25	1.0092434757166224
51.35	1.0084537855428213
51.45	1.0068056587397562
51.550000000000004	1.0061166527287007
51.65	1.005183910330275
51.75	1.0036627934598064
51.85	1.0022884847044018
51.95	0.9987699633421467
52.050000000000004	1.0007474396819067
52.15	NaN
52.25	0.9947312685254148
52.35	0.9935313395701015
52.45	0.9908382805197343
52.550000000000004	0.9899989769989133
52.65	0.9897783127424677
52.75	0.9890782050191815
52.85	0.9888148254406554
52.95	0.9873042541881218
53.050000000000004	0.9879368872478221
53.15	0.9886280248281842
53.25	0.987949946770699
53.35	0.9848919913752027
53.45	0.9867630609739018
53.550000000000004	0.9852448394935077
53.65	0.9863131896650741
53.75	0.9864527388624917
53.85	0.9863302521679734
53.95	0.990770318932549
54.050000000000004	0.9867917034549508
54.15	0.9904835790104303
54.25	0.9897005490662973
54.35	0.9930846325944906
54.45	0.9944431297264547
54.550000000000004	NaN
54.65	0.9937857766149553
54.75	0.9973060035433488
54.85	0.9985775851343885
54.95	0.9970329713789312
55.050000000000004	1.0002378853548093
55.15	1.0012249045345527
55.25	1.004687052038782
55.35	1.0028663947737788
55.45	1.0031273778960208
55.550000000000004	1.0049616936647499
55.65	NaN
55.75	1.0096069223828774
55.85	1.009572147998738
55.95	1.009357213114748
56.050000000000004	1.009208802787323
56.15	1.0119306493983544
56.25	1.0099549337293814
56.35	1.0161432107526007
56.45	1.015709129098088
56.550000000000004	1.0119550777760378
56.65	1.0121627627576875
56.75	1.0143427248570165
56.85	1.0113489215091016
56.95	1.0116992887365535
57.050000000000004	1.011198354809793
57.15	1.0120561973119784
57.25	1.0106978980005557
57.35	1.0094348357783145
57.45	1.0079197292956261
57.550000000000004	NaN
57.65	1.007434949439218
57.75	1.003683190752052
57.85	1.0042855503522399
57.95	1.0010357344420813
58.050000000000004	NaN
58.15	1.000019971581473
58.25	0.9985501204299062
58.35	0.9993592619985031
58.45	0.996415211209916
58.550000000000004	0.995809268513012
58.65	0.9960072216552331
58.75	NaN
58.85	0.9933322974813528
58.95	0.9912967286715438
59.050000000000004	0.9905347190969161
59.15	0.9905252326267923
59.25	0.9912050223644548
59.35	0.9916567933723339
59.45	0.9902378665144089
59.550000000000004	0.9885902618404192
59.65	NaN
59.75	0.9886725339306576
59.85	0.9887599523167023
59.95	0.9890576885598112
60.050000000000004	0.9905365453187825
60.15	0.9901423578834145
60.25	0.9896801302017522
60.35	NaN
60.45	0.9902689466097919
60.550000000000004	0.9930917491979924
60.65	0.9915886828349453
60.75	0.9923361875946947
60.85	NaN
60.95	0.9952781472510931
61.050000000000004	0.995853266495681
61.15	0.9977600332214056
61.25	0.9988486079274415
61.35	0.9991252792050879
61.45	1.0011940260733652
61.550000000000004	1.0022025387517661
61.65	1.0011318992889084
61.75	1.0030782642028322
61.85	1.003988746517688
61.95	NaN
62.050000000000004	1.008040565996214
62.15	1.0083326292714874
62.25	1.0078316306785167
62.35	1.0103250254774432
62.45	NaN
62.550000000000004	1.0091895078434947
62.65	NaN
62.75	NaN
62.85	1.0096873233604888
62.95	1.0097663267560206
63.050000000000004	1.0110303593361467
63.15	1.0104054909711866
63.25	1.0080293538748284
63.35	1.0079822397296727
63.45	1.008534847241057
63.550000000000004	1.0086757533225916
63.65	NaN
63.75	1.0077349324410394
63.85	NaN
63.95	1.0064047177170858
64.05	1.0049543856292287
64.14999999999999	1.0024251163214766
64.25	1.0024975629292268
64.35	NaN
64.44999999999999	0.9992301610010105
64.55	1.0007941076361664
64.64999999999999	0.9983247481805008
64.75	0.9971890905846456
64.85	0.9961875693507891
64.94999999999999	0.9960221814823725
65.05	0.9941158027618057
65.14999999999999	NaN
65.25	0.9926650048351765
65.35	0.9933242098584432
65.44999999999999	0.9924635329722254
65.55	0.9921424005163226
65.64999999999999	NaN
65.75	0.991681802422894
65.85	0.9922573563017898
65.94999999999999	NaN
66.05	NaN
66.14999999999999	0.9912569741953118
66.25	0.9919797852694668
66.35	0.992097473614509
66.44999999999999	0.9918149705755801
66.55	NaN
66.64999999999999	0.9927960598980253
66.75	0.9933426641539219
66.85	NaN
66.94999999999999	NaN
67.05	NaN
67.14999999999999	NaN
67.25	0.9966718046961683
67.35	NaN
67.44999999999999	NaN
67.55	1.0012112714983479
67.64999999999999	1.002837728899708
67.75	1.0008477003944283
67.85	1.0025198391731682
67.94999999999999	NaN
68.05	1.0039466783155144
68.14999999999999	1.0042898588338536
68.25	1.005599142263534
68.35	1.0060492333550006
68.44999999999999	1.0062321943717163
68.55	1.0069055605295958
68.64999999999999	NaN
68.75	1.0087362722844186
68.85	1.008461122948073
68.94999999999999	1.009954116595785
69.05	NaN
69.14999999999999	1.0099420080743708
69.25	NaN
69.35	1.0074865868913367
69.44999999999999	1.0107820236774325
69.55	1.007166345438657
69.64999999999999	1.0076443424048656
69.75	1.006745050882195
69.85	1.0069868317825255
69.94999999999999	1.0055054312505942
70.05	NaN
70.14999999999999	1.0037068543960896
70.25	1.002920993220707
70.35	1.0029649561744824
70.44999999999999	1.0025327334428784
70.55	1.0012428077979565
70.64999999999999	1.0002770851293137
70.75	1.0008374273288483
70.85	0.9989733538318252
70.94999999999999	0.9980378575280822
71.05	0.9987580609527023
71.14999999999999	NaN
71.25	0.9983247368099626
71.35	NaN
71.44999999999999	0.9952168655226257
71.55	0.9936332438519768
71.64999999999999	0.9940914211231298
71.75	0.9921454362170302
71.85	NaN
71.94999999999999	NaN
72.05	0.9929137552342838
72.14999999999999	NaN
72.25	0.9919520631697822
72.35	0.9919870854245602
72.44999999999999	NaN
72.55	NaN
72.64999999999999	0.9941808099552987
72.75	0.9931734705566467
72.85	0.9944747430719911
72.94999999999999	NaN
73.05	0.9955139848275198
73.14999999999999	0.9947133633768381
73.25	0.9936138130594232
73.35	0.9977572051703713
73.44999999999999	0.9965343980875545
73.55	0.996887694810334
73.64999999999999	0.9977637677301995
73.75	1.00005983636664
73.85	0.9985791051642272
73.94999999999999	NaN
74.05	NaN
74.14999999999999	1.000970363137456
74.25	1.0043780694203008
74.35	1.0025348132372467
74.44999999999999	1.0025721870545832
74.55	1.0048652983675026
74.64999999999999	NaN
74.75	NaN
74.85	1.0061706964488628
74.94999999999999	1.0068191447769141
75.05	1.0066759440814812
75.14999999999999	1.006481477821336
75.25	1.0069544987309325
75.35	1.0070884616196503
75.44999999999999	1.0078666207357783
75.55	1.0068795990971486
75.64999999999999	1.0073422722498504
75.75	NaN
75.85	1.0065407863730882
75.94999999999999	NaN
76.05	1.0058800803757943
76.14999999999999	1.0040763171791014
76.25	1.0049402504677938
76.35	1.0040705181767307
76.44999999999999	NaN
76.55	1.0031071457201113
76.64999999999999	1.0025176284021946
76.75	NaN
76.85	1.001304882979919
76.95	1.001153451708977
77.05	1.0001190368509292
77.14999999999999	1.0001621939281284
77.25	NaN
77.35	NaN
77.45	NaN
77.55	0.997387550540492
77.64999999999999	NaN
77.75	0.9945629184411011
77.85	0.9949062662358842
77.95	NaN
78.05	0.9943908090062274
78.14999999999999	NaN
78.25	0.9943936900710099
78.35	0.9933859548262873
78.45	NaN
78.55	NaN
78.64999999999999	NaN
78.75	0.9929115621280924
78.85	0.9907145007676347
78.95	0.9918158934465461
79.05	NaN
79.14999999999999	NaN
79.25	0.9941260034252176
79.35	0.9952620836850217
79.45	NaN
79.55	0.9968834393569938
79.64999999999999	NaN
79.75	0.9978365641761732
79.85	0.9968261256833578
