0.15	0.03602325245365923
0.25	0.03593599818971021
0.35	0.037544276776857975
0.45	0.03680607553121544
0.55	0.03733076383399999
0.65	0.03779569059805133
0.7500000000000001	0.0379619168856606
0.85	0.03842055019257239
0.95	0.03897366554061879
1.05	0.03954515751457283
1.15	0.0405271659334601
1.25	0.04083679913466198
1.35	0.041952767963507075
1.45	0.042802668151024244
1.55	0.043684144401009685
1.65	0.04501201325957415
1.75	0.04623626065076614
1.85	0.0475496462308994
1.95	0.04888893619559516
2.05	0.050421963420261846
2.15	0.05210150186739731
2.25	0.05387900649802945
2.35	0.05589255367021321
2.45	0.05790841850919821
2.5500000000000003	0.06040162587769772
2.65	0.06312666875758599
2.75	0.06605518279428962
2.85	0.06902422486687972
2.95	0.07245095148539725
3.0500000000000003	0.07611244191455091
3.15	0.08022410848867022
3.25	0.0847243507888776
3.35	0.09004578395385922
3.45	0.09543723611742773
3.5500000000000003	0.10171028408022108
3.65	0.10792011425543631
3.75	0.11545431650916294
3.85	0.12373786344859042
3.95	0.13367953050635223
4.05	0.14376140815376046
4.1499999999999995	0.154968765720631
4.25	0.1682056512870012
4.35	0.1835953511603082
4.449999999999999	0.20024755056594906
4.55	0.22033459265803906
4.6499999999999995	0.24217617336946887
4.75	0.26836775586180567
4.85	0.2948832734474759
4.95	0.33054108871513616
5.05	0.3691232305031544
5.1499999999999995	0.41234467417778414
5.25	0.4635623887081619
5.35	0.5238553375970434
5.45	0.5973441432639709
5.55	0.6760562739841259
5.6499999999999995	0.7744153922824766
5.75	0.8852288820844991
5.85	1.0138741058616962
5.95	1.1514355679080253
6.05	1.3061987009410152
6.1499999999999995	1.4834101864754727
6.25	1.649529038882265
6.35	1.8120680357355539
6.45	1.9553494772667366
6.55	2.0611816542864267
6.6499999999999995	2.124396736038201
6.75	2.135920171828542
6.85	2.102807714270014
6.95	2.0303356223837743
7.05	1.9315687238879362
7.1499999999999995	1.817808417980508
7.25	1.7002013144376007
7.35	1.591275645940132
7.45	1.4740205192169813
7.55	1.3695643827356487
7.6499999999999995	1.281662855408689
7.75	1.194530253046844
7.85	1.1221737200535795
7.95	1.056497274253508
8.05	0.9968588920565594
8.15	0.9487539380945367
8.25	0.9019468853882273
8.350000000000001	0.8643587791107226
8.450000000000001	0.8302207483324655
8.55	0.7999004026260965
8.65	0.776690144008122
8.75	0.7562003765451273
8.850000000000001	0.7373850582375506
8.950000000000001	0.7224202645160878
9.05	0.7122778550911374
9.15	0.7000012717153417
9.25	0.6945683385240399
9.350000000000001	0.6903295594845277
9.450000000000001	0.6870822471120804
9.55	0.6865394279967253
9.65	0.6882886177619667
9.750000000000002	0.6922809424874773
9.85	0.6957384465627715
9.95	0.70181318271428
10.049999999999999	0.7124933745663794
10.149999999999999	0.7211629907438368
10.25	0.7336267053501042
10.35	0.7473956081158204
10.45	0.7608350181944247
10.549999999999999	0.7781304916555254
10.649999999999999	0.7964232266260418
10.75	0.8179399525412104
10.85	0.8396345941326107
10.95	0.8618037961584482
11.049999999999999	0.8858839211557252
11.149999999999999	0.9110903555922482
11.25	0.9355871783545855
11.35	0.9633646640745528
11.45	0.99295608945612
11.549999999999999	1.0185805119962215
11.649999999999999	1.044337979466708
11.75	1.074075426550909
11.85	1.0976605659151455
11.95	1.124653484557853
12.049999999999999	1.1451293063336796
12.149999999999999	1.1662721399649492
12.25	1.185794959558777
12.35	1.2026944524121892
12.45	1.2165359303266132
12.549999999999999	1.2285072066145823
12.649999999999999	1.2334951862358254
12.75	1.2398464302377497
12.85	1.2452744686830282
12.95	1.2398360155832635
13.049999999999999	1.2354659893627562
13.149999999999999	1.2246043669765145
13.25	1.2155916067917265
13.35	1.2014327337789417
13.45	1.1847503715482335
13.549999999999999	1.1687478521984482
13.649999999999999	1.1506761939798253
13.75	1.1305169845350562
13.85	1.1096841406146536
13.95	1.0899148801781373
14.049999999999999	1.0669828243477775
14.149999999999999	1.046405635472862
14.25	1.0269804937267
14.35	1.0048000905655539
14.45	0.9877700089276407
14.549999999999999	0.9690960725250094
14.649999999999999	0.9525043255322206
14.75	0.9360866661072871
14.85	0.9238122095139265
14.95	0.9104922867543752
15.049999999999999	0.8991743825758927
15.149999999999999	0.8915544498512005
15.25	0.8821073855797263
15.35	0.8739413510271857
15.45	0.8695690134192374
15.549999999999999	0.8620794384914394
15.649999999999999	0.8604269299939469
15.75	0.8593927969882122
15.85	0.8564620883659725
15.95	0.8590620459899319
16.05	0.8589405708869068
16.15	0.8632968667654409
16.25	0.869595982309901
16.349999999999998	0.8723991045810988
16.45	0.877990071874438
16.55	0.887247752851933
16.65	0.894674000440108
16.75	0.9033705193989207
16.849999999999998	0.912618640614941
16.95	0.9222032313509559
17.05	0.9342321812237313
17.15	0.946467218870001
17.25	0.9571519159542006
17.349999999999998	0.9714080927550616
17.45	0.982981275549699
17.55	0.9948155256197493
17.65	1.0098233933945513
17.75	1.0214690539000313
17.849999999999998	1.033750093757156
17.95	1.0420315363842274
18.05	1.0557897202801774
18.15	1.0680058591779236
18.25	1.0739397453829882
18.349999999999998	1.0841944336947913
18.45	1.0922770028358688
18.55	1.0976258013210238
18.65	1.1020747440366156
18.75	1.1066004177938382
18.849999999999998	1.1096816509690497
18.95	1.1088873183524857
19.05	1.1097470226864254
19.15	1.1093692348271804
19.25	1.1068275294618364
19.35	1.1036608247908648
19.45	1.0980025973375738
19.55	1.0937397143573835
19.65	1.0849591771276244
19.75	1.0805522970470784
19.85	1.070148591331921
19.95	1.0615298098728325
20.05	1.0527949163443446
20.15	1.0412176222694893
20.25	1.034263388573515
20.35	1.0249625649628562
20.45	1.0150427674177946
20.55	1.006189976436757
20.65	0.9952992599007766
20.75	0.9878137981100285
20.85	0.9782202823199911
20.95	0.9689818504359007
21.05	0.9633145031623622
21.15	0.9573844950784084
21.25	0.9491415231411435
21.35	0.9425030649431139
21.45	0.9389455829200319
21.55	0.9338872475002636
21.65	0.9320197771222256
21.75	0.9263640084003708
21.85	0.9258101322527689
21.95	0.9238929328265749
22.05	0.9229677136552041
22.15	0.924204712187125
22.25	0.9239954456219706
22.35	0.9249121425341863
22.45	0.9259094345743357
22.55	0.9284828533544532
22.65	0.9336953508443573
22.75	0.9371129312342387
22.85	0.9406147162220574
22.95	0.9445445227592953
23.05	0.9509247387144569
23.15	0.9566571942660022
23.25	0.9615532221613595
23.35	0.9694637069573948
23.45	0.9760182734890247
23.55	0.9838512424322378
23.65	0.9897918949730075
23.75	0.9991834837245002
23.85	1.00141609456951
23.95	1.0097936186771401
24.05	1.0195007993225864
24.15	1.0242332092476851
24.25	1.0325385947169827
24.35	1.0370377403435198
24.45	1.04398821156438
24.55	1.0454297343862895
24.65	1.0533461027266369
24.75	1.054475744211639
24.85	1.0578820314893054
24.95	1.0617468650962356
25.05	1.0622355810528519
25.15	1.0615478796385782
25.25	1.063523089676769
25.35	1.0627605994268048
25.45	1.0616676651066956
25.55	1.0607626201914464
25.65	1.0585855412978533
25.75	1.0549929309675086
25.85	1.050486231572002
25.95	1.0480960315341667
26.05	1.0428820408032557
26.15	1.03777136829132
26.25	1.0328179944485079
26.35	1.0279106576161092
26.45	1.0223205208997042
26.55	1.0168312943871247
26.65	1.0119518674818044
26.75	1.0048328815056837
26.85	1.0000825482538558
26.95	0.9976340663758163
27.05	0.9910140216268715
27.15	0.9854755911641369
27.25	0.9806515815381797
27.35	0.9756343586251011
27.45	0.9722241012748007
27.55	0.9660839265535006
27.65	0.9621828426808859
27.75	0.9606875852504189
27.85	0.9595905889687605
27.95	0.956708121284247
28.05	0.9551944737793543
28.15	0.9513896851286054
28.25	0.9507382481043617
28.35	0.9520847474452073
28.45	0.9530535840427056
28.55	0.9518562607262759
28.65	0.956003223001413
28.75	0.9545694613688489
28.85	0.9571475415330055
28.95	0.9591681679196983
29.05	0.9618200333970853
29.15	0.9649019392900139
29.25	0.9687168259629596
29.35	0.9712682883874141
29.45	0.9757247128146201
29.55	0.9803264519842751
29.65	0.9838197986811789
29.75	0.988457183492637
29.85	0.9927762417186835
29.95	NaN
30.05	0.999387188563727
30.15	1.0036388229973605
30.25	1.0082483707386314
30.35	1.0138286360669266
30.45	1.0199259433103143
30.55	1.0208652704349415
30.65	1.0252063909877875
30.75	1.0275931494763073
30.85	1.0324325671898413
30.95	1.0353273445893847
31.05	1.0347526804235632
31.15	1.038498330863719
31.25	1.0390611934705762
31.35	1.0405079685480816
31.45	1.040701992852471
31.55	1.0398423050654195
31.65	1.0399900706362677
31.75	NaN
31.85	1.0392801409283217
31.95	1.0359552323814627
32.05	1.0333000550071538
32.15	1.0315266615050724
32.25	1.031798321767603
32.35	1.025954375982242
32.45	1.0232235068177402
32.55	1.0220674576020643
32.65	1.016541186551559
32.75	1.0121575311975064
32.85	1.009688907368239
32.95	1.005900509707281
33.05	1.0018821784795597
33.15	0.9993501703842353
33.25	0.9958753072970595
33.35	0.9910014791111872
33.45	0.9882723552471419
33.55	0.9853142664621009
33.65	0.9833900532343021
33.75	0.9788542491345781
33.85	0.9774986336868656
33.95	0.974748932381818
34.05	0.9758243008842071
34.15	0.9694225804900916
34.25	0.9686725029904758
34.35	0.9670991387374981
34.45	0.9660870836581718
34.55	0.9672067388152271
34.65	0.9677200936827459
34.75	0.9680600629373245
34.85	0.9671418857018955
34.95	0.9680387669441533
35.05	0.9701622430555439
35.15	0.9717438109026447
35.25	0.9726182693604102
35.35	0.976402871844415
35.45	0.9742180709510775
35.55	0.9786666115266395
35.65	0.9834094172439679
35.75	0.9850555752629377
35.85	0.9871676791075927
35.95	0.9907197369322083
36.05	0.9925776977385841
36.15	0.9976081924557381
36.25	0.9989943788779001
36.35	1.0030276735372237
36.45	1.0046461139492313
36.55	1.0067569773411726
36.65	NaN
36.75	1.016882539901784
36.85	1.0161677252758434
36.95	1.017637958434335
37.05	1.021044199916724
37.15	1.0243893554838865
37.25	1.0253775232763485
37.35	1.0248512483318828
37.45	1.0276504698779727
37.55	1.0272589248932442
37.65	1.02693374655475
37.75	1.0279837270627445
37.85	1.0233315195965464
37.95	1.029793388605794
38.05	NaN
38.15	NaN
38.25	1.0199820349177762
38.35	1.0235012877519967
38.45	1.0194493488923728
38.550000000000004	1.0199890046403275
38.65	1.0176058867827387
38.75	1.0131991270411906
38.85	1.0116893090184516
38.95	1.0108745242763593
39.050000000000004	1.0079834562622805
39.15	1.0070372853388294
39.25	1.004863552146934
39.35	1.0016286472256122
39.45	0.997874348655503
39.550000000000004	0.995664751350495
39.65	NaN
39.75	0.990451557101871
39.85	0.9889804051845572
39.95	0.9858258944299523
40.050000000000004	0.9869462423342099
40.15	0.9839172176427798
40.25	0.9799011034704151
40.35	NaN
40.45	0.9785169682570779
40.550000000000004	0.9770567166495239
40.65	0.9758430570073446
40.75	0.977171669877952
40.85	0.9778036875391447
40.95	0.9775901274291143
41.050000000000004	0.9764455108933339
41.15	0.9771118354672029
41.25	0.9778140728141679
41.35	0.9789032352025017
41.45	0.9795170130730176
41.550000000000004	0.9821573852916353
41.65	0.9827490325653454
41.75	0.9841005347103324
41.85	0.986258769482547
41.95	0.9866296475942864
42.050000000000004	0.9893253089188917
42.15	0.9898480397600855
42.25	0.9922661760149776
42.35	0.9937728235677722
42.45	0.9987221614123039
42.550000000000004	1.0005008332896124
42.65	1.003173034283172
42.75	1.0038631457452913
42.85	1.005755121511139
42.95	1.0089238150543232
43.050000000000004	1.0107822010216647
43.15	NaN
43.25	1.0134851697482985
43.35	1.0178153961614
43.45	1.0159883809836565
43.550000000000004	1.0215799927310267
43.65	NaN
43.75	NaN
43.85	1.0202700979940706
43.95	1.0211832717335882
44.050000000000004	1.0218746604798126
44.15	1.0195716708416986
44.25	1.0211846958496138
44.35	1.0216348650452125
44.45	NaN
44.550000000000004	1.0182950673189783
44.65	1.0156877402181148
44.75	1.0169536264805092
44.85	1.0150269388756055
44.95	1.014038974965703
45.050000000000004	1.013259105175044
45.15	1.0098364704651805
45.25	1.0063124069696425
45.35	1.0051730855131094
45.45	1.0049363981795045
45.550000000000004	1.0016541724892214
45.65	0.9999889163610614
45.75	NaN
45.85	0.9965399885982863
45.95	NaN
46.050000000000004	0.9913152236970172
46.15	0.9916776891893606
46.25	0.9889474038493663
46.35	NaN
46.45	0.9888344791712209
46.550000000000004	0.984928468521096
46.65	NaN
46.75	0.9842761810683794
46.85	0.9827376474004229
46.95	0.9839825657220794
47.050000000000004	0.9819037267684642
47.15	0.982010857696557
47.25	0.9817744574529544
47.35	0.9827087573146686
47.45	NaN
47.550000000000004	0.9824143001917257
47.65	0.9850480225836585
47.75	0.9845853352232492
47.85	0.9845366514812911
47.95	0.9857489743999582
48.050000000000004	0.989348245990425
48.15	0.987559855385344
48.25	0.9908196396003222
48.35	0.9919298478565334
48.45	0.9948187943865535
48.550000000000004	0.9961813250079711
48.65	0.9964252937005819
48.75	1.0015074291221469
48.85	1.0017105957131527
48.95	1.0008994724726343
49.050000000000004	1.002930073182233
49.15	1.0084647054934133
49.25	1.0046062316625695
49.35	1.007979440441088
49.45	1.011393679002285
49.550000000000004	1.0093859049829108
49.65	1.0128078654689343
49.75	NaN
49.85	1.013530710550177
49.95	1.0136898979945814
50.050000000000004	1.0161017590824413
50.15	1.0146790127263965
50.25	1.0152035054124209
50.35	1.0164755118575775
50.45	1.0153775829110108
50.550000000000004	1.0154315052712464
50.65	1.016244293354869
50.75	1.013509728301039
50.85	1.0147979703531287
50.95	1.01321812067355
51.050000000000004	1.0109200233602957
51.15	1.0130668128417173
51.25	1.0078818880521918
51.35	1.0084660441789004
51.45	1.0074124395392914
51.550000000000004	1.0061590596817787
51.65	1.0038617661876483
51.75	1.0059678317366496
51.85	1.00077429716311
51.95	0.9991110037761565
52.050000000000004	0.9998552918041922
52.15	NaN
52.25	0.993709229823032
52.35	0.9937099288037203
52.45	0.9937598280550705
52.550000000000004	0.9939118679788714
52.65	0.9922078871514542
52.75	0.9895047015040758
52.85	0.9883893791537517
52.95	0.9876348473882923
53.050000000000004	0.9853160777574257
53.15	0.98695486933901
53.25	0.9867642869958867
53.35	0.9870719743370888
53.45	0.9852036940035
53.550000000000004	0.98680876612116
53.65	0.9865529771161748
53.75	0.9854397930112986
53.85	0.9887284827723626
53.95	0.9894699626215477
54.050000000000004	0.9893247183513487
54.15	0.9896939256366816
54.25	0.9892045219833175
54.35	0.9934288730132093
54.45	0.9918875969069831
54.550000000000004	NaN
54.65	0.9932607845932898
54.75	0.9947248220369287
54.85	0.998274548241024
54.95	0.9988478592746158
55.050000000000004	1.0003281126473769
55.15	0.9994648972844585
55.25	1.0035759286450399
55.35	1.0041196091946532
55.45	1.0051303207322908
55.550000000000004	1.0059115453972574
55.65	NaN
55.75	1.007154187572871
55.85	1.0083543929337455
55.95	1.0102004608833537
56.050000000000004	1.0089736988245341
56.15	1.0114435970490347
56.25	1.0120038357348948
56.35	1.0035448651648562
56.45	1.0143220606292815
56.550000000000004	1.0123942959590375
56.65	1.0120993550733905
56.75	1.0138564759454451
56.85	1.0138751695461299
56.95	1.0125193926064553
57.050000000000004	1.009910181815694
57.15	1.011019122630231
57.25	1.0096868460832675
57.35	1.0088451487786185
57.45	1.0125931598108266
57.550000000000004	NaN
57.65	1.0064962976863654
57.75	1.0064641393828695
57.85	1.0043366481730915
57.95	1.00249563310768
58.050000000000004	NaN
58.15	1.000720520587718
58.25	1.000106865343594
58.35	0.996805458122998
58.45	0.9977755485821218
58.550000000000004	0.9961531465912046
58.65	0.9938388284924218
58.75	NaN
58.85	0.992670231006769
58.95	0.9934393493266277
59.050000000000004	0.9910949343698231
59.15	0.9909843868737094
59.25	0.9899988466558594
59.35	0.9899970386821318
59.45	0.9888191450364557
59.550000000000004	0.9880975382409231
59.65	NaN
59.75	0.9897816351353843
59.85	0.9880836621290494
59.95	0.9883263490486283
60.050000000000004	0.9901666156239184
60.15	0.9921404260662244
60.25	0.9885504393954565
60.35	NaN
60.45	0.9926739310000178
60.550000000000004	0.9925140107093959
60.65	0.9922464846519472
60.75	0.9924430292875779
60.85	NaN
60.95	0.99550211073595
61.050000000000004	0.9978364734083911
61.15	0.9982568410566895
61.25	0.9979474425404495
61.35	0.9984070892425685
61.45	1.0005173392047544
61.550000000000004	1.002277388711695
61.65	1.0017850826128682
61.75	1.0071094403924972
61.85	1.0054121003033896
61.95	NaN
62.050000000000004	1.0064936396977193
62.15	1.0074471532725713
62.25	1.0085672404341584
62.35	1.0073219633227297
62.45	NaN
62.550000000000004	1.0099710672799789
62.65	NaN
62.75	NaN
62.85	1.0106206961794926
62.95	1.0100394571381537
63.050000000000004	1.0104955146450163
63.15	1.0085356233242484
63.25	1.0092970389985008
63.35	1.0088042681977398
63.45	1.008197808823834
63.550000000000004	1.007665043205632
63.65	NaN
63.75	1.0063679178260494
63.85	NaN
63.95	1.0046847887702235
64.05	1.0023179901031172
64.14999999999999	1.0029217961526735
64.25	1.001975288197152
64.35	NaN
64.44999999999999	1.0012734152295417
64.55	1.0007568377894442
64.64999999999999	0.9981029991878798
64.75	0.9986600405376778
64.85	0.9970012609193026
64.94999999999999	0.9940203879764252
65.05	0.9929791494072983
65.14999999999999	NaN
65.25	0.993201449027831
65.35	0.9930109923461143
65.44999999999999	0.99259947805123
65.55	0.992320903855748
65.64999999999999	NaN
65.75	0.992605367882059
65.85	0.9902108004047082
65.94999999999999	NaN
66.05	NaN
66.14999999999999	0.9911504088047618
66.25	0.9914868975868307
66.35	0.9933158844180704
66.44999999999999	0.9917629606666806
66.55	NaN
66.64999999999999	0.9918881755353777
66.75	0.9955706547346777
66.85	NaN
66.94999999999999	NaN
67.05	NaN
67.14999999999999	NaN
67.25	0.9964215923700885
67.35	NaN
67.44999999999999	NaN
67.55	0.9985743473635146
67.64999999999999	0.9996710308048754
67.75	1.001433363821687
67.85	1.0010896148963149
67.94999999999999	NaN
68.05	1.0040486261222612
68.14999999999999	1.0051746034142637
68.25	1.0041562526111625
68.35	1.0061557297623276
68.44999999999999	1.0055510206205338
68.55	1.006615824501695
68.64999999999999	NaN
68.75	1.0084557078430445
68.85	1.0083958064846752
68.94999999999999	1.0076876829080865
69.05	NaN
69.14999999999999	1.0104478540054433
69.25	NaN
69.35	1.0073881941237572
69.44999999999999	1.0083721574343847
69.55	1.0071563747272942
69.64999999999999	1.0085717018942169
69.75	1.0073197173077297
69.85	1.004933606260693
69.94999999999999	1.0057512543962779
70.05	NaN
70.14999999999999	1.005129135822128
70.25	1.0053298278424618
70.35	1.0023722549662335
70.44999999999999	1.0018786973952434
70.55	1.0018568626497932
70.64999999999999	1.0009759450196205
70.75	0.9992962068799268
70.85	1.00010365894732
70.94999999999999	0.9978455347651974
71.05	0.9976582164112481
71.14999999999999	NaN
71.25	0.9954195188661252
71.35	NaN
71.44999999999999	0.9963563967233123
71.55	0.9956886734433233
71.64999999999999	0.9941026616507324
71.75	0.9935844723960127
71.85	NaN
71.94999999999999	NaN
72.05	0.9921135647159186
72.14999999999999	NaN
72.25	0.9916244899814872
72.35	0.9926301938821207
72.44999999999999	NaN
72.55	NaN
72.64999999999999	0.9929061977674194
72.75	0.9929897339413404
72.85	0.9930610543226016
72.94999999999999	NaN
73.05	0.9954778023581147
73.14999999999999	0.9950657938228988
73.25	0.9963717777046547
73.35	0.9961248573251255
73.44999999999999	0.9966778414036728
73.55	0.9979494320201965
73.64999999999999	0.998439169864708
73.75	0.9983846804540362
73.85	1.0001149872655841
73.94999999999999	NaN
74.05	NaN
74.14999999999999	1.0031364769686977
74.25	1.0030219737301178
74.35	1.0033644565555722
74.44999999999999	1.0036337929054961
74.55	1.005756219967538
74.64999999999999	NaN
74.75	NaN
74.85	1.0054260353491618
74.94999999999999	1.007032824755092
75.05	1.005116411589402
75.14999999999999	1.0051323548186697
75.25	1.007457032564975
75.35	1.0089230950599077
75.44999999999999	1.0058569821746661
75.55	1.0063535740227818
75.64999999999999	1.0066075103294638
75.75	NaN
75.85	1.0073662375254777
75.94999999999999	NaN
76.05	1.0076431252237243
76.14999999999999	1.0052218694437678
76.25	1.0042122394220097
76.35	1.0052585124704183
76.44999999999999	NaN
76.55	1.0022630965594002
76.64999999999999	1.0040513643573694
76.75	NaN
76.85	1.0015612538104746
76.95	1.0005303617791688
77.05	1.0001073083766372
77.14999999999999	0.9989300788407798
77.25	NaN
77.35	NaN
77.45	NaN
77.55	0.9956952035768922
77.64999999999999	NaN
77.75	0.9959484478084364
77.85	0.9952010831853626
77.95	NaN
78.05	0.9948269046452457
78.14999999999999	NaN
78.25	0.9934752239816441
78.35	0.9923568892318554
78.45	NaN
78.55	NaN
78.64999999999999	NaN
78.75	0.9934470447114487
78.85	0.9948867011834434
78.95	0.994644141343835
79.05	NaN
79.14999999999999	NaN
79.25	0.9943774781101042
79.35	0.9959345831404869
79.45	NaN
79.55	0.9945610861729012
79.64999999999999	NaN
79.75	0.9966042798527952
79.85	0.9978854928032987
