0.15	0.034180527957075525
0.25	0.03613950763552628
0.35	0.03635377856035854
0.45	0.037453881491329145
0.55	0.03736108022568975
0.65	0.037557623501085824
0.7500000000000001	0.03801816013378527
0.85	0.03853794217196093
0.95	0.03922249458408461
1.05	0.039597115475962626
1.15	0.04016568195647493
1.25	0.04108207220861375
1.35	0.042015452615637966
1.45	0.04296085133992661
1.55	0.04372546313775476
1.65	0.044869996808833926
1.75	0.046045160161578974
1.85	0.04757781024249583
1.95	0.04872557502159442
2.05	0.05053099063793599
2.15	0.0519971651016965
2.25	0.05403845648493399
2.35	0.0558614038257039
2.45	0.057904969788437455
2.5500000000000003	0.06031921634186773
2.65	0.06316937923176828
2.75	0.06599687508453135
2.85	0.06915543444036285
2.95	0.0724446276865192
3.0500000000000003	0.07612643561714635
3.15	0.08027191855704321
3.25	0.08473999364640891
3.35	0.08996101185258935
3.45	0.09554819399484521
3.5500000000000003	0.10142227394112234
3.65	0.10802850325635129
3.75	0.11559209085738899
3.85	0.1239112074532035
3.95	0.1334920029616771
4.05	0.1436072296993668
4.1499999999999995	0.15528146360188574
4.25	0.1682729257278204
4.35	0.1833857581139324
4.449999999999999	0.20021981941197112
4.55	0.22055102666782708
4.6499999999999995	0.24239031892802113
4.75	0.26759665071182465
4.85	0.29466888969173616
4.95	0.3303346606643167
5.05	0.3689848719939097
5.1499999999999995	0.4120563248619482
5.25	0.4652599169114962
5.35	0.5241436655509204
5.45	0.5984318984138184
5.55	0.6761160163651483
5.6499999999999995	0.7745907008673466
5.75	0.8859506976745111
5.85	1.0157487031404815
5.95	1.1491475496696313
6.05	1.3089009384305943
6.1499999999999995	1.480563447475183
6.25	1.6512238655538174
6.35	1.811675945785921
6.45	1.9553434758888695
6.55	2.063301659430029
6.6499999999999995	2.1233853174213886
6.75	2.13805372825998
6.85	2.100763085273023
6.95	2.030976508501906
7.05	1.9283994811678788
7.1499999999999995	1.8165556313160613
7.25	1.7020093681755015
7.35	1.586618157597866
7.45	1.4733689229135019
7.55	1.370503845998337
7.6499999999999995	1.279004779634829
7.75	1.1957715524948462
7.85	1.1224234858670126
7.95	1.0556182942246064
8.05	0.9971739175214628
8.15	0.9476158142523584
8.25	0.9021076446861301
8.350000000000001	0.8644048743569813
8.450000000000001	0.829642194996707
8.55	0.8006990086673726
8.65	0.7772628621860601
8.75	0.7553867092292117
8.850000000000001	0.7374775750271255
8.950000000000001	0.7225681381507904
9.05	0.7101489143985131
9.15	0.7000616238145606
9.25	0.6942467573316984
9.350000000000001	0.6889991755199033
9.450000000000001	0.6869470644887782
9.55	0.6849485225174385
9.65	0.6877409790855179
9.750000000000002	0.6909872982343519
9.85	0.6953181012566483
9.95	0.7022882848880997
10.049999999999999	0.7105570357034791
10.149999999999999	0.7208686926407231
10.25	0.734314538534591
10.35	0.7462726950765911
10.45	0.7619281231006865
10.549999999999999	0.7803632092823055
10.649999999999999	0.7967405233349039
10.75	0.8193255583108802
10.85	0.8391786797223857
10.95	0.8609618521459617
11.049999999999999	0.8842648326461583
11.149999999999999	0.9108699132741019
11.25	0.9367671446196862
11.35	0.964994082772573
11.45	0.9892578551078158
11.549999999999999	1.0178562114753895
11.649999999999999	1.043542494658094
11.75	1.072163017411461
11.85	1.0965052739618846
11.95	1.120237735179382
12.049999999999999	1.1440423389951295
12.149999999999999	1.1654378254951243
12.25	1.1855349192780171
12.35	1.2038621676960546
12.45	1.2156686423919911
12.549999999999999	1.2293007926587678
12.649999999999999	1.2361069716367907
12.75	1.2423601085503162
12.85	1.2418253725560437
12.95	1.2403655446405961
13.049999999999999	1.2352792873128222
13.149999999999999	1.2276438022739962
13.25	1.2174373605091913
13.35	1.2018383676425715
13.45	1.1851602897474303
13.549999999999999	1.16788990951588
13.649999999999999	1.149476897768109
13.75	1.1304754562092298
13.85	1.1082734166911843
13.95	1.0882325062559004
14.049999999999999	1.0667796011030335
14.149999999999999	1.0457928682019322
14.25	1.025690776827863
14.35	1.0055217239048548
14.45	0.9883150927950902
14.549999999999999	0.9692608396676101
14.649999999999999	0.9531977210986089
14.75	0.9374727965872771
14.85	0.9228918575153101
14.95	0.910930942786376
15.049999999999999	0.9000394418299148
15.149999999999999	0.889458764164578
15.25	0.8817138970844914
15.35	0.8734335936283241
15.45	0.8679891463460873
15.549999999999999	0.8645238938203175
15.649999999999999	0.8597549550629953
15.75	0.8585802492109094
15.85	0.8578867646186029
15.95	0.8576749923538939
16.05	0.8608231338370533
16.15	0.8625428647286439
16.25	0.8672634206720771
16.349999999999998	0.8717928049085886
16.45	0.8787686558094112
16.55	0.8842377104801563
16.65	0.8927689594353205
16.75	0.903935087390234
16.849999999999998	0.9121661180054123
16.95	0.924314609447996
17.05	0.9335619831785759
17.15	0.9472921430886362
17.25	0.9584930248252209
17.349999999999998	0.9689648039773279
17.45	0.981809598371285
17.55	0.9949155761791574
17.65	1.0095269303110703
17.75	1.020467288724385
17.849999999999998	1.0321829744708813
17.95	1.0443649955670422
18.05	1.056855851989487
18.15	1.0666482706239955
18.25	1.0782232100534888
18.349999999999998	1.08494974815653
18.45	1.0925798995415266
18.55	1.0988723947691554
18.65	1.103457222016808
18.75	1.1060714132879335
18.849999999999998	1.1093732135392622
18.95	1.111332316706931
19.05	1.1094405423863811
19.15	1.110618614058221
19.25	1.107369442717181
19.35	1.1021081459957072
19.45	1.0978557496058632
19.55	1.0927279751893864
19.65	1.0846888142546858
19.75	1.0772177961985205
19.85	1.0707148734462495
19.95	1.0634363652810241
20.05	1.0519697580197707
20.15	1.0442727563728118
20.25	1.0347084695335014
20.35	1.0237305075775622
20.45	1.012617705875373
20.55	1.005115205149375
20.65	0.9964945824789688
20.75	0.9887162751610454
20.85	0.9798876568992261
20.95	0.9714677880603652
21.05	0.9638446584378819
21.15	0.9564493536975418
21.25	0.9498833070819458
21.35	0.9434321283040231
21.45	0.9387155310452232
21.55	0.9367008044676569
21.65	0.9314196438422595
21.75	0.9295468962704014
21.85	0.9260970196976898
21.95	0.9237975256846338
22.05	0.9238401107029561
22.15	0.9226296210807119
22.25	0.9236837012978233
22.35	0.9265977588872214
22.45	0.9270832470273405
22.55	0.9303706650514343
22.65	0.9332533597847918
22.75	0.9354580262156658
22.85	0.9413951457761427
22.95	0.9458144529469377
23.05	0.950869674157939
23.15	0.9566800689282912
23.25	0.9625428436764369
23.35	0.9692628664083964
23.45	0.9773541125551503
23.55	0.9806989542564456
23.65	0.9897742064330678
23.75	0.9931722466435928
23.85	1.004120032563554
23.95	1.0104282775566698
24.05	1.0174042476524905
24.15	1.023506051899814
24.25	1.0316692891349153
24.35	1.035285960577447
24.45	1.043612118169085
24.55	1.0467435371830456
24.65	1.0537139181511666
24.75	1.053788928685646
24.85	1.057567451190104
24.95	1.0607968448563034
25.05	1.0597864923050175
25.15	1.0631887631581818
25.25	1.0646155784870155
25.35	1.0630376834471813
25.45	1.0629638023317662
25.55	1.0607969882091821
25.65	1.0583321919750166
25.75	1.0564750291187952
25.85	1.0535282872338632
25.95	1.0467114489263216
26.05	1.0421304687912387
26.15	1.0377876412701805
26.25	1.034790385366314
26.35	1.0292103881865888
26.45	1.0225990191151393
26.55	1.0171359444924437
26.65	1.0133186738008326
26.75	1.0060976845876761
26.85	0.9997810744312637
26.95	0.9946347058012833
27.05	0.9890525075479328
27.15	0.9836843209696158
27.25	0.9807335195283486
27.35	0.9772324776670017
27.45	0.9718427247445088
27.55	0.9667693803140411
27.65	0.9674564852173332
27.75	0.9614418216671679
27.85	0.9597814911920163
27.95	0.9571990485240757
28.05	0.9540207779344785
28.15	0.9527746098152163
28.25	0.9528040219931565
28.35	0.952247016666287
28.45	0.9530510953932082
28.55	0.9503767684828891
28.65	0.954870859926554
28.75	0.9548255368656869
28.85	0.956039377656558
28.95	0.9571303195581357
29.05	0.9600404995060944
29.15	0.9656292512317328
29.25	0.9666148456864179
29.35	0.9713613047126696
29.45	0.9746536394279701
29.55	0.9812737882377847
29.65	0.9832593333492075
29.75	0.9886684360616934
29.85	0.9919968748282039
29.95	NaN
30.05	1.0008956257660253
30.15	1.0075265707104046
30.25	1.0087778732289614
30.35	1.014161511346584
30.45	1.0169381032595897
30.55	1.0197558155358208
30.65	1.0253211406512854
30.75	1.0294623784712496
30.85	1.0319335944346044
30.95	1.0335728114523037
31.05	1.0373422204202685
31.15	1.035734395147545
31.25	1.0381110147407404
31.35	1.0394718064095325
31.45	1.0392256104193218
31.55	1.0401189192336997
31.65	1.0406601761544259
31.75	NaN
31.85	1.0397124822629027
31.95	1.03783044951874
32.05	1.0354805263426352
32.15	1.0332409553289605
32.25	1.0297161461078415
32.35	1.0278702480174524
32.45	1.025388660595284
32.55	1.0209692775511574
32.65	1.0170097062359782
32.75	1.0153585717242766
32.85	1.007943742909373
32.95	1.0062774935208865
33.05	1.002118269107695
33.15	0.9988349941141519
33.25	0.994910529514311
33.35	0.9926321067862725
33.45	0.9877110666159142
33.55	0.9841163980696155
33.65	0.9839550928185314
33.75	0.9781520096508158
33.85	0.9753422104037166
33.95	0.9742989256070538
34.05	0.9723382246168961
34.15	0.9736741204074165
34.25	0.9695397054838759
34.35	0.9679330230457271
34.45	0.9691461467007623
34.55	0.9668249232581593
34.65	0.9672513738238683
34.75	0.9675951121906061
34.85	0.9683803165465238
34.95	0.9684550974302539
35.05	0.9703470899515219
35.15	0.9709472381295544
35.25	0.9726587059868752
35.35	0.9747353568531537
35.45	0.9761371187065255
35.55	0.9783759595125802
35.65	0.9823659724563535
35.75	0.9845221779981076
35.85	0.9889738788920568
35.95	0.989254669682733
36.05	0.9936619467394371
36.15	0.9965936359798478
36.25	0.9984736041551993
36.35	1.0028208234308262
36.45	1.0045121286850376
36.55	1.0063001657797297
36.65	NaN
36.75	1.0124312666908464
36.85	1.0165069474583204
36.95	1.0192852601920055
37.05	1.020773712929324
37.15	1.0218532308844714
37.25	1.0225184103099307
37.35	1.0263051241173051
37.45	1.0274933776745554
37.55	1.02863297694227
37.65	1.029628920770193
37.75	1.0273502052132009
37.85	1.0293453513126118
37.95	1.0285259695353197
38.05	NaN
38.15	NaN
38.25	1.030452620589515
38.35	1.0238413893572098
38.45	1.0211087095350948
38.550000000000004	1.0198846442632943
38.65	1.0176098030070737
38.75	1.0150472745013037
38.85	1.0125174513308515
38.95	1.010367454343801
39.050000000000004	1.006813693248132
39.15	1.0063782444167972
39.25	1.00244769475099
39.35	1.001736573992204
39.45	0.9979673012777273
39.550000000000004	0.9958997800851787
39.65	NaN
39.75	0.9903447881338281
39.85	0.9881540032779396
39.95	0.9872612163292406
40.050000000000004	0.9879065527879756
40.15	0.983966719391933
40.25	0.9807967236525726
40.35	NaN
40.45	0.9782547939155087
40.550000000000004	0.9780041679003394
40.65	0.9754141373868618
40.75	0.9768826786829177
40.85	0.9747468094127193
40.95	0.9754584942584791
41.050000000000004	0.9768671297714848
41.15	0.9772559926227536
41.25	0.9780714998735511
41.35	0.9798357843756216
41.45	0.9789549892149438
41.550000000000004	0.9801432714364944
41.65	0.9821369232009091
41.75	0.9853408346455285
41.85	0.9849968298361256
41.95	0.9868269437443176
42.050000000000004	0.9884659178283446
42.15	0.992184885664898
42.25	0.994635011708723
42.35	0.9975403618306108
42.45	0.9990447487431832
42.550000000000004	0.9982424947934502
42.65	1.0005104131841962
42.75	1.0058868260663758
42.85	1.0057060491200425
42.95	1.0084533414024113
43.050000000000004	1.0099150535698307
43.15	NaN
43.25	1.0115967546438314
43.35	1.015168318419891
43.45	1.0162481374173657
43.550000000000004	1.0187754742193984
43.65	NaN
43.75	NaN
43.85	1.0223223093173404
43.95	1.0213723894693234
44.050000000000004	1.0205073204446142
44.15	1.020452176249589
44.25	1.0194505426997376
44.35	1.0185547843211582
44.45	NaN
44.550000000000004	1.0189427570578429
44.65	1.0170552358991232
44.75	1.0177680149059602
44.85	1.0150107752684188
44.95	1.0120011184929558
45.050000000000004	1.0112329971359784
45.15	1.0105029858482348
45.25	1.0060570671511877
45.35	1.0065578758411682
45.45	1.003268750955039
45.550000000000004	1.0011762897605503
45.65	0.9990227185077221
45.75	NaN
45.85	0.9970991347040625
45.95	NaN
46.050000000000004	0.9934136625008577
46.15	0.9932065246812389
46.25	0.9891996810581335
46.35	NaN
46.45	0.9882693693276224
46.550000000000004	0.9864250459384082
46.65	NaN
46.75	0.9846917644397019
46.85	0.983048014864389
46.95	0.9821278310645145
47.050000000000004	0.9805131395589471
47.15	0.9816377346378536
47.25	0.9817971832018314
47.35	0.9821928268729648
47.45	NaN
47.550000000000004	0.9839470466927669
47.65	0.9833506065599874
47.75	0.9847818842563975
47.85	0.9860910147785611
47.95	0.9867836762098846
48.050000000000004	0.9883727000576129
48.15	0.9897592305005061
48.25	0.9893427929960438
48.35	0.9928905398603634
48.45	0.9950503548287739
48.550000000000004	0.9954943912014957
48.65	0.9982262283026886
48.75	0.9981197928409801
48.85	1.001147789001602
48.95	1.001853552545183
49.050000000000004	1.004418487155663
49.15	1.0054648865429408
49.25	1.010012101335386
49.35	1.0083459552123146
49.45	1.0091199785485867
49.550000000000004	1.0112722931018077
49.65	1.011397687664268
49.75	NaN
49.85	1.015227287644527
49.95	1.013486218329454
50.050000000000004	1.0150555787238564
50.15	1.0170117842154345
50.25	1.0173603077925877
50.35	1.0162087547634933
50.45	1.015937270185804
50.550000000000004	1.0173425603092427
50.65	1.0156154184290898
50.75	1.014006469407032
50.85	1.0126750218786078
50.95	1.0146527469807303
51.050000000000004	1.0113130953719174
51.15	1.0100395186171267
51.25	1.010537893560217
51.35	1.006572147406285
51.45	1.0067099902603343
51.550000000000004	1.004579297798802
51.65	1.003823823773517
51.75	1.006672431655023
51.85	1.0027890218237538
51.95	0.9996806880901242
52.050000000000004	0.9995712833527561
52.15	NaN
52.25	0.9949952986034745
52.35	0.9944864984202031
52.45	0.9939441835965933
52.550000000000004	0.9909229108891425
52.65	0.9904614250034619
52.75	0.9893005016196387
52.85	0.9880818374107065
52.95	0.9891419753976577
53.050000000000004	0.9881480113390121
53.15	0.9885173697779688
53.25	0.984530653366766
53.35	0.9862670842925922
53.45	0.9862704475416241
53.550000000000004	0.984072244322931
53.65	0.9864957108993375
53.75	0.9872393520378375
53.85	0.9885830690264393
53.95	0.986600686748774
54.050000000000004	0.9879527673615336
54.15	0.9901474341096514
54.25	0.9922059289946937
54.35	0.9917530886028413
54.45	0.9921811986445211
54.550000000000004	NaN
54.65	0.9959372074034807
54.75	0.9974138762355804
54.85	0.9971215480685096
54.95	0.9984068287952609
55.050000000000004	0.9988049673548388
55.15	1.0015428409398168
55.25	1.0026468583388282
55.35	1.0056175847116093
55.45	1.0061726273461047
55.550000000000004	1.005642692525131
55.65	NaN
55.75	1.0093257848017914
55.85	1.0090675808628748
55.95	1.0098932425445313
56.050000000000004	1.011930059748862
56.15	1.0116764717283955
56.25	1.0098838854144374
56.35	1.011201065479018
56.45	1.012190199611238
56.550000000000004	1.0115748343257251
56.65	1.0114177058966252
56.75	1.011184648372468
56.85	1.0122811825244875
56.95	1.011861814883233
57.050000000000004	1.0127093954884467
57.15	1.0102842956160252
57.25	1.007572460351038
57.35	1.0113591973504292
57.45	1.0092535361970238
57.550000000000004	NaN
57.65	1.0075745541985182
57.75	1.0059761417067385
57.85	1.0051298049450705
57.95	1.0025363023307914
58.050000000000004	NaN
58.15	1.0017581373325055
58.25	0.9995345323644048
58.35	0.9986836662836316
58.45	0.9972479656125451
58.550000000000004	0.9961827467628113
58.65	0.9946222930029025
58.75	NaN
58.85	0.9927985758088289
58.95	0.9915075975310033
59.050000000000004	0.9909781586030754
59.15	0.9905025430107696
59.25	0.9901075410678798
59.35	0.9896775365697285
59.45	0.9911055816994732
59.550000000000004	0.9900409397480537
59.65	NaN
59.75	0.9896240271834659
59.85	0.9881612610009505
59.95	0.9901272170674527
60.050000000000004	0.9905874468305973
60.15	0.9896314372615624
60.25	0.9884333486746281
60.35	NaN
60.45	0.991805283691096
60.550000000000004	0.9924884243288
60.65	0.992848172703461
60.75	0.9941216927975033
60.85	NaN
60.95	0.9959190317410225
61.050000000000004	0.9962739410147503
61.15	0.9984156232622605
61.25	0.9988514113460352
61.35	1.000522381054056
61.45	1.0001759076164911
61.550000000000004	1.0025023234197732
61.65	1.0049150760252574
61.75	1.0054010958236181
61.85	1.005912128934792
61.95	NaN
62.050000000000004	1.0055632360109064
62.15	1.0085903921842254
62.25	1.0082957129060741
62.35	1.0104731301144725
62.45	NaN
62.550000000000004	1.0100349943254818
62.65	NaN
62.75	NaN
62.85	1.0104384208491604
62.95	1.0095736999203822
63.050000000000004	1.0095530390904985
63.15	1.0114872099389713
63.25	1.0080023242468998
63.35	1.0085628923838366
63.45	1.0100207747378236
63.550000000000004	1.007087002000394
63.65	NaN
63.75	1.0068785323282488
63.85	NaN
63.95	1.0049328196312262
64.05	1.0033169164698692
64.14999999999999	1.0025999100939489
64.25	1.0023757279845746
64.35	NaN
64.44999999999999	1.0008393316462432
64.55	0.99816411339699
64.64999999999999	0.9991498591181799
64.75	0.9984101348934052
64.85	0.9951591094000702
64.94999999999999	0.9993534507880711
65.05	0.9943593015143662
65.14999999999999	NaN
65.25	0.9933082840776777
65.35	0.9930371800511951
65.44999999999999	0.9918321306764039
65.55	0.9916704150049307
65.64999999999999	NaN
65.75	0.9897731322309737
65.85	0.9914738223740255
65.94999999999999	NaN
66.05	NaN
66.14999999999999	0.9914553681690208
66.25	0.9911717293057333
66.35	0.9917028145988982
66.44999999999999	0.9927618791177979
66.55	NaN
66.64999999999999	0.9924761071065521
66.75	0.992755440460834
66.85	NaN
66.94999999999999	NaN
67.05	NaN
67.14999999999999	NaN
67.25	0.9964500562358257
67.35	NaN
67.44999999999999	NaN
67.55	1.0007237595371747
67.64999999999999	1.0011298861666758
67.75	1.0010892516840546
67.85	1.0013764334323418
67.94999999999999	NaN
68.05	1.0036636890819448
68.14999999999999	1.005671939716898
68.25	1.0051733721539697
68.35	1.0048631212319137
68.44999999999999	1.0068229813662337
68.55	1.006303766286859
68.64999999999999	NaN
68.75	1.008251105928072
68.85	1.0089721895764232
68.94999999999999	1.008174006386429
69.05	NaN
69.14999999999999	1.0078764068590804
69.25	NaN
69.35	1.0069588303051784
69.44999999999999	1.0090697494019587
69.55	1.0066326724439678
69.64999999999999	1.0070962438090125
69.75	1.0063081883239497
69.85	1.0066677991236541
69.94999999999999	1.0067450522172328
70.05	NaN
70.14999999999999	1.0041931330314116
70.25	1.0044856624063847
70.35	1.0034894552847526
70.44999999999999	1.002794263923023
70.55	1.0014275802381887
70.64999999999999	0.9993334339861795
70.75	1.0022188069819213
70.85	1.0003566665666015
70.94999999999999	0.9987316270399025
71.05	0.9978357138238239
71.14999999999999	NaN
71.25	0.9970247892945951
71.35	NaN
71.44999999999999	0.9940116272185672
71.55	0.9932590425943127
71.64999999999999	0.9938950094116825
71.75	0.9945672906784754
71.85	NaN
71.94999999999999	NaN
72.05	0.9924756331285207
72.14999999999999	NaN
72.25	0.9926050980763114
72.35	0.9925083679943385
72.44999999999999	NaN
72.55	NaN
72.64999999999999	0.9917087333192907
72.75	0.9928349322735863
72.85	0.9942690203094684
72.94999999999999	NaN
73.05	0.9945161250573021
73.14999999999999	0.9942302632260198
73.25	0.9967421281621612
73.35	0.9959730596233687
73.44999999999999	0.9964430961991525
73.55	0.998635304342943
73.64999999999999	0.9970793418552287
73.75	0.9979961943874954
73.85	0.998589072471303
73.94999999999999	NaN
74.05	NaN
74.14999999999999	1.0023124891252726
74.25	1.00284184353728
74.35	1.0000423325952914
74.44999999999999	1.0035259835099046
74.55	1.0049799002157045
74.64999999999999	NaN
74.75	NaN
74.85	1.0056256571108675
74.94999999999999	1.0067252106236912
75.05	1.0078903612282426
75.14999999999999	1.0066671294127798
75.25	1.007214636881283
75.35	1.0077481688162835
75.44999999999999	1.0098041657054724
75.55	1.0071729804289051
75.64999999999999	1.0068722490354434
75.75	NaN
75.85	1.0061748346648105
75.94999999999999	NaN
76.05	1.0052732785618093
76.14999999999999	1.0049842554992632
76.25	1.0051682235578963
76.35	1.0043782988138823
76.44999999999999	NaN
76.55	1.0028105631690614
76.64999999999999	1.0048892368631086
76.75	NaN
76.85	1.0002726457908688
76.95	1.001628562628139
77.05	1.0007200891304922
77.14999999999999	0.9995759099893936
77.25	NaN
77.35	NaN
77.45	NaN
77.55	0.9962957722789573
77.64999999999999	NaN
77.75	0.9952294126589659
77.85	0.9954800069227993
77.95	NaN
78.05	0.993838344272318
78.14999999999999	NaN
78.25	0.9937969206969463
78.35	0.9938043860295142
78.45	NaN
78.55	NaN
78.64999999999999	NaN
78.75	0.9932613294137336
78.85	0.994198988556977
78.95	0.9938349736755859
79.05	NaN
79.14999999999999	NaN
79.25	0.9940165674688031
79.35	0.9960489478872965
79.45	NaN
79.55	0.9984522470175327
79.64999999999999	NaN
79.75	0.9963637082673866
79.85	0.9969397295167172
