0.15	0.03612017403910968
0.25	0.036547254599598684
0.35	0.036901843797363935
0.45	0.03721216817480777
0.55	0.03738973506337901
0.65	0.03762452738236857
0.7500000000000001	0.037947184701269135
0.85	0.03877767423013519
0.95	0.03922777149036816
1.05	0.039546300777752466
1.15	0.04031582159516053
1.25	0.04092693822585721
1.35	0.041970741240694824
1.45	0.04270751225729157
1.55	0.04395490903204436
1.65	0.04487139777015288
1.75	0.04606183247652601
1.85	0.047372743108263636
1.95	0.048749964186562564
2.05	0.05031697230232625
2.15	0.05204174247141879
2.25	0.054180632544364296
2.35	0.05597708130779405
2.45	0.05791566600810997
2.5500000000000003	0.0603266369837398
2.65	0.06286158608458003
2.75	0.06594719220344077
2.85	0.06905327713154374
2.95	0.0725267778053906
3.0500000000000003	0.07614528989271063
3.15	0.08033582348842613
3.25	0.08496493851156425
3.35	0.08979781532573246
3.45	0.09565473880255729
3.5500000000000003	0.10148015700125028
3.65	0.10784240237262369
3.75	0.11585326527723473
3.85	0.12388520712398098
3.95	0.1333871085329082
4.05	0.14347207389065486
4.1499999999999995	0.15551615922122158
4.25	0.16850221428688392
4.35	0.183773734505963
4.449999999999999	0.20045945315319444
4.55	0.22016437475220382
4.6499999999999995	0.241955402990721
4.75	0.2679730244875664
4.85	0.2944391068237806
4.95	0.3307771093566165
5.05	0.3692455264429076
5.1499999999999995	0.41279273746047324
5.25	0.4643172251105739
5.35	0.5231343052200232
5.45	0.5988892337475387
5.55	0.6776415512699756
5.6499999999999995	0.7743650203016594
5.75	0.8845983517221376
5.85	1.0138000923655317
5.95	1.1493316677210825
6.05	1.3079235081336438
6.1499999999999995	1.479323494243711
6.25	1.6491446125511784
6.35	1.812567655200775
6.45	1.9521820937062389
6.55	2.063622848437427
6.6499999999999995	2.121070532217012
6.75	2.1371499202583477
6.85	2.102535152474802
6.95	2.029835529850783
7.05	1.9326861247761908
7.1499999999999995	1.8188489711358533
7.25	1.703039809724284
7.35	1.5877922345963824
7.45	1.4745538773267912
7.55	1.3719939496972824
7.6499999999999995	1.2789000361800278
7.75	1.1940826691793354
7.85	1.125198855826324
7.95	1.053168477384516
8.05	0.9982878490605049
8.15	0.944932965103424
8.25	0.9015704798249716
8.350000000000001	0.863496322216432
8.450000000000001	0.8296322319208269
8.55	0.8009995383031115
8.65	0.7757102504155711
8.75	0.7557986361993679
8.850000000000001	0.7370902007733848
8.950000000000001	0.7224993327163401
9.05	0.710101540520917
9.15	0.7003353930329597
9.25	0.6943084532798558
9.350000000000001	0.6887624017723493
9.450000000000001	0.6871979136214985
9.55	0.6860608534892174
9.65	0.6878915353147239
9.750000000000002	0.6900120230497887
9.85	0.6960119292971201
9.95	0.702320318163813
10.049999999999999	0.711224901886811
10.149999999999999	0.7217479934759577
10.25	0.7347619606832115
10.35	0.7478578580828718
10.45	0.7633548088172669
10.549999999999999	0.7793701518607573
10.649999999999999	0.7977646601028373
10.75	0.816873489067625
10.85	0.8397923791676413
10.95	0.8607803394597949
11.049999999999999	0.8876900390106249
11.149999999999999	0.9105235265875656
11.25	0.9362461265694028
11.35	0.9641586826752305
11.45	0.993749363816247
11.549999999999999	1.016697649211993
11.649999999999999	1.0468106942338828
11.75	1.072342696170501
11.85	1.0981243859188263
11.95	1.1218502751920794
12.049999999999999	1.1446526530660877
12.149999999999999	1.1658817876057679
12.25	1.1848525605175113
12.35	1.2029703773405205
12.45	1.2151052187874227
12.549999999999999	1.227779288319092
12.649999999999999	1.2362260696526335
12.75	1.242865673821485
12.85	1.2414887380734967
12.95	1.2393102371352043
13.049999999999999	1.2333476877789877
13.149999999999999	1.2257484028947467
13.25	1.2163706358946191
13.35	1.2009490437577242
13.45	1.1855560208355966
13.549999999999999	1.1665971275572098
13.649999999999999	1.1518282372147646
13.75	1.1314346252009038
13.85	1.1086138004460673
13.95	1.0885958359522607
14.049999999999999	1.066884592791582
14.149999999999999	1.0470968776029417
14.25	1.0254406316278433
14.35	1.0061345098017114
14.45	0.9862483489475983
14.549999999999999	0.9699185948037297
14.649999999999999	0.953886761970774
14.75	0.9373546432520654
14.85	0.9253062577296668
14.95	0.9115624905168291
15.049999999999999	0.9002491651512619
15.149999999999999	0.890596334348102
15.25	0.8832870155400516
15.35	0.874796221802564
15.45	0.8681437559246645
15.549999999999999	0.8643423958075684
15.649999999999999	0.861335703174686
15.75	0.8580203732453456
15.85	0.8569200470140302
15.95	0.8594738215770975
16.05	0.8610140505147083
16.15	0.8615507267847803
16.25	0.8677215715238032
16.349999999999998	0.8722513170224215
16.45	0.8759649563452504
16.55	0.8870213790386933
16.65	0.8938177062397898
16.75	0.9032467114711423
16.849999999999998	0.9148166277590408
16.95	0.9214851703841908
17.05	0.9322704280002809
17.15	0.9456426821057285
17.25	0.9573020856512928
17.349999999999998	0.9699897364060915
17.45	0.9820266073365805
17.55	0.994876166508839
17.65	1.0083815571699615
17.75	1.0196810467924355
17.849999999999998	1.0324313650307608
17.95	1.0447323072953631
18.05	1.0548931641705337
18.15	1.0666949787501678
18.25	1.0773710484888628
18.349999999999998	1.0846895298816734
18.45	1.0891543930605374
18.55	1.0991017722460765
18.65	1.1061955524716023
18.75	1.1060517743946694
18.849999999999998	1.1085636864666661
18.95	1.1110934913319777
19.05	1.109569646788803
19.15	1.111405756456664
19.25	1.108463480931735
19.35	1.1026710585735278
19.45	1.0970914570317116
19.55	1.0922995049175728
19.65	1.0862747787058065
19.75	1.0789810062243679
19.85	1.0703667538784472
19.95	1.06199495579891
20.05	1.052137753439642
20.15	1.0437263609141094
20.25	1.0345556131930658
20.35	1.025715004079254
20.45	1.0165345809643445
20.55	1.0048099732418887
20.65	0.9963642933119409
20.75	0.9892761318108441
20.85	0.9775063860988698
20.95	0.9717066691404939
21.05	0.9648701966076214
21.15	0.9541878110447206
21.25	0.9497418401422432
21.35	0.9437618261468114
21.45	0.9398324135040346
21.55	0.935135483687665
21.65	0.9301283171670975
21.75	0.9289086417796693
21.85	0.9257600958784891
21.95	0.9252250264455154
22.05	0.9261487195029319
22.15	0.9235063512402216
22.25	0.9228437378936742
22.35	0.9252460238516258
22.45	0.9290459198955133
22.55	0.9268484453988705
22.65	0.9319091185603966
22.75	0.936341933862433
22.85	0.9371140618814192
22.95	0.9466693918970585
23.05	0.9512004375858661
23.15	0.9555448419743657
23.25	0.9616851108317025
23.35	0.968467054853126
23.45	0.9759673133191137
23.55	0.9819501420946318
23.65	0.9897675925003793
23.75	0.9993488403979702
23.85	1.0016777889784383
23.95	1.0105227149870757
24.05	1.0179141237992981
24.15	1.0235312861869021
24.25	1.029644127233369
24.35	1.0378293740019535
24.45	1.0419389792341365
24.55	1.047591005830472
24.65	1.049114045440662
24.75	1.053794249946103
24.85	1.056998308601338
24.95	1.062212369507087
25.05	1.0622298028565123
25.15	1.0630810319036235
25.25	1.0630331743572732
25.35	1.0642361893032624
25.45	1.0620559966953131
25.55	1.0599303139323142
25.65	1.0541608221548127
25.75	1.0547570432111597
25.85	1.0497029332190262
25.95	1.0454365155392142
26.05	1.0441401708910145
26.15	1.0393838118287746
26.25	1.0341595013780047
26.35	1.028030456883817
26.45	1.0228239501344665
26.55	1.018073160344446
26.65	1.0096404854499597
26.75	1.0055006191822622
26.85	1.0007246137076373
26.95	0.9941559351702217
27.05	0.9882750496384417
27.15	0.9841488555485128
27.25	0.9804159181039639
27.35	0.9756140333235257
27.45	0.9694950962745156
27.55	0.9667961769144711
27.65	0.9631283176053851
27.75	0.9603918650634551
27.85	0.9583701544897276
27.95	0.9559105022526936
28.05	0.9534005333476249
28.15	0.9543104449456346
28.25	0.9546292649744401
28.35	0.951341346629929
28.45	0.9510825066807957
28.55	0.9525238596217996
28.65	0.9546503438879972
28.75	0.9544506332236804
28.85	0.9568175799796842
28.95	0.961447998035947
29.05	0.9619590662473709
29.15	0.9657100017290505
29.25	0.970898496402999
29.35	0.9723838782317001
29.45	0.9749855596178407
29.55	0.9799550859103984
29.65	0.9839795844361195
29.75	0.9850647817879256
29.85	0.9922276796511321
29.95	NaN
30.05	1.0004455834216959
30.15	1.0037305561402008
30.25	1.0110108389678079
30.35	1.0122385107193466
30.45	1.0181061103763542
30.55	1.0223388810372027
30.65	1.02591311541697
30.75	1.0272884973710839
30.85	1.031251732169191
30.95	1.0331151877020508
31.05	1.0341659292230276
31.15	1.0395553839931149
31.25	1.0401590518500508
31.35	1.041259538323752
31.45	1.0411365503805505
31.55	1.040741551523256
31.65	1.0400937059299067
31.75	NaN
31.85	1.039926025305781
31.95	1.0368040340211853
32.05	1.035635475177482
32.15	1.0310479558786185
32.25	1.0301758033283017
32.35	1.026191809468627
32.45	1.0235142039304654
32.55	1.021219251454038
32.65	1.01740739292809
32.75	1.012573923284251
32.85	1.0112869978763315
32.95	1.0053362911472141
33.05	1.0003660527681069
33.15	0.9978818795047123
33.25	0.9949215205545119
33.35	0.9931352835718148
33.45	0.9895212614894063
33.55	0.983656224154905
33.65	0.9822242955112838
33.75	0.9791096841359468
33.85	0.9773484075336152
33.95	0.9744649625247652
34.05	0.9725276686298439
34.15	0.9710867670595187
34.25	0.9691575899381829
34.35	0.9678966700973625
34.45	0.9684431399281193
34.55	0.9676993314286032
34.65	0.9659800231648644
34.75	0.9672916831808753
34.85	0.9679328657624882
34.95	0.9673169804814814
35.05	0.971178755667784
35.15	0.9683680336098384
35.25	0.9716991381577427
35.35	0.976078030623958
35.45	0.9761919890430516
35.55	0.9795149057288756
35.65	0.9810164351424341
35.75	0.9860287041998242
35.85	0.9875814527422936
35.95	0.9914577807439365
36.05	0.9926630275005782
36.15	0.996496684298923
36.25	1.0006500187442329
36.35	1.0033568924223077
36.45	1.0051436547716324
36.55	1.0085843793826288
36.65	NaN
36.75	1.0127756971197535
36.85	1.0161560275642443
36.95	1.0179355498139546
37.05	1.0192254204992564
37.15	1.0237315694590776
37.25	1.024848456153093
37.35	1.0243722816847198
37.45	1.0258659105933554
37.55	1.0278861630672238
37.65	1.0291637067002755
37.75	1.027694306195299
37.85	1.0286302645282743
37.95	1.027460693592836
38.05	NaN
38.15	NaN
38.25	1.0323720784289097
38.35	1.0245641862658128
38.45	1.0211869497754893
38.550000000000004	1.0196874889397578
38.65	1.0204645660864904
38.75	1.0144668417166798
38.85	1.0146273905097243
38.95	1.0108092363582843
39.050000000000004	1.0080522921298802
39.15	1.0056288768666164
39.25	1.0027442496603578
39.35	1.0008598564000504
39.45	0.9975580696684703
39.550000000000004	0.996301552380864
39.65	NaN
39.75	0.9914719783782413
39.85	0.9890862800554459
39.95	0.9869100859582552
40.050000000000004	0.9855806102214245
40.15	0.9820920569309637
40.25	0.9809331827249809
40.35	NaN
40.45	0.9801574692326294
40.550000000000004	0.9763539812633412
40.65	0.978708983267827
40.75	0.9759099324853108
40.85	0.9755660883017451
40.95	0.9758034297483189
41.050000000000004	0.9770748960775253
41.15	0.9776821735401798
41.25	0.977919576054823
41.35	0.9789490050957742
41.45	0.9796724711511355
41.550000000000004	0.9792827182655177
41.65	0.9827278040124874
41.75	0.9845768890323389
41.85	0.9855837809778316
41.95	0.9871923625088623
42.050000000000004	0.9895942199915585
42.15	0.9904031435365037
42.25	0.99180416727794
42.35	0.9959740489562289
42.45	0.9991047437304085
42.550000000000004	1.0004677415521745
42.65	1.0015148214071143
42.75	1.0042907254628184
42.85	1.0069830199834877
42.95	1.0079210444364444
43.050000000000004	1.0107889321958898
43.15	NaN
43.25	1.0129412114023018
43.35	1.0169219981848676
43.45	1.0178239378589096
43.550000000000004	1.0229715733320632
43.65	NaN
43.75	NaN
43.85	1.020057405759123
43.95	1.0196906537034196
44.050000000000004	1.0213556323064288
44.15	1.020403252732328
44.25	1.023144470776535
44.35	1.020393119064407
44.45	NaN
44.550000000000004	1.017292984526438
44.65	1.0167513616390007
44.75	1.0191043592675941
44.85	1.0169500095016983
44.95	1.0109998523309973
45.050000000000004	1.0101216476448573
45.15	1.0099253337242107
45.25	1.0097040437994933
45.35	1.0053240856718293
45.45	1.0023083091560214
45.550000000000004	1.0020047863292945
45.65	0.9995293789237695
45.75	NaN
45.85	0.9967100346564904
45.95	NaN
46.050000000000004	0.9916341236706223
46.15	0.9907828722238636
46.25	0.9908355718220507
46.35	NaN
46.45	0.9881556883467297
46.550000000000004	0.986040060580841
46.65	NaN
46.75	0.98438280169472
46.85	0.9815059827700217
46.95	0.9837157304586737
47.050000000000004	0.9818658458866211
47.15	0.9821940633589906
47.25	0.9814168657838332
47.35	0.9820578922103946
47.45	NaN
47.550000000000004	0.9830425109118899
47.65	0.9835203558592363
47.75	0.9846763583517881
47.85	0.9852036273456746
47.95	0.9866172812370676
48.050000000000004	0.9867226001126744
48.15	0.9898743174893843
48.25	0.9909419882359846
48.35	0.9909187959511242
48.45	0.9929277028594063
48.550000000000004	0.9956433525399243
48.65	1.003229731459465
48.75	0.9994307470639716
48.85	1.000780197719361
48.95	1.0024199579390272
49.050000000000004	1.004067719335885
49.15	1.007085111702944
49.25	1.008509561656438
49.35	1.0065769551863697
49.45	1.0080000118014278
49.550000000000004	1.011491950946619
49.65	1.0108936777957915
49.75	NaN
49.85	1.0151614977923067
49.95	1.0146676774119459
50.050000000000004	1.015369939848138
50.15	1.015262538352151
50.25	1.0154510075296643
50.35	1.0155592149104373
50.45	1.0163582639554967
50.550000000000004	1.0150673469377873
50.65	1.014999612995474
50.75	1.0142397398865521
50.85	1.0139222970445096
50.95	1.013662030009522
51.050000000000004	1.0120676847743466
51.15	1.011362006548866
51.25	1.009688079665388
51.35	1.0090720639025679
51.45	1.007179284491529
51.550000000000004	1.0043332594574967
51.65	1.0056607636327766
51.75	0.9957639057460325
51.85	1.0023776070108064
51.95	1.0000691974544296
52.050000000000004	0.9991641337101074
52.15	NaN
52.25	0.9953575492343162
52.35	0.9945412661554098
52.45	0.9924979634049805
52.550000000000004	0.9914889569430465
52.65	0.9898792018188184
52.75	0.9891541557482615
52.85	0.9887450385102478
52.95	0.9874437256643932
53.050000000000004	0.985879134548626
53.15	0.9861231108593435
53.25	0.988220851136639
53.35	0.9860664006922176
53.45	0.9862404000259236
53.550000000000004	0.9861804990030356
53.65	0.9852625809902329
53.75	0.9851508261924756
53.85	0.984432232306952
53.95	0.9878991468327128
54.050000000000004	0.988932955019418
54.15	0.9892353235519121
54.25	0.9901772055519622
54.35	0.9912927103687317
54.45	0.9917731549312139
54.550000000000004	NaN
54.65	0.9943728840114926
54.75	0.9941429230781591
54.85	0.9978409800374579
54.95	0.9997221076755193
55.050000000000004	0.9991486582778165
55.15	1.000159098666384
55.25	1.0006416105054472
55.35	1.0025884824614228
55.45	1.006533179171029
55.550000000000004	1.0070353853823204
55.65	NaN
55.75	1.0080291164635142
55.85	1.008887271947161
55.95	1.0087922016632613
56.050000000000004	1.0098577113559366
56.15	1.0119477296390142
56.25	1.0118523603669707
56.35	1.0167635304221319
56.45	1.0145339256921266
56.550000000000004	1.0129934643200988
56.65	1.013465230297569
56.75	1.0124378025037348
56.85	1.0123358079184326
56.95	1.0117308123534168
57.050000000000004	1.0088559171012554
57.15	1.0117333609468981
57.25	1.0107541754294094
57.35	1.009302509224665
57.45	1.007963492914872
57.550000000000004	NaN
57.65	1.0086261747727054
57.75	1.0050036148225667
57.85	1.0041338941360631
57.95	1.0034021640526887
58.050000000000004	NaN
58.15	1.0002528012938587
58.25	0.9992033565330178
58.35	0.9985784847761857
58.45	0.9964860185470933
58.550000000000004	0.9959131076833035
58.65	0.9960431538245088
58.75	NaN
58.85	0.9931610371285623
58.95	0.9899963515750774
59.050000000000004	0.9918058117247647
59.15	0.9906262119154187
59.25	0.9900493682367699
59.35	0.9900876725162832
59.45	0.9899148611604882
59.550000000000004	0.9887686491362813
59.65	NaN
59.75	0.9896230894573965
59.85	0.9895101917996203
59.95	0.987449772752775
60.050000000000004	0.9888158336839871
60.15	0.9894650167520407
60.25	0.9901672874750087
60.35	NaN
60.45	0.992314623925254
60.550000000000004	0.9933165301696028
60.65	0.9925675729087763
60.75	0.9947995812927715
60.85	NaN
60.95	0.9961244000447275
61.050000000000004	0.9960853632521173
61.15	0.9970279262442825
61.25	0.9993680358310938
61.35	1.0001438309804167
61.45	1.0018297531209082
61.550000000000004	1.0026952514221281
61.65	1.0040492163751544
61.75	1.0037552167881307
61.85	1.006150237265285
61.95	NaN
62.050000000000004	1.0081526633119875
62.15	1.0082996223487168
62.25	1.0077815058874284
62.35	1.0096078827619315
62.45	NaN
62.550000000000004	1.0092023726627428
62.65	NaN
62.75	NaN
62.85	1.0115967294706367
62.95	1.0109243734947537
63.050000000000004	1.010102228028385
63.15	1.0102927669210233
63.25	1.010834475916739
63.35	1.0095671638612287
63.45	1.008023902206881
63.550000000000004	1.009143666746638
63.65	NaN
63.75	1.004779199206726
63.85	NaN
63.95	1.0042976666639385
64.05	1.0040668755377617
64.14999999999999	1.004341599083762
64.25	1.0029363753226337
64.35	NaN
64.44999999999999	0.998745025759992
64.55	0.9984938954225481
64.64999999999999	0.9984002636270537
64.75	0.995778012610778
64.85	0.9969659226609998
64.94999999999999	0.9950984452531726
65.05	0.996622383075796
65.14999999999999	NaN
65.25	0.9938540145672975
65.35	0.9930481065270587
65.44999999999999	0.992425663310252
65.55	0.9921481845580726
65.64999999999999	NaN
65.75	0.9904250188057578
65.85	0.9911508109407662
65.94999999999999	NaN
66.05	NaN
66.14999999999999	0.991211454890119
66.25	0.9914379650334405
66.35	0.990756178247532
66.44999999999999	0.991314848885556
66.55	NaN
66.64999999999999	0.9920512443920039
66.75	0.9920957686516468
66.85	NaN
66.94999999999999	NaN
67.05	NaN
67.14999999999999	NaN
67.25	0.9960206522272991
67.35	NaN
67.44999999999999	NaN
67.55	0.9995860596097209
67.64999999999999	1.0009834082963902
67.75	1.0015054373857342
67.85	1.0039736347011385
67.94999999999999	NaN
68.05	1.0039114857687932
68.14999999999999	1.0058112836557929
68.25	1.0060400471050748
68.35	1.0049614005754572
68.44999999999999	1.0067107787296292
68.55	1.0077443008113793
68.64999999999999	NaN
68.75	1.0074188527686199
68.85	1.0074738632093037
68.94999999999999	1.006113033606528
69.05	NaN
69.14999999999999	1.011138631614442
69.25	NaN
69.35	1.0081443931312486
69.44999999999999	1.0053602442509364
69.55	1.0078922145908762
69.64999999999999	1.0074481660397774
69.75	1.0063875776733495
69.85	1.0076201744140676
69.94999999999999	1.006090607117451
70.05	NaN
70.14999999999999	1.0041169649229136
70.25	1.0044130721266027
70.35	1.002838485926478
70.44999999999999	1.0020818677218601
70.55	1.000800568578544
70.64999999999999	1.0007655619320712
70.75	1.0015613466197377
70.85	0.9987194896160473
70.94999999999999	0.9987571486563123
71.05	0.9974203505716774
71.14999999999999	NaN
71.25	0.9963999140578098
71.35	NaN
71.44999999999999	0.9950974344339945
71.55	0.9944477290355296
71.64999999999999	0.994099972438493
71.75	0.9929999014102628
71.85	NaN
71.94999999999999	NaN
72.05	0.9930535180331745
72.14999999999999	NaN
72.25	0.9927938089719074
72.35	0.9923662136805268
72.44999999999999	NaN
72.55	NaN
72.64999999999999	0.9930374689165795
72.75	0.9940852267570632
72.85	0.9932461213313056
72.94999999999999	NaN
73.05	0.9958466539443777
73.14999999999999	0.9950620704746974
73.25	0.9938097563405717
73.35	0.9966708136279339
73.44999999999999	0.9970216394019754
73.55	0.9968791643330766
73.64999999999999	0.9977474748736558
73.75	0.9972626845444977
73.85	0.9989238446734683
73.94999999999999	NaN
74.05	NaN
74.14999999999999	1.0029496454534108
74.25	1.0001172550165007
74.35	1.0028663381492018
74.44999999999999	1.0035658771936222
74.55	1.0049830327409859
74.64999999999999	NaN
74.75	NaN
74.85	1.0059341096245997
74.94999999999999	1.0070576143630532
75.05	1.0040257922245304
75.14999999999999	1.007264287354325
75.25	1.0064170698770551
75.35	1.0047259192574498
75.44999999999999	1.0079762077717256
75.55	1.0065475604952066
75.64999999999999	1.006993598717556
75.75	NaN
75.85	1.0067228620102486
75.94999999999999	NaN
76.05	1.0049871831178392
76.14999999999999	1.0058849577525208
76.25	1.004725389016535
76.35	1.003394577152939
76.44999999999999	NaN
76.55	1.002811827391412
76.64999999999999	1.002272866570004
76.75	NaN
76.85	1.000496541281853
76.95	0.9980929331022969
77.05	0.9973790976767783
77.14999999999999	0.9991296606597189
77.25	NaN
77.35	NaN
77.45	NaN
77.55	0.9965673588340537
77.64999999999999	NaN
77.75	0.9955586243716028
77.85	0.9950531923355962
77.95	NaN
78.05	0.9947533658123076
78.14999999999999	NaN
78.25	0.9933246836913977
78.35	0.9930526265282098
78.45	NaN
78.55	NaN
78.64999999999999	NaN
78.75	0.9940849618172891
78.85	0.9940188019116124
78.95	0.9935708677315827
79.05	NaN
79.14999999999999	NaN
79.25	0.9956348135287215
79.35	0.9953149303825549
79.45	NaN
79.55	0.995681360586777
79.64999999999999	NaN
79.75	0.9975491846957588
79.85	0.9988107322283449
