0.15	0.037441253046725104
0.25	0.036954235424716535
0.35	0.036952942462614116
0.45	0.03687988205198409
0.55	0.0373519197580687
0.65	0.03752644183438964
0.7500000000000001	0.03836663473673068
0.85	0.038815286925013834
0.95	0.039186976930739914
1.05	0.03953560985574569
1.15	0.04034831349287594
1.25	0.04085589202693481
1.35	0.04170248916743725
1.45	0.0427064658138019
1.55	0.04372422190314479
1.65	0.044765470384712604
1.75	0.04615984617639185
1.85	0.047554210826481626
1.95	0.04862994484627277
2.05	0.050415343962257234
2.15	0.05198799218198854
2.25	0.053922613638803796
2.35	0.055964079902635466
2.45	0.05798564364338478
2.5500000000000003	0.06025581543363596
2.65	0.06304456330004077
2.75	0.06603451087028794
2.85	0.06905655805722541
2.95	0.07249472888978327
3.0500000000000003	0.07629774137218256
3.15	0.08031903536845246
3.25	0.0848264275878107
3.35	0.08990694124268657
3.45	0.0956470242059267
3.5500000000000003	0.10155509395036574
3.65	0.1078702730360058
3.75	0.11561948265639006
3.85	0.12365806701985009
3.95	0.13374955352587933
4.05	0.14351603965462117
4.1499999999999995	0.1554570046096604
4.25	0.1683995519496502
4.35	0.18334326326186517
4.449999999999999	0.20027481890493326
4.55	0.21973649435842924
4.6499999999999995	0.24200580282548056
4.75	0.2680670675821574
4.85	0.29441863081421676
4.95	0.3301788528994769
5.05	0.36895382655853026
5.1499999999999995	0.4131973662733425
5.25	0.4633448806915524
5.35	0.5229074755887161
5.45	0.597085221289844
5.55	0.6768455935534032
5.6499999999999995	0.7733087610730651
5.75	0.8857147037351978
5.85	1.0137695528023103
5.95	1.1483987670591786
6.05	1.3080043264956684
6.1499999999999995	1.4823664452105596
6.25	1.6471380242641127
6.35	1.8123299100890269
6.45	1.9530981593230015
6.55	2.0646895638539093
6.6499999999999995	2.1240283512158356
6.75	2.1370814553545845
6.85	2.104481930161512
6.95	2.0358725796273895
7.05	1.9306666684615585
7.1499999999999995	1.8196050820839689
7.25	1.7054884890778992
7.35	1.587180012700467
7.45	1.4763070995481762
7.55	1.373111235727614
7.6499999999999995	1.2794905888058534
7.75	1.1956873423269838
7.85	1.122726630288634
7.95	1.0534087552921836
8.05	0.996177662148938
8.15	0.9452576958479649
8.25	0.9018744139774904
8.350000000000001	0.8642890664818935
8.450000000000001	0.829932280371321
8.55	0.8004056050098441
8.65	0.7768095298725386
8.75	0.7571368110651355
8.850000000000001	0.737118182110123
8.950000000000001	0.7228698363144737
9.05	0.711776259250077
9.15	0.7014104897267761
9.25	0.6945264932270624
9.350000000000001	0.689061232454718
9.450000000000001	0.68713593291478
9.55	0.6870505447018458
9.65	0.6866819941815795
9.750000000000002	0.6902482563275066
9.85	0.696331894852698
9.95	0.7023781258916123
10.049999999999999	0.7103185069277888
10.149999999999999	0.7215419483619815
10.25	0.7342112981618392
10.35	0.7474237235212328
10.45	0.763193708056065
10.549999999999999	0.7786516505581036
10.649999999999999	0.7979558791823999
10.75	0.819027825565246
10.85	0.8385926001656836
10.95	0.8614520333852748
11.049999999999999	0.8862452777256583
11.149999999999999	0.91026434075874
11.25	0.9359816092154494
11.35	0.9634519992088607
11.45	0.9896226229738336
11.549999999999999	1.0179591165841646
11.649999999999999	1.0453785695646056
11.75	1.07087627492333
11.85	1.0978319604196118
11.95	1.1214147402684294
12.049999999999999	1.1471391071153099
12.149999999999999	1.1652733709355596
12.25	1.186451932190766
12.35	1.2037369545316448
12.45	1.216704864482772
12.549999999999999	1.2278926040547087
12.649999999999999	1.2340041986812502
12.75	1.2391012798567462
12.85	1.2408415457429338
12.95	1.2383903634780424
13.049999999999999	1.233866791458087
13.149999999999999	1.225933652116655
13.25	1.2144697853250421
13.35	1.2011234942794857
13.45	1.1878374882007252
13.549999999999999	1.1684824164432077
13.649999999999999	1.150595627527966
13.75	1.1301627173816355
13.85	1.1087256077319063
13.95	1.087732437358977
14.049999999999999	1.068422645594965
14.149999999999999	1.044901443079101
14.25	1.0267663685991604
14.35	1.0069573024467753
14.45	0.9872649926968236
14.549999999999999	0.9684007460945894
14.649999999999999	0.9531529353428081
14.75	0.9368616903208539
14.85	0.9231531848129471
14.95	0.9112205028135242
15.049999999999999	0.900691210659216
15.149999999999999	0.8900374754237402
15.25	0.881089724589609
15.35	0.8753002088994094
15.45	0.8689649675429865
15.549999999999999	0.8626149391396409
15.649999999999999	0.8592435979813575
15.75	0.8580275278069616
15.85	0.8590617423256564
15.95	0.8597441701456399
16.05	0.8595981357241654
16.15	0.8624212383374638
16.25	0.8677263003349771
16.349999999999998	0.8719043713347847
16.45	0.8779498267121594
16.55	0.885827500159375
16.65	0.8944463338520682
16.75	0.903123994118993
16.849999999999998	0.9122678373032835
16.95	0.9236742189703032
17.05	0.9343801779579181
17.15	0.945818389556211
17.25	0.955897903069124
17.349999999999998	0.9726251430203909
17.45	0.9819054772595213
17.55	0.9970907846636211
17.65	1.0067882195106321
17.75	1.0211289828180437
17.849999999999998	1.031654712600934
17.95	1.0429258910909376
18.05	1.0564181709916736
18.15	1.0670487975097322
18.25	1.0753963764205665
18.349999999999998	1.0838228213346885
18.45	1.0941491865980018
18.55	1.0965899112222939
18.65	1.101457342728589
18.75	1.1073878364963683
18.849999999999998	1.1092317054795429
18.95	1.1101504878812842
19.05	1.1095009016311368
19.15	1.109281982712109
19.25	1.1069861286823275
19.35	1.102290520544556
19.45	1.0972363601661668
19.55	1.0934496003674832
19.65	1.0845531962796637
19.75	1.0792309877007062
19.85	1.0722236896982742
19.95	1.062553609998324
20.05	1.0531141141786906
20.15	1.045081843169289
20.25	1.0337062527119156
20.35	1.0231847095081215
20.45	1.0161838838997648
20.55	1.0035169902258116
20.65	0.9966594881676503
20.75	0.987221317762448
20.85	0.9786103821077977
20.95	0.9716040688138963
21.05	0.963959268371455
21.15	0.9574770421523441
21.25	0.9499127609769691
21.35	0.9441723278259819
21.45	0.9391568371485368
21.55	0.935055489753407
21.65	0.9299307254549397
21.75	0.9279186538486366
21.85	0.9252015606157682
21.95	0.9229148107744066
22.05	0.9233147411011327
22.15	0.9233755758423093
22.25	0.9248981190977873
22.35	0.9238599588931615
22.45	0.9275874860217792
22.55	0.9302118943579206
22.65	0.9312737280421349
22.75	0.9377086531475752
22.85	0.9410659682297635
22.95	0.944767264552715
23.05	0.9511676158647113
23.15	0.9561072338389404
23.25	0.9625736886169337
23.35	0.970987540721567
23.45	0.9749486132528907
23.55	0.9824020323760942
23.65	0.9896042721001698
23.75	0.9970498194126217
23.85	1.0048148619329536
23.95	1.011166507097538
24.05	1.016221457598967
24.15	1.0257234814151173
24.25	1.0311903128305648
24.35	1.0384886143600844
24.45	1.041912605540713
24.55	1.046548692178939
24.65	1.0528020868129535
24.75	1.05481732568264
24.85	1.055596073617858
24.95	1.0604683942779212
25.05	1.0565988791001053
25.15	1.0650426978226888
25.25	1.062687886962892
25.35	1.063321329776507
25.45	1.0632351419747776
25.55	1.0601529150988467
25.65	1.0556634494724535
25.75	1.0551813965527115
25.85	1.0520600069970225
25.95	1.0497363781382347
26.05	1.0432213237248171
26.15	1.0377618989936932
26.25	1.0342129457060216
26.35	1.028002524748851
26.45	1.022952933627577
26.55	1.0187818847110983
26.65	1.01127877272259
26.75	1.0056784119297852
26.85	1.0004424249842412
26.95	0.9933926753666968
27.05	0.9894642558769612
27.15	0.9850343236361147
27.25	0.9791814090018444
27.35	0.9745880155136674
27.45	0.9708447211160569
27.55	0.9659863836770313
27.65	0.9636875005579211
27.75	0.9614499422095324
27.85	0.9573118116314967
27.95	0.9557668036386665
28.05	0.9557074607520777
28.15	0.9523692774470462
28.25	0.9525508357483947
28.35	0.9521779164851646
28.45	0.951180452020154
28.55	0.9512129090020058
28.65	0.9537575664475075
28.75	0.9560137867031937
28.85	0.9546300107180106
28.95	0.958682905117548
29.05	0.9627313782576687
29.15	0.965051556197417
29.25	0.9691390204194515
29.35	0.97202596043068
29.45	0.9755154790318838
29.55	0.9792599993171652
29.65	0.9826609842044804
29.75	0.9875505507782917
29.85	0.9917760708725429
29.95	NaN
30.05	1.0007514409031921
30.15	1.005498271462664
30.25	1.00993302149994
30.35	1.0121482576521166
30.45	1.0173937174065122
30.55	1.0228742908564932
30.65	1.025660502772224
30.75	1.0282117411620555
30.85	1.0333761058516737
30.95	1.0341826893302088
31.05	1.035095629691587
31.15	1.0389397031408134
31.25	1.0411463580050346
31.35	1.03891204071093
31.45	1.0423782599126417
31.55	1.041821517014121
31.65	1.041939227969183
31.75	NaN
31.85	1.0380609004512382
31.95	1.036176794835944
32.05	1.0347650244056181
32.15	1.0330683111303303
32.25	1.0299084633661193
32.35	1.0269936320945372
32.45	1.024335604388609
32.55	1.0205901859590134
32.65	1.0170374442858963
32.75	1.014572699589773
32.85	1.0089177860517524
32.95	1.005715499053647
33.05	1.0042086262599241
33.15	1.0005058955914667
33.25	0.9952753428438633
33.35	0.9919983308774813
33.45	0.9883170817246787
33.55	0.984325472583823
33.65	0.9821799716516347
33.75	0.9797155517506763
33.85	0.9778285800166471
33.95	0.9738047006857338
34.05	0.9731275450261992
34.15	0.9735492530201817
34.25	0.9703445168192294
34.35	0.9677444741837857
34.45	0.9685780993634077
34.55	0.966019434160467
34.65	0.9673616190495543
34.75	0.9680138486080978
34.85	0.9688040070034304
34.95	0.967994696542605
35.05	0.9726865331690935
35.15	0.9725497847150915
35.25	0.9728324679514158
35.35	0.9748668720446586
35.45	0.9786492328969324
35.55	0.9784812982102711
35.65	0.9822969517951838
35.75	0.9841346970334215
35.85	0.9880887397006675
35.95	0.9897199427884443
36.05	0.9922698148334977
36.15	0.9959934579709313
36.25	0.9995904429190074
36.35	1.0022403533443494
36.45	1.0046603574566129
36.55	1.0093272374026303
36.65	NaN
36.75	1.01640346078263
36.85	1.0151161533163395
36.95	1.018458123823515
37.05	1.0191042989532404
37.15	1.0229722965898564
37.25	1.0237062827879295
37.35	1.024532593634378
37.45	1.0252988475495803
37.55	1.027145253034742
37.65	1.0285065333999095
37.75	1.0275591391715817
37.85	1.0284679105487657
37.95	1.0330285250282822
38.05	NaN
38.15	NaN
38.25	1.0258314830262731
38.35	1.022742678035443
38.45	1.0217121378766847
38.550000000000004	1.0193520729309344
38.65	1.0164934702560575
38.75	1.0159241871026452
38.85	1.0129675597012726
38.95	1.010167016681033
39.050000000000004	1.0074668951121641
39.15	1.006236768375392
39.25	1.0046646698764492
39.35	1.002721308054791
39.45	0.9988273345830091
39.550000000000004	0.9954909582386016
39.65	NaN
39.75	0.9921722203556447
39.85	0.987902753341151
39.95	0.9868317489341464
40.050000000000004	0.9853723611280476
40.15	0.9800213614780318
40.25	0.9798456153250421
40.35	NaN
40.45	0.9786179940304707
40.550000000000004	0.9766234461180185
40.65	0.9764086980254306
40.75	0.9789853521819907
40.85	0.9781033730935978
40.95	0.9766401266986844
41.050000000000004	0.9791800641650145
41.15	0.9772506790161897
41.25	0.978145374974738
41.35	0.9773326853657223
41.45	0.9798633431489304
41.550000000000004	0.9831571496863073
41.65	0.9817102403722836
41.75	0.983567664507943
41.85	0.9858265438854165
41.95	0.987171034053176
42.050000000000004	0.9890342730028058
42.15	0.9928583035552055
42.25	0.9956206668440574
42.35	0.9978015120076874
42.45	0.9977403966243757
42.550000000000004	1.000938532934768
42.65	1.0049409129520972
42.75	0.9984882315230207
42.85	1.0061615761968474
42.95	1.0076067910575048
43.050000000000004	1.0118625709924285
43.15	NaN
43.25	1.0145825931542247
43.35	1.0164309635902522
43.45	1.017659766127632
43.550000000000004	1.0196166491574077
43.65	NaN
43.75	NaN
43.85	1.0190477488379475
43.95	1.0207871093426522
44.050000000000004	1.0213803494152396
44.15	1.0204347785879315
44.25	1.0201766462950599
44.35	1.0207730855667074
44.45	NaN
44.550000000000004	1.0173041385186763
44.65	1.0165264161118979
44.75	1.016215202351016
44.85	1.0133501888698402
44.95	1.0132288748144598
45.050000000000004	1.010311981074935
45.15	1.0083312600193852
45.25	1.0053288090921912
45.35	1.0056167594658167
45.45	1.0045130133270754
45.550000000000004	1.0023417335458848
45.65	1.0005762995595584
45.75	NaN
45.85	0.9969863548764254
45.95	NaN
46.050000000000004	0.9923842394549208
46.15	0.9936510880416252
46.25	0.9901939465106517
46.35	NaN
46.45	0.9849771658115118
46.550000000000004	0.9849128234408158
46.65	NaN
46.75	0.9831518315048602
46.85	0.9832363773392401
46.95	0.9813782168968922
47.050000000000004	0.9837648393432159
47.15	0.9830489188546998
47.25	0.981737684970437
47.35	0.9827187213034635
47.45	NaN
47.550000000000004	0.9814656166937396
47.65	0.9831405063066435
47.75	0.9845953117360227
47.85	0.9860427110547899
47.95	0.9865968534207852
48.050000000000004	0.9850799146838152
48.15	0.988885330483435
48.25	0.9902920973521485
48.35	0.9919727529735977
48.45	0.9937174223070186
48.550000000000004	0.9941461628048258
48.65	0.9989923522305902
48.75	0.9994231551954476
48.85	1.0009940147665077
48.95	1.0043519819992783
49.050000000000004	1.003476883355351
49.15	1.005958874232678
49.25	1.0066951795394161
49.35	1.0092337875463049
49.45	1.0101513489689438
49.550000000000004	1.013196182695101
49.65	1.0118208498701151
49.75	NaN
49.85	1.0137395345772002
49.95	1.0155552454848034
50.050000000000004	1.015173673354748
50.15	1.013776092226353
50.25	1.01593059578076
50.35	1.0155379735222048
50.45	1.0151716028587732
50.550000000000004	1.0150401684801842
50.65	1.014803380713414
50.75	1.0166177793367703
50.85	1.0122084344782278
50.95	1.0151077006239728
51.050000000000004	1.0108146659274786
51.15	1.0117402527675727
51.25	1.0096109954205241
51.35	1.008218967777586
51.45	1.0062695277327278
51.550000000000004	1.0058674333693949
51.65	1.002771746782962
51.75	0.9992822105281108
51.85	1.0003261028927268
51.95	0.9987569271484112
52.050000000000004	0.9985351361019477
52.15	NaN
52.25	0.9959185105519621
52.35	0.9949629732248239
52.45	0.9890868458072194
52.550000000000004	0.9920877030855092
52.65	0.9885511030110085
52.75	0.9894260230126937
52.85	0.9887544764518534
52.95	0.9861196109246116
53.050000000000004	0.9882374783964104
53.15	0.9861162601123723
53.25	0.9887057017865234
53.35	0.9863297892570712
53.45	0.9857569430007018
53.550000000000004	0.9853527768609527
53.65	0.9863215654618259
53.75	0.9872301304882343
53.85	0.9867164226775277
53.95	0.9851796636533096
54.050000000000004	0.9880196190748319
54.15	0.989920258694472
54.25	0.9905006411132475
54.35	0.9910529635727371
54.45	0.9912522645417934
54.550000000000004	NaN
54.65	0.9943380618643567
54.75	0.9966477024896316
54.85	0.9980799524783356
54.95	0.9991292059940207
55.050000000000004	0.9990698637434712
55.15	1.002994808793605
55.25	1.0022796498053756
55.35	1.003947753373861
55.45	1.003929726736067
55.550000000000004	1.0065600304782567
55.65	NaN
55.75	1.0057822908050738
55.85	1.0084048286662142
55.95	1.0096179200697735
56.050000000000004	1.0124850250534998
56.15	1.00797209560391
56.25	1.0089029693588625
56.35	1.0020640170348685
56.45	1.0116155126237465
56.550000000000004	1.0128008540801678
56.65	1.0131856561305383
56.75	1.0111333200696837
56.85	1.011821394053632
56.95	1.011910647972399
57.050000000000004	1.0133565931073583
57.15	1.0110250002330297
57.25	1.0105360646092574
57.35	1.00882106740797
57.45	1.00616300194956
57.550000000000004	NaN
57.65	1.0050171578747418
57.75	1.0062890282299373
57.85	1.0022420353188821
57.95	1.0029224891012813
58.050000000000004	NaN
58.15	1.001043322077366
58.25	1.0000208238694053
58.35	0.9972770412588491
58.45	0.9961309633309368
58.550000000000004	0.9957776244829263
58.65	0.9934773956817549
58.75	NaN
58.85	0.9920514577925528
58.95	0.9924879706424633
59.050000000000004	0.9911763535268008
59.15	0.9891650592110861
59.25	0.990124129554853
59.35	0.9892307249121558
59.45	0.9887770214624712
59.550000000000004	0.989354420532108
59.65	NaN
59.75	0.9886241948664305
59.85	0.9893509132392553
59.95	0.9881999547851097
60.050000000000004	0.9890425604330839
60.15	0.9903792626885576
60.25	0.9909237188046452
60.35	NaN
60.45	0.9897991530424567
60.550000000000004	0.9927970301784578
60.65	0.9939072549379875
60.75	0.9926180708115919
60.85	NaN
60.95	0.9954270940492412
61.050000000000004	0.9973024258250691
61.15	0.9970290947587506
61.25	0.9976125298226565
61.35	0.9983744783793093
61.45	1.0008448761236173
61.550000000000004	1.001771783273099
61.65	1.002587167961197
61.75	1.0036587023836536
61.85	1.004411149987217
61.95	NaN
62.050000000000004	1.0053608585217124
62.15	1.0061114305167091
62.25	1.0092711665605492
62.35	1.0113064347221095
62.45	NaN
62.550000000000004	1.009224519909902
62.65	NaN
62.75	NaN
62.85	1.0106661283036422
62.95	1.0099542158651842
63.050000000000004	1.0082673670279558
63.15	1.0103728781377017
63.25	1.0110598482879918
63.35	1.0092410222768786
63.45	1.009888003995725
63.550000000000004	1.0086008400607827
63.65	NaN
63.75	1.0076389446257386
63.85	NaN
63.95	1.005015539459022
64.05	1.0032376222492259
64.14999999999999	1.0032650084188648
64.25	1.0012647410295812
64.35	NaN
64.44999999999999	0.9983457147895368
64.55	0.9994553284889519
64.64999999999999	0.9972570506789652
64.75	0.9969707536761758
64.85	0.9967372223987229
64.94999999999999	0.9952980179453516
65.05	0.9947074015297032
65.14999999999999	NaN
65.25	0.9928963510963008
65.35	0.990021742664699
65.44999999999999	0.9924877357464817
65.55	0.9912285861105151
65.64999999999999	NaN
65.75	0.9946438960324036
65.85	0.990858599624177
65.94999999999999	NaN
66.05	NaN
66.14999999999999	0.9912485106277865
66.25	0.9930253055364205
66.35	0.9916510697913367
66.44999999999999	0.9913276220517158
66.55	NaN
66.64999999999999	0.9937595940431311
66.75	0.9927457034152761
66.85	NaN
66.94999999999999	NaN
67.05	NaN
67.14999999999999	NaN
67.25	0.997625145350805
67.35	NaN
67.44999999999999	NaN
67.55	0.9983001102562891
67.64999999999999	0.9996031192116511
67.75	1.00192122194462
67.85	1.0020011595208926
67.94999999999999	NaN
68.05	1.0038379082311593
68.14999999999999	1.003427424068491
68.25	1.0050055960814734
68.35	1.0058376842875556
68.44999999999999	1.0065349938247674
68.55	1.0064306974049202
68.64999999999999	NaN
68.75	1.0070451718190008
68.85	1.0075697894760134
68.94999999999999	1.006701680406648
69.05	NaN
69.14999999999999	1.0093477146325418
69.25	NaN
69.35	1.0091279245684275
69.44999999999999	1.0084154233775702
69.55	1.007466704122107
69.64999999999999	1.006855091371182
69.75	1.006984653795115
69.85	1.0067516754326176
69.94999999999999	1.004626349363544
70.05	NaN
70.14999999999999	1.004249491389364
70.25	1.0045771538078931
70.35	1.0038079707051693
70.44999999999999	1.0024013842885735
70.55	1.0035249395120245
70.64999999999999	1.0007097652040584
70.75	1.000226995512859
70.85	0.9993493106696053
70.94999999999999	0.9982988532475834
71.05	0.9978200885881727
71.14999999999999	NaN
71.25	0.9952411214064234
71.35	NaN
71.44999999999999	0.9926766719950343
71.55	0.9953155864497413
71.64999999999999	0.9937742136213311
71.75	0.9929916223772411
71.85	NaN
71.94999999999999	NaN
72.05	0.9928729827402203
72.14999999999999	NaN
72.25	0.9923146820625504
72.35	0.9915989337049834
72.44999999999999	NaN
72.55	NaN
72.64999999999999	0.9926207998093554
72.75	0.9934569834742302
72.85	0.9917071169026945
72.94999999999999	NaN
73.05	0.9939989198665852
73.14999999999999	0.9954758351274169
73.25	0.9958515313239799
73.35	0.9981329857664241
73.44999999999999	0.9972685583904692
73.55	0.9979183130572323
73.64999999999999	0.9959013540411258
73.75	0.9992433099222188
73.85	1.0002087903540098
73.94999999999999	NaN
74.05	NaN
74.14999999999999	1.0016501050187117
74.25	1.0030594394192016
74.35	1.0035749532763842
74.44999999999999	1.0031237799265722
74.55	1.0044223394248681
74.64999999999999	NaN
74.75	NaN
74.85	1.006524188688277
74.94999999999999	1.0060324020672786
75.05	1.0048870870443436
75.14999999999999	1.007920515509923
75.25	1.0068809822034381
75.35	1.0061583031344314
75.44999999999999	1.0055103851566076
75.55	1.0069957007370112
75.64999999999999	1.007619552183977
75.75	NaN
75.85	1.0071733671936818
75.94999999999999	NaN
76.05	1.0056416284940022
76.14999999999999	1.00507188477301
76.25	1.005495088662296
76.35	1.004485106390311
76.44999999999999	NaN
76.55	1.002999600301733
76.64999999999999	1.001463753727341
76.75	NaN
76.85	1.0003073805542064
76.95	0.9974251991906319
77.05	1.0006717574250463
77.14999999999999	0.9993566751993631
77.25	NaN
77.35	NaN
77.45	NaN
77.55	0.996982501298637
77.64999999999999	NaN
77.75	0.9939015846493087
77.85	0.9946018365038384
77.95	NaN
78.05	0.9939803579776937
78.14999999999999	NaN
78.25	0.994119434350939
78.35	0.9931062812740926
78.45	NaN
78.55	NaN
78.64999999999999	NaN
78.75	0.9936283638738648
78.85	0.9937053974897503
78.95	0.9937174757478002
79.05	NaN
79.14999999999999	NaN
79.25	0.9947927650748163
79.35	0.9959898878383846
79.45	NaN
79.55	0.9960865904162702
79.64999999999999	NaN
79.75	0.9965907826067846
79.85	0.9967988537867297
