0.15	0.03742949272481939
0.25	0.036189340976115
0.35	0.036675819085739206
0.45	0.03725352677315436
0.55	0.03724700296985511
0.65	0.037562857022393675
0.7500000000000001	0.03825226045128724
0.85	0.03853902632706089
0.95	0.039262704524961764
1.05	0.039618911104276705
1.15	0.04026146451566784
1.25	0.04110947365494399
1.35	0.04186026113457983
1.45	0.04287390624209397
1.55	0.043688873338430856
1.65	0.044654580082618946
1.75	0.046184386572628314
1.85	0.04738787666330813
1.95	0.04877372378765987
2.05	0.05020542437127256
2.15	0.05198125319639815
2.25	0.053968005330356866
2.35	0.0560381393690183
2.45	0.0578092793221536
2.5500000000000003	0.060170338368366674
2.65	0.06301901180212811
2.75	0.06604995777236844
2.85	0.06899302399045211
2.95	0.07243957209929906
3.0500000000000003	0.07606193513901158
3.15	0.08018622876324898
3.25	0.08485001914060274
3.35	0.08986497822379588
3.45	0.09546665196041505
3.5500000000000003	0.101630987296964
3.65	0.10783522565522159
3.75	0.11585091386047738
3.85	0.12377832407920837
3.95	0.13372516093876838
4.05	0.14361975540443844
4.1499999999999995	0.15522076798758722
4.25	0.1681086538298435
4.35	0.18340312338648107
4.449999999999999	0.20027532511205348
4.55	0.21998897679772783
4.6499999999999995	0.24160010288939418
4.75	0.267888083887452
4.85	0.294675795579366
4.95	0.3307491182293348
5.05	0.3690440845239281
5.1499999999999995	0.4125951162632772
5.25	0.4641036606771054
5.35	0.5241748843631581
5.45	0.5976535968390281
5.55	0.6761568332259846
5.6499999999999995	0.7738886237886831
5.75	0.8868876622780134
5.85	1.0133795373539405
5.95	1.1500724358052166
6.05	1.3057533625323225
6.1499999999999995	1.4793603122385692
6.25	1.64878238811418
6.35	1.8130074551104165
6.45	1.9568923880275495
6.55	2.0628212665696632
6.6499999999999995	2.1221290832946376
6.75	2.138023085704833
6.85	2.1044689503467024
6.95	2.0311212245352084
7.05	1.9284055776263527
7.1499999999999995	1.820259330421523
7.25	1.7011659545023556
7.35	1.5908438046863544
7.45	1.473884604635065
7.55	1.3716819458836764
7.6499999999999995	1.2826870066077047
7.75	1.1946221322495714
7.85	1.1223374558040295
7.95	1.054057914393317
8.05	0.9963439085187885
8.15	0.9460365519623388
8.25	0.9032196853881566
8.350000000000001	0.8635247015995141
8.450000000000001	0.8297772050557065
8.55	0.8010546701961915
8.65	0.7760793885989674
8.75	0.7546295518886356
8.850000000000001	0.73639438835902
8.950000000000001	0.7235745885508
9.05	0.7117252191123521
9.15	0.700963080867277
9.25	0.6947391472052142
9.350000000000001	0.6903183230001864
9.450000000000001	0.6875287334113517
9.55	0.6847919627907209
9.65	0.6874299437729197
9.750000000000002	0.6908719816319651
9.85	0.6955459915509994
9.95	0.703494633611475
10.049999999999999	0.7108510211184295
10.149999999999999	0.7230156063745174
10.25	0.7329682871269046
10.35	0.7473810406100743
10.45	0.763615017299286
10.549999999999999	0.7784383807180226
10.649999999999999	0.7982472284423031
10.75	0.8187016516585178
10.85	0.8418534207990487
10.95	0.862367099744914
11.049999999999999	0.8854706829052261
11.149999999999999	0.910713931030841
11.25	0.936968465194383
11.35	0.9646057154905562
11.45	0.9902708837086319
11.549999999999999	1.0184714256878045
11.649999999999999	1.043532625922935
11.75	1.0706066498041453
11.85	1.0957763753484033
11.95	1.1218416980923858
12.049999999999999	1.1456957188369623
12.149999999999999	1.1686240578999911
12.25	1.1845397362092127
12.35	1.2026380657352413
12.45	1.2167494447769296
12.549999999999999	1.2284401218758219
12.649999999999999	1.2358812928173124
12.75	1.2396944712699975
12.85	1.240334251300165
12.95	1.2383267023980502
13.049999999999999	1.237306385388486
13.149999999999999	1.2259922088910367
13.25	1.2165561488734387
13.35	1.2030467785887777
13.45	1.1863793546520207
13.549999999999999	1.167978630876732
13.649999999999999	1.1499517488797337
13.75	1.1289795534295464
13.85	1.1086106607334596
13.95	1.0873650524539977
14.049999999999999	1.0654920862728445
14.149999999999999	1.04538747893354
14.25	1.0244556714900312
14.35	1.0078706176583505
14.45	0.9870229944564692
14.549999999999999	0.9710677638627705
14.649999999999999	0.9523981860679308
14.75	0.9374132643323901
14.85	0.9237325730289323
14.95	0.9109541859520138
15.049999999999999	0.9005536750206539
15.149999999999999	0.8917280065354949
15.25	0.8809998862742251
15.35	0.8733802000070368
15.45	0.8684011876664208
15.549999999999999	0.864844284953764
15.649999999999999	0.8604802802372934
15.75	0.859605671032893
15.85	0.8589407339595397
15.95	0.8593271389847394
16.05	0.8601998379892007
16.15	0.8625948500153429
16.25	0.8678903799807967
16.349999999999998	0.8732447586475972
16.45	0.8802066485316741
16.55	0.8872920076357245
16.65	0.8933527961748754
16.75	0.9017532942639843
16.849999999999998	0.9132883274896475
16.95	0.9230197149917961
17.05	0.933606976519308
17.15	0.9478079609402414
17.25	0.9572244603994088
17.349999999999998	0.9723233673965248
17.45	0.9834206904082013
17.55	0.9960014929404563
17.65	1.007315257019605
17.75	1.020531318048703
17.849999999999998	1.0337467286490964
17.95	1.0480626526381995
18.05	1.0561076327165264
18.15	1.0653565024570515
18.25	1.0754647158383532
18.349999999999998	1.0842476837171613
18.45	1.0905926031667323
18.55	1.0966513888000282
18.65	1.1011268946339807
18.75	1.1098607427899299
18.849999999999998	1.1121498317738436
18.95	1.1116748311432152
19.05	1.1094567905854207
19.15	1.1091824750748032
19.25	1.106114596513478
19.35	1.1022017132049846
19.45	1.0983928378160115
19.55	1.094217755126021
19.65	1.0847441001003235
19.75	1.076146670003971
19.85	1.0704176453140801
19.95	1.0623968002446513
20.05	1.0528711779892428
20.15	1.0435033274543928
20.25	1.0338222064106868
20.35	1.0263144458038704
20.45	1.013577802808975
20.55	1.0060305011296278
20.65	0.997326804295263
20.75	0.987562089844098
20.85	0.9793129769151021
20.95	0.9688383272388665
21.05	0.964433926864565
21.15	0.9578408763149188
21.25	0.9508177399635169
21.35	0.9430273509164828
21.45	0.9407935967885859
21.55	0.9343186564987738
21.65	0.9304660326654736
21.75	0.927606959708191
21.85	0.925482754446011
21.95	0.924273452723355
22.05	0.9224279672934204
22.15	0.9222711305541066
22.25	0.9239060388346225
22.35	0.9247364982748406
22.45	0.9279262927156904
22.55	0.929957737374902
22.65	0.9331354977368923
22.75	0.9380655742557953
22.85	0.9393603041965916
22.95	0.9454196171600532
23.05	0.9515864434159247
23.15	0.9559734274530168
23.25	0.9628230496419401
23.35	0.9690764118804133
23.45	0.9755723015508608
23.55	0.9825109584497863
23.65	0.9915768077897631
23.75	0.9971498368566803
23.85	1.0042388515910519
23.95	1.0142016880946285
24.05	1.018989971399889
24.15	1.0249901223856814
24.25	1.0303520356891305
24.35	1.0357709497472625
24.45	1.0426139337481455
24.55	1.047362801187902
24.65	1.0535397459715297
24.75	1.0542491707588102
24.85	1.057812089647613
24.95	1.0602434932101754
25.05	1.060871847457745
25.15	1.0635885583113769
25.25	1.063890814229419
25.35	1.0645975670276517
25.45	1.0625763236620984
25.55	1.060018945574577
25.65	1.0561554388482322
25.75	1.0552052535045628
25.85	1.0503846115934472
25.95	1.0476685990407668
26.05	1.0428602279841135
26.15	1.0370778808727672
26.25	1.0334769085704727
26.35	1.0265801456656696
26.45	1.0215066559832118
26.55	1.0164694739888553
26.65	1.0094444671518465
26.75	1.0061742704937853
26.85	0.9987382208666813
26.95	0.9944259261568419
27.05	0.9891937742307424
27.15	0.9831964733587781
27.25	0.9807277020533193
27.35	0.9743608290099967
27.45	0.9698710839248109
27.55	0.9666498493906479
27.65	0.9622848095190131
27.75	0.9604118909300692
27.85	0.9557559505834338
27.95	0.9563272196974283
28.05	0.954347764420595
28.15	0.9522909753585267
28.25	0.9518328737502609
28.35	0.9525406025593829
28.45	0.9507251555731354
28.55	0.9513063725305518
28.65	0.9539659709190691
28.75	0.9532319954559721
28.85	0.956669938318439
28.95	0.9583452584614717
29.05	0.9620562648293748
29.15	0.9636481444006909
29.25	0.9669340732689179
29.35	0.9726230545878431
29.45	0.9760087432375399
29.55	0.9793106685323093
29.65	0.9829253302430369
29.75	0.9873078129459336
29.85	0.9935517712718529
29.95	NaN
30.05	1.0007544162314772
30.15	1.0060016963167844
30.25	1.0070048932377322
30.35	1.0133060208896016
30.45	1.0176434208561973
30.55	1.0238937225427855
30.65	1.0248002266442726
30.75	1.0286530560202587
30.85	1.031471991563994
30.95	1.034881378956442
31.05	1.0373811066041867
31.15	1.0395106103463954
31.25	1.038483355435243
31.35	1.0390236332183322
31.45	1.0410573308541526
31.55	1.041947605574187
31.65	1.040659949189828
31.75	NaN
31.85	1.0401435561908265
31.95	1.0360540630035209
32.05	1.0350752453243688
32.15	1.0332067898687445
32.25	1.0291249466382661
32.35	1.026115684113292
32.45	1.0247025507428726
32.55	1.0216102927788722
32.65	1.0192233422911618
32.75	1.0130852628707154
32.85	1.009243414692692
32.95	1.0071998267825593
33.05	1.0032730876223883
33.15	0.9982916301243896
33.25	0.9942791220853551
33.35	0.9925486074204093
33.45	0.989204438505021
33.55	0.9842552830641632
33.65	0.9816187839430349
33.75	0.9789091259369931
33.85	0.9785280007924041
33.95	0.9742048370596808
34.05	0.9733011096133577
34.15	0.9714375827594222
34.25	0.9692333634457889
34.35	0.9687106098166808
34.45	0.9632673994010801
34.55	0.965692111611687
34.65	0.9661308157235299
34.75	0.9658127582289864
34.85	0.9680422340866561
34.95	0.9680628249557905
35.05	0.9760352650322653
35.15	0.9697501189974482
35.25	0.9714693168319614
35.35	0.9730623863601533
35.45	0.9791480744102817
35.55	0.9789447745686981
35.65	0.9841533312463662
35.75	0.9831240585674976
35.85	0.9872848391003635
35.95	0.989602060563343
36.05	0.993736322071921
36.15	0.9958873228554536
36.25	1.0008170392388056
36.35	1.0013812429260367
36.45	1.0050061859491466
36.55	1.0078662209098517
36.65	NaN
36.75	1.0158828393065222
36.85	1.0167390009761503
36.95	1.0198488408122963
37.05	1.0176625352001596
37.15	1.0229183761652576
37.25	1.025317548445618
37.35	1.0266113908685823
37.45	1.0263042297343645
37.55	1.026384336683558
37.65	1.0281501856963167
37.75	1.0295196777706612
37.85	1.0275237609902217
37.95	1.0266402351163255
38.05	NaN
38.15	NaN
38.25	1.025525666314556
38.35	1.023352864856221
38.45	1.0228435251494377
38.550000000000004	1.0200384861115772
38.65	1.0184967935355083
38.75	1.017413804167779
38.85	1.0127071719452936
38.95	1.0102597108964244
39.050000000000004	1.01088440403998
39.15	1.0048777558621795
39.25	1.0045153926309303
39.35	1.003272511408385
39.45	0.9972057475367285
39.550000000000004	0.9964052980348748
39.65	NaN
39.75	0.9901181747144757
39.85	0.9881768665483467
39.95	0.9862385707360722
40.050000000000004	0.9848632463423332
40.15	0.984348260338611
40.25	0.9820280732220174
40.35	NaN
40.45	0.9779627663578498
40.550000000000004	0.9768498619333605
40.65	0.9769042506027367
40.75	0.975064218687412
40.85	0.9755264876578873
40.95	0.9751440638255079
41.050000000000004	0.9749166461411949
41.15	0.977365510148169
41.25	0.9784412385085176
41.35	0.9807600841346392
41.45	0.9798665612641327
41.550000000000004	0.9815099085697676
41.65	0.981855614592198
41.75	0.9843849826924603
41.85	0.9834534693872148
41.95	0.9869469144249541
42.050000000000004	0.9895861350559191
42.15	0.9899769883450262
42.25	0.9928607277078033
42.35	0.9963637590077657
42.45	0.9956391100817976
42.550000000000004	0.9979791052926839
42.65	1.0019723902553657
42.75	1.0061375552858705
42.85	1.0064088024141435
42.95	1.0094906867861158
43.050000000000004	1.0093119103026071
43.15	NaN
43.25	1.0146775457551103
43.35	1.0153055633131054
43.45	1.0158046393797842
43.550000000000004	1.021897649136147
43.65	NaN
43.75	NaN
43.85	1.0205078252967634
43.95	1.0200979012806497
44.050000000000004	1.0208981172259435
44.15	1.020475560820232
44.25	1.0198902961242728
44.35	1.021929911236861
44.45	NaN
44.550000000000004	1.0182564272020065
44.65	1.0178722003429703
44.75	1.0182945335619666
44.85	1.0163742104167557
44.95	1.0123309207419715
45.050000000000004	1.0125200261492995
45.15	1.0097366974792572
45.25	1.007123957968083
45.35	1.0062469324978716
45.45	1.0045158832124188
45.550000000000004	1.001498601597793
45.65	1.0012819246629183
45.75	NaN
45.85	0.9968759913173791
45.95	NaN
46.050000000000004	0.9912642798379615
46.15	0.991039137512127
46.25	0.9927935848612482
46.35	NaN
46.45	0.9887469300730303
46.550000000000004	0.985735645714358
46.65	NaN
46.75	0.9837843953017834
46.85	0.9824991419783227
46.95	0.9827664807359783
47.050000000000004	0.9834186169064665
47.15	0.9815435416812953
47.25	0.9820064703404713
47.35	0.9824178808738716
47.45	NaN
47.550000000000004	0.9846868936633392
47.65	0.9842405835524187
47.75	0.9845619187675557
47.85	0.985731372403562
47.95	0.9872974459890744
48.050000000000004	0.9888890183776793
48.15	0.9904068936110324
48.25	0.9903889257302391
48.35	0.9936607990062998
48.45	0.9948422908235702
48.550000000000004	0.9981058884699363
48.65	0.9959749995032801
48.75	0.9987051892781454
48.85	1.0003113370509775
48.95	1.001658618259351
49.050000000000004	1.0039199089468052
49.15	1.0076886293505973
49.25	1.0069515385446262
49.35	1.0089119189302393
49.45	1.0114192560320452
49.550000000000004	1.0130569054022587
49.65	1.0128287294805824
49.75	NaN
49.85	1.013465059390511
49.95	1.0144034893142944
50.050000000000004	1.0169891144924519
50.15	1.0147146912826508
50.25	1.0147670285945576
50.35	1.0142556798004452
50.45	1.0149395951940539
50.550000000000004	1.0162709250410684
50.65	1.0136631253688022
50.75	1.0149772980206009
50.85	1.0128643120727325
50.95	1.0136125155852997
51.050000000000004	1.012530939119254
51.15	1.0086431862734342
51.25	1.0096310352402356
51.35	1.0077470167697082
51.45	1.0054144853581604
51.550000000000004	1.0069576901805821
51.65	1.006755896916251
51.75	1.0026390399722351
51.85	1.0009274998946927
51.95	1.000098447223699
52.050000000000004	0.9989429133534636
52.15	NaN
52.25	0.9932296058697926
52.35	0.9961209872562908
52.45	0.9922199701223118
52.550000000000004	0.9936359918069307
52.65	0.9910395632808505
52.75	0.9891195944274555
52.85	0.9880582216807902
52.95	0.9855707842423743
53.050000000000004	0.9868430735723315
53.15	0.9854137021191702
53.25	0.98427287716272
53.35	0.9873172703358484
53.45	0.9835110527906563
53.550000000000004	0.9871376111819203
53.65	0.9864243785420819
53.75	0.9857563913465641
53.85	0.986641763199787
53.95	0.987209840392649
54.050000000000004	0.9875176698203701
54.15	0.9893857746252221
54.25	0.9891113091399034
54.35	0.9920724783141947
54.45	0.991301083103222
54.550000000000004	NaN
54.65	0.9946058026321276
54.75	0.9947647872168804
54.85	0.9977607280357137
54.95	0.9992793290106566
55.050000000000004	0.9995140152472877
55.15	1.0017701304413975
55.25	1.0054971240879418
55.35	1.0049981537166417
55.45	1.0035242138328764
55.550000000000004	1.0065683007923902
55.65	NaN
55.75	1.0067826562777928
55.85	1.0106877831013246
55.95	1.009642392398636
56.050000000000004	1.011159509182978
56.15	1.0100197921475316
56.25	1.0141565985308165
56.35	1.02186857907117
56.45	1.0073926838962184
56.550000000000004	1.0109808501280373
56.65	1.0117232603995385
56.75	1.008808623254387
56.85	1.0129618928864381
56.95	1.0112103603005136
57.050000000000004	1.011404683780635
57.15	1.0120093084710682
57.25	1.0111641645138418
57.35	1.0075403892974368
57.45	1.0085768304236258
57.550000000000004	NaN
57.65	1.00746565897883
57.75	1.0068658724489976
57.85	1.0039666614777267
57.95	1.0044635634138106
58.050000000000004	NaN
58.15	1.000702838988234
58.25	0.9994695534804972
58.35	0.9978332035504657
58.45	0.996774646437135
58.550000000000004	0.9954440276933344
58.65	0.995122138006049
58.75	NaN
58.85	0.992875677904091
58.95	0.9918277046831953
59.050000000000004	0.9920791571687237
59.15	0.9890353095641768
59.25	0.9901221915239626
59.35	0.9884286660294835
59.45	0.9899603998139367
59.550000000000004	0.9892978964332673
59.65	NaN
59.75	0.9891942554743326
59.85	0.9881505233340514
59.95	0.9896459149097573
60.050000000000004	0.9881047528361371
60.15	0.9890807671524836
60.25	0.9896639478053376
60.35	NaN
60.45	0.9916965242293574
60.550000000000004	0.9940198255384155
60.65	0.9927965958449995
60.75	0.9936422555659123
60.85	NaN
60.95	0.9947032409411428
61.050000000000004	0.9978280558185927
61.15	0.9973863652557146
61.25	0.9996057113063789
61.35	1.000472131771809
61.45	1.0000178833702529
61.550000000000004	1.0020930811187698
61.65	1.0033707399676415
61.75	1.0063387649941793
61.85	1.0056159844621668
61.95	NaN
62.050000000000004	1.0086549768215447
62.15	1.0082448082814999
62.25	1.0092532642214913
62.35	1.006947905206738
62.45	NaN
62.550000000000004	1.0104525664445354
62.65	NaN
62.75	NaN
62.85	1.0096762233359475
62.95	1.0111327029205894
63.050000000000004	1.0100207518824162
63.15	1.0098105791131269
63.25	1.0091528474532727
63.35	1.0090994019507922
63.45	1.0102078821326312
63.550000000000004	1.007927316781366
63.65	NaN
63.75	1.0046337609044103
63.85	NaN
63.95	1.0033780769384644
64.05	1.004606067792335
64.14999999999999	1.002262890614208
64.25	1.001309598446862
64.35	NaN
64.44999999999999	1.0031829457372043
64.55	0.9991751461075419
64.64999999999999	0.997888022214395
64.75	0.9961567374667089
64.85	0.995153601073874
64.94999999999999	0.99643294292636
65.05	0.9956293465202473
65.14999999999999	NaN
65.25	0.9949236764790472
65.35	0.9923853566307975
65.44999999999999	0.9932627093031823
65.55	0.9923075910296936
65.64999999999999	NaN
65.75	0.9897889469827708
65.85	0.990614219516902
65.94999999999999	NaN
66.05	NaN
66.14999999999999	0.9903624618834276
66.25	0.9910796127692804
66.35	0.9902081351526564
66.44999999999999	0.9903098598225942
66.55	NaN
66.64999999999999	0.9923541974802719
66.75	0.9927273307461602
66.85	NaN
66.94999999999999	NaN
67.05	NaN
67.14999999999999	NaN
67.25	0.9969286879236
67.35	NaN
67.44999999999999	NaN
67.55	0.9984641449906888
67.64999999999999	1.000016991023359
67.75	1.0012868848372545
67.85	1.0025222381818553
67.94999999999999	NaN
68.05	1.0046786289841916
68.14999999999999	1.0046297218475178
68.25	1.0055580688774566
68.35	1.0062652010181596
68.44999999999999	1.0060507618985892
68.55	1.00760993506136
68.64999999999999	NaN
68.75	1.0087773797035773
68.85	1.0083937417250524
68.94999999999999	1.0074617679552718
69.05	NaN
69.14999999999999	1.0075364796425488
69.25	NaN
69.35	1.0078505584663482
69.44999999999999	1.0070310719589344
69.55	1.0080895534665804
69.64999999999999	1.007163599911232
69.75	1.0086640761618544
69.85	1.006858609583712
69.94999999999999	1.0067405593220642
70.05	NaN
70.14999999999999	1.004259658340491
70.25	1.004931761055167
70.35	1.0027435093955104
70.44999999999999	1.0017149067162432
70.55	1.0024027969914828
70.64999999999999	0.9997240944435575
70.75	0.9980433738636325
70.85	0.9988159091746949
70.94999999999999	0.9976524140226712
71.05	0.9977322653744981
71.14999999999999	NaN
71.25	0.9967374827870957
71.35	NaN
71.44999999999999	0.9956812224467981
71.55	0.9942480090080659
71.64999999999999	0.9935777153078831
71.75	0.9930316772949825
71.85	NaN
71.94999999999999	NaN
72.05	0.9927296948968432
72.14999999999999	NaN
72.25	0.9932367182515579
72.35	0.9916770639132009
72.44999999999999	NaN
72.55	NaN
72.64999999999999	0.9922675886037596
72.75	0.9923289347565399
72.85	0.9919425357565609
72.94999999999999	NaN
73.05	0.9942257970744017
73.14999999999999	0.9941024757459053
73.25	0.9968889749000727
73.35	0.9963540110835588
73.44999999999999	0.9957637348025081
73.55	0.9974111167596361
73.64999999999999	0.9966471390663911
73.75	0.9980087839307087
73.85	1.0003341836787545
73.94999999999999	NaN
74.05	NaN
74.14999999999999	1.0022237759168284
74.25	1.001555304770989
74.35	1.0041887760648713
74.44999999999999	1.0048801702449495
74.55	1.0050023713038594
74.64999999999999	NaN
74.75	NaN
74.85	1.0041894464613066
74.94999999999999	1.0065551895284317
75.05	1.0059806589805296
75.14999999999999	1.0061301668728018
75.25	1.0066958723536328
75.35	1.0074919802172162
75.44999999999999	1.0059821098548896
75.55	1.0070977147850895
75.64999999999999	1.0068918727471516
75.75	NaN
75.85	1.0067871324748536
75.94999999999999	NaN
76.05	1.0069063365237325
76.14999999999999	1.0053892624630554
76.25	1.004761300033845
76.35	1.0040202852327516
76.44999999999999	NaN
76.55	1.0034459255716042
76.64999999999999	1.0008099615702937
76.75	NaN
76.85	1.0010745496954203
76.95	0.9996821887974093
77.05	1.0008524299243386
77.14999999999999	0.9986687884017551
77.25	NaN
77.35	NaN
77.45	NaN
77.55	0.9967125714728322
77.64999999999999	NaN
77.75	0.9969741170694397
77.85	0.9962227049501144
77.95	NaN
78.05	0.993233488527453
78.14999999999999	NaN
78.25	0.9933633448181928
78.35	0.9940766422580075
78.45	NaN
78.55	NaN
78.64999999999999	NaN
78.75	0.992999371178365
78.85	0.9961502442615944
78.95	0.9939351143528152
79.05	NaN
79.14999999999999	NaN
79.25	0.9954764732714021
79.35	0.9957638228845502
79.45	NaN
79.55	0.9980257277340209
79.64999999999999	NaN
79.75	0.9973014531598474
79.85	0.9984389072763348
