0.15	0.01930703706223424
0.25	0.018914378375898384
0.35	0.018780319333006112
0.45	0.019157274319161876
0.55	0.019399225359348182
0.65	0.019345561381894003
0.7500000000000001	0.019778197125190904
0.85	0.019867228224025864
0.95	0.02011833745378589
1.05	0.020374396240930192
1.15	0.0208190207119561
1.25	0.021197527543463057
1.35	0.021588315745850465
1.45	0.02196069102143007
1.55	0.02256426155237786
1.65	0.023058013808678782
1.75	0.02357814309873733
1.85	0.02432151322997203
1.95	0.025018835063244114
2.05	0.025794198505709628
2.15	0.026592795857064994
2.25	0.027478008527559713
2.35	0.028601411648288385
2.45	0.0295787034171552
2.5500000000000003	0.030694650290150182
2.65	0.03204725153529088
2.75	0.033381197385013696
2.85	0.034951905138838404
2.95	0.036720966383597925
3.0500000000000003	0.038305144690299206
3.15	0.040246677051692194
3.25	0.042475850674478406
3.35	0.04506629057401107
3.45	0.047603790749523464
3.5500000000000003	0.05055598022898421
3.65	0.053705802591161936
3.75	0.057413903529639994
3.85	0.060865414704395215
3.95	0.06568802692366901
4.05	0.07081688019386788
4.1499999999999995	0.0763834844339213
4.25	0.08229741316083378
4.35	0.08988397558103464
4.449999999999999	0.09761674415100678
4.55	0.1065402883320489
4.6499999999999995	0.11647620579886539
4.75	0.12889310527506095
4.85	0.14304252842574394
4.95	0.15927890238447567
5.05	0.17705265489790964
5.1499999999999995	0.1997336533555443
5.25	0.22436794775451666
5.35	0.2549284222491365
5.45	0.2922197401996663
5.55	0.33523209627357414
5.6499999999999995	0.38769989325091486
5.75	0.4532650937575943
5.85	0.5294950179791698
5.95	0.6250527710894953
6.05	0.7478544246933144
6.1499999999999995	0.9007432215900588
6.25	1.0838114920184432
6.35	1.3030058165857965
6.45	1.5781424389511998
6.55	1.8905315647337535
6.6499999999999995	2.2200162476123513
6.75	2.536235425511473
6.85	2.7914990179484143
6.95	2.9286922988617787
7.05	2.910343977815255
7.1499999999999995	2.7682937835620227
7.25	2.5590861035605834
7.35	2.289316129823453
7.45	2.0385247924664394
7.55	1.8162502689343483
7.6499999999999995	1.606812043960672
7.75	1.4301183337595738
7.85	1.2814067024645148
7.95	1.1605905319101633
8.05	1.0608671758363932
8.15	0.9739210001269071
8.25	0.8994148312339153
8.350000000000001	0.8370735969265491
8.450000000000001	0.7880204955211217
8.55	0.7426456802578626
8.65	0.707100120763651
8.75	0.6762914850662144
8.850000000000001	0.6512834884504062
8.950000000000001	0.6291661494153336
9.05	0.6129757481274165
9.15	0.5977958779978837
9.25	0.5869291853278642
9.350000000000001	0.5792636949041625
9.450000000000001	0.5734190874824489
9.55	0.5687150627298811
9.65	0.5687039372828071
9.750000000000002	0.5692538072239031
9.85	0.5719756127070692
9.95	0.5777661768598812
10.049999999999999	0.584723996136241
10.149999999999999	0.593155157101435
10.25	0.605940742414293
10.35	0.6185512867576809
10.45	0.6339144829399126
10.549999999999999	0.6528055584514842
10.649999999999999	0.6715743931910472
10.75	0.695459657457924
10.85	0.7206196780773126
10.95	0.7470418321848172
11.049999999999999	0.7776018708903014
11.149999999999999	0.8105363401069666
11.25	0.84206914928771
11.35	0.881463517275093
11.45	0.9213039438226234
11.549999999999999	0.9610655433496236
11.649999999999999	1.0031951119717335
11.75	1.0440667495499454
11.85	1.086603153907204
11.95	1.1269863018360138
12.049999999999999	1.1639694153619244
12.149999999999999	1.1989098874104476
12.25	1.23008688375184
12.35	1.2603652437420516
12.45	1.2857105146147931
12.549999999999999	1.3037820696363036
12.649999999999999	1.3159387260288948
12.75	1.3294626354546064
12.85	1.3359760992744356
12.95	1.3408721581060292
13.049999999999999	1.3370893629522431
13.149999999999999	1.3354540468590324
13.25	1.3259216895330372
13.35	1.316376121018086
13.45	1.3027488622355785
13.549999999999999	1.2852420676295917
13.649999999999999	1.2678319539846523
13.75	1.2421951197537613
13.85	1.2180869615776462
13.95	1.1890531826619954
14.049999999999999	1.1593109891986135
14.149999999999999	1.1274174034892415
14.25	1.0957640115666645
14.35	1.0653045690787943
14.45	1.0307925171637713
14.549999999999999	1.0025888129798692
14.649999999999999	0.9749537416426065
14.75	0.9464313448531039
14.85	0.9201389864982478
14.95	0.896320605005009
15.049999999999999	0.8771445154514074
15.149999999999999	0.8578057789569239
15.25	0.8416522140435557
15.35	0.826131883698671
15.45	0.8154601930789506
15.549999999999999	0.803928674137685
15.649999999999999	0.7969604254419457
15.75	0.7902183574911601
15.85	0.7861734715650268
15.95	0.7823186962674551
16.05	0.7821148476362787
16.15	0.7844749455161605
16.25	0.7864131514827435
16.349999999999998	0.7926176105715955
16.45	0.7968463317232102
16.55	0.8051955116453349
16.65	0.8141997046811245
16.75	0.8275819808497747
16.849999999999998	0.8391047271301123
16.95	0.8528893265287733
17.05	0.8701884807052629
17.15	0.8854391690278314
17.25	0.9027764284306621
17.349999999999998	0.9215525515480509
17.45	0.9423032462472208
17.55	0.9618008681655703
17.65	0.983044024271565
17.75	1.0044540103071284
17.849999999999998	1.0270832163047345
17.95	1.0448791617931505
18.05	1.0653358628868708
18.15	1.085279921034444
18.25	1.1026508361052987
18.349999999999998	1.1201259626465263
18.45	1.135184324907241
18.55	1.1482526633807255
18.65	1.1570332774948346
18.75	1.1671470789317304
18.849999999999998	1.1710408677120512
18.95	1.1773868533770775
19.05	1.1764068152426204
19.15	1.1744617107751558
19.25	1.1717773366756248
19.35	1.1668329471596233
19.45	1.160744571643659
19.55	1.1541435381553793
19.65	1.1429534362291545
19.75	1.132393430066598
19.85	1.1208473958281124
19.95	1.1071991382026347
20.05	1.0945057287931028
20.15	1.0813719878396495
20.25	1.06704098359582
20.35	1.0526186554478885
20.45	1.0377032777841453
20.55	1.0248049147879883
20.65	1.0118678923359234
20.75	0.9969235562382999
20.85	0.9842155768503744
20.95	0.9695210412439653
21.05	0.9592480059802675
21.15	0.9465041737348924
21.25	0.9370150568524644
21.35	0.9252696224437014
21.45	0.9172731405226225
21.55	0.907915396615703
21.65	0.9018601750996419
21.75	0.895621212486864
21.85	0.8897607221085282
21.95	0.88816707255642
22.05	0.884287336812036
22.15	0.8810112359287696
22.25	0.8805551261646394
22.35	0.8808187396072592
22.45	0.8812208793511315
22.55	0.8840218179453105
22.65	0.8864030686975318
22.75	0.8906752698547007
22.85	0.8958172301127516
22.95	NaN
23.05	0.9084928961050523
23.15	0.9189335482945307
23.25	0.926912717976798
23.35	0.9360618325363862
23.45	0.9458749986513721
23.55	0.9546021052571035
23.65	0.9679323207085132
23.75	0.9804962781974768
23.85	0.9916258196211671
23.95	1.002577375009284
24.05	1.015893994918848
24.15	1.0261709366069198
24.25	1.0378665804343539
24.35	1.048555906441693
24.45	1.0580294977925921
24.55	1.0681086474659063
24.65	1.0771726211084174
24.75	1.085627483585728
24.85	1.09077062955139
24.95	1.0953762466722536
25.05	1.099690854537553
25.15	1.104866521947552
25.25	1.1052645197949864
25.35	1.1058634479844343
25.45	1.102233871951644
25.55	1.1016143890766017
25.65	1.0984530645788757
25.75	1.0953253780942096
25.85	1.0898294182465875
25.95	1.0825718578614145
26.05	1.0751986723568938
26.15	1.0691641284619406
26.25	1.059759256442038
26.35	1.0510469979084096
26.45	1.0431820476428608
26.55	1.034369595977329
26.65	1.0255881036146275
26.75	1.015167932962803
26.85	1.008944309559932
26.95	0.9991734687994503
27.05	0.9917989388634507
27.15	0.9819199283240323
27.25	0.9737917116215972
27.35	0.9671140826341319
27.45	0.9596638996046741
27.55	0.9533447633562301
27.65	0.9484211290530333
27.75	0.9439062108334694
27.85	0.9433709332284924
27.95	0.9332099661329946
28.05	0.9311056883709534
28.15	0.9270943859854955
28.25	0.9257713527638162
28.35	0.9231131013285024
28.45	0.9249386718794302
28.55	0.923674019253913
28.65	0.9271950266462676
28.75	0.9267369858693741
28.85	0.9299259161202948
28.95	0.9312927545952793
29.05	0.931488139660914
29.15	0.9374804645071549
29.25	0.9403978295198107
29.35	0.9475004958593138
29.45	0.9536722513857195
29.55	0.9591898094637029
29.65	0.9654824031430371
29.75	0.9718277861867038
29.85	0.9789967562320901
29.95	0.9853913637341053
30.05	0.9923305155337399
30.15	1.0005405501026199
30.25	1.007333144750235
30.35	1.0140880974219642
30.45	1.0239673445011694
30.55	1.029309272078455
30.65	1.0351054223833895
30.75	1.0410906970118556
30.85	1.0501267789930808
30.95	1.0527621424819782
31.05	1.0551440442316724
31.15	1.059579341744759
31.25	1.0624455257296934
31.35	1.0649233960302702
31.45	1.0675678383540697
31.55	1.0667862221381836
31.65	1.0672260568619858
31.75	1.0668509914953896
31.85	1.066918710536243
31.95	1.0642675806145607
32.05	1.0592891078918774
32.15	1.0561119950358635
32.25	1.0551119177090476
32.35	1.0476409619264688
32.45	1.043917571771955
32.55	1.0367364389545997
32.65	1.0315787715630753
32.75	1.023732051094907
32.85	1.0206660156586245
32.95	1.014413674529156
33.05	1.0091827647877973
33.15	1.0026849118487713
33.25	0.9961177662062869
33.35	0.9903700238184587
33.45	0.9855185441897658
33.55	0.9789382353245156
33.65	0.9750183059989285
33.75	0.969551449341994
33.85	0.9660664646378705
33.95	0.9590230296321267
34.05	0.9581925815523743
34.15	0.9568901336161499
34.25	0.9522598274738086
34.35	0.9516980886277466
34.45	0.9504748739267834
34.55	0.9496146907264794
34.65	0.9464744707765278
34.75	0.9500950054445781
34.85	0.9456029773740824
34.95	0.9476406930017391
35.05	0.9505326005498829
35.15	0.9520690420368276
35.25	0.9564223129381417
35.35	0.956028319128102
35.45	0.9590038331590105
35.55	0.964256285978222
35.65	0.9674583878449443
35.75	0.9725394231760628
35.85	0.9746833814873278
35.95	0.981112389569013
36.05	0.9840796601133939
36.15	0.988791177415175
36.25	0.9947273129477051
36.35	1.0006369150439596
36.45	1.0045527359309
36.55	NaN
36.65	1.0155664467570975
36.75	1.01728648950718
36.85	1.0273119205256804
36.95	1.029520494651387
37.05	1.031275520150575
37.15	1.034217243950153
37.25	1.0376994775958646
37.35	1.0396231806053093
37.45	1.0439927640092133
37.55	1.042433021549735
37.65	NaN
37.75	1.0447166608036003
37.85	1.0447281117116536
37.95	1.0465692641749258
38.05	1.0436487581760137
38.15	1.0449672340408445
38.25	1.041400414546967
38.35	1.039932370939708
38.45	1.0376396808911035
38.550000000000004	1.0350989922126694
38.65	1.0285973297787971
38.75	1.0284353763795475
38.85	1.0239072050832312
38.95	1.0203771579660372
39.050000000000004	1.015870470779505
39.15	NaN
39.25	NaN
39.35	NaN
39.45	NaN
39.550000000000004	0.9956060069545059
39.65	0.9902271953415402
39.75	0.9878753330904358
39.85	0.9823372380315161
39.95	0.9820234481555953
40.050000000000004	0.972834830376976
40.15	NaN
40.25	0.9714893843114644
40.35	0.9690861008753129
40.45	0.9658014475520639
40.550000000000004	0.9653569911922989
40.65	0.9643802268847536
40.75	0.963229855642894
40.85	0.9602264244844231
40.95	0.9604426271064365
41.050000000000004	0.9607116388147925
41.15	0.962606693636536
41.25	0.9627403764619994
41.35	0.9626015420167346
41.45	0.9659048924042132
41.550000000000004	NaN
41.65	0.969759628423644
41.75	0.9715357688951657
41.85	0.9736538246757821
41.95	0.9765443540514858
42.050000000000004	0.9800839822425957
42.15	NaN
42.25	0.988098709783025
42.35	0.9906222828168235
42.45	0.9936797833650655
42.550000000000004	0.9974123666342402
42.65	1.0006865662488018
42.75	1.005784975557522
42.85	1.008124827499047
42.95	1.011096443029936
43.050000000000004	1.0150375561771936
43.15	1.0178703651435483
43.25	1.0208310446375561
43.35	1.025449625675414
43.45	1.0283641627936733
43.550000000000004	1.0272474847328288
43.65	NaN
43.75	1.0322116539204973
43.85	1.0332450321846056
43.95	1.0319986644079913
44.050000000000004	1.034714327777709
44.15	1.0343774253006421
44.25	NaN
44.35	1.0353819766129553
44.45	1.0344509984548311
44.550000000000004	1.0320200151438386
44.65	1.0294976823675366
44.75	1.0273438203416745
44.85	1.0253318728839178
44.95	1.0238668323989322
45.050000000000004	1.0190164298408655
45.15	1.0169356188440433
45.25	1.013994265696235
45.35	NaN
45.45	1.0083362770397188
45.550000000000004	1.007967260428742
45.65	NaN
45.75	1.0000990978390525
45.85	0.9969498846324443
45.95	0.9939454074144802
46.050000000000004	0.9896563197670774
46.15	0.9864001665333466
46.25	0.9875377139203217
46.35	0.9812963472774132
46.45	0.9785932023419789
46.550000000000004	0.9786268983078757
46.65	NaN
46.75	0.9734263803055072
46.85	0.9736343968822954
46.95	0.9726742525585419
47.050000000000004	0.9726631842648611
47.15	0.971969223431954
47.25	0.971490246516052
47.35	0.9699218629284471
47.45	0.9705767317213428
47.550000000000004	0.9711268095755543
47.65	0.9732611175416241
47.75	0.9723160493633528
47.85	0.9751327736246355
47.95	0.977218632106127
48.050000000000004	0.978233928129025
48.15	0.9872320047036889
48.25	0.9826275414036103
48.35	0.9865880030378114
48.45	0.9879896475169675
48.550000000000004	0.9914517557936647
48.65	0.9934153629146281
48.75	0.9954581690890034
48.85	0.9999143679574213
48.95	1.0016761990274037
49.050000000000004	1.0052460829414602
49.15	NaN
49.25	1.0088280858404608
49.35	1.013536190890284
49.45	1.015359888602758
49.550000000000004	1.0174355929038252
49.65	1.0190313365970765
49.75	1.0229786566381984
49.85	1.0238119714005167
49.95	1.0221315611299102
50.050000000000004	1.0249202410932021
50.15	1.0253157561618853
50.25	1.0256124049009978
50.35	1.027295072488951
50.45	1.0279240327412322
50.550000000000004	1.0279432589292667
50.65	1.0242727982282918
50.75	1.024196391526142
50.85	1.0232951854329513
50.95	NaN
51.050000000000004	1.0213691563954743
51.15	1.0195180779750406
51.25	1.016758774989501
51.35	1.0148426114233526
51.45	1.012617738669269
51.550000000000004	NaN
51.65	1.0081436834715636
51.75	1.0068353143727127
51.85	1.0045429517711257
51.95	0.9991588366579808
52.050000000000004	NaN
52.15	0.9972889648530735
52.25	0.9938348791401407
52.35	0.991470300875551
52.45	0.9881119489618921
52.550000000000004	0.9896978440833154
52.65	0.9873691573542548
52.75	0.9826824033712571
52.85	0.9815498900602241
52.95	NaN
53.050000000000004	0.9802648078438907
53.15	NaN
53.25	0.977958442346632
53.35	0.9772555777857193
53.45	0.9757356332916971
53.550000000000004	NaN
53.65	0.977777004038623
53.75	NaN
53.85	0.978114360065216
53.95	0.9785609592894414
54.050000000000004	NaN
54.15	0.9810747159900487
54.25	NaN
54.35	0.984177297567147
54.45	0.9859321989391431
54.550000000000004	NaN
54.65	0.9889531675118007
54.75	0.9925811864024866
54.85	0.9950446132194388
54.95	0.9953053791959866
55.050000000000004	0.999310679763672
55.15	0.9993615155409366
55.25	1.0015120086216833
55.35	1.0063912277483609
55.45	1.0061919362317293
55.550000000000004	1.0099631967521403
55.65	1.0099467850686819
55.75	1.015294433850671
55.85	1.0142581474831858
55.95	1.0166959781474378
56.050000000000004	1.018035570193203
56.15	1.0201959405113643
56.25	1.0243519578103988
56.35	1.0207938953868503
56.45	1.021432103113179
56.550000000000004	1.0225616822179038
56.65	1.021641258033488
56.75	NaN
56.85	1.0204709361201107
56.95	1.0201412369457223
57.050000000000004	1.0195573427213056
57.15	1.0194630664565492
57.25	1.0207562652987363
57.35	NaN
57.45	1.015451624913991
57.550000000000004	1.012840464140597
57.65	1.0103054505912388
57.75	1.010256271984805
57.85	1.007038344823776
57.95	1.0050764293484489
58.050000000000004	1.0023744315007674
58.15	1.003056152020522
58.25	1.0003292758566933
58.35	0.9968680084371102
58.45	NaN
58.550000000000004	0.9927392104064326
58.65	0.9928619300178061
58.75	NaN
58.85	0.9888723439290145
58.95	NaN
59.050000000000004	0.9876256701642594
59.15	0.9854804769262749
59.25	0.9838673848397158
59.35	0.9831210831729797
59.45	0.9823128462496763
59.550000000000004	0.982156266117702
59.65	0.9806085408482097
59.75	0.9810404814407586
59.85	NaN
59.95	0.9811015696512678
60.050000000000004	NaN
60.15	0.9816309430490149
60.25	0.9831033571819625
60.35	NaN
60.45	0.9844640344858715
60.550000000000004	0.9852291994937851
60.65	0.9888323399679704
60.75	0.9896410519989535
60.85	0.9908713757169586
60.95	0.9954134740675344
61.050000000000004	0.9949227242179056
61.15	0.9957600971251508
61.25	0.999106132706875
61.35	0.999554128879862
61.45	0.9995865964744275
61.550000000000004	NaN
61.65	1.0049512306372221
61.75	NaN
61.85	NaN
61.95	1.0087185163934889
62.050000000000004	1.0104175624216845
62.15	1.0114311239231444
62.25	1.0111168324016415
62.35	1.0143274230018602
62.45	1.0145160379706335
62.550000000000004	1.0150266856720116
62.65	1.016733907491121
62.75	1.0155091600331463
62.85	1.0162863191801328
62.95	1.0171930058305751
63.050000000000004	1.0186641053750964
63.15	1.0155129329601067
63.25	NaN
63.35	1.0158961843264254
63.45	1.0128304690618588
63.550000000000004	1.0112158719341884
63.65	1.0120047097435922
63.75	1.0113876635996863
63.85	1.010898646955518
63.95	1.0093962192736097
64.05	1.0080480848835325
64.14999999999999	1.005947345095908
64.25	1.003970666834201
64.35	1.002443776134802
64.44999999999999	1.0006461471273753
64.55	0.9991649197554995
64.64999999999999	0.9969326795935163
64.75	0.9957625114350789
64.85	0.9943713245705265
64.94999999999999	0.993812239597442
65.05	0.9913963479791782
65.14999999999999	0.991682533216755
65.25	NaN
65.35	0.9882949822582409
65.44999999999999	NaN
65.55	0.9869143999580728
65.64999999999999	0.9859114682080382
65.75	0.9852092568060952
65.85	0.9857457767467069
65.94999999999999	0.9845298456545283
66.05	NaN
66.14999999999999	0.9856938634978846
66.25	0.9851159854016898
66.35	0.9843622107257551
66.44999999999999	0.9848804953388088
66.55	0.985977444522425
66.64999999999999	NaN
66.75	0.9885444444877699
66.85	NaN
66.94999999999999	NaN
67.05	0.9906150461340556
67.14999999999999	0.9922130641525307
67.25	0.9941512067019199
67.35	0.9951934192295531
67.44999999999999	0.9968394065180933
67.55	0.9961560856708088
67.64999999999999	NaN
67.75	NaN
67.85	1.0029762319763231
67.94999999999999	1.0035300337715196
68.05	1.0047940974811926
68.14999999999999	1.0070144956545872
68.25	NaN
68.35	1.0093366718838315
68.44999999999999	1.0109300781918107
68.55	1.0119114294918987
68.64999999999999	NaN
68.75	1.012796812673474
68.85	1.013664317610197
68.94999999999999	1.0141187470417194
69.05	1.012446590511167
69.14999999999999	1.0148080522756229
69.25	1.0136601848398419
69.35	1.0134590831452226
69.44999999999999	NaN
69.55	1.0139425008714251
69.64999999999999	1.0129063886756093
69.75	NaN
69.85	1.0093630566269882
69.94999999999999	NaN
70.05	1.009314737632056
70.14999999999999	1.0090518269225464
70.25	NaN
70.35	1.005011515963214
70.44999999999999	NaN
70.55	1.003336144359263
70.64999999999999	1.0032812811688312
70.75	1.0012490992230936
70.85	0.9978159247856675
70.94999999999999	0.9975189145371198
71.05	0.9974429275111946
71.14999999999999	0.9965529267592445
71.25	NaN
71.35	0.9921012406402092
71.44999999999999	0.9926613261649234
71.55	0.9903563948365754
71.64999999999999	0.9911554336503781
71.75	0.9893202961053972
71.85	0.988378954518932
71.94999999999999	0.9876903955387454
72.05	NaN
72.14999999999999	NaN
72.25	NaN
72.35	NaN
72.44999999999999	0.987048208916899
72.55	0.9870890789420589
72.64999999999999	0.9870691466139464
72.75	NaN
72.85	0.9885517191843081
72.94999999999999	0.9905896014365686
73.05	0.9906391662321998
73.14999999999999	0.9904466832388823
73.25	0.9940161074840683
73.35	0.9931392603596298
73.44999999999999	NaN
73.55	0.9950378462575418
73.64999999999999	NaN
73.75	NaN
73.85	0.9974380003837082
73.94999999999999	1.0010655583486139
74.05	1.0018527327707383
74.14999999999999	1.0035589263798654
74.25	1.0049623275109567
74.35	1.005410324529924
74.44999999999999	1.0068745669555679
74.55	1.0076813915552936
74.64999999999999	1.0056983409016726
74.75	1.0100393914064865
74.85	1.009757725425123
74.94999999999999	1.010391960688872
75.05	1.0103836463028517
75.14999999999999	1.011102169698029
75.25	NaN
75.35	NaN
75.44999999999999	NaN
75.55	1.0126462116592652
75.64999999999999	NaN
75.75	NaN
75.85	1.010735096696626
75.94999999999999	1.0107033360550308
76.05	1.0095516473559223
76.14999999999999	1.009175352404838
76.25	NaN
76.35	1.0073475842348405
76.44999999999999	NaN
76.55	1.005717183430852
76.64999999999999	1.0044618291582148
76.75	NaN
76.85	NaN
76.95	NaN
77.05	NaN
77.14999999999999	1.0010454692244486
77.25	0.9972547309239231
77.35	0.9963733098270919
77.45	0.9962084134138665
77.55	0.9940699999842654
77.64999999999999	0.9933603217538698
77.75	0.9921096564939896
77.85	0.9909751542610626
77.95	0.990629038688091
78.05	0.9909666218805786
78.14999999999999	0.9901412440164732
78.25	0.9893386952682339
78.35	0.987300258486266
78.45	NaN
78.55	NaN
78.64999999999999	0.9885995041870076
78.75	0.9893773954187738
78.85	NaN
78.95	0.9902121795835045
79.05	NaN
79.14999999999999	NaN
79.25	0.9928680224612378
79.35	NaN
79.45	0.9921100958339956
79.55	0.9932550238829191
79.64999999999999	NaN
79.75	0.9962493407356621
79.85	0.9967726088332457
