0.15	0.036732635364730266
0.25	0.03717776896543337
0.35	0.03755986646550635
0.45	0.036710472752300986
0.55	0.03746132676329326
0.65	0.037686673318343675
0.7500000000000001	0.03828639705642598
0.85	0.03877074022022939
0.95	0.038964316106030725
1.05	0.03948600951600911
1.15	0.0404256618878033
1.25	0.04092299832803602
1.35	0.0420500362582346
1.45	0.04277987630098616
1.55	0.043643596602486505
1.65	0.044946319002328164
1.75	0.04608268855125757
1.85	0.047571002029050714
1.95	0.04876723098529605
2.05	0.05045511521720962
2.15	0.05222723469693158
2.25	0.05380562075012795
2.35	0.055989430150797465
2.45	0.05792679470361182
2.5500000000000003	0.06027660503584124
2.65	0.06315705588870789
2.75	0.06593564878140226
2.85	0.06917264592562015
2.95	0.07247749399032102
3.0500000000000003	0.07609294036857063
3.15	0.08014735323480902
3.25	0.0848182279895753
3.35	0.0898908322892944
3.45	0.09557309728957335
3.5500000000000003	0.1015363900729952
3.65	0.10787466128852209
3.75	0.1156827965216941
3.85	0.1238887708342114
3.95	0.1336617548256739
4.05	0.1434282371941246
4.1499999999999995	0.15519612475706107
4.25	0.1682953017209886
4.35	0.18311533686085696
4.449999999999999	0.20045006752725478
4.55	0.22007103165547612
4.6499999999999995	0.24190567876481095
4.75	0.2679651395043885
4.85	0.2942636450659035
4.95	0.33050188861846297
5.05	0.3688560202334093
5.1499999999999995	0.4129664570383934
5.25	0.46347723956426196
5.35	0.5232983132520946
5.45	0.5976699242236054
5.55	0.6772988312952876
5.6499999999999995	0.7732979779489566
5.75	0.8848734921991532
5.85	1.0136688968675447
5.95	1.1516098359344016
6.05	1.3080830218837662
6.1499999999999995	1.479486094875347
6.25	1.6503005085025204
6.35	1.8135022171776523
6.45	1.9547921907878583
6.55	2.0644987991861132
6.6499999999999995	2.1278335473221053
6.75	2.1358948306134047
6.85	2.103655359022305
6.95	2.03286104210414
7.05	1.9305946703099006
7.1499999999999995	1.8209993392319304
7.25	1.7062216653468527
7.35	1.5866127860865253
7.45	1.4714370372984462
7.55	1.3706980703742748
7.6499999999999995	1.2804219387047746
7.75	1.194873473087104
7.85	1.123838909858862
7.95	1.0547140936086357
8.05	0.9958864013938079
8.15	0.9454729351326612
8.25	0.9036861386555115
8.350000000000001	0.8642868199973601
8.450000000000001	0.8311585324858989
8.55	0.8018708907846952
8.65	0.7762862070243342
8.75	0.7563383152221009
8.850000000000001	0.7382507893719402
8.950000000000001	0.7228249055719631
9.05	0.7121291235994817
9.15	0.7004108661592049
9.25	0.6946661436011463
9.350000000000001	0.6905647935629253
9.450000000000001	0.6875777385233217
9.55	0.6863310752220446
9.65	0.6871768286123832
9.750000000000002	0.6913491037233851
9.85	0.695836142941753
9.95	0.703575077235106
10.049999999999999	0.7115255003764919
10.149999999999999	0.7213998436771195
10.25	0.7325730469698971
10.35	0.7464110794037989
10.45	0.7616950846049884
10.549999999999999	0.7792711215341269
10.649999999999999	0.7987859822163482
10.75	0.8192215931470367
10.85	0.8380596457835037
10.95	0.8609172603941794
11.049999999999999	0.8872847759685529
11.149999999999999	0.9115666380312984
11.25	0.9370864522192199
11.35	0.9616610599730315
11.45	0.9911507488064376
11.549999999999999	1.0170793339721986
11.649999999999999	1.0464518417996445
11.75	1.0715864972812175
11.85	1.0970643777634401
11.95	1.121211612165799
12.049999999999999	1.1440900211063878
12.149999999999999	1.169163423439909
12.25	1.1862276382187222
12.35	1.2050604096750364
12.45	1.217036512379869
12.549999999999999	1.2277903895179154
12.649999999999999	1.2379152791769803
12.75	1.24204125596318
12.85	1.2416913701934396
12.95	1.2396917352371704
13.049999999999999	1.2326769391655457
13.149999999999999	1.225482847484858
13.25	1.2168129808191739
13.35	1.2036184249870783
13.45	1.1830755493247536
13.549999999999999	1.1677091558367623
13.649999999999999	1.1497075788715507
13.75	1.1297484960427926
13.85	1.1087157027690842
13.95	1.0893336237575468
14.049999999999999	1.0673460718363104
14.149999999999999	1.0468556920890686
14.25	1.0259248447358789
14.35	1.0052229285502112
14.45	0.9871923765691494
14.549999999999999	0.9691307248223876
14.649999999999999	0.9530130248881828
14.75	0.9380340920492831
14.85	0.9217999715429356
14.95	0.9114064331118904
15.049999999999999	0.90036666499101
15.149999999999999	0.8892606699097593
15.25	0.8797562932952757
15.35	0.873954382004554
15.45	0.8681962327031374
15.549999999999999	0.8621764494315903
15.649999999999999	0.8599268485596516
15.75	0.857488576679475
15.85	0.8574706447161868
15.95	0.8584457959914219
16.05	0.8616915420603543
16.15	0.8630555467641329
16.25	0.8673324115538015
16.349999999999998	0.8728200469492636
16.45	0.8793665270220321
16.55	0.8861199018417507
16.65	0.8950545880248238
16.75	0.9015830169984723
16.849999999999998	0.9117534870913627
16.95	0.9218624421467143
17.05	0.9343324663651384
17.15	0.945654319293324
17.25	0.9584212868968579
17.349999999999998	0.9715967408063181
17.45	0.983059780219012
17.55	0.9939719410934066
17.65	1.008402306218849
17.75	1.0210326928277453
17.849999999999998	1.0315461297450257
17.95	1.0453458792260013
18.05	1.0535171559665908
18.15	1.0666559263181226
18.25	1.0743944881315113
18.349999999999998	1.0839960723660442
18.45	1.088664697042351
18.55	1.0975290217134694
18.65	1.1057976186937766
18.75	1.1080882304108142
18.849999999999998	1.1104793361156378
18.95	1.109249444354566
19.05	1.1108943043715616
19.15	1.1104022917347618
19.25	1.1082020621391258
19.35	1.103210078196245
19.45	1.0976565778005736
19.55	1.0912524180307597
19.65	1.0869374143538817
19.75	1.078541646080957
19.85	1.0700263772478333
19.95	1.0629516717947411
20.05	1.0509002326201076
20.15	1.0428583460885297
20.25	1.0342349478957704
20.35	1.0231083516434936
20.45	1.015315341423837
20.55	1.0043407059733243
20.65	0.9969641389184823
20.75	0.9860259892304902
20.85	0.9777130245488043
20.95	0.9719157675716436
21.05	0.9640236610106729
21.15	0.9565175174515715
21.25	0.9502617312903318
21.35	0.9449892863587942
21.45	0.9374302297318879
21.55	0.9352611255136817
21.65	0.9308863519602426
21.75	0.9278750437047325
21.85	0.926539151513192
21.95	0.9233808639594798
22.05	0.9233203928769022
22.15	0.9234403169815734
22.25	0.9233990404387956
22.35	0.9253765004981257
22.45	0.9272613516114006
22.55	0.929365313807689
22.65	0.9308424611545019
22.75	0.9364137563661602
22.85	0.9401693175788552
22.95	0.9455916638613947
23.05	0.9507557232409009
23.15	0.9569264882486165
23.25	0.9620959387526304
23.35	0.9698643322970464
23.45	0.9774563792140393
23.55	0.9854261996380237
23.65	0.9887761063700572
23.75	0.9974734451028515
23.85	1.0030067540908776
23.95	1.0106569270324934
24.05	1.0183997992826193
24.15	1.0250166342930427
24.25	1.0332294272515863
24.35	1.0374049757762889
24.45	1.0429600614418082
24.55	1.0469801966768382
24.65	1.0506654494847756
24.75	1.0558247660340163
24.85	1.0574806775685395
24.95	1.0610664523579911
25.05	1.0664921517741535
25.15	1.0615119384246816
25.25	1.0642203682878684
25.35	1.0631893119861469
25.45	1.0619825511560816
25.55	1.0591282709368166
25.65	1.0623006404787878
25.75	1.0547957824018896
25.85	1.0496702696294118
25.95	1.046954185283168
26.05	1.0434592798820925
26.15	1.0373862752350618
26.25	1.0336132165659713
26.35	1.027861217804426
26.45	1.0225166655793594
26.55	1.016954570601559
26.65	1.0106551718372094
26.75	1.004893577022633
26.85	0.9994102418980672
26.95	0.9964352761615208
27.05	0.9896409078339732
27.15	0.9831043524285872
27.25	0.9803224920490422
27.35	0.9742812997970067
27.45	0.9682313890017762
27.55	0.9688572239028919
27.65	0.9662641615844991
27.75	0.960320087646433
27.85	0.9583269860528816
27.95	0.9565790783004434
28.05	0.9545562006550419
28.15	0.9554807683593711
28.25	0.9510718248439439
28.35	0.9510937494837273
28.45	0.9520650540336563
28.55	0.951900606807913
28.65	0.9526775997206247
28.75	0.9571314178388657
28.85	0.956757340614072
28.95	0.9595856997382219
29.05	0.9625771845491837
29.15	0.9632091763549336
29.25	0.9664310608462605
29.35	0.9698046937446344
29.45	0.974069572704686
29.55	0.9780343343999539
29.65	0.9806749212480786
29.75	0.9871643786120863
29.85	0.9909552797489701
29.95	NaN
30.05	1.0006352494643598
30.15	1.005836012392649
30.25	1.0095204519162795
30.35	1.0152572645245872
30.45	1.0161665426921718
30.55	1.0229397704965077
30.65	1.0245894866944032
30.75	1.0295053808014614
30.85	1.0329081458868583
30.95	1.034760220978885
31.05	1.0347964960130576
31.15	1.0396324204364438
31.25	1.0390259341491148
31.35	1.0403804369774974
31.45	1.040306156442178
31.55	1.0429462968515828
31.65	1.041212524909394
31.75	NaN
31.85	1.0377253587408957
31.95	1.0354871626277253
32.05	1.0325946817337173
32.15	1.0322431049813343
32.25	1.0295539550804753
32.35	1.0255133858828194
32.45	1.0216327584216962
32.55	1.021132376484021
32.65	1.0157086186340645
32.75	1.013598468871456
32.85	1.0099019602924952
32.95	1.0050501648415533
33.05	1.0024189120164557
33.15	0.9980258751546048
33.25	0.9953850075610654
33.35	0.9909272129132312
33.45	0.9891424052214853
33.55	0.9860894643888337
33.65	0.9805740140684135
33.75	0.9799700161907091
33.85	0.9772534794954514
33.95	0.9771231006755821
34.05	0.9711159279751249
34.15	0.971964858420537
34.25	0.9699354000039739
34.35	0.9673893706284942
34.45	0.969331143759741
34.55	0.9672540495465382
34.65	0.9675592911433992
34.75	0.9675236667116122
34.85	0.969701201091346
34.95	0.9678233154994716
35.05	0.962932775561276
35.15	0.971648955050156
35.25	0.9736895560744999
35.35	0.9743346550066703
35.45	0.9764522301017049
35.55	0.9807271647598153
35.65	0.979889543035607
35.75	0.9839672692222295
35.85	0.9869404183261332
35.95	0.9913369090245706
36.05	0.9929909172371723
36.15	0.9946344257648109
36.25	0.9992475477764406
36.35	1.0022888578967073
36.45	1.0046491641440707
36.55	1.0082629405861665
36.65	NaN
36.75	1.013785043126799
36.85	1.0171598821977406
36.95	1.0179412954548444
37.05	1.0201838685714777
37.15	1.02323166376786
37.25	1.0249336582546555
37.35	1.0271284579267594
37.45	1.0263585198701324
37.55	1.0268707953678
37.65	1.0292742784126017
37.75	1.0286781678622334
37.85	1.0284028828609402
37.95	1.030299809048674
38.05	NaN
38.15	NaN
38.25	1.0252969391892115
38.35	1.0238080317345233
38.45	1.0215533994555865
38.550000000000004	1.0190411190110027
38.65	1.0189575252381373
38.75	1.014100230496705
38.85	1.0143168104202893
38.95	1.0109205695556887
39.050000000000004	1.0081762765746245
39.15	1.0061660786838837
39.25	1.0040219173719975
39.35	0.9989103148453102
39.45	0.9976316765597494
39.550000000000004	0.9951014507963629
39.65	NaN
39.75	0.9906624567896323
39.85	0.9879887473526016
39.95	0.9866744004891854
40.050000000000004	0.9819168062050476
40.15	0.9813109112847295
40.25	0.9800994362501737
40.35	NaN
40.45	0.9786545053340988
40.550000000000004	0.9811230921003082
40.65	0.9769227823661458
40.75	0.9768204892875654
40.85	0.9750019913094177
40.95	0.975508291567264
41.050000000000004	0.9765150711624307
41.15	0.97697976380594
41.25	0.9763993684634846
41.35	0.980548442305095
41.45	0.9811778511319417
41.550000000000004	0.9809872622369878
41.65	0.9817201302677016
41.75	0.9840366182246745
41.85	0.9839509614840041
41.95	0.987461339212113
42.050000000000004	0.9888826727923082
42.15	0.9900849301786688
42.25	0.992817361105518
42.35	0.9960604291665913
42.45	0.9960383444193525
42.550000000000004	0.9998136689895311
42.65	1.0014296289675597
42.75	1.0059267680295025
42.85	1.0062623518417424
42.95	1.0077232685865813
43.050000000000004	1.0114286682736906
43.15	NaN
43.25	1.0139980451361064
43.35	1.0156687108467564
43.45	1.0161968758959123
43.550000000000004	1.01694265150938
43.65	NaN
43.75	NaN
43.85	1.0176163804500562
43.95	1.0199836645437148
44.050000000000004	1.0206588529379126
44.15	1.0217128005103848
44.25	1.020098010654013
44.35	1.019457260498649
44.45	NaN
44.550000000000004	1.018053882370557
44.65	1.0170510988706025
44.75	1.0183498679671026
44.85	1.013737373850996
44.95	1.0112363817656764
45.050000000000004	1.012479813931717
45.15	1.0098679089373088
45.25	1.0079345407667493
45.35	1.0069559413685234
45.45	1.006342917517987
45.550000000000004	1.003462577448351
45.65	1.0008598479225754
45.75	NaN
45.85	0.9969151541332514
45.95	NaN
46.050000000000004	0.9925865620858246
46.15	0.9897857690019571
46.25	0.9890262746173263
46.35	NaN
46.45	0.9858934734819507
46.550000000000004	0.9857388594887484
46.65	NaN
46.75	0.9829005199081565
46.85	0.9832454153388155
46.95	0.9820444075305185
47.050000000000004	0.983148973863873
47.15	0.9813121961874128
47.25	0.9825820271803086
47.35	0.9825319302892827
47.45	NaN
47.550000000000004	0.9822439614098721
47.65	0.9819070506235918
47.75	0.9849819113479874
47.85	0.9863851853151515
47.95	0.9858642777000707
48.050000000000004	0.9861959106098643
48.15	0.9902229329551109
48.25	0.9922724248797312
48.35	0.9928807417573712
48.45	0.9936217127342482
48.550000000000004	1.0001534012182594
48.65	0.9977915863676683
48.75	0.9985678124873965
48.85	1.0007444879680736
48.95	1.0038859611679731
49.050000000000004	1.0039776803405962
49.15	1.006978365502396
49.25	1.0086494866984839
49.35	1.009105344168912
49.45	1.0106023348356636
49.550000000000004	1.0133943497565803
49.65	1.0117887231543994
49.75	NaN
49.85	1.0147107257168801
49.95	1.0155197768807582
50.050000000000004	1.0135076178856721
50.15	1.016622741136646
50.25	1.0162306183058043
50.35	1.0173736187925677
50.45	1.0143192508055727
50.550000000000004	1.0150944229450631
50.65	1.016597133885381
50.75	1.0141168735731092
50.85	1.0150702414443122
50.95	1.012144925033214
51.050000000000004	1.0121907114922148
51.15	1.0113030481587009
51.25	1.0114917000396164
51.35	1.008086767023703
51.45	1.0052900308751391
51.550000000000004	1.004601494017178
51.65	1.0039871859491196
51.75	1.0053066773002182
51.85	1.0002090196127684
51.95	1.000118582785417
52.050000000000004	0.9974902041381497
52.15	NaN
52.25	0.9935153108080352
52.35	0.9929907169461614
52.45	0.9923975409544041
52.550000000000004	0.9923542060259418
52.65	0.9881256620261542
52.75	0.9892080775899723
52.85	0.9887206583972707
52.95	0.9884465465628123
53.050000000000004	0.9855618413919401
53.15	0.9878534809488776
53.25	0.9872817905908693
53.35	0.9869249096965771
53.45	0.9860282631016685
53.550000000000004	0.9871411328949957
53.65	0.9853123772323663
53.75	0.9867793785116381
53.85	0.9889365714228997
53.95	0.9854077765737563
54.050000000000004	0.9879035848774484
54.15	0.9887040077823193
54.25	0.9890714724281333
54.35	0.9889464158152864
54.45	0.9912140089371062
54.550000000000004	NaN
54.65	0.9951908383516589
54.75	0.9959005316233412
54.85	0.997086743212334
54.95	0.9979158729487125
55.050000000000004	0.999555840103018
55.15	1.0002706622594553
55.25	1.0032042768757155
55.35	1.0021310975091275
55.45	1.0047604387694786
55.550000000000004	1.0065568874776716
55.65	NaN
55.75	1.0055202793654752
55.85	1.009160282272268
55.95	1.0124064330788543
56.050000000000004	1.0093960517999643
56.15	1.0110838427838518
56.25	1.0128440477705158
56.35	0.9981879565989328
56.45	1.014752640086699
56.550000000000004	1.0120549886392876
56.65	1.0135848015353206
56.75	1.0130302080824847
56.85	1.0118165981427412
56.95	1.0127411846071048
57.050000000000004	1.0101656438895577
57.15	1.009618046379607
57.25	1.0095959854509509
57.35	1.0093004252197788
57.45	1.012475113232348
57.550000000000004	NaN
57.65	1.0057733293442672
57.75	1.0051600237325184
57.85	1.0036016619075885
57.95	1.0045433334943226
58.050000000000004	NaN
58.15	0.9997097181423875
58.25	1.0009114730462663
58.35	0.998063986892188
58.45	0.9967557968559673
58.550000000000004	0.996240662992805
58.65	0.994894200379301
58.75	NaN
58.85	0.9937636296414479
58.95	0.9914216965710748
59.050000000000004	0.9907201433611272
59.15	0.9906226314771002
59.25	0.9900028275851862
59.35	0.9891143153597439
59.45	0.988196928434837
59.550000000000004	0.9896484804340907
59.65	NaN
59.75	0.9877848794965824
59.85	0.9880904581579433
59.95	0.9875647981684273
60.050000000000004	0.9877803560222731
60.15	0.9910265513387925
60.25	0.9901109609429406
60.35	NaN
60.45	0.9901768466470536
60.550000000000004	0.9923533260510771
60.65	0.9915815832579559
60.75	0.9931374563425804
60.85	NaN
60.95	0.9972079335081564
61.050000000000004	0.9965575503144369
61.15	0.998501096381647
61.25	0.9984834551849489
61.35	1.0008204485562024
61.45	1.0006706611217564
61.550000000000004	1.0010538825054547
61.65	1.0041420862240529
61.75	1.00549089254221
61.85	1.0043470705514745
61.95	NaN
62.050000000000004	1.0046370280923014
62.15	1.0072646936345664
62.25	1.0086119728418268
62.35	1.0082310556088578
62.45	NaN
62.550000000000004	1.0083344405201762
62.65	NaN
62.75	NaN
62.85	1.0114464460495802
62.95	1.0102156148608703
63.050000000000004	1.0108345346466887
63.15	1.009246615399511
63.25	1.0109048167274743
63.35	1.0090061587135875
63.45	1.0098984466064609
63.550000000000004	1.0078486235225954
63.65	NaN
63.75	1.0085685904466044
63.85	NaN
63.95	1.005767539465245
64.05	1.003160858842621
64.14999999999999	1.0046971871721444
64.25	1.00207235279956
64.35	NaN
64.44999999999999	1.0004103061209189
64.55	1.000236290504226
64.64999999999999	0.9982140352059549
64.75	0.9985655070516422
64.85	0.996081315305997
64.94999999999999	0.9962875386920248
65.05	0.9937611083505414
65.14999999999999	NaN
65.25	0.9942238301210056
65.35	0.9923907502796768
65.44999999999999	0.9920350109504436
65.55	0.991694791524472
65.64999999999999	NaN
65.75	0.9915484412214376
65.85	0.9914606956658242
65.94999999999999	NaN
66.05	NaN
66.14999999999999	0.9916116977060712
66.25	0.9899442237634699
66.35	0.992608747445616
66.44999999999999	0.9901579361920252
66.55	NaN
66.64999999999999	0.9931222588608813
66.75	0.9917931505099298
66.85	NaN
66.94999999999999	NaN
67.05	NaN
67.14999999999999	NaN
67.25	0.9972431456517793
67.35	NaN
67.44999999999999	NaN
67.55	0.9991386811129277
67.64999999999999	1.0009136489583432
67.75	1.0006482760305218
67.85	1.0023225592221874
67.94999999999999	NaN
68.05	1.004276361893771
68.14999999999999	1.0020026138175737
68.25	1.0041672862742683
68.35	1.0051133100225385
68.44999999999999	1.0064689664429227
68.55	1.0070643814322844
68.64999999999999	NaN
68.75	1.0083092441599493
68.85	1.0081134601665878
68.94999999999999	1.0089677166285125
69.05	NaN
69.14999999999999	1.0066605329795932
69.25	NaN
69.35	1.009004187271764
69.44999999999999	1.0099018804148356
69.55	1.007401360923238
69.64999999999999	1.0067318420120004
69.75	1.006332303625133
69.85	1.0076753761540485
69.94999999999999	1.0064658152795525
70.05	NaN
70.14999999999999	1.0040310076644572
70.25	1.0027044595489363
70.35	1.0027821896192652
70.44999999999999	1.0034405282624592
70.55	1.0017075375873752
70.64999999999999	1.00202980391038
70.75	0.9987016355242582
70.85	0.9987950732853819
70.94999999999999	0.9980744273769301
71.05	0.9987259855725649
71.14999999999999	NaN
71.25	0.9961896490444183
71.35	NaN
71.44999999999999	0.9965004506915218
71.55	0.9952177457532783
71.64999999999999	0.9954795672833223
71.75	0.9960631722765986
71.85	NaN
71.94999999999999	NaN
72.05	0.9924045510011902
72.14999999999999	NaN
72.25	0.9923778533776556
72.35	0.9912946241638261
72.44999999999999	NaN
72.55	NaN
72.64999999999999	0.9917043900292724
72.75	0.9943492093452243
72.85	0.9931775816605606
72.94999999999999	NaN
73.05	0.9939587509656787
73.14999999999999	0.9939854660127
73.25	0.9966655147499863
73.35	0.9964428979945615
73.44999999999999	0.997050464268811
73.55	0.9970639379774994
73.64999999999999	0.9983045732895506
73.75	0.9985603343139825
73.85	0.9984081878310113
73.94999999999999	NaN
74.05	NaN
74.14999999999999	1.0024352668211247
74.25	1.002020500576015
74.35	1.002239482281032
74.44999999999999	1.0042107127621027
74.55	1.0049739155004804
74.64999999999999	NaN
74.75	NaN
74.85	1.004453290906289
74.94999999999999	1.0058893264943938
75.05	1.0072338978100581
75.14999999999999	1.0060354031812007
75.25	1.0076692117703503
75.35	1.005726809673157
75.44999999999999	1.006221661810291
75.55	1.0067711975554867
75.64999999999999	1.0073331844812135
75.75	NaN
75.85	1.0069972816786636
75.94999999999999	NaN
76.05	1.0058494656005401
76.14999999999999	1.007087240642073
76.25	1.0049954434346602
76.35	1.0046519488082581
76.44999999999999	NaN
76.55	1.004800392574043
76.64999999999999	1.0009468347627917
76.75	NaN
76.85	1.0007170435780446
76.95	0.9990736752958055
77.05	0.9988936641291024
77.14999999999999	0.9994544772303016
77.25	NaN
77.35	NaN
77.45	NaN
77.55	0.9964969125965776
77.64999999999999	NaN
77.75	0.9936218165264313
77.85	0.9947538312552203
77.95	NaN
78.05	0.9944582562255895
78.14999999999999	NaN
78.25	0.9928891671341207
78.35	0.9945688877276707
78.45	NaN
78.55	NaN
78.64999999999999	NaN
78.75	0.9916756974416806
78.85	0.9943779280570886
78.95	0.995343814906427
79.05	NaN
79.14999999999999	NaN
79.25	0.9956285614568313
79.35	0.9948287735732649
79.45	NaN
79.55	0.9942051707706483
79.64999999999999	NaN
79.75	0.9976568432821314
79.85	0.9979383182833683
