0.15	0.019262059302822872
0.25	0.01907893943857118
0.35	0.0191273733444267
0.45	0.019102924081991907
0.55	0.019569963274719018
0.65	0.019478826919522716
0.7500000000000001	0.019726818590707747
0.85	0.019753987494776668
0.95	0.020153415394953644
1.05	0.02058303103634452
1.15	0.02085412347502701
1.25	0.021342784218721978
1.35	0.021544165916756362
1.45	0.02204171865622645
1.55	0.022605437435471384
1.65	0.023034258252166373
1.75	0.023505994760403267
1.85	0.024332515140315213
1.95	0.025035326120768194
2.05	0.025801758980379317
2.15	0.026593334197278808
2.25	0.027503324166309392
2.35	0.02859084479929766
2.45	0.029617342442774273
2.5500000000000003	0.03081237333549818
2.65	0.032174657440090015
2.75	0.03331555268407591
2.85	0.034864145989008395
2.95	0.03663100814354724
3.0500000000000003	0.03822617830272952
3.15	0.04034481826336837
3.25	0.04242876022667125
3.35	0.045043364076895756
3.45	0.04762031525751352
3.5500000000000003	0.05055825968935925
3.65	0.053683641235171484
3.75	0.05755659075208147
3.85	0.06091557673481451
3.95	0.06580039066813553
4.05	0.07069660773862632
4.1499999999999995	0.07626693355349437
4.25	0.08229642878160802
4.35	0.08998912514965562
4.449999999999999	0.09736431817873664
4.55	0.10660613405916843
4.6499999999999995	0.11663890867024823
4.75	0.12909776701009434
4.85	0.1430763449392338
4.95	0.1594647125693574
5.05	0.17708700296700403
5.1499999999999995	0.1999085010352936
5.25	0.22409960913473526
5.35	0.2550837890037825
5.45	0.29232143602949107
5.55	0.3357839567767436
5.6499999999999995	0.386980181477285
5.75	0.4536867616687445
5.85	0.5298076897564769
5.95	0.6260340690123862
6.05	0.7478963878931554
6.1499999999999995	0.8992642568398691
6.25	1.0834695693917158
6.35	1.3010678669511615
6.45	1.5802552845021474
6.55	1.8891306688547709
6.6499999999999995	2.2225223597945525
6.75	2.5374232848423097
6.85	2.7931148315003043
6.95	2.9243847334948083
7.05	2.9130424749511463
7.1499999999999995	2.766770005304327
7.25	2.558968463382479
7.35	2.2933993428516195
7.45	2.0384235389878587
7.55	1.814709582504788
7.6499999999999995	1.6055519940970562
7.75	1.4336097434561548
7.85	1.2837026921552726
7.95	1.1611847277583487
8.05	1.0591051672606178
8.15	0.9740716654714197
8.25	0.9006377222396829
8.350000000000001	0.8383456375655214
8.450000000000001	0.7869407325593011
8.55	0.7444836219132797
8.65	0.705963415976144
8.75	0.6770348213099664
8.850000000000001	0.6515549072909328
8.950000000000001	0.629609162450836
9.05	0.6124872067098187
9.15	0.5986438756942858
9.25	0.5879912571300752
9.350000000000001	0.5779846278660296
9.450000000000001	0.572280423282789
9.55	0.5698815775254917
9.65	0.5679615088133975
9.750000000000002	0.569458296757606
9.85	0.5717563530217261
9.95	0.5774999874822747
10.049999999999999	0.5851727493929649
10.149999999999999	0.5940678123093607
10.25	0.6059694386191077
10.35	0.618674936691063
10.45	0.6345958485568032
10.549999999999999	0.651780872603967
10.649999999999999	0.6728606828240422
10.75	0.6957249560594343
10.85	0.7223351432405979
10.95	0.7477728669463628
11.049999999999999	0.7773343313068223
11.149999999999999	0.8103036306803474
11.25	0.843985615955925
11.35	0.8809965537471378
11.45	0.9206275101793331
11.549999999999999	0.9618153245080008
11.649999999999999	1.0029830552771295
11.75	1.0442754037555735
11.85	1.0857543073329605
11.95	1.1256641794585982
12.049999999999999	1.1640609283470609
12.149999999999999	1.2005111352872242
12.25	1.232925649159188
12.35	1.2603075652241014
12.45	1.2832506368873926
12.549999999999999	1.3017720646286661
12.649999999999999	1.3215399289805925
12.75	1.3270361761556406
12.85	1.3397303886891498
12.95	1.3389338225538243
13.049999999999999	1.3389319360712493
13.149999999999999	1.3355590453810788
13.25	1.3262130882509595
13.35	1.316234502387362
13.45	1.3021207393512717
13.549999999999999	1.2841188348883885
13.649999999999999	1.2664557384935342
13.75	1.2425010229780848
13.85	1.2175736667143857
13.95	1.1910200638681976
14.049999999999999	1.1604012338827279
14.149999999999999	1.1269993331809463
14.25	1.0964050275062358
14.35	1.0640257886715199
14.45	1.0325026337608165
14.549999999999999	1.0051122991932635
14.649999999999999	0.9732196256330468
14.75	0.9464389488290493
14.85	0.9196274847889775
14.95	0.8969929997295459
15.049999999999999	0.8777488159627673
15.149999999999999	0.8579999992158381
15.25	0.8406073988426807
15.35	0.8258070643542139
15.45	0.8132531835504776
15.549999999999999	0.8026849242585451
15.649999999999999	0.79540596117228
15.75	0.7898602810569505
15.85	0.7837163311948137
15.95	0.78255804019756
16.05	0.7824026561220284
16.15	0.7853232334287455
16.25	0.7870050471914474
16.349999999999998	0.7914839802340798
16.45	0.7977532286648807
16.55	0.807097792137983
16.65	0.815553130788708
16.75	0.8264906079148491
16.849999999999998	0.8385003404784969
16.95	0.8529683238639169
17.05	0.8694941704576059
17.15	0.8860371518603961
17.25	0.9030622585795635
17.349999999999998	0.9231405014224662
17.45	0.9439945577010495
17.55	0.9628986644080502
17.65	0.9821870061852825
17.75	1.0035956657557161
17.849999999999998	1.0263085848578797
17.95	1.0473917917423832
18.05	1.0656276982404702
18.15	1.084827386493211
18.25	1.1041970689454461
18.349999999999998	1.1208435093350608
18.45	1.1320221699246684
18.55	1.147162657317606
18.65	1.1573327787613505
18.75	1.1674627020503754
18.849999999999998	1.1711561751445159
18.95	1.1744949331447887
19.05	1.1734410974053346
19.15	1.1740676446267218
19.25	1.1716588807504689
19.35	1.1681132643515
19.45	1.1594755841055728
19.55	1.1519753363693706
19.65	1.143099061918279
19.75	1.1337458443025514
19.85	1.1214560604446113
19.95	1.1078186514365753
20.05	1.094424197124406
20.15	1.080159450035479
20.25	1.0664841155396445
20.35	1.052474719360805
20.45	1.0385836546869125
20.55	1.0249609590113413
20.65	1.0087475245798885
20.75	0.9959071659569412
20.85	0.9856234803007813
20.95	0.9714864059574495
21.05	0.9571995510947161
21.15	0.9469782403003862
21.25	0.9376213283814369
21.35	0.9274985948132654
21.45	0.9174035672499827
21.55	0.9108242196428948
21.65	0.9006729251621273
21.75	0.896728387964718
21.85	0.8893139766378964
21.95	0.8874260945671095
22.05	0.8842656963717607
22.15	0.8809438023806813
22.25	0.8817747013907474
22.35	0.8783746556690968
22.45	0.8816044592077404
22.55	0.8817225974393391
22.65	0.8876247437732657
22.75	0.8917608561895114
22.85	0.8956629002282713
22.95	NaN
23.05	0.910446411574456
23.15	0.9173436261097249
23.25	0.9265985672127286
23.35	0.9380521207044054
23.45	0.9479389193760173
23.55	0.9565030973531079
23.65	0.9675564359500192
23.75	0.9777638798182939
23.85	0.9913290692053882
23.95	1.0024150451082543
24.05	1.0150035496130227
24.15	1.026832081359344
24.25	1.037811983119937
24.35	1.0481520179683768
24.45	1.058801515619432
24.55	1.0659806246326622
24.65	1.074629487016049
24.75	1.0842517923801747
24.85	1.0909513891273999
24.95	1.0976417504760074
25.05	1.102153967274634
25.15	1.1025446321524355
25.25	1.103918187922457
25.35	1.104992128973803
25.45	1.1056038284390253
25.55	1.1016309176356416
25.65	1.1005607883951627
25.75	1.0929668787157454
25.85	1.0898808148067323
25.95	1.083332901379322
26.05	1.0763013766205627
26.15	1.0674061375708181
26.25	1.0599597766880637
26.35	1.0542383309132781
26.45	1.0421492607759075
26.55	1.0340184406479065
26.65	1.0250646653606659
26.75	1.0167729392138036
26.85	1.0083989661897432
26.95	1.0006437358373375
27.05	0.9916188199910733
27.15	0.9820433586180289
27.25	0.9734968633614829
27.35	0.964726587691729
27.45	0.9617290079263943
27.55	0.9523418085260188
27.65	0.9458503015091488
27.75	0.9436683697427075
27.85	0.9380452788631496
27.95	0.9354210227746877
28.05	0.931645903526442
28.15	0.9294398676352696
28.25	0.926162341292545
28.35	0.9265201951717111
28.45	0.9232974695048624
28.55	0.9234586667292949
28.65	0.9249997618516481
28.75	0.9264509822576299
28.85	0.9302332843862612
28.95	0.931175286791859
29.05	0.9351449243334661
29.15	0.9394549594047326
29.25	0.9436948664182117
29.35	0.947184047482733
29.45	0.9522698969009288
29.55	0.958103245485005
29.65	0.964758350485317
29.75	0.9756883882681371
29.85	0.9783639832027735
29.95	0.9852984437522312
30.05	0.990918262644374
30.15	1.0031970870748534
30.25	1.007961321401346
30.35	1.015598761649091
30.45	1.0212484281711747
30.55	1.0285360875496865
30.65	1.0354242866603045
30.75	1.0424565701747965
30.85	1.0521295439715883
30.95	1.051223929669065
31.05	1.0565971176988749
31.15	1.060577582467435
31.25	1.0634371158067468
31.35	1.065446228772426
31.45	1.068341807825294
31.55	1.0667808815164108
31.65	1.0670873296127927
31.75	1.066689860940761
31.85	1.0653100318923676
31.95	1.0635912727405072
32.05	1.0612307015357525
32.15	1.056338831613838
32.25	1.0519577500835826
32.35	1.0472299058910968
32.45	1.0437736960177944
32.55	1.0391235630885702
32.65	1.0318040709576377
32.75	1.0275276180404607
32.85	1.0193271432925264
32.95	1.0148603558711822
33.05	1.0068537929014973
33.15	1.0013080280011235
33.25	0.9944634720126105
33.35	0.9910350139300106
33.45	0.9863465810113208
33.55	0.9808625380950462
33.65	0.9745914670139291
33.75	0.9715799888920241
33.85	0.9655693713135968
33.95	0.9635453320142613
34.05	0.9582429490498393
34.15	0.9561251861863344
34.25	0.9525952785601209
34.35	0.9521931793478239
34.45	0.9472655087239097
34.55	0.948563987852819
34.65	0.949198370766982
34.75	0.9476293259308899
34.85	0.9477931257979795
34.95	0.9490707645210256
35.05	0.9493525751594225
35.15	0.9512101172125358
35.25	0.9525870328407691
35.35	0.9535687942452125
35.45	0.9590183244297769
35.55	0.9622726271027093
35.65	0.9661876481233219
35.75	0.9690925120871238
35.85	0.9736631916552021
35.95	0.9788221964551047
36.05	0.9842815043287314
36.15	0.9886041819630133
36.25	0.9950859681759682
36.35	0.9998266011953941
36.45	1.0038675142813096
36.55	NaN
36.65	1.0132279097349488
36.75	1.0187153389670804
36.85	1.0218093663350223
36.95	1.0268863699398816
37.05	1.031519283533263
37.15	1.0347119967845968
37.25	1.0399369181586129
37.35	1.0402330325816216
37.45	1.0428963403281313
37.55	1.046659010451531
37.65	NaN
37.75	1.0449479519920593
37.85	1.0474706783668046
37.95	1.046944450660358
38.05	1.0481110772118345
38.15	1.043133019113521
38.25	1.0445497672332287
38.35	1.0400165409091846
38.45	1.0378119522610398
38.550000000000004	1.0343574042590065
38.65	1.032439648870358
38.75	1.0292475246248487
38.85	1.0249723586132853
38.95	1.021316952069447
39.050000000000004	1.015923428542447
39.15	NaN
39.25	NaN
39.35	NaN
39.45	NaN
39.550000000000004	0.9955362125560752
39.65	0.991601431288302
39.75	0.9875627543538306
39.85	0.9839672015712584
39.95	0.980817705299543
40.050000000000004	0.9794926163801068
40.15	NaN
40.25	0.9718445430531406
40.35	0.9691650761241027
40.45	0.9665416685189274
40.550000000000004	0.9645792460772765
40.65	0.9638563749632801
40.75	0.9607919826460967
40.85	0.9603810144588212
40.95	0.9605358653981046
41.050000000000004	0.9616154551921398
41.15	0.9627378910070307
41.25	0.9624844460555882
41.35	0.9634465637692485
41.45	0.9648988969092638
41.550000000000004	NaN
41.65	0.9689035696089827
41.75	0.9705034815032939
41.85	0.973542129737062
41.95	0.9774836560212413
42.050000000000004	0.9791559346540106
42.15	NaN
42.25	0.9868990045573881
42.35	0.991542635488135
42.45	0.9938222312509467
42.550000000000004	0.9993396798537588
42.65	1.0048546484391145
42.75	1.0050106250330313
42.85	1.0078147865175557
42.95	1.0116867109304188
43.050000000000004	1.0162871989080984
43.15	1.0181020569567942
43.25	1.0216949178776598
43.35	1.0245538289891676
43.45	1.0237214501454615
43.550000000000004	1.0300326989308668
43.65	NaN
43.75	1.03247797582968
43.85	1.0337537899004838
43.95	1.0345126029427087
44.050000000000004	1.035034885020354
44.15	1.0346614336228614
44.25	NaN
44.35	1.0341355456949197
44.45	1.0332547919869115
44.550000000000004	1.0303459409071234
44.65	1.029051868605952
44.75	1.0267307208170808
44.85	1.0253065765391869
44.95	1.0234487770488283
45.050000000000004	1.0221124406159743
45.15	1.0178526701322073
45.25	1.0134435039782936
45.35	NaN
45.45	1.0095198113933663
45.550000000000004	1.006859626667015
45.65	NaN
45.75	1.0006241196529284
45.85	0.9957786381736908
45.95	0.9926137872845404
46.050000000000004	0.9918265164529678
46.15	0.986879233048525
46.25	0.9846187618968522
46.35	0.9858532516528297
46.45	0.9798904793120454
46.550000000000004	0.9782358258757629
46.65	NaN
46.75	0.9745169670847497
46.85	0.9734441486275068
46.95	0.973657849653427
47.050000000000004	0.9716367463614021
47.15	0.971291054499292
47.25	0.971856236500883
47.35	0.9700740770407622
47.45	0.9718409191981441
47.550000000000004	0.9701501448439808
47.65	0.9734698869345562
47.75	0.9729499758124499
47.85	0.976342128227594
47.95	0.976452814963022
48.050000000000004	0.9773959656223307
48.15	0.9809195796980222
48.25	0.9822024688765085
48.35	0.9866401929681364
48.45	0.989034357983071
48.550000000000004	0.9892089313566814
48.65	0.9941508079878272
48.75	0.9975597776208381
48.85	0.9995452980603624
48.95	1.0022752990366675
49.050000000000004	1.0053277327793646
49.15	NaN
49.25	1.0100714814108527
49.35	1.0121562484485789
49.45	1.0155066747899768
49.550000000000004	1.0174336234155623
49.65	1.0188587339417496
49.75	1.0208745952787972
49.85	1.0230167459599795
49.95	1.01972840905192
50.050000000000004	1.025170425610966
50.15	1.0261352277447706
50.25	1.0277803138826105
50.35	1.026877047084132
50.45	1.0258364228516987
50.550000000000004	1.0263805246991589
50.65	1.0275518239160886
50.75	1.0228367617745004
50.85	1.0241009148796774
50.95	NaN
51.050000000000004	1.0207127379156768
51.15	1.0190220413336264
51.25	1.017956010405293
51.35	1.0129659820023849
51.45	1.0124048381997384
51.550000000000004	NaN
51.65	1.0067926030652228
51.75	1.0063472637710869
51.85	1.0043057973091254
51.95	1.0000836149119958
52.050000000000004	NaN
52.15	0.9955949292540476
52.25	0.9938713100177679
52.35	0.9910907961838943
52.45	0.9884020319914794
52.550000000000004	0.9871057378748342
52.65	0.9886948537349775
52.75	0.9823521779426421
52.85	0.9819848291974206
52.95	NaN
53.050000000000004	0.9790982396074015
53.15	NaN
53.25	0.9789782105800653
53.35	0.9765923735991586
53.45	0.9767961175711775
53.550000000000004	NaN
53.65	0.9787268141251988
53.75	NaN
53.85	0.9787627440588036
53.95	0.978968475866193
54.050000000000004	NaN
54.15	0.9827338766179473
54.25	NaN
54.35	0.9845292657132668
54.45	0.9857397173809288
54.550000000000004	NaN
54.65	0.9899205643570096
54.75	0.990537388535749
54.85	0.9958578820550694
54.95	0.9952132412444783
55.050000000000004	0.9971415278758271
55.15	1.0015184732123221
55.25	1.0015084399323033
55.35	1.0005592204822515
55.45	1.007235504701825
55.550000000000004	1.0082208527837278
55.65	1.005694682699815
55.75	1.012287042032449
55.85	1.0143825986829291
55.95	1.0137577667991762
56.050000000000004	1.0182474388001197
56.15	1.0176906855017613
56.25	1.0173281049410674
56.35	1.0202794432171685
56.45	1.01857931827853
56.550000000000004	1.0211543927352087
56.65	1.019224534442337
56.75	NaN
56.85	1.0216493744333657
56.95	1.0198911637898038
57.050000000000004	1.0197386476816173
57.15	1.0181270042405655
57.25	1.019278334378847
57.35	NaN
57.45	1.0149104864253855
57.550000000000004	1.0137626191953963
57.65	1.0095220180417517
57.75	1.0097205758383694
57.85	1.0055316488749113
57.95	1.0057938492249434
58.050000000000004	1.0031510035886724
58.15	1.0020437355737448
58.25	1.0017703061463163
58.35	0.9974391320149947
58.45	NaN
58.550000000000004	0.9933822431571502
58.65	0.9937673662693279
58.75	NaN
58.85	0.9895436651706404
58.95	NaN
59.050000000000004	0.9858203322851421
59.15	0.9841893684490813
59.25	0.984457778001041
59.35	0.9810830831035485
59.45	0.9820214666247343
59.550000000000004	0.9795447118775377
59.65	0.9817974514732781
59.75	0.9794883993956685
59.85	NaN
59.95	0.9806490463185328
60.050000000000004	NaN
60.15	0.9818532528603421
60.25	0.9829960975128724
60.35	NaN
60.45	0.9853852985579303
60.550000000000004	0.9855725302426316
60.65	0.9892451291400812
60.75	0.9890191467533218
60.85	0.9882559187269363
60.95	0.991335822123505
61.050000000000004	0.9950505273466203
61.15	0.9950566547078953
61.25	0.9973267069720742
61.35	0.9989017543226238
61.45	1.001750515655009
61.550000000000004	NaN
61.65	1.004073996380676
61.75	NaN
61.85	NaN
61.95	1.007879566910958
62.050000000000004	1.0106459191280235
62.15	1.0125094052727626
62.25	1.011784884014221
62.35	1.0137798851535134
62.45	1.0144148343078205
62.550000000000004	1.015825022960987
62.65	1.0162634696884871
62.75	1.0177480749733785
62.85	1.0168655771624109
62.95	1.016962543816171
63.050000000000004	1.0163596714188707
63.15	1.0160269522849665
63.25	NaN
63.35	1.0148198613447523
63.45	1.017487897861704
63.550000000000004	1.0121179134427618
63.65	1.0124252473980087
63.75	1.0121712256876234
63.85	1.010530997411175
63.95	1.0084104533297766
64.05	1.0062170400594865
64.14999999999999	1.0070398651452965
64.25	1.0058159161632436
64.35	1.0013393652019105
64.44999999999999	1.0026921590958378
64.55	1.0005642987327965
64.64999999999999	0.9965745107038022
64.75	0.9992543138175218
64.85	0.9958836273105597
64.94999999999999	0.9947267055424963
65.05	0.992113808371859
65.14999999999999	0.9913525871431588
65.25	NaN
65.35	0.9887202502224098
65.44999999999999	NaN
65.55	0.9857089589816749
65.64999999999999	0.986812729251318
65.75	0.9859840198649985
65.85	0.985161430160671
65.94999999999999	0.9848498109781753
66.05	NaN
66.14999999999999	0.9853717911769725
66.25	0.9832425463990848
66.35	0.9851662220562418
66.44999999999999	0.9847164318376208
66.55	0.9873743587086101
66.64999999999999	NaN
66.75	0.9894793282975625
66.85	NaN
66.94999999999999	NaN
67.05	0.9920747756608262
67.14999999999999	0.9927841945075986
67.25	0.9947425032910219
67.35	0.9954600347003407
67.44999999999999	0.995667565227865
67.55	0.9953422976159723
67.64999999999999	NaN
67.75	NaN
67.85	1.0016648620214998
67.94999999999999	1.0034315314220306
68.05	1.0044538730218726
68.14999999999999	1.006474679088661
68.25	NaN
68.35	1.0086802859875534
68.44999999999999	1.0095662401667411
68.55	1.0108837371556667
68.64999999999999	NaN
68.75	1.0119673785821828
68.85	1.0137601643868337
68.94999999999999	1.0135956157280586
69.05	1.01485564471544
69.14999999999999	1.0109852961334187
69.25	1.0161366039150235
69.35	1.014711175232594
69.44999999999999	NaN
69.55	1.0120135647979076
69.64999999999999	1.0140781870779956
69.75	NaN
69.85	1.0111987663620048
69.94999999999999	NaN
70.05	1.007886252138859
70.14999999999999	1.0079326545579028
70.25	NaN
70.35	1.0046491544684837
70.44999999999999	NaN
70.55	1.0019358826354543
70.64999999999999	0.9992663156898456
70.75	1.0006756841436295
70.85	0.9998534114197368
70.94999999999999	0.9992618267564398
71.05	0.9988314632868988
71.14999999999999	0.9961769148467875
71.25	NaN
71.35	0.9917479428665389
71.44999999999999	0.9904341731115774
71.55	0.9897641988480692
71.64999999999999	0.9914816143523636
71.75	0.9875981244486849
71.85	0.9888525048510646
71.94999999999999	0.9892115031392772
72.05	NaN
72.14999999999999	NaN
72.25	NaN
72.35	NaN
72.44999999999999	0.9845534579151743
72.55	0.9873233039671562
72.64999999999999	0.9880007286851613
72.75	NaN
72.85	0.9894518406208896
72.94999999999999	0.9886785094869723
73.05	0.9902130589658931
73.14999999999999	0.9895515184002492
73.25	0.9912064081417162
73.35	0.993185333486572
73.44999999999999	NaN
73.55	0.9963485985763538
73.64999999999999	NaN
73.75	NaN
73.85	0.9985154212536567
73.94999999999999	1.0006083063564453
74.05	1.002151124840042
74.14999999999999	1.002367118954431
74.25	1.0033018482630374
74.35	1.004777016112801
74.44999999999999	1.0076847109705678
74.55	1.0073233779887
74.64999999999999	1.008487652138999
74.75	1.008076248261372
74.85	1.009243853774905
74.94999999999999	1.0076336329782096
75.05	1.010955679688888
75.14999999999999	1.0106435249821812
75.25	NaN
75.35	NaN
75.44999999999999	NaN
75.55	1.0116538842574563
75.64999999999999	NaN
75.75	NaN
75.85	1.0109981922486189
75.94999999999999	1.0109037526017493
76.05	1.0103670852923736
76.14999999999999	1.0093130671482862
76.25	NaN
76.35	1.0076291930222276
76.44999999999999	NaN
76.55	1.0070100641182647
76.64999999999999	1.0049847807705754
76.75	NaN
76.85	NaN
76.95	NaN
77.05	NaN
77.14999999999999	1.001200269795544
77.25	0.9982373311103591
77.35	0.9974466513820326
77.45	0.9959314081213054
77.55	0.9949547852132322
77.64999999999999	0.9931076705299475
77.75	0.9932626526773131
77.85	0.9917515545846148
77.95	0.9918126879245488
78.05	0.9898391498366926
78.14999999999999	0.9892226235995815
78.25	0.9892615323915683
78.35	0.9903437395290408
78.45	NaN
78.55	NaN
78.64999999999999	0.9886767297380763
78.75	0.9895919145139352
78.85	NaN
78.95	0.989889343106698
79.05	NaN
79.14999999999999	NaN
79.25	0.9931741412439722
79.35	NaN
79.45	0.9932866126236557
79.55	0.9933309636000128
79.64999999999999	NaN
79.75	0.9965132901256909
79.85	0.9965898997654209
