0.15	0.03652986703845134
0.25	0.037149824695960995
0.35	0.037559581998142265
0.45	0.036776227098783275
0.55	0.037398902925119104
0.65	0.03760417462580155
0.7500000000000001	0.03810731968786409
0.85	0.03866580353640242
0.95	0.03919194129380783
1.05	0.039622602390224415
1.15	0.04038173659188227
1.25	0.0409879117348878
1.35	0.041919641259764974
1.45	0.04274529515483625
1.55	0.04406687864862445
1.65	0.04507477940869794
1.75	0.04615911519596362
1.85	0.04751456940458707
1.95	0.04866769616778335
2.05	0.05027961529831639
2.15	0.05223121704405165
2.25	0.054001138671328566
2.35	0.05584033818106334
2.45	0.0580014303124373
2.5500000000000003	0.060426529556925235
2.65	0.06305520684386193
2.75	0.06618714412652967
2.85	0.06905924761342622
2.95	0.07244022824657188
3.0500000000000003	0.0761878216234579
3.15	0.08021637310069683
3.25	0.08494104074608506
3.35	0.08984797485283604
3.45	0.09573465045247785
3.5500000000000003	0.10149409704575975
3.65	0.107895109273511
3.75	0.11584663621535805
3.85	0.12375592199323392
3.95	0.13371796554749066
4.05	0.14382389013521346
4.1499999999999995	0.1552311873975718
4.25	0.16832336634760245
4.35	0.18370941541995883
4.449999999999999	0.20043512901550978
4.55	0.22009739794260413
4.6499999999999995	0.2414615623162262
4.75	0.2680810098711859
4.85	0.29375351914026987
4.95	0.330625313197742
5.05	0.36870580510003276
5.1499999999999995	0.4132674731396079
5.25	0.46429014387941947
5.35	0.5231452754900174
5.45	0.596517557987882
5.55	0.6770966510861361
5.6499999999999995	0.7748705142059061
5.75	0.8863314747778012
5.85	1.0156343969499497
5.95	1.1502246464937957
6.05	1.3082264870638967
6.1499999999999995	1.4801455870191893
6.25	1.6476729460124202
6.35	1.809741647222798
6.45	1.9570564311155636
6.55	2.0630339324322695
6.6499999999999995	2.1262185771075752
6.75	2.13517302789816
6.85	2.102775173126867
6.95	2.02991345470447
7.05	1.9265190781817116
7.1499999999999995	1.8210000800141979
7.25	1.7042165838311893
7.35	1.5859471522804547
7.45	1.4729040579289672
7.55	1.3713505872242402
7.6499999999999995	1.2797997837729786
7.75	1.1978678854877207
7.85	1.1222885260358324
7.95	1.0555922734940655
8.05	0.9963060721883465
8.15	0.9462837579512509
8.25	0.9014061744265207
8.350000000000001	0.8631151780930968
8.450000000000001	0.8303272407150272
8.55	0.8023149299217944
8.65	0.776744378162102
8.75	0.7549232347337086
8.850000000000001	0.7378296862885989
8.950000000000001	0.7222948073849839
9.05	0.7114647098659294
9.15	0.7003944577240192
9.25	0.694144845861702
9.350000000000001	0.6890604683699343
9.450000000000001	0.6876949995311694
9.55	0.6868518211973288
9.65	0.6882126375551523
9.750000000000002	0.6904067069045473
9.85	0.6960580246789704
9.95	0.7025244987631283
10.049999999999999	0.7110754704872696
10.149999999999999	0.7218839216352257
10.25	0.7336286587511089
10.35	0.7466638299331053
10.45	0.7612981746395373
10.549999999999999	0.7800308009650958
10.649999999999999	0.7992396964261964
10.75	0.8186321346922564
10.85	0.8390383627572842
10.95	0.8614134861583915
11.049999999999999	0.8869116950988788
11.149999999999999	0.91144596296443
11.25	0.9356051936503382
11.35	0.9633195592726904
11.45	0.9909718241474061
11.549999999999999	1.018034354884696
11.649999999999999	1.0430341892945207
11.75	1.072476528572501
11.85	1.0967706644355273
11.95	1.123842047590027
12.049999999999999	1.1478306356240418
12.149999999999999	1.1678381228439147
12.25	1.186520950631063
12.35	1.204113758648398
12.45	1.2178811802084055
12.549999999999999	1.2273206733911737
12.649999999999999	1.2354418562461396
12.75	1.2402249374239978
12.85	1.2417027707577069
12.95	1.2387060158891152
13.049999999999999	1.2365532252853895
13.149999999999999	1.2273805463043748
13.25	1.2174244699948968
13.35	1.2016645164047777
13.45	1.184219443839572
13.549999999999999	1.1687571854205983
13.649999999999999	1.1471570574584073
13.75	1.1291583071339388
13.85	1.1093980059088007
13.95	1.0892638775888506
14.049999999999999	1.068625774159276
14.149999999999999	1.0477553366581795
14.25	1.025487143606787
14.35	1.0061662546131582
14.45	0.985816169281483
14.549999999999999	0.9687719035438035
14.649999999999999	0.9544218422939856
14.75	0.9385835298834864
14.85	0.9254953034634531
14.95	0.9107509421991914
15.049999999999999	0.8988743320590831
15.149999999999999	0.8912127982942122
15.25	0.8805758713562053
15.35	0.8742638086289515
15.45	0.8692335089438717
15.549999999999999	0.8643508539816587
15.649999999999999	0.8611111817749006
15.75	0.8600886039648832
15.85	0.8573648921360199
15.95	0.8591408553662534
16.05	0.8615993833846322
16.15	0.8635091516354131
16.25	0.866499542969447
16.349999999999998	0.8733830206594665
16.45	0.8794351315427071
16.55	0.8858292498400191
16.65	0.8929373392509858
16.75	0.9018789748425449
16.849999999999998	0.9128758763335804
16.95	0.9230493903629476
17.05	0.9337174218686184
17.15	0.947033027218992
17.25	0.9587056991767948
17.349999999999998	0.9715165625678995
17.45	0.9834336881726947
17.55	0.9959918437996348
17.65	1.0080750647463965
17.75	1.0219782393348382
17.849999999999998	1.0334715275910704
17.95	1.0432072753210337
18.05	1.055974749554747
18.15	1.067103862396863
18.25	1.075613084551998
18.349999999999998	1.0859315658778619
18.45	1.0922853568243536
18.55	1.0976472595026152
18.65	1.1024459452991187
18.75	1.1075772238725645
18.849999999999998	1.1079945885856795
18.95	1.1120294638199548
19.05	1.1124575150982883
19.15	1.1083724675330668
19.25	1.1051592974698599
19.35	1.1009909571287502
19.45	1.099648317530026
19.55	1.0932568791163764
19.65	1.084492975464325
19.75	1.0783235759167134
19.85	1.0691835837276509
19.95	1.0609701946961017
20.05	1.0551489259248876
20.15	1.0424011780409757
20.25	1.0345111174588095
20.35	1.02610180958733
20.45	1.0150805612210667
20.55	1.0061845740304394
20.65	0.995635308604613
20.75	0.9886246606173934
20.85	0.9798955002560307
20.95	0.9704857693599972
21.05	0.9620985226908085
21.15	0.9572845453814639
21.25	0.9506973272432749
21.35	0.9438262161982619
21.45	0.9397394368804253
21.55	0.9351694213142805
21.65	0.9303384809105372
21.75	0.928414268088753
21.85	0.9249691596083358
21.95	0.924098597548503
22.05	0.9234180575217829
22.15	0.9237350346197133
22.25	0.9239991079579203
22.35	0.9242977030700928
22.45	0.9265605286111955
22.55	0.9285457175498303
22.65	0.933611929849429
22.75	0.9374281964822098
22.85	0.941518501317231
22.95	0.9471218659076439
23.05	0.9518205674132735
23.15	0.9564828650631646
23.25	0.9628633191328666
23.35	0.9687036777179028
23.45	0.9764182175173209
23.55	0.9836121134160891
23.65	0.9907554410065921
23.75	0.9986866041608866
23.85	1.0048434988217554
23.95	1.0115115813015834
24.05	1.0188702021463647
24.15	1.0236231541080518
24.25	1.032053631487338
24.35	1.0358786900590151
24.45	1.0426624331722354
24.55	1.0465585392847099
24.65	1.047055110149802
24.75	1.0547761609413375
24.85	1.0577716127371117
24.95	1.0594158022267004
25.05	1.0606746117433157
25.15	1.0603281425725377
25.25	1.0633498857196757
25.35	1.0631235464109436
25.45	1.0611269311112788
25.55	1.0604689472781872
25.65	1.0590884564589444
25.75	1.056403687903856
25.85	1.050936131572345
25.95	1.0468986212065583
26.05	1.0434194619482466
26.15	1.0389606233565754
26.25	1.0336649556405173
26.35	1.0275627125121587
26.45	1.0230066076993054
26.55	1.0164686319452492
26.65	1.0069081500651262
26.75	1.0058795847193056
26.85	0.9999770640499273
26.95	0.9964950499077179
27.05	0.989930377448486
27.15	0.985774583847126
27.25	0.979456863980626
27.35	0.9760008385182986
27.45	0.9717615460166372
27.55	0.966706033023295
27.65	0.9639634487594918
27.75	0.9596504335048229
27.85	0.9581096365704405
27.95	0.9555036991087307
28.05	0.9546217235381772
28.15	0.9533360234737633
28.25	0.951442411695384
28.35	0.9523653194362812
28.45	0.952325997410679
28.55	0.9521354842346125
28.65	0.9532035693365702
28.75	0.9558621860409364
28.85	0.9560076322675557
28.95	0.9586876727209039
29.05	0.9621586508482783
29.15	0.9651259520179688
29.25	0.9666451314535405
29.35	0.9693283478467223
29.45	0.9759861470574542
29.55	0.9808588835998825
29.65	0.9809411428876887
29.75	0.9868375476389394
29.85	0.993003524248897
29.95	NaN
30.05	1.0003446480158245
30.15	1.0060220434676133
30.25	1.011824451546038
30.35	1.0161869666897443
30.45	1.018233786093046
30.55	1.0226103040820922
30.65	1.0273054772152657
30.75	1.028907874064095
30.85	1.0341184129980034
30.95	1.035028030026994
31.05	1.0343420607821663
31.15	1.0370407059151694
31.25	1.0381499673862626
31.35	1.040036985599486
31.45	1.0415413334254304
31.55	1.0418209461787789
31.65	1.041273900619021
31.75	NaN
31.85	1.0380001704852522
31.95	1.0363471329380405
32.05	1.0351392434600786
32.15	1.0318035464719686
32.25	1.028713147668547
32.35	1.0266227005618933
32.45	1.0242078066565072
32.55	1.019375218491442
32.65	1.016563717824225
32.75	1.0130213990988355
32.85	1.0100306752342998
32.95	1.0054001739447052
33.05	1.0029630579024582
33.15	0.9985933080070423
33.25	0.9937919401231368
33.35	0.9908995920518224
33.45	0.9873251716374613
33.55	0.9871460242022707
33.65	0.9821660589058276
33.75	0.9795788844683078
33.85	0.9767051266444711
33.95	0.9753726845507115
34.05	0.9724607298451154
34.15	0.9708922822263082
34.25	0.9691818604513807
34.35	0.9686987864983068
34.45	0.9682561806206617
34.55	0.9694297372176056
34.65	0.9672462904881294
34.75	0.968788564737753
34.85	0.9682856838834771
34.95	0.9687786552957981
35.05	0.9678525236765455
35.15	0.9725164033937261
35.25	0.9724700495577558
35.35	0.9731236504543079
35.45	0.9798644692388294
35.55	0.9782036693993142
35.65	0.9784397175410716
35.75	0.9840478296960109
35.85	0.9863098758418547
35.95	0.9901537055248935
36.05	0.9919709031786881
36.15	0.9954237212123089
36.25	0.9992745601389966
36.35	1.0018550368690355
36.45	1.0060825427235303
36.55	1.010168410249147
36.65	NaN
36.75	1.015407224195228
36.85	1.0157274988600635
36.95	1.017558381518067
37.05	1.021087827463175
37.15	1.0243452675066538
37.25	1.0243155077397084
37.35	1.0271306845099357
37.45	1.025394082362101
37.55	1.0286741136934643
37.65	1.0263123182713734
37.75	1.0288955392674213
37.85	1.0292509231291627
37.95	1.0264167551683172
38.05	NaN
38.15	NaN
38.25	1.0240786353600364
38.35	1.0233900434014138
38.45	1.0219717276248488
38.550000000000004	1.0194437702536807
38.65	1.0181747156804681
38.75	1.0149690727168068
38.85	1.013043757176061
38.95	1.0111684653817186
39.050000000000004	1.0113070785843412
39.15	1.0064887092597143
39.25	1.0056111905591791
39.35	1.001904077698061
39.45	0.9969413206359169
39.550000000000004	0.9943802692207517
39.65	NaN
39.75	0.9915291821404145
39.85	0.988161782839009
39.95	0.9861161574817041
40.050000000000004	0.9814666130596755
40.15	0.9832416276810086
40.25	0.979986355353971
40.35	NaN
40.45	0.9789873908828425
40.550000000000004	0.9786603157687743
40.65	0.9764346842798775
40.75	0.9788257192631438
40.85	0.9774679147399401
40.95	0.9769081163280098
41.050000000000004	0.9779523236130058
41.15	0.9767975051907001
41.25	0.9781640495936703
41.35	0.9766268264885715
41.45	0.9811739701895331
41.550000000000004	0.9819702217538336
41.65	0.9826400439108232
41.75	0.982980363954311
41.85	0.9876452094212276
41.95	0.9869351542407292
42.050000000000004	0.9903526274064077
42.15	0.9923998002406613
42.25	0.9939558121877933
42.35	0.9972096047995497
42.45	0.9998208871771769
42.550000000000004	1.0029652808771987
42.65	1.002769256926561
42.75	1.0030763800737892
42.85	1.004146396078298
42.95	1.0113317606844934
43.050000000000004	1.0108846435263699
43.15	NaN
43.25	1.0139736197057057
43.35	1.0172650282767697
43.45	1.0181187650024763
43.550000000000004	1.0138150804401673
43.65	NaN
43.75	NaN
43.85	1.021378496488071
43.95	1.0206936780750626
44.050000000000004	1.0207613050379358
44.15	1.0199302423308305
44.25	1.0185610445041602
44.35	1.020770366489494
44.45	NaN
44.550000000000004	1.0183729623429392
44.65	1.0169011800769696
44.75	1.016752009519571
44.85	1.0146727742077828
44.95	1.0142119124496014
45.050000000000004	1.0117226005216386
45.15	1.0103635986637576
45.25	1.0060531599257692
45.35	1.0070120738626853
45.45	1.003796761733871
45.550000000000004	1.001699753934338
45.65	0.9994389828675065
45.75	NaN
45.85	0.9945763862360406
45.95	NaN
46.050000000000004	0.9935451090833608
46.15	0.9904805720744844
46.25	0.9880875811388223
46.35	NaN
46.45	0.9870599848024435
46.550000000000004	0.9863367978851271
46.65	NaN
46.75	0.9839438193093342
46.85	0.9827488092090851
46.95	0.9822744821024133
47.050000000000004	0.9808899245071084
47.15	0.9812032656421649
47.25	0.9830880891547761
47.35	0.9824702582841106
47.45	NaN
47.550000000000004	0.9828578279275485
47.65	0.9838239402052453
47.75	0.9849439836507574
47.85	0.9866088187590236
47.95	0.9858201689996896
48.050000000000004	0.9865569150108431
48.15	0.9894275789900052
48.25	0.9915532839163244
48.35	0.9934578036260486
48.45	0.994423041429451
48.550000000000004	0.9918085152139149
48.65	0.9985329386204757
48.75	0.9989392818503158
48.85	1.0015256463989084
48.95	1.0024937457189929
49.050000000000004	1.0062176320356497
49.15	1.0060178360065748
49.25	1.0069789735247796
49.35	1.0091024575480052
49.45	1.0117824226304022
49.550000000000004	1.011818244189263
49.65	1.0130314121595885
49.75	NaN
49.85	1.012119553086656
49.95	1.014530119101449
50.050000000000004	1.01483032136976
50.15	1.0165410290427086
50.25	1.017034077624189
50.35	1.014938299394442
50.45	1.0154243400860665
50.550000000000004	1.0159915095419285
50.65	1.0150857022298687
50.75	1.0142951461880259
50.85	1.0124910432904723
50.95	1.0141098513672115
51.050000000000004	1.0119112008667017
51.15	1.0116624467306856
51.25	1.0093813238370404
51.35	1.0081114432991631
51.45	1.0069250954498312
51.550000000000004	1.0050381186934152
51.65	1.0034500839467397
51.75	1.0068456861418482
51.85	1.0022860048529703
51.95	0.9997619553396806
52.050000000000004	0.9984565737490269
52.15	NaN
52.25	0.9958135376697018
52.35	0.9935434733619531
52.45	0.9953676066237067
52.550000000000004	0.989600221072473
52.65	0.9906856204143124
52.75	0.9900520211748376
52.85	0.9888574608308055
52.95	0.9881113792758943
53.050000000000004	0.9877699670690894
53.15	0.9862246793111445
53.25	0.9844237305119883
53.35	0.9868967064764474
53.45	0.9858570925080747
53.550000000000004	0.9858087181503602
53.65	0.9860164687842752
53.75	0.9891022134278603
53.85	0.9882433166144627
53.95	0.987850558628237
54.050000000000004	0.9883529482312929
54.15	0.9879539613588112
54.25	0.9888741555248404
54.35	0.9907891739241457
54.45	0.9914711560080829
54.550000000000004	NaN
54.65	0.9949139975334264
54.75	0.9970861000982083
54.85	0.9967109098308531
54.95	0.9970996023426196
55.050000000000004	1.0019034488359702
55.15	1.0001360355340434
55.25	1.000682951116832
55.35	1.0041583592262937
55.45	1.0022530617360137
55.550000000000004	1.0067160383428602
55.65	NaN
55.75	1.0079517333157175
55.85	1.0083394990172931
55.95	1.0101365304487993
56.050000000000004	1.0122067144717033
56.15	1.013175323244908
56.25	1.0115590082296924
56.35	0.9946219973916655
56.45	1.0162954511855256
56.550000000000004	1.01210379211242
56.65	1.0120514312568942
56.75	1.0119716562938452
56.85	1.0130289409278586
56.95	1.0133528242267382
57.050000000000004	1.0119716802041947
57.15	1.0099434040521527
57.25	1.0129348730597023
57.35	1.0100773175288313
57.45	1.0086197629915388
57.550000000000004	NaN
57.65	1.0042559032589637
57.75	1.0064101543975017
57.85	1.0043076065533671
57.95	1.0023406849230518
58.050000000000004	NaN
58.15	0.9991711156167701
58.25	0.999844744484214
58.35	0.999908165244489
58.45	0.9972515970049054
58.550000000000004	0.9948502311097515
58.65	0.9952490213400087
58.75	NaN
58.85	0.9935948332590552
58.95	0.9911656602971829
59.050000000000004	0.9907176115987952
59.15	0.990237995567711
59.25	0.9908679239140428
59.35	0.9906228800891863
59.45	0.989744779532121
59.550000000000004	0.9887576001325943
59.65	NaN
59.75	0.9876210854313768
59.85	0.9888764690807719
59.95	0.9891786128867628
60.050000000000004	0.9910653548154643
60.15	0.9888168025732779
60.25	0.9911270851129937
60.35	NaN
60.45	0.99129613050488
60.550000000000004	0.9938474214628206
60.65	0.992126435414818
60.75	0.9930637053432027
60.85	NaN
60.95	0.9952726930888868
61.050000000000004	0.9967879784251281
61.15	0.9969832561163023
61.25	0.9989064623944368
61.35	1.0013401621010993
61.45	1.0004835054728198
61.550000000000004	1.0021312320124196
61.65	1.0051892845001624
61.75	1.0033902379611876
61.85	1.0054038433193613
61.95	NaN
62.050000000000004	1.0063717639047056
62.15	1.0062932908900482
62.25	1.0067311558547825
62.35	1.009894708985565
62.45	NaN
62.550000000000004	1.010461113944624
62.65	NaN
62.75	NaN
62.85	1.0087563568049227
62.95	1.0094661950565493
63.050000000000004	1.0107157340189914
63.15	1.0099592109786397
63.25	1.0081542353636346
63.35	1.0094848550615811
63.45	1.0085669601867302
63.550000000000004	1.0079361483939455
63.65	NaN
63.75	1.0081001719148708
63.85	NaN
63.95	1.0040341519540341
64.05	1.0066728081094976
64.14999999999999	1.004471624564987
64.25	1.0018853077695693
64.35	NaN
64.44999999999999	1.000535100487738
64.55	1.000111493208013
64.64999999999999	0.9984508235721752
64.75	0.9974471464767282
64.85	0.997426068753831
64.94999999999999	0.9923870802714622
65.05	0.9960273614786753
65.14999999999999	NaN
65.25	0.9932511459012203
65.35	0.9917325788831799
65.44999999999999	0.9918621137219257
65.55	0.9905355834406343
65.64999999999999	NaN
65.75	0.9897626964012692
65.85	0.9910544604419372
65.94999999999999	NaN
66.05	NaN
66.14999999999999	0.9916380993542632
66.25	0.9907936859511793
66.35	0.9912306428443117
66.44999999999999	0.9909891028719209
66.55	NaN
66.64999999999999	0.9925435088430656
66.75	0.9942216263206552
66.85	NaN
66.94999999999999	NaN
67.05	NaN
67.14999999999999	NaN
67.25	0.9978053357498013
67.35	NaN
67.44999999999999	NaN
67.55	0.9982747179235218
67.64999999999999	1.0014411427531835
67.75	1.0000352241416404
67.85	1.0039538731802582
67.94999999999999	NaN
68.05	1.003315686864378
68.14999999999999	1.0017962675713243
68.25	1.0055717685780097
68.35	1.0049272898581176
68.44999999999999	1.0060700204566504
68.55	1.0064155638137728
68.64999999999999	NaN
68.75	1.008180209440358
68.85	1.0086223336919231
68.94999999999999	1.0091539543681824
69.05	NaN
69.14999999999999	1.0094044711555648
69.25	NaN
69.35	1.0107633026223068
69.44999999999999	1.0103009849227922
69.55	1.0088969557054246
69.64999999999999	1.0076335390304527
69.75	1.0055385639678975
69.85	1.006389162240581
69.94999999999999	1.0049484802640434
70.05	NaN
70.14999999999999	1.0041943949034722
70.25	1.004018977760675
70.35	1.0042041211040105
70.44999999999999	1.002619255881053
70.55	1.002402879139365
70.64999999999999	1.00274420990652
70.75	1.0003845873482928
70.85	0.999034546381676
70.94999999999999	0.998296235814606
71.05	0.9983287093859752
71.14999999999999	NaN
71.25	0.9960826351494184
71.35	NaN
71.44999999999999	0.9959520639871478
71.55	0.9947244551209395
71.64999999999999	0.994296239414047
71.75	0.9923509571323552
71.85	NaN
71.94999999999999	NaN
72.05	0.9925247341347744
72.14999999999999	NaN
72.25	0.9924787385756808
72.35	0.9927651248453575
72.44999999999999	NaN
72.55	NaN
72.64999999999999	0.9928022763919161
72.75	0.992625885444691
72.85	0.9950491165912505
72.94999999999999	NaN
73.05	0.9939840398650625
73.14999999999999	0.9953103582715278
73.25	0.9948326650614278
73.35	0.9964959903809284
73.44999999999999	0.9972512223846024
73.55	0.9962816788110062
73.64999999999999	0.9983901909286874
73.75	0.9993019033836149
73.85	1.0011335644434232
73.94999999999999	NaN
74.05	NaN
74.14999999999999	1.0012133196583333
74.25	1.003113181545926
74.35	1.0054806812862214
74.44999999999999	1.0043949763786024
74.55	1.004798880724535
74.64999999999999	NaN
74.75	NaN
74.85	1.0058645296247084
74.94999999999999	1.0075586393613325
75.05	1.0065311952917226
75.14999999999999	1.0064621923733497
75.25	1.0067202251841187
75.35	1.005994892133139
75.44999999999999	1.0081837539004195
75.55	1.0065819996073662
75.64999999999999	1.007332043088531
75.75	NaN
75.85	1.0065503012380324
75.94999999999999	NaN
76.05	1.005390818028274
76.14999999999999	1.0057574386683794
76.25	1.0051030768728373
76.35	1.0052386242960343
76.44999999999999	NaN
76.55	1.0018962833635368
76.64999999999999	1.0017689554733482
76.75	NaN
76.85	1.001582877739502
76.95	1.0005358206053543
77.05	1.000225779259263
77.14999999999999	0.9985429014487739
77.25	NaN
77.35	NaN
77.45	NaN
77.55	0.9955300396421468
77.64999999999999	NaN
77.75	0.9954068946158677
77.85	0.9946015678264536
77.95	NaN
78.05	0.9942703116974806
78.14999999999999	NaN
78.25	0.9952055193162341
78.35	0.9953515391558277
78.45	NaN
78.55	NaN
78.64999999999999	NaN
78.75	0.99397737182101
78.85	0.9932151807476503
78.95	0.993594193062819
79.05	NaN
79.14999999999999	NaN
79.25	0.9943007107114232
79.35	0.995480747205801
79.45	NaN
79.55	0.9936016917052365
79.64999999999999	NaN
79.75	0.9970453432157557
79.85	0.9964414667507928
