0.15	0.020049389512593926
0.25	0.01865053897191896
0.35	0.019055894742750615
0.45	0.019138176461336285
0.55	0.019276301539698518
0.65	0.019465017699876977
0.7500000000000001	0.019730208338135827
0.85	0.01994067801336501
0.95	0.02014545533835277
1.05	0.020454733442487074
1.15	0.02090268708247125
1.25	0.02122593812570395
1.35	0.021634468608757527
1.45	0.02200724056862973
1.55	0.022516994331911813
1.65	0.023011530749325364
1.75	0.023577786267494058
1.85	0.02418186898423713
1.95	0.025102593146165378
2.05	0.02570505403070775
2.15	0.026584822554028335
2.25	0.027581204909768755
2.35	0.02853404633812219
2.45	0.029530560931592523
2.5500000000000003	0.03082245761607252
2.65	0.032005543684916864
2.75	0.03335473287190714
2.85	0.034919299122700746
2.95	0.036705330364272044
3.0500000000000003	0.03829163184279412
3.15	0.040327492447591824
3.25	0.04252659426131166
3.35	0.04502196137260999
3.45	0.047552924400274275
3.5500000000000003	0.050483518384702095
3.65	0.05372295106186859
3.75	0.057468245443040425
3.85	0.06106002394097354
3.95	0.06590589738303022
4.05	0.07056913087514576
4.1499999999999995	0.07634944952618786
4.25	0.08237744466101733
4.35	0.08990168852758071
4.449999999999999	0.09764748682004482
4.55	0.10661417428483844
4.6499999999999995	0.1167116259759199
4.75	0.12897831020910946
4.85	0.14290920478580513
4.95	0.159218565327559
5.05	0.17727340912795275
5.1499999999999995	0.19943831825351044
5.25	0.2243669002918996
5.35	0.2546780398479554
5.45	0.29212794291202593
5.55	0.33538692837243766
5.6499999999999995	0.3878910921926285
5.75	0.4534512353634154
5.85	0.5296557925076001
5.95	0.6259431568250085
6.05	0.7478545799119982
6.1499999999999995	0.8985134660303943
6.25	1.0816849869573661
6.35	1.3039419399589498
6.45	1.578940567476245
6.55	1.8880943439010258
6.6499999999999995	2.23019747492011
6.75	2.5362454053714076
6.85	2.7857919322996176
6.95	2.9251105924101757
7.05	2.914792906495272
7.1499999999999995	2.771944884023327
7.25	2.556212758771749
7.35	2.2943914043713405
7.45	2.039233029274107
7.55	1.816522351921078
7.6499999999999995	1.6070485995973536
7.75	1.4301587677146328
7.85	1.2826522086590069
7.95	1.1589190701821848
8.05	1.0605327666316595
8.15	0.9740044004564365
8.25	0.8997597179601018
8.350000000000001	0.8367778562896808
8.450000000000001	0.7870941284804223
8.55	0.7436309904586125
8.65	0.7081182623623224
8.75	0.6761816231643777
8.850000000000001	0.6502850178833208
8.950000000000001	0.6303150002672732
9.05	0.6126632239189558
9.15	0.5977312923040549
9.25	0.5872654744622662
9.350000000000001	0.578754051400505
9.450000000000001	0.5725872687513717
9.55	0.568055135168855
9.65	0.5684684942862416
9.750000000000002	0.5694604531654417
9.85	0.5724479542170172
9.95	0.5772682499079033
10.049999999999999	0.5839323468626807
10.149999999999999	0.593570400566202
10.25	0.6049973008599454
10.35	0.6181259233786675
10.45	0.635270705353441
10.549999999999999	0.6529761369859204
10.649999999999999	0.672234536055477
10.75	0.6945070450216254
10.85	0.7212783083545014
10.95	0.7482728133197801
11.049999999999999	0.7763741177543007
11.149999999999999	0.8111535807963063
11.25	0.8454433602367737
11.35	0.8804453213938649
11.45	0.9194657444546663
11.549999999999999	0.9611906025508538
11.649999999999999	1.0016124645010476
11.75	1.0464271212437017
11.85	1.0858702534444715
11.95	1.1253108958342342
12.049999999999999	1.1639819105013784
12.149999999999999	1.2007273516682784
12.25	1.2310457915470383
12.35	1.2609571535402941
12.45	1.2844978341234803
12.549999999999999	1.303729486625747
12.649999999999999	1.3210233939510376
12.75	1.3287813752199635
12.85	1.338169270473827
12.95	1.3372256609660973
13.049999999999999	1.3388754586525728
13.149999999999999	1.3341373509886576
13.25	1.3281920212141904
13.35	1.3193934271308272
13.45	1.305106488533379
13.549999999999999	1.285852842536141
13.649999999999999	1.2666043278871808
13.75	1.2418841350845942
13.85	1.2168624248435105
13.95	1.1913720654451727
14.049999999999999	1.1586164510703367
14.149999999999999	1.1274540963293853
14.25	1.0957199974022216
14.35	1.0647317119663375
14.45	1.0342880854678165
14.549999999999999	1.0031932660612652
14.649999999999999	0.974258611642785
14.75	0.9455244152312434
14.85	0.9209924691105432
14.95	0.8988907141655214
15.049999999999999	0.8773427003327399
15.149999999999999	0.8571510463546768
15.25	0.8405597709003565
15.35	0.8257449296255239
15.45	0.8134351697344462
15.549999999999999	0.8032777915082218
15.649999999999999	0.7959229741845055
15.75	0.789035812269306
15.85	0.7857210511817984
15.95	0.783132072176526
16.05	0.7816790259113602
16.15	0.7835811701278883
16.25	0.7861875456467875
16.349999999999998	0.7921235292092618
16.45	0.7960496631971872
16.55	0.8062717315290339
16.65	0.8162324773985813
16.75	0.8252723162013035
16.849999999999998	0.8387433075915307
16.95	0.8546687418837023
17.05	0.8696979067138404
17.15	0.8867431356366932
17.25	0.9032896893103096
17.349999999999998	0.9224147653882079
17.45	0.9418057248450138
17.55	0.9613219050030304
17.65	0.9831144561212328
17.75	1.0052970555579448
17.849999999999998	1.024150586608222
17.95	1.0452850297438865
18.05	1.0659974288913683
18.15	1.085661345119234
18.25	1.102137719854593
18.349999999999998	1.1187217348011822
18.45	1.133260084441642
18.55	1.1451822703780832
18.65	1.157204305917715
18.75	1.1648215213071302
18.849999999999998	1.1718023347558628
18.95	1.1757062967343312
19.05	1.1783949890599839
19.15	1.1769902856466448
19.25	1.1711194262767741
19.35	1.1676433736124745
19.45	1.1609093347823125
19.55	1.151813025319731
19.65	1.1438353998343793
19.75	1.1319516753577537
19.85	1.1214686397963318
19.95	1.1090558112433784
20.05	1.0959076685394158
20.15	1.08030760043589
20.25	1.0662237399153343
20.35	1.0540541189198724
20.45	1.0399660992388797
20.55	1.0239848271455199
20.65	1.0096402354913316
20.75	0.9958982853184332
20.85	0.9826533311238996
20.95	0.972308883759751
21.05	0.9584882290663783
21.15	0.9499612459827439
21.25	0.9368189245386576
21.35	0.9277583526347996
21.45	0.9173236776620879
21.55	0.9083470547242161
21.65	0.9031103429144793
21.75	0.8956365393807828
21.85	0.8895050215916598
21.95	0.887202266079028
22.05	0.8851236800649899
22.15	0.8802354650048855
22.25	0.8794391732250837
22.35	0.8802411241808115
22.45	0.8816476621327646
22.55	0.8821541953261458
22.65	0.8869379345589342
22.75	0.8911077739984834
22.85	0.8979176763990087
22.95	NaN
23.05	0.909935438869704
23.15	0.9180493607763646
23.25	0.927146287573551
23.35	0.9367596048835295
23.45	0.9472231121592858
23.55	0.9553170656115811
23.65	0.9667506807412215
23.75	0.9793130412175105
23.85	0.9896273005154183
23.95	1.001942366835525
24.05	1.0150425232202922
24.15	1.0259821674877225
24.25	1.0385316211115585
24.35	1.0486384389552788
24.45	1.0580469547193032
24.55	1.0689247688163017
24.65	1.07671116073413
24.75	1.086604925497358
24.85	1.090969097933543
24.95	1.0976512590189818
25.05	1.1013181240154566
25.15	1.1055907134515246
25.25	1.1035166629854016
25.35	1.1052310701835697
25.45	1.10412096145849
25.55	1.1003731734784798
25.65	1.0987939113133278
25.75	1.0950904421107632
25.85	1.088402325150093
25.95	1.0839868785069269
26.05	1.0746277788673178
26.15	1.068234360073748
26.25	1.0591467766160831
26.35	1.051122995657019
26.45	1.0435143844983945
26.55	1.0339269726230849
26.65	1.0258727262661331
26.75	1.0147049002256014
26.85	1.0063983940165089
26.95	1.0023425221797795
27.05	0.989641363118143
27.15	0.9818205975646959
27.25	0.9743259976169589
27.35	0.9658068756678474
27.45	0.9599932278654951
27.55	0.9521687438889265
27.65	0.9475334176125242
27.75	0.9423446318405286
27.85	0.9367029591162865
27.95	0.9345437815015056
28.05	0.9311985335699922
28.15	0.9280678537863508
28.25	0.9278000178480583
28.35	0.9258148000933719
28.45	0.9244437781169609
28.55	0.9245065030343804
28.65	0.9241636675651916
28.75	0.9269090538771295
28.85	0.9286208444874275
28.95	0.9308589415817852
29.05	0.934005974577548
29.15	0.9378747785803316
29.25	0.9430715594116539
29.35	0.9487486120104311
29.45	0.9532801758399682
29.55	0.9573112904221007
29.65	0.9658713747259662
29.75	0.9699002844646013
29.85	0.9797318440576539
29.95	0.9853212957032357
30.05	0.9932072338811742
30.15	1.0057115540735933
30.25	1.0079784986139002
30.35	1.016141103194308
30.45	1.0192118351695552
30.55	1.0292609638995143
30.65	1.0360678712938092
30.75	1.0429584354120325
30.85	1.0514395738669289
30.95	1.0518003370983426
31.05	1.056718803265356
31.15	1.060287374486644
31.25	1.0641407238633314
31.35	1.0648471710147567
31.45	1.0677491499042502
31.55	1.068499132753639
31.65	1.0671200522117308
31.75	1.0656324783649436
31.85	1.065141358266259
31.95	1.065166956374707
32.05	1.0600327585989437
32.15	1.0575647979918152
32.25	1.0526720257294737
32.35	1.0477518618241497
32.45	1.0429000492184277
32.55	1.0386717492002104
32.65	1.0327682594552572
32.75	1.0243664410552706
32.85	1.0211727849463426
32.95	1.0148468270828575
33.05	1.0088059104443534
33.15	1.0055624784395942
33.25	0.9959418322204492
33.35	0.9901130889372559
33.45	0.986271201438015
33.55	0.9787692873361465
33.65	0.9735773334764363
33.75	0.9706573605883315
33.85	0.9653502247364896
33.95	0.9643823674696506
34.05	0.9573969101836339
34.15	0.95663906118287
34.25	0.9529181558334778
34.35	0.9501538808554548
34.45	0.9494285162751716
34.55	0.9458053200404984
34.65	0.9465081814294017
34.75	0.946646786125873
34.85	0.948069004871493
34.95	0.9478129287537705
35.05	0.9496681919278639
35.15	0.9509487974275787
35.25	0.9548104499488205
35.35	0.9553692593566561
35.45	0.9588226516312839
35.55	0.9636068353028757
35.65	0.966902823619274
35.75	0.9687540973642457
35.85	0.9748667112926517
35.95	0.9794534213452912
36.05	0.984315558133318
36.15	0.9899692597348072
36.25	0.9933398248498023
36.35	0.9983497089000101
36.45	1.003355457368986
36.55	NaN
36.65	1.0146293059617837
36.75	1.020023687991232
36.85	1.023934709294974
36.95	1.028414946323555
37.05	1.0323016272530856
37.15	1.0332911537786957
37.25	1.0395663367123815
37.35	1.0412753858011976
37.45	1.0440575998676025
37.55	1.0449802739766516
37.65	NaN
37.75	1.0522933312499967
37.85	1.0484162446959522
37.95	1.048120097375138
38.05	1.0471371284200954
38.15	1.0462029767479455
38.25	1.0422416047906522
38.35	1.040137078752718
38.45	1.039084056331592
38.550000000000004	1.0338042758798254
38.65	1.0318990688057939
38.75	1.0285315905137813
38.85	1.0256893271145375
38.95	1.021995119002687
39.050000000000004	1.016669624709849
39.15	NaN
39.25	NaN
39.35	NaN
39.45	NaN
39.550000000000004	0.9947517895172503
39.65	0.9911790916284142
39.75	0.9876522609814782
39.85	0.9849585275584931
39.95	0.9796545237360178
40.050000000000004	0.9770614648259991
40.15	NaN
40.25	0.9717034736882442
40.35	0.9677078599699336
40.45	0.9658089780587735
40.550000000000004	0.9648944843352438
40.65	0.9636024381908954
40.75	0.9607361975017533
40.85	0.9603558317023735
40.95	0.9616064259612486
41.050000000000004	0.9606895629496395
41.15	0.9633394234174623
41.25	0.9615542635122718
41.35	0.9644198684048422
41.45	0.9642143917101617
41.550000000000004	NaN
41.65	0.968600445150438
41.75	0.9733559973894204
41.85	0.9727827305692592
41.95	0.9759099490152031
42.050000000000004	0.9791904783038902
42.15	NaN
42.25	0.9854714811248063
42.35	0.9913171060571742
42.45	0.9930962328640436
42.550000000000004	0.9979447223235518
42.65	1.000510683607523
42.75	1.0052103192669126
42.85	1.0083253181030942
42.95	1.0119483765116737
43.050000000000004	1.0160311696775917
43.15	1.0192206099216092
43.25	1.0215476034390758
43.35	1.0245326880935246
43.45	1.0267643809119642
43.550000000000004	1.030486415499703
43.65	NaN
43.75	1.0335116983654247
43.85	1.0342330497748633
43.95	1.0323646455144675
44.050000000000004	1.0336728116077167
44.15	1.0365767387603482
44.25	NaN
44.35	1.0348331315745682
44.45	1.0332028760586665
44.550000000000004	1.0310686790918637
44.65	1.0299217626855062
44.75	1.0277542562001905
44.85	1.0261220497140755
44.95	1.0224274905351574
45.050000000000004	1.0204967370075695
45.15	1.018162081430095
45.25	1.0155102333092256
45.35	NaN
45.45	1.0099682491998956
45.550000000000004	1.003512329816289
45.65	NaN
45.75	0.9982398606816694
45.85	0.9939341221698094
45.95	0.992632860157181
46.050000000000004	0.9880377141375406
46.15	0.9879428492067795
46.25	0.9855273822020251
46.35	0.982195157125769
46.45	0.9810485433553776
46.550000000000004	0.9763324405593585
46.65	NaN
46.75	0.974670078258028
46.85	0.9734210624932982
46.95	0.9734526648550951
47.050000000000004	0.9709798797622672
47.15	0.9700890499848701
47.25	0.9722092792385623
47.35	0.9695771910239729
47.45	0.9722957164824545
47.550000000000004	0.9692350115975061
47.65	0.9716946393628275
47.75	0.9746141809008475
47.85	0.9760858202989295
47.95	0.9772470005027517
48.050000000000004	0.9793414523881132
48.15	0.977715549104515
48.25	0.9833640273764985
48.35	0.9836907596751058
48.45	0.9884090705296664
48.550000000000004	0.9910741736068026
48.65	0.9918686728352022
48.75	0.996562355048634
48.85	0.998637111109954
48.95	1.0030738127026904
49.050000000000004	1.0055917265067753
49.15	NaN
49.25	1.0106593630031395
49.35	1.0135898142938624
49.45	1.0153792960087547
49.550000000000004	1.018774202965555
49.65	1.0192283224085992
49.75	1.021992481809621
49.85	1.0219163863184302
49.95	1.0217643509302756
50.050000000000004	1.023983273291848
50.15	1.0269941554308348
50.25	1.0257187072249268
50.35	1.026508970630675
50.45	1.027416998168108
50.550000000000004	1.0261634734045169
50.65	1.0256947682454582
50.75	1.024840627522543
50.85	1.024904692281374
50.95	NaN
51.050000000000004	1.021620839825746
51.15	1.0176176854268382
51.25	1.0172309693266282
51.35	1.0150110714026028
51.45	1.011292099434287
51.550000000000004	NaN
51.65	1.0086455886647794
51.75	1.0054594465735862
51.85	1.0023626910865615
51.95	0.9995759393076269
52.050000000000004	NaN
52.15	0.9948128594963365
52.25	0.9940361470067042
52.35	0.9895601926049572
52.45	0.9882436004985272
52.550000000000004	0.9856740645194698
52.65	0.9871683193943988
52.75	0.9828381437230838
52.85	0.9816922463770572
52.95	NaN
53.050000000000004	0.9804389291035842
53.15	NaN
53.25	0.9777116698247726
53.35	0.9769000149854373
53.45	0.9771259692048274
53.550000000000004	NaN
53.65	0.9770785064595822
53.75	NaN
53.85	0.9782809141955745
53.95	0.9786959122548342
54.050000000000004	NaN
54.15	0.9816147839055723
54.25	NaN
54.35	0.9836535728180151
54.45	0.9858776908966386
54.550000000000004	NaN
54.65	0.9884737383389214
54.75	0.991372757031856
54.85	0.994228924048537
54.95	0.9963637441456326
55.050000000000004	0.9972467060343009
55.15	0.9999423950297396
55.25	1.003535059024452
55.35	1.0097955599630726
55.45	1.0061460294726687
55.550000000000004	1.0100974906740228
55.65	1.0112443634473531
55.75	1.0105669440585772
55.85	1.0152868233094814
55.95	1.0158644135285801
56.050000000000004	1.020029636890191
56.15	1.019083031877902
56.25	1.017891358950282
56.35	1.0226618611914549
56.45	1.0190823919608758
56.550000000000004	1.021030610405663
56.65	1.0203578654826737
56.75	NaN
56.85	1.020778266313539
56.95	1.0203709095236158
57.050000000000004	1.0183395070236778
57.15	1.0193673774252368
57.25	1.0184390131167584
57.35	NaN
57.45	1.0155864469255456
57.550000000000004	1.01412226976307
57.65	1.0111116901462764
57.75	1.0093998989459165
57.85	1.0056840552301114
57.95	1.0057796741072185
58.050000000000004	1.0020506794389734
58.15	1.0014507271000896
58.25	1.0009574330671003
58.35	1.0003720381634464
58.45	NaN
58.550000000000004	0.9943743728216846
58.65	0.9925611524973338
58.75	NaN
58.85	0.9895159012263397
58.95	NaN
59.050000000000004	0.9873549133938947
59.15	0.9851860546194352
59.25	0.983351479931294
59.35	0.9819982546431306
59.45	0.9835270309809128
59.550000000000004	0.982327946402242
59.65	0.9795490028342153
59.75	0.981859817643268
59.85	NaN
59.95	0.9824727459232608
60.050000000000004	NaN
60.15	0.9829478882340809
60.25	0.983372780114556
60.35	NaN
60.45	0.9850653944773394
60.550000000000004	0.9856006830662548
60.65	0.9886959328873368
60.75	0.9888512444472866
60.85	0.9914481966572598
60.95	0.9934312445932014
61.050000000000004	0.9940842104445571
61.15	0.9956004862455268
61.25	0.9962074030483835
61.35	0.9979603820371272
61.45	1.000367670534778
61.550000000000004	NaN
61.65	1.0046491002992484
61.75	NaN
61.85	NaN
61.95	1.0096207024446282
62.050000000000004	1.0103374971775632
62.15	1.0146771187408912
62.25	1.01490692873086
62.35	1.01552726376143
62.45	1.0128421047145417
62.550000000000004	1.01614889619534
62.65	1.0180974845816764
62.75	1.015963641107831
62.85	1.0185323906513515
62.95	1.0173929662046177
63.050000000000004	1.0162993366428548
63.15	1.017219126696373
63.25	NaN
63.35	1.014920667175972
63.45	1.0164481309589803
63.550000000000004	1.0135672641536784
63.65	1.0143389399106182
63.75	1.0129040877581923
63.85	1.0105367143325774
63.95	1.007617591587681
64.05	1.0074371160617495
64.14999999999999	1.006929579052987
64.25	1.0047672419775968
64.35	1.002951550721514
64.44999999999999	1.0019370919893509
64.55	0.999884920223384
64.64999999999999	0.996762600638893
64.75	0.9958607288739143
64.85	0.9958664318675658
64.94999999999999	0.9924492962543108
65.05	0.9930754501458254
65.14999999999999	0.9903012229148048
65.25	NaN
65.35	0.9875991163438972
65.44999999999999	NaN
65.55	0.986853668359548
65.64999999999999	0.9874629275601202
65.75	0.9858560738716431
65.85	0.9858030744255191
65.94999999999999	0.9854832722710574
66.05	NaN
66.14999999999999	0.9839427634643996
66.25	0.9851780075598792
66.35	0.9867650384837101
66.44999999999999	0.9854180354816677
66.55	0.9866785293747403
66.64999999999999	NaN
66.75	0.9880127472146648
66.85	NaN
66.94999999999999	NaN
67.05	0.9918254507678105
67.14999999999999	0.9937262997505589
67.25	0.9938552106791968
67.35	0.9940586264898015
67.44999999999999	0.9963811604436132
67.55	0.997879450828576
67.64999999999999	NaN
67.75	NaN
67.85	0.9982778303066472
67.94999999999999	1.0042532108553752
68.05	1.0054922514876217
68.14999999999999	1.0055687345949034
68.25	NaN
68.35	1.0109399669351096
68.44999999999999	1.0101527191179953
68.55	1.0119248299106314
68.64999999999999	NaN
68.75	1.012520505995187
68.85	1.0129536176077054
68.94999999999999	1.0128416544669177
69.05	1.0140873339125402
69.14999999999999	1.0170002627029116
69.25	1.0131305016477354
69.35	1.0139644844778395
69.44999999999999	NaN
69.55	1.0121653590651007
69.64999999999999	1.0136726614440845
69.75	NaN
69.85	1.0109887152241226
69.94999999999999	NaN
70.05	1.0105836700289077
70.14999999999999	1.008718186401354
70.25	NaN
70.35	1.0063185094138645
70.44999999999999	NaN
70.55	1.0029664321632157
70.64999999999999	1.0025818322376032
70.75	1.0018978580465694
70.85	1.000155554617465
70.94999999999999	0.9974377376088619
71.05	0.9957494567199026
71.14999999999999	0.9956369930700205
71.25	NaN
71.35	0.9937317633724005
71.44999999999999	0.9934637069161003
71.55	0.9923579961020711
71.64999999999999	0.9899723600901075
71.75	0.989021453320661
71.85	0.9877395909966727
71.94999999999999	0.9875775229768842
72.05	NaN
72.14999999999999	NaN
72.25	NaN
72.35	NaN
72.44999999999999	0.9886209418725846
72.55	0.9868895730992983
72.64999999999999	0.9869163471309584
72.75	NaN
72.85	0.9901656054499519
72.94999999999999	0.9896407686741198
73.05	0.9917524653569499
73.14999999999999	0.9913159933637369
73.25	0.992233094647472
73.35	0.9925525307480124
73.44999999999999	NaN
73.55	0.9952701627835309
73.64999999999999	NaN
73.75	NaN
73.85	1.000039668736505
73.94999999999999	1.0011348814211591
74.05	1.0009619023837333
74.14999999999999	1.0042219445472473
74.25	1.0042020150134794
74.35	1.0055643952450097
74.44999999999999	1.0056177429002735
74.55	1.0060985700857725
74.64999999999999	1.0055715814636905
74.75	1.008290450927454
74.85	1.0087280817593263
74.94999999999999	1.008074916204956
75.05	1.0114979467108203
75.14999999999999	1.0113752362479467
75.25	NaN
75.35	NaN
75.44999999999999	NaN
75.55	1.0125324192408238
75.64999999999999	NaN
75.75	NaN
75.85	1.0095281517859698
75.94999999999999	1.0103340817634532
76.05	1.010276083315199
76.14999999999999	1.0087318606841698
76.25	NaN
76.35	1.0074274765090405
76.44999999999999	NaN
76.55	1.0049382350023848
76.64999999999999	1.0068769904352042
76.75	NaN
76.85	NaN
76.95	NaN
77.05	NaN
77.14999999999999	0.9983223413674875
77.25	0.9981912478792015
77.35	0.9952326061177049
77.45	0.9945618307719472
77.55	0.9936472664137143
77.64999999999999	0.9933962817551925
77.75	0.9931711761574324
77.85	0.9928569570809661
77.95	0.9921075702958673
78.05	0.9892294402490533
78.14999999999999	0.9902077833756627
78.25	0.9895704012255931
78.35	0.9907470562792906
78.45	NaN
78.55	NaN
78.64999999999999	0.9880344206517709
78.75	0.9885362527551516
78.85	NaN
78.95	0.9901309715392813
79.05	NaN
79.14999999999999	NaN
79.25	0.9902996610162305
79.35	NaN
79.45	0.9912521694702479
79.55	0.9941519814438491
79.64999999999999	NaN
79.75	0.994583611561791
79.85	0.9963916672433605
