0.15	0.01927066757790345
0.25	0.018837239406902007
0.35	0.019317096184522035
0.45	0.01933909667809628
0.55	0.01972965104584513
0.65	0.019322850566171546
0.7500000000000001	0.01961425505615981
0.85	0.019859193374948843
0.95	0.020225695536271408
1.05	0.02035615477173299
1.15	0.020911372749333034
1.25	0.021170508232471876
1.35	0.02158643635410198
1.45	0.022029284297400694
1.55	0.02263572178046021
1.65	0.022982385547329034
1.75	0.023590200483657155
1.85	0.02429922839885736
1.95	0.025112304245578716
2.05	0.02580458954241741
2.15	0.026602370548929593
2.25	0.0275301213264745
2.35	0.02854904956313038
2.45	0.02953896940864149
2.5500000000000003	0.03078472570025256
2.65	0.032141103882531774
2.75	0.033409788643801536
2.85	0.03483121837619647
2.95	0.03661396641077235
3.0500000000000003	0.03828390960625619
3.15	0.040272585633849
3.25	0.0424243806472157
3.35	0.045050465544693545
3.45	0.04747383996998952
3.5500000000000003	0.05058778577193907
3.65	0.05368734472584881
3.75	0.05749579886680375
3.85	0.060974370384776794
3.95	0.06583860639950624
4.05	0.07088804084830272
4.1499999999999995	0.07634536455268437
4.25	0.08233732015479851
4.35	0.090099429308849
4.449999999999999	0.09754566795564683
4.55	0.10661556146995711
4.6499999999999995	0.11688217528414567
4.75	0.1289785572165802
4.85	0.14320244395396836
4.95	0.15935154180716435
5.05	0.1774159702154878
5.1499999999999995	0.1995232288517763
5.25	0.22445187112768727
5.35	0.25526957026196156
5.45	0.2920357877087604
5.55	0.33575251421487784
5.6499999999999995	0.3871856684899878
5.75	0.45321943453563085
5.85	0.5286388505784874
5.95	0.625286238568503
6.05	0.7482351461047058
6.1499999999999995	0.8992106162242266
6.25	1.0850349901873177
6.35	1.3013757635187038
6.45	1.5774226309604298
6.55	1.8896720758002963
6.6499999999999995	2.2223722939938324
6.75	2.5358209367905027
6.85	2.7894336318609687
6.95	2.9293742699783256
7.05	2.9121256389524537
7.1499999999999995	2.774336380804152
7.25	2.553990794779584
7.35	2.295385324316358
7.45	2.0423778135905786
7.55	1.8172482281629767
7.6499999999999995	1.6055849463088456
7.75	1.4334106301862968
7.85	1.2831539758653845
7.95	1.1616567419275694
8.05	1.0605863386522192
8.15	0.9732458093999425
8.25	0.9014760267335902
8.350000000000001	0.8391262853555007
8.450000000000001	0.7881131227823209
8.55	0.7438552669755972
8.65	0.7062621762816975
8.75	0.6755747266406397
8.850000000000001	0.6501938010143248
8.950000000000001	0.6293584080043364
9.05	0.6125140348658759
9.15	0.5988836176750698
9.25	0.5866419305359084
9.350000000000001	0.5791654373770642
9.450000000000001	0.5731547910566609
9.55	0.5707196577210161
9.65	0.5689821794489613
9.750000000000002	0.56834262358221
9.85	0.5719884238807045
9.95	0.577362101250709
10.049999999999999	0.5861379357764214
10.149999999999999	0.5942580046665871
10.25	0.6050000171226387
10.35	0.6193706821239939
10.45	0.6347976203228166
10.549999999999999	0.6518499131211656
10.649999999999999	0.6711146283817533
10.75	0.6955254885463575
10.85	0.7199579637126671
10.95	0.7487387604634755
11.049999999999999	0.7763550286461597
11.149999999999999	0.8098945688754579
11.25	0.8437386355840084
11.35	0.8814825032438466
11.45	0.9198603177612084
11.549999999999999	0.959449468868689
11.649999999999999	1.0036290381045363
11.75	1.0431157120650822
11.85	1.0870922553565965
11.95	1.1251460152793706
12.049999999999999	1.165406119728801
12.149999999999999	1.1998137063389798
12.25	1.2329936247764854
12.35	1.2597649358611893
12.45	1.2858279313103917
12.549999999999999	1.305072643249426
12.649999999999999	1.318866726408003
12.75	1.3299380153856515
12.85	1.3377494655521225
12.95	1.3415344181992264
13.049999999999999	1.3364606172649556
13.149999999999999	1.3341673573729447
13.25	1.3251025592265775
13.35	1.3166829861116356
13.45	1.3041559535335467
13.549999999999999	1.2880229720782186
13.649999999999999	1.2662134511538676
13.75	1.2440169288214484
13.85	1.2196327774633928
13.95	1.1888143801479378
14.049999999999999	1.162185811999227
14.149999999999999	1.1295507901676647
14.25	1.0953184889792194
14.35	1.0652380562455883
14.45	1.0326035886582197
14.549999999999999	1.00247214004136
14.649999999999999	0.97352207176556
14.75	0.9447540441291626
14.85	0.921250788279342
14.95	0.8976196423310941
15.049999999999999	0.8768496284721505
15.149999999999999	0.857772562545778
15.25	0.8401350642763489
15.35	0.8263958509863167
15.45	0.8126599471389467
15.549999999999999	0.8046626593332586
15.649999999999999	0.7953862611300773
15.75	0.789008066166774
15.85	0.7841393950024503
15.95	0.7829468347448822
16.05	0.7817047579516321
16.15	0.7836883121241698
16.25	0.7866649220655844
16.349999999999998	0.7915588295401975
16.45	0.7979118453157348
16.55	0.8071171392931807
16.65	0.8152625321056396
16.75	0.8284898299269263
16.849999999999998	0.8396669501292592
16.95	0.8533207361677367
17.05	0.8690931103624927
17.15	0.886287584579557
17.25	0.9028889802132233
17.349999999999998	0.9241495720880052
17.45	0.9420664550832395
17.55	0.9636893841164742
17.65	0.984106706472865
17.75	1.0038802562612772
17.849999999999998	1.0250542163303793
17.95	1.0469359516404035
18.05	1.0684467424269966
18.15	1.0852154360971635
18.25	1.1039720928161605
18.349999999999998	1.1184787671873095
18.45	1.1326960850828356
18.55	1.1467402707980237
18.65	1.1586025332196805
18.75	1.1643453439123885
18.849999999999998	1.171145125296171
18.95	1.1714846657241484
19.05	1.1769611259438362
19.15	1.1765191858785506
19.25	1.173423807888099
19.35	1.168601629424509
19.45	1.1601021062078125
19.55	1.1532642156063277
19.65	1.1447636858636339
19.75	1.1302664574392172
19.85	1.1198569090334318
19.95	1.106660836683867
20.05	1.0939011550330766
20.15	1.0794499109605988
20.25	1.066652047362234
20.35	1.0522324393265752
20.45	1.0394757172630211
20.55	1.0228948733813856
20.65	1.0089265997281136
20.75	0.9964670943289897
20.85	0.9831837250801447
20.95	0.9700853169835156
21.05	0.9589058775471933
21.15	0.9467888136571249
21.25	0.9363903370625315
21.35	0.9257761500823039
21.45	0.9183013225495418
21.55	0.9091246333459173
21.65	0.9017319857486799
21.75	0.897804455624252
21.85	0.8907469287901332
21.95	0.8874765175028201
22.05	0.8843160370074092
22.15	0.8811553373047121
22.25	0.8801474167072668
22.35	0.8812733306377825
22.45	0.8810149959103983
22.55	0.8838122289777097
22.65	0.8876732203630762
22.75	0.8908335628298513
22.85	0.8962617012871238
22.95	NaN
23.05	0.9096812059948438
23.15	0.9174024049813263
23.25	0.9275937259950083
23.35	0.937268907081704
23.45	0.945961586378106
23.55	0.9567260072887399
23.65	0.9666405918819426
23.75	0.9798147995509585
23.85	0.9922022685018623
23.95	1.0034547454477563
24.05	1.0145846615481282
24.15	1.0264289790862815
24.25	1.0376548210940442
24.35	1.0489271670190032
24.45	1.0575015428203676
24.55	1.0668085990953524
24.65	1.0748852282302717
24.75	1.0834457078509032
24.85	1.0899947168416655
24.95	1.0972179684402674
25.05	1.1008483440574717
25.15	1.102467045487871
25.25	1.1056724690471211
25.35	1.1037213936120156
25.45	1.102574375137431
25.55	1.1022385848580134
25.65	1.0978181176565003
25.75	1.0937134805447202
25.85	1.0880590956327743
25.95	1.0818816594880696
26.05	1.076366738745509
26.15	1.0683372108939928
26.25	1.0611735840825476
26.35	1.0497452479263407
26.45	1.0441171709638848
26.55	1.032503893351824
26.65	1.023718896464783
26.75	1.0159462718295833
26.85	1.0053732323264046
26.95	0.999699244697502
27.05	0.9891274782290278
27.15	0.982555181865593
27.25	0.9745026013673485
27.35	0.9678131247700449
27.45	0.9601131904695323
27.55	0.9555786136941294
27.65	0.9449685713227018
27.75	0.9438744296494076
27.85	0.9402282830936766
27.95	0.9349153259530941
28.05	0.9321065606777408
28.15	0.9281974983462657
28.25	0.9279252660407884
28.35	0.924715104032037
28.45	0.9233279771933418
28.55	0.9236631728911459
28.65	0.9287299422463511
28.75	0.925966995318856
28.85	0.9267390980413697
28.95	0.9326868824142408
29.05	0.9330900931662743
29.15	0.9381462648477512
29.25	0.9419677905942857
29.35	0.9497996394494291
29.45	0.9526334147481353
29.55	0.9578257774397926
29.65	0.9640710398571634
29.75	0.9717650794882363
29.85	0.9794677575756574
29.95	0.9871648967405254
30.05	0.9929831101565275
30.15	1.0016501144830738
30.25	1.008503003520618
30.35	1.0170561354658336
30.45	1.0228832204417075
30.55	1.0284405458925923
30.65	1.0367493823716156
30.75	1.0401418288728281
30.85	1.041755846400729
30.95	1.0533797359588113
31.05	1.0624879220208454
31.15	1.0596262666152032
31.25	1.0652768923101146
31.35	1.066189087686285
31.45	1.0666160130723814
31.55	1.0674407581890442
31.65	1.0686995191529125
31.75	1.0647191430913812
31.85	1.0645029546492037
31.95	1.0636913536590635
32.05	1.0586968746592988
32.15	1.0562673977417216
32.25	1.0534313370846686
32.35	1.0506250067177458
32.45	1.0435028058165883
32.55	1.0374791142581874
32.65	1.0315353397200275
32.75	1.0301893443932069
32.85	1.0207787032767397
32.95	1.0135257269461626
33.05	1.0092044104984763
33.15	1.0033834852568255
33.25	0.9951708939661212
33.35	0.9895496767199276
33.45	0.9858444608231303
33.55	0.9816778642952682
33.65	0.9748537865592674
33.75	0.9700157811318006
33.85	0.9668501578704334
33.95	0.9616364143879653
34.05	0.9590780100796136
34.15	0.9549872170906761
34.25	0.9520171189203639
34.35	0.9499348838891024
34.45	0.9483607488495776
34.55	0.9483707741915139
34.65	0.9477714226726673
34.75	0.948791629417582
34.85	0.9483752444593578
34.95	0.9483754245748884
35.05	0.9485117979797096
35.15	0.9507503114319837
35.25	0.9527713572408887
35.35	0.9551937585946161
35.45	0.961090992147421
35.55	0.9617634173156995
35.65	0.9681487174804276
35.75	0.9694172394744551
35.85	0.974724743532842
35.95	0.9791618684742218
36.05	0.9848038898830884
36.15	0.9897135489447092
36.25	0.9934125361742326
36.35	0.999953480127884
36.45	1.0028423005206404
36.55	NaN
36.65	1.0137640671491273
36.75	1.019204092174562
36.85	1.0195754835902169
36.95	1.0251634946456285
37.05	1.031158193096444
37.15	1.0345281963624018
37.25	1.0373737041627737
37.35	1.042731479776865
37.45	1.0428951020049586
37.55	1.0468904702203896
37.65	NaN
37.75	1.04491915980322
37.85	1.0502464142857955
37.95	1.044787940995533
38.05	1.0457983422550723
38.15	1.043023176844617
38.25	1.043078662846162
38.35	1.0437066249468225
38.45	1.0399187817714728
38.550000000000004	1.0327752841321138
38.65	1.0326916651744107
38.75	1.0289724705755547
38.85	1.0249894102281907
38.95	1.0221975300070447
39.050000000000004	1.0148079831935712
39.15	NaN
39.25	NaN
39.35	NaN
39.45	NaN
39.550000000000004	0.9951567834460041
39.65	0.9930658612359057
39.75	0.9881285055403912
39.85	0.9844095631222304
39.95	0.9790753623526453
40.050000000000004	0.9774434896750678
40.15	NaN
40.25	0.9712634117481656
40.35	0.9677841605539044
40.45	0.9678694741329994
40.550000000000004	0.9647984513996907
40.65	0.9646180131425051
40.75	0.962939380522297
40.85	0.9615347001280052
40.95	0.9629068192247242
41.050000000000004	0.9621558506361271
41.15	0.9630905867242822
41.25	0.9650070067296194
41.35	0.9629032775082399
41.45	0.9657465515037831
41.550000000000004	NaN
41.65	0.9673687161014042
41.75	0.9709496135667793
41.85	0.9740636305326249
41.95	0.9763285761735372
42.050000000000004	0.9798389438729257
42.15	NaN
42.25	0.9866687814871002
42.35	0.9903505883371022
42.45	0.9937918698454699
42.550000000000004	0.9967222888691143
42.65	1.0022982376088838
42.75	1.0047851500167915
42.85	1.0080507524712727
42.95	1.0099616739198776
43.050000000000004	1.0148893523512077
43.15	1.0191958364296871
43.25	1.0204584668241843
43.35	1.0256161630265224
43.45	1.0288629416795354
43.550000000000004	1.0296356416278019
43.65	NaN
43.75	1.031779985156997
43.85	1.0339386073041101
43.95	1.0346070590261116
44.050000000000004	1.0358664341842863
44.15	1.0343285036202934
44.25	NaN
44.35	1.0334016180663161
44.45	1.03124224792539
44.550000000000004	1.0308566262206762
44.65	1.0287966373065067
44.75	1.0276598339900966
44.85	1.0239094462814369
44.95	1.0241240439739148
45.050000000000004	1.0258288186053335
45.15	1.0182329238179233
45.25	1.0133832732166534
45.35	NaN
45.45	1.008393741182545
45.550000000000004	1.0066098738467355
45.65	NaN
45.75	1.0041390144048872
45.85	0.9960230624914288
45.95	0.9920051175379689
46.050000000000004	0.989106054136067
46.15	0.9886987045589118
46.25	0.983955633804134
46.35	0.9832903866561635
46.45	0.9800574609340391
46.550000000000004	0.977129610951244
46.65	NaN
46.75	0.9744867722110092
46.85	0.9733134126426842
46.95	0.9722115043204053
47.050000000000004	0.9717399687452694
47.15	0.9699145790833494
47.25	0.9736340239765159
47.35	0.9706541331447499
47.45	0.9725058035587806
47.550000000000004	0.9708257929426292
47.65	0.9727156365970528
47.75	0.9726195541532829
47.85	0.9748037669121663
47.95	0.9758102843016992
48.050000000000004	0.977616666560525
48.15	0.9842964913156328
48.25	0.9825524056469249
48.35	0.985839047028255
48.45	0.9891912875069858
48.550000000000004	0.99066191260861
48.65	0.9923465983409255
48.75	0.9953426189181278
48.85	0.9996307128393399
48.95	1.0030047524606351
49.050000000000004	1.0044082747861136
49.15	NaN
49.25	1.0099823515139772
49.35	1.0125734457273219
49.45	1.015422388521236
49.550000000000004	1.018152704323955
49.65	1.0207803834138525
49.75	1.021321439423633
49.85	1.0219766963151555
49.95	1.024474167540558
50.050000000000004	1.02489968672917
50.15	1.025168777268635
50.25	1.0266879844759418
50.35	1.0278564953149054
50.45	1.0276158710639505
50.550000000000004	1.026632862619
50.65	1.0267480297231997
50.75	1.025581634717153
50.85	1.0234404198672897
50.95	NaN
51.050000000000004	1.0206102717761898
51.15	1.019913354020963
51.25	1.0164433999514062
51.35	1.0161249536460992
51.45	1.012879706287388
51.550000000000004	NaN
51.65	1.0075719002457195
51.75	1.0055470646349987
51.85	1.0041074620153503
51.95	1.0023429710800387
52.050000000000004	NaN
52.15	0.9962017913376986
52.25	0.9929803262129784
52.35	0.9911191725433073
52.45	0.990542894634677
52.550000000000004	0.9863490482076812
52.65	0.9873616114774181
52.75	0.9833497444271291
52.85	0.9807454245242964
52.95	NaN
53.050000000000004	0.9796026431039762
53.15	NaN
53.25	0.9788566539484554
53.35	0.9764910812102671
53.45	0.9775422915751832
53.550000000000004	NaN
53.65	0.9772989989564949
53.75	NaN
53.85	0.9787687996749004
53.95	0.9799799843973035
54.050000000000004	NaN
54.15	0.9816238929500235
54.25	NaN
54.35	0.9853316531042219
54.45	0.9858875489637513
54.550000000000004	NaN
54.65	0.989663496328494
54.75	0.98859612102624
54.85	0.9941698010201432
54.95	0.9953987962530154
55.050000000000004	0.9970092567226612
55.15	0.9999796447234328
55.25	1.0024870447148613
55.35	1.0051741774426992
55.45	1.005476993258164
55.550000000000004	1.0100798171376997
55.65	1.0107434267222806
55.75	1.0128178048382646
55.85	1.0149455236128597
55.95	1.015364757550117
56.050000000000004	1.0177255207639417
56.15	1.0191047217205755
56.25	1.0135944824982472
56.35	1.0211458591343736
56.45	1.0189520193463313
56.550000000000004	1.0229699840834707
56.65	1.020869994856534
56.75	NaN
56.85	1.0218664834711833
56.95	1.0195468864823132
57.050000000000004	1.018930114640229
57.15	1.017649502446443
57.25	1.0174410907098805
57.35	NaN
57.45	1.0143304523905885
57.550000000000004	1.0133515387090222
57.65	1.0122193892573945
57.75	1.0091371714069242
57.85	1.0070715279107554
57.95	1.004946212955214
58.050000000000004	1.0045425123269163
58.15	1.0003534853902776
58.25	0.9988425796523526
58.35	1.0010686138760334
58.45	NaN
58.550000000000004	0.9957081790091697
58.65	0.9928124564683517
58.75	NaN
58.85	0.9890205851444445
58.95	NaN
59.050000000000004	0.9895745223081792
59.15	0.9848692148241645
59.25	0.9844302619255868
59.35	0.9829756299778919
59.45	0.9812809056701279
59.550000000000004	0.982477462118686
59.65	0.9821119480714581
59.75	0.9832409847988544
59.85	NaN
59.95	0.9833292768948665
60.050000000000004	NaN
60.15	0.9830116836707024
60.25	0.9825392011620819
60.35	NaN
60.45	0.9842022414981503
60.550000000000004	0.9870849673861685
60.65	0.9898576012431995
60.75	0.9892907948183771
60.85	0.9931121233387727
60.95	0.9943461808894349
61.050000000000004	0.9940928578772603
61.15	0.9946277447904172
61.25	0.9976267960536662
61.35	0.9993220529874328
61.45	1.001383971141809
61.550000000000004	NaN
61.65	1.0050955471774254
61.75	NaN
61.85	NaN
61.95	1.0082989631857493
62.050000000000004	1.0104501041600464
62.15	1.0149564570104446
62.25	1.0154905069464883
62.35	1.0125382109844365
62.45	1.0140625852289331
62.550000000000004	1.0159195911549939
62.65	1.0166304557760106
62.75	1.017645408168711
62.85	1.0186605938419364
62.95	1.016920448358572
63.050000000000004	1.016568766400382
63.15	1.014799946781786
63.25	NaN
63.35	1.0159043486077128
63.45	1.014255498075929
63.550000000000004	1.0176244529559175
63.65	1.0120433915129832
63.75	1.012252723574999
63.85	1.011302657415468
63.95	1.0088425766770917
64.05	1.0088229620190983
64.14999999999999	1.0063740013855542
64.25	1.0041325711792684
64.35	1.0009150173048262
64.44999999999999	1.001606218589648
64.55	0.9999502604363208
64.64999999999999	0.9988634612407707
64.75	0.9967136302338937
64.85	0.994904967716671
64.94999999999999	0.9935209920474433
65.05	0.9932014394173343
65.14999999999999	0.9920361928141107
65.25	NaN
65.35	0.9887720300879527
65.44999999999999	NaN
65.55	0.9864990645646261
65.64999999999999	0.9843929547776292
65.75	0.9854102836265624
65.85	0.9846312515820906
65.94999999999999	0.9836886559977173
66.05	NaN
66.14999999999999	0.9858125949891862
66.25	0.9849939585514469
66.35	0.9842088202547145
66.44999999999999	0.9855547022531371
66.55	0.9861537669464364
66.64999999999999	NaN
66.75	0.986773150117342
66.85	NaN
66.94999999999999	NaN
67.05	0.9906725879968283
67.14999999999999	0.9912765809115348
67.25	0.9942848910495591
67.35	0.9954875650495882
67.44999999999999	0.9967389940394178
67.55	0.9974614472231328
67.64999999999999	NaN
67.75	NaN
67.85	1.0080862909642694
67.94999999999999	1.0043628213548053
68.05	1.006809976078884
68.14999999999999	1.0078631609201034
68.25	NaN
68.35	1.0116931925950325
68.44999999999999	1.0105488514069065
68.55	1.0108896575712063
68.64999999999999	NaN
68.75	1.0130783336501585
68.85	1.0156978565275385
68.94999999999999	1.0141691460058064
69.05	1.015228240146678
69.14999999999999	1.012788178532998
69.25	1.0126108773182083
69.35	1.0140616949545658
69.44999999999999	NaN
69.55	1.0144058486048029
69.64999999999999	1.0123941070196105
69.75	NaN
69.85	1.0122820590378854
69.94999999999999	NaN
70.05	1.00931877368654
70.14999999999999	1.0070087166418533
70.25	NaN
70.35	1.0064828881272063
70.44999999999999	NaN
70.55	1.00391727484702
70.64999999999999	1.00177446191602
70.75	1.0009502061244342
70.85	0.9992944779510535
70.94999999999999	0.9975591492622481
71.05	0.999091366706423
71.14999999999999	0.9951996871297866
71.25	NaN
71.35	0.9937488718620577
71.44999999999999	0.9912504050659993
71.55	0.9908902983046632
71.64999999999999	0.9895023851307321
71.75	0.989185216081586
71.85	0.9878370840659689
71.94999999999999	0.9886311183146634
72.05	NaN
72.14999999999999	NaN
72.25	NaN
72.35	NaN
72.44999999999999	0.9887362020504806
72.55	0.988289443415311
72.64999999999999	0.987772530896135
72.75	NaN
72.85	0.9895034157611132
72.94999999999999	0.9882884525838981
73.05	0.9902519140180561
73.14999999999999	0.991024425315888
73.25	0.9922867141524393
73.35	0.9918685454663344
73.44999999999999	NaN
73.55	0.9951884493341114
73.64999999999999	NaN
73.75	NaN
73.85	0.9980864224178343
73.94999999999999	1.0005914373561982
74.05	1.0010509979961628
74.14999999999999	1.0036572343369552
74.25	1.0041770481256032
74.35	1.0045507448073363
74.44999999999999	1.0065575988359892
74.55	1.0062391464415914
74.64999999999999	1.007951949099922
74.75	1.0090432717803686
74.85	1.010133444397199
74.94999999999999	1.0125802043024172
75.05	1.0112944613873867
75.14999999999999	1.0106113933815157
75.25	NaN
75.35	NaN
75.44999999999999	NaN
75.55	1.011571971875751
75.64999999999999	NaN
75.75	NaN
75.85	1.0108957866018973
75.94999999999999	1.0106739094140746
76.05	1.0093698519752843
76.14999999999999	1.0094625471454652
76.25	NaN
76.35	1.0087557483702736
76.44999999999999	NaN
76.55	1.0045603946858226
76.64999999999999	1.004951541470562
76.75	NaN
76.85	NaN
76.95	NaN
77.05	NaN
77.14999999999999	0.9986758774510863
77.25	0.997703984653256
77.35	0.9968062933458287
77.45	0.9940046296575277
77.55	0.9961658129576041
77.64999999999999	0.9939442525285789
77.75	0.9923058949419645
77.85	0.9920661095083065
77.95	0.9904777664547836
78.05	0.9903958670399631
78.14999999999999	0.9898398900909138
78.25	0.9887311577296665
78.35	0.9885839303673155
78.45	NaN
78.55	NaN
78.64999999999999	0.98851078257078
78.75	0.9886520646856373
78.85	NaN
78.95	0.9910455481908289
79.05	NaN
79.14999999999999	NaN
79.25	0.9913022241439411
79.35	NaN
79.45	0.9924108235127369
79.55	0.9914004903653129
79.64999999999999	NaN
79.75	0.9961168814146995
79.85	0.9969639757749038
