0.15	0.03695170475058547
0.25	0.03683426838058763
0.35	0.03642932556413637
0.45	0.037145808618760386
0.55	0.03772208719154632
0.65	0.03772399084040249
0.7500000000000001	0.038126351353529396
0.85	0.038605651612670405
0.95	0.039047621757527295
1.05	0.03980841879229148
1.15	0.040689406969618924
1.25	0.04085585574657211
1.35	0.04196018694142357
1.45	0.042753872717744314
1.55	0.0436970838791531
1.65	0.04492154877855168
1.75	0.04618826481888154
1.85	0.047571995834207584
1.95	0.04905742267309134
2.05	0.050319230574756596
2.15	0.052010984734877364
2.25	0.05410005560313735
2.35	0.055943480434244894
2.45	0.05792143598160201
2.5500000000000003	0.060330890802133164
2.65	0.06313708749139774
2.75	0.06619877909186425
2.85	0.06918272871614789
2.95	0.07261687154663445
3.0500000000000003	0.07617281244413011
3.15	0.08034362458361688
3.25	0.08492744655922904
3.35	0.09008035620516762
3.45	0.09559021591366189
3.5500000000000003	0.10151370946697026
3.65	0.10782885691447539
3.75	0.11581441064055441
3.85	0.12369277546293167
3.95	0.13363657746504518
4.05	0.14358019947603398
4.1499999999999995	0.15518237150512626
4.25	0.16832396731791088
4.35	0.18371789204150973
4.449999999999999	0.20053948096992608
4.55	0.22018874772521058
4.6499999999999995	0.24176691165016892
4.75	0.267739668777096
4.85	0.29476214150396607
4.95	0.33071088361820367
5.05	0.36950326110099163
5.1499999999999995	0.41284663213280287
5.25	0.4643217216228169
5.35	0.5239946193461712
5.45	0.5966371042480472
5.55	0.6758257613191795
5.6499999999999995	0.774539306380517
5.75	0.8847764686241124
5.85	1.0140808105106363
5.95	1.1495656671714478
6.05	1.3069118482577156
6.1499999999999995	1.482271367514181
6.25	1.6485512268294138
6.35	1.8138447051185576
6.45	1.9573566415189039
6.55	2.061635950426036
6.6499999999999995	2.120920728637672
6.75	2.134572305930807
6.85	2.1028479305348307
6.95	2.032123521507044
7.05	1.9336157007512194
7.1499999999999995	1.8193746454724835
7.25	1.698890157559855
7.35	1.587512182072891
7.45	1.4730278747631433
7.55	1.3731073802696654
7.6499999999999995	1.2814584616666715
7.75	1.1946522656955358
7.85	1.1230646474805115
7.95	1.0540204656910384
8.05	0.9957846568389032
8.15	0.9457751069540553
8.25	0.9007777736527515
8.350000000000001	0.8637516003134389
8.450000000000001	0.8297909757334714
8.55	0.8012877706864049
8.65	0.7755283231611189
8.75	0.75630707167151
8.850000000000001	0.7359495297906804
8.950000000000001	0.7241593842561107
9.05	0.7108925376248834
9.15	0.7016576584650034
9.25	0.6940627380878674
9.350000000000001	0.6891427185078551
9.450000000000001	0.6869233560436991
9.55	0.6868627157898971
9.65	0.6873581423864408
9.750000000000002	0.6916691350769968
9.85	0.6964906503451046
9.95	0.7023880933252888
10.049999999999999	0.7114030668360948
10.149999999999999	0.7217809463025631
10.25	0.7337260171309085
10.35	0.747234494023667
10.45	0.7610712476920144
10.549999999999999	0.7803545286528195
10.649999999999999	0.7974467689353113
10.75	0.8176010405586633
10.85	0.8387296472077559
10.95	0.8610569892624073
11.049999999999999	0.8866749956170122
11.149999999999999	0.9106572845317528
11.25	0.9362367904020027
11.35	0.9639058085159692
11.45	0.9896473054170011
11.549999999999999	1.016855947939938
11.649999999999999	1.04402769409915
11.75	1.070899928415718
11.85	1.0963107526238975
11.95	1.1195238226401267
12.049999999999999	1.145821377617964
12.149999999999999	1.1655230513774788
12.25	1.1864197618127612
12.35	1.2044379577642428
12.45	1.2155985845838464
12.549999999999999	1.2299392689893132
12.649999999999999	1.2381086288476533
12.75	1.241951240218993
12.85	1.2411757401649726
12.95	1.2381505845289178
13.049999999999999	1.234341657975629
13.149999999999999	1.225464134572842
13.25	1.21495631102542
13.35	1.2037683067995448
13.45	1.1862177821645288
13.549999999999999	1.1667426489945798
13.649999999999999	1.1490994396703273
13.75	1.1291964217402148
13.85	1.1078451532370672
13.95	1.0857938172026422
14.049999999999999	1.065803688249839
14.149999999999999	1.0452442067963352
14.25	1.028442894100143
14.35	1.0066033994564056
14.45	0.9869106920892392
14.549999999999999	0.9678437801950708
14.649999999999999	0.9537671783653107
14.75	0.9370038758692232
14.85	0.923042206741308
14.95	0.9115531460584784
15.049999999999999	0.9009738410675558
15.149999999999999	0.8892935351029186
15.25	0.881712804442671
15.35	0.8740722276295799
15.45	0.868328474837878
15.549999999999999	0.8633038651566894
15.649999999999999	0.8601973410980167
15.75	0.8584868946573582
15.85	0.8582080464746279
15.95	0.8580190786675698
16.05	0.8608774738530133
16.15	0.862464875969689
16.25	0.8682081996984432
16.349999999999998	0.8720117194452591
16.45	0.8778591883682398
16.55	0.8854739640000735
16.65	0.893191571115455
16.75	0.9038168416971414
16.849999999999998	0.912905624976127
16.95	0.9231010814548128
17.05	0.9348757197476533
17.15	0.9454264606943354
17.25	0.9578266713814291
17.349999999999998	0.969613506222118
17.45	0.9844091603231518
17.55	0.9962467240289249
17.65	1.008235255746074
17.75	1.0188323823132261
17.849999999999998	1.0329768310627205
17.95	1.0419623107417753
18.05	1.0545847500466439
18.15	1.0665972537391148
18.25	1.0766530186935133
18.349999999999998	1.087459199003371
18.45	1.0924289960098152
18.55	1.0988237281071414
18.65	1.104941279965067
18.75	1.1059991355259562
18.849999999999998	1.110927413138777
18.95	1.1103724239767168
19.05	1.1107045960768662
19.15	1.1097784801823638
19.25	1.1072953603989177
19.35	1.1042370123816712
19.45	1.0971765957733401
19.55	1.092383609111152
19.65	1.0827901466326366
19.75	1.0768612070345402
19.85	1.0693441743493703
19.95	1.0622719659250786
20.05	1.0528998278197454
20.15	1.0428634418101894
20.25	1.0331733140399226
20.35	1.0245309039434447
20.45	1.013728773639014
20.55	1.0054261703378558
20.65	0.9971968066409022
20.75	0.9894152052087254
20.85	0.9782956470068591
20.95	0.9715216144500161
21.05	0.9644753913861367
21.15	0.9597935759809559
21.25	0.949427995213446
21.35	0.9412691188804388
21.45	0.9383329724809076
21.55	0.9361366384236134
21.65	0.9302600577751161
21.75	0.9273508072469522
21.85	0.9249211658273567
21.95	0.9248445539101435
22.05	0.922215784876576
22.15	0.9228718803144145
22.25	0.9247084378636642
22.35	0.9258884231402652
22.45	0.9249416521493846
22.55	0.9307792385839633
22.65	0.9331680893748157
22.75	0.9357575069016051
22.85	0.9403846952068845
22.95	0.9452452299089837
23.05	0.9513965876301487
23.15	0.9574852420284531
23.25	0.9618784902256606
23.35	0.9695778386786771
23.45	0.9758065744483585
23.55	0.9822437941226774
23.65	0.990186069763386
23.75	0.9939040317820957
23.85	1.0054554588679936
23.95	1.0103834718885147
24.05	1.0194394401751177
24.15	1.0247156734925815
24.25	1.0306001579187472
24.35	1.036355783698907
24.45	1.042237881341119
24.55	1.048269765120365
24.65	1.0514350728920887
24.75	1.055302365784646
24.85	1.0600222883562957
24.95	1.060040577331087
25.05	1.0592867809801243
25.15	1.06523279944196
25.25	1.0619614195460192
25.35	1.0628715757349547
25.45	1.0613508122553104
25.55	1.0602087430460658
25.65	1.0589231143392708
25.75	1.0537366989816397
25.85	1.0528754930312512
25.95	1.049184185188149
26.05	1.0446307643361177
26.15	1.0390017174766533
26.25	1.0323468794743687
26.35	1.0279040574369063
26.45	1.0241611843663314
26.55	1.0169784671778206
26.65	1.005230469211677
26.75	1.005768485341389
26.85	1.0016778039986618
26.95	0.9923498707127364
27.05	0.9913592121094995
27.15	0.9821152092000253
27.25	0.9788249855968381
27.35	0.9743729887427781
27.45	0.9719081223575003
27.55	0.96710521764737
27.65	0.9647707354265899
27.75	0.9608196483529898
27.85	0.9581918964056592
27.95	0.9570589904796487
28.05	0.9536436062378085
28.15	0.952985507835689
28.25	0.9533191504687923
28.35	0.9532346285668514
28.45	0.9504187368635802
28.55	0.9543083564180802
28.65	0.9539115197248006
28.75	0.9563270136148425
28.85	0.9562713454778294
28.95	0.9585698543281951
29.05	0.9624812187763674
29.15	0.9648112578798624
29.25	0.9669975052710791
29.35	0.9712635632218964
29.45	0.9760308933216304
29.55	0.9803425171929758
29.65	0.9816806662090715
29.75	0.987440472603345
29.85	0.9913486920254714
29.95	NaN
30.05	1.001490904462304
30.15	1.0061910212137917
30.25	1.0101517887641684
30.35	1.0137702394348096
30.45	1.0177668731272325
30.55	1.0213357271601191
30.65	1.0243562363898762
30.75	1.0294953422671387
30.85	1.0330324131403068
30.95	1.0327185884495866
31.05	1.035484771167963
31.15	1.038380694040904
31.25	1.0405849307468755
31.35	1.0401760503673219
31.45	1.0412569943975727
31.55	1.039199856424415
31.65	1.0411181767835012
31.75	NaN
31.85	1.0383875910611842
31.95	1.0370625709298142
32.05	1.0342062697628667
32.15	1.033906519475723
32.25	1.0309653980414986
32.35	1.0275033983267143
32.45	1.0220706498332432
32.55	1.0200514571182548
32.65	1.0141310557574597
32.75	1.0132043105064958
32.85	1.0091569904346311
32.95	1.0046892325444414
33.05	1.001166485640336
33.15	0.9977504216239317
33.25	0.9945270896197649
33.35	0.9903773298176064
33.45	0.9867347265406733
33.55	0.9855592442576511
33.65	0.9840400406100189
33.75	0.9812303187645004
33.85	0.9763584163045319
33.95	0.9743562662596682
34.05	0.9744335154891106
34.15	0.9701849137740869
34.25	0.9697870734192022
34.35	0.9692708446516383
34.45	0.9661256897162203
34.55	0.9649981079605893
34.65	0.9675893383386046
34.75	0.9671967679284686
34.85	0.9686024091048223
34.95	0.9679937313300765
35.05	0.9745980673039812
35.15	0.9699745303837061
35.25	0.9725502246753099
35.35	0.9755270032608224
35.45	0.9774626574964763
35.55	0.9777859199990343
35.65	0.9802959168613914
35.75	0.9845053902843292
35.85	0.9871874279384261
35.95	0.9915574349946785
36.05	0.9934334678793745
36.15	0.9964049085895224
36.25	0.9982408396735929
36.35	1.002013741821222
36.45	1.0062640005132015
36.55	1.0078158802836084
36.65	NaN
36.75	1.014051475418994
36.85	1.017322066233195
36.95	1.0186963964313875
37.05	1.0208815734441474
37.15	1.023099533125744
37.25	1.0245668578075267
37.35	1.0276332590130484
37.45	1.0266956860307592
37.55	1.0273928152033647
37.65	1.0266835851769114
37.75	1.0285282551738157
37.85	1.030335201883332
37.95	1.030388077005402
38.05	NaN
38.15	NaN
38.25	1.0269353455633086
38.35	1.0228409955542204
38.45	1.0229480881796835
38.550000000000004	1.0207681831254192
38.65	1.0185496255781192
38.75	1.0158538477786632
38.85	1.0142106599403482
38.95	1.0105635864781621
39.050000000000004	1.0096342284528392
39.15	1.0063796951866752
39.25	1.003544614445345
39.35	1.001393606818195
39.45	0.9993547510115174
39.550000000000004	0.9965761412903965
39.65	NaN
39.75	0.9904779500199612
39.85	0.98897351418795
39.95	0.985991036920624
40.050000000000004	0.9849085621603411
40.15	0.982612211757971
40.25	0.9837155021389888
40.35	NaN
40.45	0.9799485657451291
40.550000000000004	0.9775071601375188
40.65	0.9767228518484173
40.75	0.9752935818863938
40.85	0.9759987973157968
40.95	0.9762259168991722
41.050000000000004	0.9765464131632827
41.15	0.9767870810476861
41.25	0.9769569341254042
41.35	0.9785828055572574
41.45	0.9794732860745581
41.550000000000004	0.9798129858169694
41.65	0.9823247198395412
41.75	0.9828343119173598
41.85	0.9862770816224089
41.95	0.9859259841653935
42.050000000000004	0.9900606851135899
42.15	0.9917530800391744
42.25	0.9951111420402386
42.35	0.9977917116491357
42.45	0.9979498427381035
42.550000000000004	0.9992305636100678
42.65	1.0029390165206882
42.75	1.0058632744561802
42.85	1.0084021655122806
42.95	1.0098299340903834
43.050000000000004	1.0104156811347829
43.15	NaN
43.25	1.0146174678531863
43.35	1.0154170147674777
43.45	1.0168722004765776
43.550000000000004	1.0144126842837626
43.65	NaN
43.75	NaN
43.85	1.018485319697783
43.95	1.0224121772586197
44.050000000000004	1.0216655317091186
44.15	1.021442773120427
44.25	1.0182632992470582
44.35	1.018640668520451
44.45	NaN
44.550000000000004	1.018091505799204
44.65	1.0171030770987353
44.75	1.0144566982777394
44.85	1.0139107665835694
44.95	1.0129904629203133
45.050000000000004	1.0106334159776247
45.15	1.0103695784440874
45.25	1.0068851512365768
45.35	1.00633318135939
45.45	1.0055913113614232
45.550000000000004	1.0010702815512362
45.65	1.0016315656359764
45.75	NaN
45.85	0.99695424477475
45.95	NaN
46.050000000000004	0.9944285609845629
46.15	0.9901252087501793
46.25	0.9895583076764753
46.35	NaN
46.45	0.9877719461922406
46.550000000000004	0.9857815837630197
46.65	NaN
46.75	0.9835363681570863
46.85	0.9813545049212541
46.95	0.9812208351507204
47.050000000000004	0.9813002249721826
47.15	0.9824775449344029
47.25	0.9800435380925457
47.35	0.9821137428359319
47.45	NaN
47.550000000000004	0.9832717047799211
47.65	0.9841722064451889
47.75	0.983988373060994
47.85	0.9844703184646242
47.95	0.9886078025331791
48.050000000000004	0.9868389217675159
48.15	0.9891106109237718
48.25	0.9906079701064117
48.35	0.9928900935893037
48.45	0.9950940612378907
48.550000000000004	0.9935520592887441
48.65	0.99767686684223
48.75	1.0000426485306533
48.85	1.0005116339525342
48.95	1.0034847135673546
49.050000000000004	1.004904343464308
49.15	1.0068710966225
49.25	1.0073031468704114
49.35	1.0086527451055927
49.45	1.0107851794550906
49.550000000000004	1.0097045058676473
49.65	1.0109671500649198
49.75	NaN
49.85	1.0152158720374649
49.95	1.0149036825345938
50.050000000000004	1.0156778621701494
50.15	1.016296087457175
50.25	1.0144178345931922
50.35	1.0160426334089998
50.45	1.016496384886288
50.550000000000004	1.0151712941876188
50.65	1.0130828955889846
50.75	1.0139199334866233
50.85	1.0145497011827391
50.95	1.013240431213173
51.050000000000004	1.0118966522769794
51.15	1.009550909236662
51.25	1.0087912350397745
51.35	1.0087121743722989
51.45	1.0070025098449853
51.550000000000004	1.005394127018023
51.65	1.0035356566793394
51.75	1.0016027324742558
51.85	1.001509535995466
51.95	0.9989702000013125
52.050000000000004	0.9998491394737143
52.15	NaN
52.25	0.9943709164516739
52.35	0.9944819753128474
52.45	0.9922438570347947
52.550000000000004	0.9927439182086432
52.65	0.988712668144425
52.75	0.9908686459158534
52.85	0.9876754308273306
52.95	0.9881632989252811
53.050000000000004	0.9898268782763635
53.15	0.9869756183494695
53.25	0.9851340680308492
53.35	0.9863802857170018
53.45	0.9864630757822549
53.550000000000004	0.9865485799523411
53.65	0.9866343233931465
53.75	0.9876971404548961
53.85	0.9871359952234255
53.95	0.9880206675805566
54.050000000000004	0.9886597567187726
54.15	0.988345343306348
54.25	0.9913729899786343
54.35	0.990075156913991
54.45	0.9901595922346004
54.550000000000004	NaN
54.65	0.994256680189005
54.75	0.9966611123700181
54.85	0.9962644673374305
54.95	0.9984791415523241
55.050000000000004	0.9978266308884537
55.15	1.0001261429679642
55.25	1.0034697876741858
55.35	1.0037538576757838
55.45	1.0072193775403773
55.550000000000004	1.0040976650471618
55.65	NaN
55.75	1.0093269489365735
55.85	1.0095343905361251
55.95	1.010597693735485
56.050000000000004	1.0092593646918009
56.15	1.011941156523386
56.25	1.0126918159332743
56.35	1.0160644883902916
56.45	1.0080184067195666
56.550000000000004	1.0132910590600426
56.65	1.0114521722308973
56.75	1.0112625195690337
56.85	1.0129380479418455
56.95	1.011712679592264
57.050000000000004	1.0115851478026288
57.15	1.010966056293299
57.25	1.009502012534641
57.35	1.0085560993521125
57.45	1.0067926624565058
57.550000000000004	NaN
57.65	1.0092533914392632
57.75	1.0046818113497755
57.85	1.0044065813469332
57.95	1.0032982659719762
58.050000000000004	NaN
58.15	1.0005046601132985
58.25	0.9991755740797529
58.35	0.9996199063724218
58.45	0.9973131847394098
58.550000000000004	0.9960722970057454
58.65	0.9955625502198561
58.75	NaN
58.85	0.993037943435093
58.95	0.9923123678454157
59.050000000000004	0.9906973356718453
59.15	0.9924273967908062
59.25	0.9902920883288819
59.35	0.9886348613788691
59.45	0.9910792007415277
59.550000000000004	0.9896585266082718
59.65	NaN
59.75	0.9904751823737684
59.85	0.9889224588724346
59.95	0.9892463372301968
60.050000000000004	0.9890184194135149
60.15	0.9882585863942448
60.25	0.9893187253476342
60.35	NaN
60.45	0.9909406806528787
60.550000000000004	0.9929618559151607
60.65	0.9914792497775188
60.75	0.9950463061449398
60.85	NaN
60.95	0.9963057363883405
61.050000000000004	0.9971558624468133
61.15	0.9968914966573678
61.25	0.9994674246796854
61.35	0.9991764737350802
61.45	1.0006611801704326
61.550000000000004	1.0020945823959477
61.65	1.0004171008184242
61.75	1.0049562448156613
61.85	1.0051792834974795
61.95	NaN
62.050000000000004	1.0059591415075317
62.15	1.0066110993962447
62.25	1.0066638275649171
62.35	1.0073520521541945
62.45	NaN
62.550000000000004	1.0096869315801065
62.65	NaN
62.75	NaN
62.85	1.0096518994618655
62.95	1.0101478352617121
63.050000000000004	1.0099118672229592
63.15	1.0096089279063127
63.25	1.0098661516082097
63.35	1.0089260125340234
63.45	1.0070118975203541
63.550000000000004	1.008063835939339
63.65	NaN
63.75	1.0055118373584682
63.85	NaN
63.95	1.0046588250128468
64.05	1.0037803953679303
64.14999999999999	1.003469072238688
64.25	1.001787185871586
64.35	NaN
64.44999999999999	0.9973552992187974
64.55	0.999884730581761
64.64999999999999	0.9979223082739165
64.75	0.9965340460041412
64.85	0.9961707035513202
64.94999999999999	0.994970004697753
65.05	0.9953459058765836
65.14999999999999	NaN
65.25	0.9943457635232966
65.35	0.9945895903511945
65.44999999999999	0.9903171736385085
65.55	0.9903378433508636
65.64999999999999	NaN
65.75	0.9915379271235701
65.85	0.9899706907913076
65.94999999999999	NaN
66.05	NaN
66.14999999999999	0.9915983955706615
66.25	0.99063494539141
66.35	0.990680161817027
66.44999999999999	0.9910616549085948
66.55	NaN
66.64999999999999	0.9918457308437212
66.75	0.9906689348657133
66.85	NaN
66.94999999999999	NaN
67.05	NaN
67.14999999999999	NaN
67.25	0.9977288542418729
67.35	NaN
67.44999999999999	NaN
67.55	0.9989019533163309
67.64999999999999	0.9990682672755803
67.75	1.0003164747157618
67.85	1.0018884192085697
67.94999999999999	NaN
68.05	1.004152069748607
68.14999999999999	1.005134087650623
68.25	1.0050881740232989
68.35	1.005092588102866
68.44999999999999	1.006680139947169
68.55	1.0063490560718107
68.64999999999999	NaN
68.75	1.0069484236258996
68.85	1.0088727399550674
68.94999999999999	1.0089170335427788
69.05	NaN
69.14999999999999	1.0087915947615531
69.25	NaN
69.35	1.0073559344633414
69.44999999999999	1.006331096114856
69.55	1.007796152467648
69.64999999999999	1.0075944418310028
69.75	1.0066940848158843
69.85	1.0066174601497102
69.94999999999999	1.0061207473770437
70.05	NaN
70.14999999999999	1.0042191178322293
70.25	1.0025399487782591
70.35	1.0033563801930598
70.44999999999999	1.0028429401159897
70.55	1.0007961650921606
70.64999999999999	0.9998693411639832
70.75	1.0015016857807626
70.85	0.9992183415505603
70.94999999999999	0.9978204637540381
71.05	0.9974016868526209
71.14999999999999	NaN
71.25	0.9960529346723135
71.35	NaN
71.44999999999999	0.9948249375814124
71.55	0.9935678745454741
71.64999999999999	0.9924283237572961
71.75	0.993840515829977
71.85	NaN
71.94999999999999	NaN
72.05	0.9924311157805661
72.14999999999999	NaN
72.25	0.9919483025652196
72.35	0.9908032326228575
72.44999999999999	NaN
72.55	NaN
72.64999999999999	0.9927565270198649
72.75	0.9929343882267005
72.85	0.9940112368480359
72.94999999999999	NaN
73.05	0.9956952764541214
73.14999999999999	0.9948533597697811
73.25	0.9954750192702405
73.35	0.9978191357959151
73.44999999999999	0.9978808790780413
73.55	0.9967562433472466
73.64999999999999	0.9975078470530724
73.75	0.9997936261446219
73.85	0.9994762866752195
73.94999999999999	NaN
74.05	NaN
74.14999999999999	1.001868996461796
74.25	1.0021952852483909
74.35	1.0035999814519343
74.44999999999999	1.0034791107984218
74.55	1.0046525706086702
74.64999999999999	NaN
74.75	NaN
74.85	1.0063741511005817
74.94999999999999	1.006338262984104
75.05	1.0070341806098235
75.14999999999999	1.0067595576615174
75.25	1.0069956281100922
75.35	1.0080051786385862
75.44999999999999	1.0045474107221584
75.55	1.007785084335542
75.64999999999999	1.0070054508874309
75.75	NaN
75.85	1.0062232046848218
75.94999999999999	NaN
76.05	1.0065921492563468
76.14999999999999	1.0040532841308987
76.25	1.0044263728693188
76.35	1.0056185284895625
76.44999999999999	NaN
76.55	1.0036295152016292
76.64999999999999	1.0029114658953509
76.75	NaN
76.85	1.001960824724284
76.95	1.0031512130828961
77.05	1.0007672416759164
77.14999999999999	0.9985593161149178
77.25	NaN
77.35	NaN
77.45	NaN
77.55	0.9958929088372509
77.64999999999999	NaN
77.75	0.9942762749923378
77.85	0.9951938020458223
77.95	NaN
78.05	0.9942854171468593
78.14999999999999	NaN
78.25	0.9942132617670838
78.35	0.9937369669841908
78.45	NaN
78.55	NaN
78.64999999999999	NaN
78.75	0.9932639482701365
78.85	0.99387922460457
78.95	0.9938747237745356
79.05	NaN
79.14999999999999	NaN
79.25	0.9949132110775645
79.35	0.9948306017885078
79.45	NaN
79.55	0.9959909771707258
79.64999999999999	NaN
79.75	0.9973298212598473
79.85	0.9993600516751949
