0.15	0.01939453674341349
0.25	0.019110947971470397
0.35	0.019192283648686057
0.45	0.01900143001965803
0.55	0.01941658237918278
0.65	0.019771036023144707
0.7500000000000001	0.01962847208534541
0.85	0.01997498987079721
0.95	0.02011682149867126
1.05	0.02038533874976996
1.15	0.020849432241417387
1.25	0.02125643411219095
1.35	0.021453615051061005
1.45	0.021995998374312833
1.55	0.022490622245010437
1.65	0.02299805154419709
1.75	0.023621899080192344
1.85	0.024239779028964265
1.95	0.025133499192359188
2.05	0.025730157474820055
2.15	0.026596219207358985
2.25	0.027577597143560274
2.35	0.02860789453706775
2.45	0.02955264106699012
2.5500000000000003	0.03070890558844197
2.65	0.03203645326529731
2.75	0.0333846046381486
2.85	0.03482715524878877
2.95	0.036637020725849616
3.0500000000000003	0.038247118759007485
3.15	0.04024067662286115
3.25	0.04244445814552254
3.35	0.045055200042318215
3.45	0.047513882384246184
3.5500000000000003	0.050555688641876616
3.65	0.05373752878444728
3.75	0.05732547220468239
3.85	0.06095104643213441
3.95	0.06580251008199668
4.05	0.07079567089728853
4.1499999999999995	0.07625923704256682
4.25	0.08245343380792285
4.35	0.09000249347322763
4.449999999999999	0.09760780321218149
4.55	0.1066562650403051
4.6499999999999995	0.11664331226282547
4.75	0.129025566860937
4.85	0.14302948412082794
4.95	0.1594713569817988
5.05	0.17683630028196837
5.1499999999999995	0.19981077461650495
5.25	0.2243024070060596
5.35	0.2543887158136421
5.45	0.2928439829073235
5.55	0.33534780858741065
5.6499999999999995	0.38694272482581565
5.75	0.45332841885708997
5.85	0.5295054652112238
5.95	0.6257414150976631
6.05	0.7465302421761749
6.1499999999999995	0.899477640777909
6.25	1.0838107722930872
6.35	1.3045453272877285
6.45	1.5792985506185917
6.55	1.887289763693499
6.6499999999999995	2.2242993589306983
6.75	2.5424663417036535
6.85	2.7882476160154863
6.95	2.927344061334938
7.05	2.9162905963838135
7.1499999999999995	2.7702776779478957
7.25	2.5566359259954248
7.35	2.292050805638066
7.45	2.041475616352166
7.55	1.8159857016677614
7.6499999999999995	1.6043628048795648
7.75	1.4330208868682222
7.85	1.2831450529357808
7.95	1.1608252596299773
8.05	1.0606048544144533
8.15	0.9745204978382336
8.25	0.9001268493645346
8.350000000000001	0.8380400639368513
8.450000000000001	0.7880760106090272
8.55	0.7435550580186272
8.65	0.7054924135698813
8.75	0.6768685306329503
8.850000000000001	0.651003864254449
8.950000000000001	0.6293669282970118
9.05	0.6124579508598654
9.15	0.5992741558068904
9.25	0.5866036506362954
9.350000000000001	0.5795766945019408
9.450000000000001	0.5724944285812094
9.55	0.5695474814143857
9.65	0.5685327917546019
9.750000000000002	0.5692698974579515
9.85	0.5728834611664786
9.95	0.5776248110172881
10.049999999999999	0.5844900440970486
10.149999999999999	0.5951708433926585
10.25	0.6043091536393309
10.35	0.6190840324588065
10.45	0.634372439430719
10.549999999999999	0.6524016144987119
10.649999999999999	0.6727507569150619
10.75	0.6952625533502297
10.85	0.7203940842557234
10.95	0.7478653864490876
11.049999999999999	0.7780547167202163
11.149999999999999	0.8108146041419625
11.25	0.8430635876080783
11.35	0.8813291362769777
11.45	0.9195601463436056
11.549999999999999	0.9620441051311565
11.649999999999999	1.0040177510665733
11.75	1.0442923000110735
11.85	1.0857074620564229
11.95	1.124662025611164
12.049999999999999	1.1644549088133476
12.149999999999999	1.200228034791523
12.25	1.2341343458671348
12.35	1.258940029417378
12.45	1.2841900469788416
12.549999999999999	1.305352917015335
12.649999999999999	1.3156485693027222
12.75	1.330502550808177
12.85	1.3382569541195912
12.95	1.3387508884472958
13.049999999999999	1.3381553393365404
13.149999999999999	1.3342285122077626
13.25	1.325962728137854
13.35	1.316844406171961
13.45	1.3036449506464822
13.549999999999999	1.285412452325033
13.649999999999999	1.2685678872292099
13.75	1.2441572556273583
13.85	1.2184007676912023
13.95	1.1895715306105048
14.049999999999999	1.1605159998965595
14.149999999999999	1.130054869157613
14.25	1.0977543131614182
14.35	1.0653276811642645
14.45	1.032525849990213
14.549999999999999	1.0042482390891603
14.649999999999999	0.9743255007499095
14.75	0.9457316462070379
14.85	0.9211262343306885
14.95	0.8959103356680608
15.049999999999999	0.8774800077964919
15.149999999999999	0.8572557644728732
15.25	0.8410469050911488
15.35	0.8263458988047879
15.45	0.8132832589788338
15.549999999999999	0.804996660154865
15.649999999999999	0.7961304146594637
15.75	0.7886123681834124
15.85	0.7848578907043965
15.95	0.783016894717518
16.05	0.7835492493929486
16.15	0.7841722664778608
16.25	0.7881609693578056
16.349999999999998	0.790510989345601
16.45	0.796188571859269
16.55	0.8070180337970629
16.65	0.8165348433166814
16.75	0.8260457521734716
16.849999999999998	0.839264152372525
16.95	0.853459247849862
17.05	0.8694663294433889
17.15	0.8873113277981343
17.25	0.9043478647046053
17.349999999999998	0.9223145000750205
17.45	0.9417685057830593
17.55	0.963990580279996
17.65	0.9831386579880738
17.75	1.003555115887397
17.849999999999998	1.0274483162477717
17.95	1.0454787871755158
18.05	1.0650784820563322
18.15	1.0861282296024373
18.25	1.1027319027832847
18.349999999999998	1.12046068057917
18.45	1.1338481600673622
18.55	1.1464492200630545
18.65	1.1576156000494333
18.75	1.1682552717021644
18.849999999999998	1.172566642965832
18.95	1.1768071726373173
19.05	1.1757994827594234
19.15	1.1749953709891523
19.25	1.1732851357185246
19.35	1.1678324629847918
19.45	1.16232935335394
19.55	1.1512325478339958
19.65	1.142823847480586
19.75	1.1309657270929978
19.85	1.1183295274525313
19.95	1.1084519670442692
20.05	1.0937885435833412
20.15	1.0807029142224174
20.25	1.0651675935418292
20.35	1.0514099660425105
20.45	1.038365125171214
20.55	1.0244114775839437
20.65	1.0097919931604973
20.75	0.9985501791027244
20.85	0.9836458072300834
20.95	0.9716729705404792
21.05	0.9588718678779757
21.15	0.9477381879617178
21.25	0.9371898343881634
21.35	0.9277285490969966
21.45	0.9182221733598483
21.55	0.9085049736551444
21.65	0.9029058671664921
21.75	0.8959577795546807
21.85	0.8902875822616374
21.95	0.8861270202302602
22.05	0.8823916955195445
22.15	0.8801977223926372
22.25	0.8801914417690277
22.35	0.8807976300677132
22.45	0.882098008921556
22.55	0.8847203582661596
22.65	0.8857770005041431
22.75	0.8921783011033491
22.85	0.8947713130900786
22.95	NaN
23.05	0.9098357949168092
23.15	0.9180375357303439
23.25	0.9258928332945954
23.35	0.9362705632695115
23.45	0.9475825817898099
23.55	0.9536382774444213
23.65	0.9667531039923662
23.75	0.9791163722463625
23.85	0.9904706220591434
23.95	1.0018347298499737
24.05	1.0140819958922684
24.15	1.0253862057203356
24.25	1.0372457316303636
24.35	1.0481741265205755
24.45	1.0579637479098511
24.55	1.069718832050481
24.65	1.0763320201845146
24.75	1.0853406156358358
24.85	1.0905420605823188
24.95	1.0956394023512728
25.05	1.1005520829270072
25.15	1.1050670696306093
25.25	1.1053867347545843
25.35	1.1035425266292649
25.45	1.1027016771482767
25.55	1.1031005982728175
25.65	1.0993379379233317
25.75	1.0930610665125071
25.85	1.0879854596130416
25.95	1.084954444395862
26.05	1.0748797441297675
26.15	1.068375182681931
26.25	1.0597776702124642
26.35	1.0503437417460089
26.45	1.0432466411071906
26.55	1.0346955069436472
26.65	1.0244290229017348
26.75	1.0150653271369583
26.85	1.0062642835503648
26.95	0.9970195635607534
27.05	0.9894422804913606
27.15	0.9816106594204558
27.25	0.9744788669764881
27.35	0.9653561624019952
27.45	0.9595123447403149
27.55	0.9539480781649301
27.65	0.9485821418719513
27.75	0.9429235291730494
27.85	0.9323938954956503
27.95	0.9332856758897915
28.05	0.9327307908888741
28.15	0.9286180937352675
28.25	0.9252948484121898
28.35	0.9254608270709384
28.45	0.9233970634572672
28.55	0.9246621783885786
28.65	0.923545205343104
28.75	0.9265088411234712
28.85	0.9275109283400442
28.95	0.9285531922636034
29.05	0.9320918194298432
29.15	0.9379153924075209
29.25	0.942838369746032
29.35	0.9462384616639083
29.45	0.9526502175499896
29.55	0.9573603250177981
29.65	0.9651822845795824
29.75	0.972751703590538
29.85	0.9786930476697295
29.95	0.9855962220943868
30.05	0.9930868902795879
30.15	0.9949931666230974
30.25	1.007255494570698
30.35	1.017339599102495
30.45	1.0208673415596257
30.55	1.0295912684293926
30.65	1.0370144593256512
30.75	1.0416130457979447
30.85	1.0448866021237309
30.95	1.0517795202085543
31.05	1.0599179666970404
31.15	1.0597236635420124
31.25	1.0643917794961897
31.35	1.06402752237091
31.45	1.0671244434671825
31.55	1.0666405442258395
31.65	1.0684091857937141
31.75	1.0670692089777183
31.85	1.0658967914713322
31.95	1.0615409278313617
32.05	1.0603854845849536
32.15	1.0575729648193253
32.25	1.0514541513541178
32.35	1.0472825236312961
32.45	1.0428431573590033
32.55	1.0376899208551689
32.65	1.0320551601555559
32.75	1.0283053789705443
32.85	1.0225779633152752
32.95	1.0125582035125564
33.05	1.0054329798925716
33.15	1.000149110044616
33.25	0.9944334576059737
33.35	0.9909368494403378
33.45	0.9848617725567788
33.55	0.9751325885982186
33.65	0.9750671879032192
33.75	0.9719585187654418
33.85	0.9652857073443405
33.95	0.9626603165922442
34.05	0.9583348074771795
34.15	0.9553580324562564
34.25	0.9531182941292238
34.35	0.9496023972999585
34.45	0.9501439761169861
34.55	0.9481895838777066
34.65	0.94744801277152
34.75	0.9464089941538768
34.85	0.9477363192814969
34.95	0.948902336096672
35.05	0.9502658038502166
35.15	0.9520147774847334
35.25	0.9552243186030422
35.35	0.9595627367668345
35.45	0.9596076271858651
35.55	0.9618637873134375
35.65	0.9680269830514999
35.75	0.9710216740351895
35.85	0.9744537219798431
35.95	0.9796254075937416
36.05	0.985083398027486
36.15	0.9899154142776498
36.25	0.994157476162686
36.35	0.9993704068504604
36.45	1.0026402292536158
36.55	NaN
36.65	1.0144538610817309
36.75	1.018440097518087
36.85	1.0250422880865817
36.95	1.0276653387595365
37.05	1.0318751469008396
37.15	1.0358052318417865
37.25	1.0384080571223941
37.35	1.0409657974352853
37.45	1.0412417521780761
37.55	1.0463396324145038
37.65	NaN
37.75	1.0491227200219297
37.85	1.0477329946104867
37.95	1.0457217129309468
38.05	1.046454725055091
38.15	1.0448757160178224
38.25	1.0469333384826986
38.35	1.0408714194899107
38.45	1.038674399550531
38.550000000000004	1.0352128943390395
38.65	1.0327094336538742
38.75	1.0290058638918735
38.85	1.025290852528786
38.95	1.0214790550200017
39.050000000000004	1.0160813013737782
39.15	NaN
39.25	NaN
39.35	NaN
39.45	NaN
39.550000000000004	0.9957645595703083
39.65	0.9908756849535713
39.75	0.9869151181277277
39.85	0.983194854025061
39.95	0.9804808861513541
40.050000000000004	0.9746885752839105
40.15	NaN
40.25	0.9694548525489656
40.35	0.9691094745767138
40.45	0.9667487393497266
40.550000000000004	0.9633341704929633
40.65	0.9636049092131431
40.75	0.9622933780855669
40.85	0.9621467629627586
40.95	0.9636611743748923
41.050000000000004	0.9611406623203049
41.15	0.9642402921188268
41.25	0.9624341771849937
41.35	0.9640733953811242
41.45	0.9653006615198687
41.550000000000004	NaN
41.65	0.9689717409584292
41.75	0.9712601492900728
41.85	0.9735894522573586
41.95	0.9762005126871033
42.050000000000004	0.9794253871443807
42.15	NaN
42.25	0.9864083055709566
42.35	0.9885087206466417
42.45	0.9938105889767233
42.550000000000004	0.9979405431948323
42.65	1.0010327754685013
42.75	1.0046691935979006
42.85	1.0091094688771132
42.95	1.0117857509101549
43.050000000000004	1.0156379195823158
43.15	1.0192623708035438
43.25	1.021666973640223
43.35	1.0228292885794283
43.45	1.026260247100895
43.550000000000004	1.0315933317777373
43.65	NaN
43.75	1.0328720648430838
43.85	1.0329153204454506
43.95	1.0347953114606088
44.050000000000004	1.033903045613534
44.15	1.0373550243042564
44.25	NaN
44.35	1.0332077586968265
44.45	1.030818410261368
44.550000000000004	1.0308641864990107
44.65	1.0304097869956916
44.75	1.0263113947506277
44.85	1.0256353941803655
44.95	1.0229380982887593
45.050000000000004	1.0187186216160264
45.15	1.0186697852050537
45.25	1.014446169153787
45.35	NaN
45.45	1.0079824534476434
45.550000000000004	1.0040618792608902
45.65	NaN
45.75	0.9980799424537138
45.85	0.995914580681452
45.95	0.9933980724860189
46.050000000000004	0.9894546344388121
46.15	0.9858398551257432
46.25	0.9850688312580571
46.35	0.9827497252242673
46.45	0.9791289404857679
46.550000000000004	0.9783524692449441
46.65	NaN
46.75	0.9736250958531694
46.85	0.971320133745379
46.95	0.9722305250899644
47.050000000000004	0.9706476562752925
47.15	0.9700765122653382
47.25	0.9708140702553367
47.35	0.9695285329437376
47.45	0.970543656868397
47.550000000000004	0.9722505875952057
47.65	0.9720897362273739
47.75	0.9739999271819175
47.85	0.9756537445960497
47.95	0.9767825268170164
48.050000000000004	0.9773183844817669
48.15	0.9829524413995993
48.25	0.9832767457434968
48.35	0.9855415783677525
48.45	0.9888512668887594
48.550000000000004	0.99294181170282
48.65	0.9941630248820341
48.75	0.9986549250967857
48.85	0.9991128195851653
48.95	1.0006563708848268
49.050000000000004	1.0058940283061326
49.15	NaN
49.25	1.0090689486535367
49.35	1.0111435973579552
49.45	1.0159959833362964
49.550000000000004	1.0168975807174747
49.65	1.0189766861066538
49.75	1.0217488439157525
49.85	1.02243932791334
49.95	1.0269460307769898
50.050000000000004	1.0252891069685384
50.15	1.0260583526514675
50.25	1.0272327592774766
50.35	1.027396250552428
50.45	1.0244608407272022
50.550000000000004	1.0263388001297291
50.65	1.027866796934258
50.75	1.0230695604311302
50.85	1.0219662074581501
50.95	NaN
51.050000000000004	1.0214914946241
51.15	1.0166475936866564
51.25	1.0160222944904285
51.35	1.015768741040115
51.45	1.012930107147779
51.550000000000004	NaN
51.65	1.0072957002657998
51.75	1.0045071654460096
51.85	1.002957880186493
51.95	1.0001390006535775
52.050000000000004	NaN
52.15	0.9959630134666259
52.25	0.9930137862734909
52.35	0.9899627053966205
52.45	0.9895945501887556
52.550000000000004	0.986556456604192
52.65	0.9870112028781901
52.75	0.9842046999619963
52.85	0.9826239778160925
52.95	NaN
53.050000000000004	0.9796746235544833
53.15	NaN
53.25	0.9780886995961613
53.35	0.9771389394689272
53.45	0.9765284961495592
53.550000000000004	NaN
53.65	0.9757763830281979
53.75	NaN
53.85	0.9783616387386807
53.95	0.9775553454992169
54.050000000000004	NaN
54.15	0.98081974287277
54.25	NaN
54.35	0.9836409250197632
54.45	0.985532303274285
54.550000000000004	NaN
54.65	0.9900174358623786
54.75	0.9927274212839109
54.85	0.9914530925117326
54.95	0.9949559880498986
55.050000000000004	0.9981679050043165
55.15	0.9986928123784246
55.25	1.0037057049706533
55.35	1.0112836707521056
55.45	1.0067634736112099
55.550000000000004	1.0079245807249726
55.65	1.0094381680951088
55.75	1.0131595874322141
55.85	1.0146074813728916
55.95	1.0167613394203356
56.050000000000004	1.0147603762287958
56.15	1.0181523786037374
56.25	1.0182864065182442
56.35	1.0209105962812304
56.45	1.0213987483985476
56.550000000000004	1.0198119485678292
56.65	1.019332098628234
56.75	NaN
56.85	1.0209487392800183
56.95	1.0203952881878318
57.050000000000004	1.0194237671954103
57.15	1.0195205536833503
57.25	1.019507085685247
57.35	NaN
57.45	1.014198539974707
57.550000000000004	1.012189265179608
57.65	1.009562925043552
57.75	1.0099754765283173
57.85	1.0072154345578601
57.95	1.0048951493295744
58.050000000000004	1.0038145331063195
58.15	1.001468000340832
58.25	0.9993872341445081
58.35	1.0021728445115232
58.45	NaN
58.550000000000004	0.9936946901415571
58.65	0.9930209398508504
58.75	NaN
58.85	0.9894028829375606
58.95	NaN
59.050000000000004	0.9871694809945252
59.15	0.9851865979090354
59.25	0.9837438275431241
59.35	0.9826422629631656
59.45	0.9824259739397257
59.550000000000004	0.9827988072295255
59.65	0.9816716465425701
59.75	0.9805666968564365
59.85	NaN
59.95	0.9812921327902783
60.050000000000004	NaN
60.15	0.9826750014103348
60.25	0.9844141865489343
60.35	NaN
60.45	0.9843677593462865
60.550000000000004	0.983985877564066
60.65	0.9848870616656179
60.75	0.990561930683814
60.85	0.9920432756861753
60.95	0.9926280752542113
61.050000000000004	0.9947417540389076
61.15	0.9954976601107177
61.25	0.9979923270318992
61.35	0.9997053573085125
61.45	1.000409057006035
61.550000000000004	NaN
61.65	1.0040555273219027
61.75	NaN
61.85	NaN
61.95	1.0095946671354064
62.050000000000004	1.0101423876969524
62.15	1.0125905288307464
62.25	1.0115952680913651
62.35	1.014102134997058
62.45	1.0169703342072303
62.550000000000004	1.0163348509485048
62.65	1.0192356668656217
62.75	1.0159030385583718
62.85	1.017692232326015
62.95	1.0162643101529025
63.050000000000004	1.0170500048482445
63.15	1.0149450596707774
63.25	NaN
63.35	1.0144800523661022
63.45	1.0129635372863124
63.550000000000004	1.0096833020586347
63.65	1.0128405272199004
63.75	1.0115330642884044
63.85	1.0104716776981097
63.95	1.009609062348023
64.05	1.0070791933582157
64.14999999999999	1.0062268744481515
64.25	1.0052311540340833
64.35	1.0034485881118709
64.44999999999999	1.0023675711565732
64.55	0.9984841739117777
64.64999999999999	0.9959100775716404
64.75	0.9983502733178851
64.85	0.9936986521825182
64.94999999999999	0.993509685372057
65.05	0.9920043194170878
65.14999999999999	0.9909301803097982
65.25	NaN
65.35	0.9885915711789374
65.44999999999999	NaN
65.55	0.9863188362572048
65.64999999999999	0.9847297533835019
65.75	0.9851322957844699
65.85	0.9847198912300572
65.94999999999999	0.9847261133841584
66.05	NaN
66.14999999999999	0.9844414920538681
66.25	0.9837466121091817
66.35	0.9864505976135277
66.44999999999999	0.9850483274053422
66.55	0.9855181159103813
66.64999999999999	NaN
66.75	0.9879620488431369
66.85	NaN
66.94999999999999	NaN
67.05	0.9920610862752064
67.14999999999999	0.9906206758407918
67.25	0.9931359930040606
67.35	0.9940553625551899
67.44999999999999	0.9969998160721315
67.55	0.9979222539503966
67.64999999999999	NaN
67.75	NaN
67.85	1.0006150736618915
67.94999999999999	1.0049870478895004
68.05	1.0079675366548015
68.14999999999999	1.0067995983710258
68.25	NaN
68.35	1.0077994434847475
68.44999999999999	1.0123386766875575
68.55	1.010026477248192
68.64999999999999	NaN
68.75	1.0124304367257086
68.85	1.0138702722516006
68.94999999999999	1.013116976758613
69.05	1.0126844923797635
69.14999999999999	1.0125819310615813
69.25	1.0136425508022553
69.35	1.0145694578001714
69.44999999999999	NaN
69.55	1.0136546819999965
69.64999999999999	1.0138851258379147
69.75	NaN
69.85	1.009108653604713
69.94999999999999	NaN
70.05	1.0097900740266321
70.14999999999999	1.008538859585057
70.25	NaN
70.35	1.0056250272052096
70.44999999999999	NaN
70.55	1.003670092496268
70.64999999999999	1.001612009767483
70.75	0.9982911362887213
70.85	0.999766650114323
70.94999999999999	0.9977588557292844
71.05	0.9980657058013228
71.14999999999999	0.9939407618090024
71.25	NaN
71.35	0.9940038360824732
71.44999999999999	0.9921827121824023
71.55	0.9914615910734856
71.64999999999999	0.9895133841690047
71.75	0.9905687744286766
71.85	0.9888180466964767
71.94999999999999	0.9874796299716135
72.05	NaN
72.14999999999999	NaN
72.25	NaN
72.35	NaN
72.44999999999999	0.9886699476085173
72.55	0.9875615399633356
72.64999999999999	0.987220757899484
72.75	NaN
72.85	0.9911982957054697
72.94999999999999	0.9894904563452515
73.05	0.99038835180854
73.14999999999999	0.9914776882774347
73.25	0.9903079940324147
73.35	0.993698848018262
73.44999999999999	NaN
73.55	0.9945291867450705
73.64999999999999	NaN
73.75	NaN
73.85	0.998711630365092
73.94999999999999	1.0001509013201446
74.05	1.0012076221354271
74.14999999999999	1.0050042301492734
74.25	1.002941345381168
74.35	1.0045397635212727
74.44999999999999	1.0054678653726554
74.55	1.0068723303489278
74.64999999999999	1.0084744734348792
74.75	1.0102043035089423
74.85	1.0090548402537527
74.94999999999999	1.003600099721161
75.05	1.0103383779020874
75.14999999999999	1.011261904579873
75.25	NaN
75.35	NaN
75.44999999999999	NaN
75.55	1.011198654918133
75.64999999999999	NaN
75.75	NaN
75.85	1.0110896624414765
75.94999999999999	1.0094981210008669
76.05	1.0108322308842306
76.14999999999999	1.0098462615709536
76.25	NaN
76.35	1.0083892174657778
76.44999999999999	NaN
76.55	1.0058179881755123
76.64999999999999	1.0050218895829859
76.75	NaN
76.85	NaN
76.95	NaN
77.05	NaN
77.14999999999999	1.0001402857962878
77.25	0.9989743941603819
77.35	0.998300320994442
77.45	0.9963985891962156
77.55	0.995075647422302
77.64999999999999	0.9942088389631829
77.75	0.992778622395431
77.85	0.9922981709373555
77.95	0.9925620609483881
78.05	0.9904185336870897
78.14999999999999	0.9905403383084918
78.25	0.9898831102591488
78.35	0.9890072155823054
78.45	NaN
78.55	NaN
78.64999999999999	0.9892003505405025
78.75	0.9894844637013726
78.85	NaN
78.95	0.9900818324832206
79.05	NaN
79.14999999999999	NaN
79.25	0.989953849862941
79.35	NaN
79.45	0.9925037920505895
79.55	0.9927126048440315
79.64999999999999	NaN
79.75	0.9943524400474786
79.85	0.9978459926402826
