0.15	0.019341620959074796
0.25	0.01884258776501522
0.35	0.018786045136491486
0.45	0.018953386002712114
0.55	0.01926230560855622
0.65	0.019571682377839534
0.7500000000000001	0.01965866131082481
0.85	0.019906683718783177
0.95	0.020085301726382673
1.05	0.02041425561082308
1.15	0.02089960520917953
1.25	0.021206660060404735
1.35	0.021479484014739703
1.45	0.022070392168401638
1.55	0.022558858590414663
1.65	0.02312610925529861
1.75	0.023601904663168728
1.85	0.024305995497215162
1.95	0.025071067879416667
2.05	0.025770989592309435
2.15	0.026587681819165616
2.25	0.02760078305481616
2.35	0.02853490899495251
2.45	0.029473228100617935
2.5500000000000003	0.03078394686254552
2.65	0.03202933827426279
2.75	0.033453656081855125
2.85	0.03485195605124758
2.95	0.03665136658725902
3.0500000000000003	0.038317813473935716
3.15	0.04028483085430769
3.25	0.042433691469065705
3.35	0.04512739176452928
3.45	0.047552223180687324
3.5500000000000003	0.0506156344462773
3.65	0.0537841930733167
3.75	0.05758742320555575
3.85	0.060956305459880455
3.95	0.06580191836812273
4.05	0.07072183104112793
4.1499999999999995	0.07633220200662576
4.25	0.0824937176581528
4.35	0.08990708096775052
4.449999999999999	0.09769724608495738
4.55	0.10660283154234564
4.6499999999999995	0.11692628532638209
4.75	0.1292373764699639
4.85	0.14326096176345124
4.95	0.15913688112187896
5.05	0.177023585179515
5.1499999999999995	0.19974787855787907
5.25	0.22448843176335456
5.35	0.2548960564720107
5.45	0.2924129881773535
5.55	0.3354867225257666
5.6499999999999995	0.3867588135057405
5.75	0.45394351888788603
5.85	0.5298539431939012
5.95	0.6255704291473526
6.05	0.7466143216143346
6.1499999999999995	0.9015991360223715
6.25	1.0839691629292099
6.35	1.3016381881062857
6.45	1.5770513284572905
6.55	1.89033038092519
6.6499999999999995	2.2244823904531352
6.75	2.5332060579484708
6.85	2.791528800310265
6.95	2.9252720198066484
7.05	2.9140216822767027
7.1499999999999995	2.7754872475960455
7.25	2.561178813669794
7.35	2.2944688567623404
7.45	2.043504078748623
7.55	1.8162843989053683
7.6499999999999995	1.6098134923223555
7.75	1.4342866356835657
7.85	1.2806542724416332
7.95	1.1609619256537453
8.05	1.060020034336136
8.15	0.9741712750040633
8.25	0.8977815881082097
8.350000000000001	0.8386285290655907
8.450000000000001	0.787816820131399
8.55	0.7448870723674006
8.65	0.7060572503072985
8.75	0.6770182285851156
8.850000000000001	0.6502032908128421
8.950000000000001	0.6303492350197278
9.05	0.6128477443139342
9.15	0.5981692244034713
9.25	0.5859091214593527
9.350000000000001	0.5793725334149841
9.450000000000001	0.5724678397900512
9.55	0.56931906273011
9.65	0.5674821324661832
9.750000000000002	0.5699669388612406
9.85	0.5719636802758482
9.95	0.5775530138229087
10.049999999999999	0.584192882745396
10.149999999999999	0.5929876619674664
10.25	0.6054104905295655
10.35	0.618722531191766
10.45	0.6345431510213776
10.549999999999999	0.6519628897089621
10.649999999999999	0.6722408839035598
10.75	0.6940080706622012
10.85	0.7216740392517934
10.95	0.7463316006963961
11.049999999999999	0.7781998756863308
11.149999999999999	0.8104589804930695
11.25	0.845546514821723
11.35	0.8813071565031969
11.45	0.9207214661461993
11.549999999999999	0.9608913963725647
11.649999999999999	1.0024145373514564
11.75	1.0444313860048207
11.85	1.0875298706662455
11.95	1.1257536603083294
12.049999999999999	1.1631195594657693
12.149999999999999	1.198194122763565
12.25	1.232491621278873
12.35	1.2620443563265398
12.45	1.2829206697449975
12.549999999999999	1.3017662245930137
12.649999999999999	1.317712335797272
12.75	1.3293788274421723
12.85	1.3349263040042996
12.95	1.3365513897296766
13.049999999999999	1.3378224209890242
13.149999999999999	1.3351182106833543
13.25	1.3309696114382568
13.35	1.3193918266352882
13.45	1.3020199051372852
13.549999999999999	1.2867777683778565
13.649999999999999	1.2681355712428513
13.75	1.2433201131923104
13.85	1.216088213654058
13.95	1.1906466991477025
14.049999999999999	1.1603463166487158
14.149999999999999	1.12783678291939
14.25	1.097161153041058
14.35	1.0643646874769932
14.45	1.0339806834447387
14.549999999999999	1.0028621933681108
14.649999999999999	0.9733800125245815
14.75	0.9467760825300667
14.85	0.9191699280014172
14.95	0.8978774754310825
15.049999999999999	0.875341639270588
15.149999999999999	0.8571652478030622
15.25	0.8397388719620106
15.35	0.8266021545554091
15.45	0.8145725507153179
15.549999999999999	0.8040362159546166
15.649999999999999	0.7946260842729366
15.75	0.7885263176757807
15.85	0.7852455624668473
15.95	0.7827077328935896
16.05	0.7823080575608544
16.15	0.7836157329497638
16.25	0.7859809101709714
16.349999999999998	0.7906304596532913
16.45	0.7974450698421102
16.55	0.8055577238269627
16.65	0.816833403123734
16.75	0.8268440444531165
16.849999999999998	0.8379887813552946
16.95	0.852936960141564
17.05	0.8697740377357541
17.15	0.8871284993088264
17.25	0.9039122635358283
17.349999999999998	0.9259102776627827
17.45	0.941305638295884
17.55	0.9623435165231026
17.65	0.9823580439045914
17.75	1.0027552657556542
17.849999999999998	1.025877224459783
17.95	1.0471336441788421
18.05	1.0693473058433793
18.15	1.085497025783405
18.25	1.1037348208812967
18.349999999999998	1.120125036986304
18.45	1.1348688074824655
18.55	1.1477716392220954
18.65	1.1563374880432753
18.75	1.1627143152694384
18.849999999999998	1.1739396743398005
18.95	1.1766781477994357
19.05	1.1778072509004878
19.15	1.1768520823236126
19.25	1.172954403123417
19.35	1.1686013571604357
19.45	1.1615773726185512
19.55	1.1532242298512192
19.65	1.1429207925825977
19.75	1.1317876000553395
19.85	1.1196973834808088
19.95	1.1086138252431506
20.05	1.0952860777587112
20.15	1.079379950642437
20.25	1.0682214063209259
20.35	1.0526348238083603
20.45	1.0388761820738064
20.55	1.0248587867447332
20.65	1.00908943030308
20.75	0.9974499295223586
20.85	0.9852200854427441
20.95	0.9705868948878936
21.05	0.9580802256773926
21.15	0.9463713165875222
21.25	0.9367132645218122
21.35	0.9280417400441386
21.45	0.9172750458872476
21.55	0.910111624686823
21.65	0.9012325284321787
21.75	0.8944456838621451
21.85	0.8923033056039004
21.95	0.887550268239479
22.05	0.8835223807537009
22.15	0.8797924734233128
22.25	0.8813689778489785
22.35	0.8805605805687828
22.45	0.88086275797598
22.55	0.8848321108902784
22.65	0.8858714040861152
22.75	0.8910096785578688
22.85	0.898751721841455
22.95	NaN
23.05	0.9076025932945587
23.15	0.9175214077960356
23.25	0.9264782203181455
23.35	0.9374913351653906
23.45	0.9448349341509279
23.55	0.9560182155593567
23.65	0.9674964981748115
23.75	0.9783208480321739
23.85	0.9897894318354523
23.95	1.002364625359839
24.05	1.0147549312155764
24.15	1.0266236845415573
24.25	1.0397037954223909
24.35	1.0482273042893857
24.45	1.0575238114460201
24.55	1.0688256994938423
24.65	1.0774464926970952
24.75	1.083595928798212
24.85	1.0898034521369047
24.95	1.09556226895548
25.05	1.1007545728122137
25.15	1.103770847382583
25.25	1.1046301590021244
25.35	1.1043122230001423
25.45	1.1026891164251593
25.55	1.1025746265810206
25.65	1.0987221054642216
25.75	1.0945507989593986
25.85	1.0888795272719924
25.95	1.0829482336705387
26.05	1.0747431263964624
26.15	1.06714749245255
26.25	1.060974735495835
26.35	1.0489782815035935
26.45	1.0443715773474305
26.55	1.0351503828888131
26.65	1.024694298519823
26.75	1.0163222536848704
26.85	1.0080883736100197
26.95	0.9977650385721634
27.05	0.9893316989587465
27.15	0.9803346326980866
27.25	0.974365362580289
27.35	0.9676635644485445
27.45	0.960644390240613
27.55	0.9529038540421202
27.65	0.9499260012420973
27.75	0.9436005241763571
27.85	0.9390344968129829
27.95	0.9333161340231556
28.05	0.9317090816905264
28.15	0.9291960421302207
28.25	0.9253187963850175
28.35	0.9235501217809123
28.45	0.9261085049816711
28.55	0.9238897450632158
28.65	0.9295967915706913
28.75	0.9250359494732457
28.85	0.9287227826221391
28.95	0.9287662030037754
29.05	0.9327354766456053
29.15	0.9377691281422181
29.25	0.942796503534966
29.35	0.9468099245529603
29.45	0.9518700603339005
29.55	0.9599966326985795
29.65	0.9658822382920708
29.75	0.9719644101153585
29.85	0.9803153757411833
29.95	0.9873598954118692
30.05	0.9933173994344218
30.15	1.0029482040562494
30.25	1.0072555947548552
30.35	1.0157812538717166
30.45	1.0223975338577291
30.55	1.0281934829426278
30.65	1.0360262971989223
30.75	1.0424297571241359
30.85	1.0528062873058088
30.95	1.0524074739008509
31.05	1.058640237622208
31.15	1.0600956521289002
31.25	1.0612139289255589
31.35	1.0652129426366033
31.45	1.0671047912046787
31.55	1.0673303713894988
31.65	1.068702134032307
31.75	1.067277260521084
31.85	1.064728616135409
31.95	1.0645684854458404
32.05	1.0605412029717274
32.15	1.0569144305253666
32.25	1.0523215783264375
32.35	1.0492534421395636
32.45	1.0429104875661748
32.55	1.0386525583843007
32.65	1.0349407288284238
32.75	1.027299748711267
32.85	1.0199122010964496
32.95	1.0147222585218616
33.05	1.0086994455042115
33.15	1.0008172255031544
33.25	0.9980870565327857
33.35	0.9909344627468345
33.45	0.9843941731549057
33.55	0.9807894459131686
33.65	0.9748094968440402
33.75	0.9706450472713514
33.85	0.9651065610411294
33.95	0.9637518031470926
34.05	0.9571274502465144
34.15	0.9558483436254013
34.25	0.9530195870307056
34.35	0.9477952286920842
34.45	0.9492477248285528
34.55	0.9494750738888998
34.65	0.9452598201975818
34.75	0.9453661106737766
34.85	0.9483657649417366
34.95	0.9466251359573946
35.05	0.9509142714298777
35.15	0.9523314290708249
35.25	0.956079666334732
35.35	0.9575213584962724
35.45	0.9597984586782876
35.55	0.962634797444083
35.65	0.9665315899802842
35.75	0.9698671037925016
35.85	0.9733699224775165
35.95	0.9818098029408379
36.05	0.9838791944931612
36.15	0.9890089781774473
36.25	0.9926563812894394
36.35	0.9977445756064374
36.45	1.004769899960471
36.55	NaN
36.65	1.0148137398521677
36.75	1.019088175169899
36.85	1.0233702057210137
36.95	1.0270153070712191
37.05	1.0291864263560326
37.15	1.0361710838035254
37.25	1.0375265426044453
37.35	1.0410034709755214
37.45	1.0423952499043656
37.55	1.0440439517749027
37.65	NaN
37.75	1.045307397313561
37.85	1.0464470363492482
37.95	1.047608320825953
38.05	1.0470991512147692
38.15	1.0464102194659228
38.25	1.0440140166357381
38.35	1.0407651589406126
38.45	1.037260006337971
38.550000000000004	1.0364726442922734
38.65	1.0347856051082618
38.75	1.029447762153881
38.85	1.024254257489049
38.95	1.0207828704804236
39.050000000000004	1.0184424675303525
39.15	NaN
39.25	NaN
39.35	NaN
39.45	NaN
39.550000000000004	0.9958076398459601
39.65	0.9896745514964395
39.75	0.9868496545965089
39.85	0.9837321447641161
39.95	0.9796865102643422
40.050000000000004	0.9754792933957103
40.15	NaN
40.25	0.9707112357409282
40.35	0.9682764863777027
40.45	0.9661335286588348
40.550000000000004	0.9652360204780188
40.65	0.9624803142110597
40.75	0.9632205271621596
40.85	0.9620114697707094
40.95	0.9615832622405509
41.050000000000004	0.9603764532834432
41.15	0.962701579107195
41.25	0.9619347943335516
41.35	0.9645252059377531
41.45	0.9663572654079704
41.550000000000004	NaN
41.65	0.9684198304981387
41.75	0.9723230754813805
41.85	0.9761112971796576
41.95	0.9765258754997237
42.050000000000004	0.9811068413593856
42.15	NaN
42.25	0.9869736939199933
42.35	0.9904396666842397
42.45	0.9929276480751921
42.550000000000004	0.9975420859102152
42.65	1.003163162010756
42.75	1.0056255776283167
42.85	1.0102628404263034
42.95	1.0109360861580543
43.050000000000004	1.0156471399802085
43.15	1.0186419480410918
43.25	1.0210968656206174
43.35	1.0238440783976062
43.45	1.0263342578124866
43.550000000000004	1.0276126984327714
43.65	NaN
43.75	1.0321163919305087
43.85	1.0336282858509378
43.95	1.0334502624447903
44.050000000000004	1.034518917443418
44.15	1.0332457753667266
44.25	NaN
44.35	1.0338546151598982
44.45	1.0325373863217404
44.550000000000004	1.0312160349522177
44.65	1.0307273620996908
44.75	1.0286423584067934
44.85	1.026788972493922
44.95	1.0237867709150879
45.050000000000004	1.0205302312865558
45.15	1.0179884808348638
45.25	1.0151166606578568
45.35	NaN
45.45	1.0071805800783424
45.550000000000004	1.0067545179442983
45.65	NaN
45.75	0.9970958012557961
45.85	0.9950221344225216
45.95	0.9930305662450128
46.050000000000004	0.989931522992131
46.15	0.986691359960429
46.25	0.9836874858086359
46.35	0.9835535785675661
46.45	0.9799260821844901
46.550000000000004	0.978391178708509
46.65	NaN
46.75	0.9744341993882851
46.85	0.9746028942493619
46.95	0.9741899052018551
47.050000000000004	0.9705069618490718
47.15	0.9715972281933569
47.25	0.9702596701462652
47.35	0.9728780561209598
47.45	0.9702652202282676
47.550000000000004	0.9721699731265625
47.65	0.9724371618723224
47.75	0.9754169088657748
47.85	0.9766830139741262
47.95	0.9761600311588805
48.050000000000004	0.9761164562774309
48.15	0.9808267674060875
48.25	0.9831365257967424
48.35	0.9860196210234929
48.45	0.9887521459856131
48.550000000000004	0.9920045080658473
48.65	0.9924324887448741
48.75	0.9968405801430661
48.85	1.0002128844155782
48.95	1.0033239665525389
49.050000000000004	1.0039783562984732
49.15	NaN
49.25	1.0127634666795355
49.35	1.0120585279724086
49.45	1.0156210970919866
49.550000000000004	1.0171865233576085
49.65	1.0175816121108092
49.75	1.023045776475586
49.85	1.0232961327894692
49.95	1.0219064191083282
50.050000000000004	1.0262160341913722
50.15	1.0268499974678138
50.25	1.0273772382710158
50.35	1.0262901410343943
50.45	1.0289159830113535
50.550000000000004	1.0258350476761227
50.65	1.0298738201797348
50.75	1.026010397342527
50.85	1.0221519841897013
50.95	NaN
51.050000000000004	1.0209833294272668
51.15	1.0177301956517961
51.25	1.0172120434827634
51.35	1.0140981369594073
51.45	1.013448027519794
51.550000000000004	NaN
51.65	1.007514725642748
51.75	1.005299816896167
51.85	1.0029223683287718
51.95	0.9998030489082105
52.050000000000004	NaN
52.15	0.9969105234766118
52.25	0.9940491590618744
52.35	0.9913053993237381
52.45	0.9898871558860239
52.550000000000004	0.988346958472509
52.65	0.9824534447862102
52.75	0.9825676177329917
52.85	0.9810851192784477
52.95	NaN
53.050000000000004	0.9798775154957556
53.15	NaN
53.25	0.9775515492546265
53.35	0.9789953190820353
53.45	0.9785008128367123
53.550000000000004	NaN
53.65	0.9754036183060943
53.75	NaN
53.85	0.9786029754755153
53.95	0.9773718117297593
54.050000000000004	NaN
54.15	0.9819026866891875
54.25	NaN
54.35	0.9852519413963112
54.45	0.985088284412402
54.550000000000004	NaN
54.65	0.9897611809565325
54.75	0.991523733552377
54.85	0.9962281922775532
54.95	0.9965485250116747
55.050000000000004	0.9964384444739888
55.15	1.0004771281332239
55.25	1.002300455076966
55.35	1.0009472908362018
55.45	1.0052837757326731
55.550000000000004	1.0085151311184346
55.65	1.0106859869109526
55.75	1.0160901609038373
55.85	1.015005291171925
55.95	1.017211820602056
56.050000000000004	1.0203398884894177
56.15	1.019657356109276
56.25	1.0148391386589088
56.35	1.0200958572859742
56.45	1.0201764410049972
56.550000000000004	1.0192795298487727
56.65	1.021553609244864
56.75	NaN
56.85	1.0223606120925437
56.95	1.0212474210282942
57.050000000000004	1.0186324396504778
57.15	1.0181670508905651
57.25	1.0164399194653124
57.35	NaN
57.45	1.0154409132293976
57.550000000000004	1.0135436823180903
57.65	1.0102695127640438
57.75	1.0071956543672043
57.85	1.0084974337611263
57.95	1.0067356483959813
58.050000000000004	1.0033484904490118
58.15	1.0005981176583654
58.25	0.9998589526021885
58.35	0.998678139834825
58.45	NaN
58.550000000000004	0.9928740950382043
58.65	0.9920374245687794
58.75	NaN
58.85	0.9897880257726681
58.95	NaN
59.050000000000004	0.9863811195664195
59.15	0.9847703124283286
59.25	0.9825370427878921
59.35	0.9836385343023589
59.45	0.9815302643805429
59.550000000000004	0.9802778971654128
59.65	0.9805949493272684
59.75	0.9830694789002519
59.85	NaN
59.95	0.9805985624632596
60.050000000000004	NaN
60.15	0.9833405079667251
60.25	0.9823996420697494
60.35	NaN
60.45	0.9846084152092563
60.550000000000004	0.9812466251145054
60.65	0.9890955127323375
60.75	0.9885261690990655
60.85	0.9888559971196045
60.95	0.9936576982258133
61.050000000000004	0.9935640604637679
61.15	0.9952638152523876
61.25	0.9949400800748143
61.35	0.9986634850436731
61.45	1.0002240341444175
61.550000000000004	NaN
61.65	1.0046421543567834
61.75	NaN
61.85	NaN
61.95	1.0090247819750906
62.050000000000004	1.010746875772112
62.15	1.010855590841579
62.25	1.0129091552016016
62.35	1.014629926481582
62.45	1.0168201941299435
62.550000000000004	1.016421662449434
62.65	1.0155851306757933
62.75	1.015378796356812
62.85	1.0176907085152953
62.95	1.016375460098007
63.050000000000004	1.0161380226613401
63.15	1.0166925232948212
63.25	NaN
63.35	1.015470394229886
63.45	1.0141298386766646
63.550000000000004	1.0139643194224535
63.65	1.01449360291251
63.75	1.0112804884648015
63.85	1.0104196274161885
63.95	1.007678161505293
64.05	1.0066610565713912
64.14999999999999	1.0052361232290477
64.25	1.0019397351880202
64.35	1.0025286059647862
64.44999999999999	1.001367448993393
64.55	1.0002153592444898
64.64999999999999	0.9977994293922033
64.75	0.996389669510904
64.85	0.9937089780208876
64.94999999999999	0.9934218332152893
65.05	0.9922589886626896
65.14999999999999	0.9921864092188989
65.25	NaN
65.35	0.9890831825946508
65.44999999999999	NaN
65.55	0.9879315248027832
65.64999999999999	0.987433640285221
65.75	0.9855356414173926
65.85	0.9854763642837697
65.94999999999999	0.9838022663314534
66.05	NaN
66.14999999999999	0.9841407068715545
66.25	0.9854055232763025
66.35	0.9860448008006262
66.44999999999999	0.9855397190926547
66.55	0.9875245390442231
66.64999999999999	NaN
66.75	0.9889165334182921
66.85	NaN
66.94999999999999	NaN
67.05	0.9925397718853436
67.14999999999999	0.9920333072211794
67.25	0.9935544803029496
67.35	0.9947785595924041
67.44999999999999	0.996550907836286
67.55	0.9986273314936309
67.64999999999999	NaN
67.75	NaN
67.85	0.9986017546673044
67.94999999999999	1.0045976491399646
68.05	1.0042374102946272
68.14999999999999	1.0064722761782061
68.25	NaN
68.35	1.0104470460680899
68.44999999999999	1.0107030534624875
68.55	1.012164327848296
68.64999999999999	NaN
68.75	1.0129075743171614
68.85	1.0133327442631925
68.94999999999999	1.0143889757520959
69.05	1.0140466278923392
69.14999999999999	1.0139343886916556
69.25	1.0162517216903297
69.35	1.0131234484715859
69.44999999999999	NaN
69.55	1.0128806361178633
69.64999999999999	1.012311077968617
69.75	NaN
69.85	1.0110717668665312
69.94999999999999	NaN
70.05	1.0088944561380542
70.14999999999999	1.0081253254749163
70.25	NaN
70.35	1.0051486833915237
70.44999999999999	NaN
70.55	1.004041808973933
70.64999999999999	1.0012146218987552
70.75	1.000699551435099
70.85	0.9996542265974248
70.94999999999999	0.9980679764706827
71.05	0.997467848546868
71.14999999999999	0.9961948454424161
71.25	NaN
71.35	0.9943343773979357
71.44999999999999	0.9913645489462363
71.55	0.9919111206677717
71.64999999999999	0.9913140262419698
71.75	0.9892961751508379
71.85	0.9883950227341347
71.94999999999999	0.9887149768932049
72.05	NaN
72.14999999999999	NaN
72.25	NaN
72.35	NaN
72.44999999999999	0.9855060191877966
72.55	0.9882458527852191
72.64999999999999	0.9887765883513868
72.75	NaN
72.85	0.9906165293765482
72.94999999999999	0.9896608013078139
73.05	0.9902925153932598
73.14999999999999	0.9909877905049382
73.25	0.9934125987023326
73.35	0.9922538434950345
73.44999999999999	NaN
73.55	0.9955309141867003
73.64999999999999	NaN
73.75	NaN
73.85	0.998748136546505
73.94999999999999	0.9998428205581678
74.05	0.9987212390217641
74.14999999999999	0.9996850019702794
74.25	1.0034810177808715
74.35	1.0056323401512592
74.44999999999999	1.005664803146881
74.55	1.0052580156199191
74.64999999999999	1.0064817228358982
74.75	1.0070970417300729
74.85	1.0112355001517375
74.94999999999999	1.0112206511271948
75.05	1.0108327004176652
75.14999999999999	1.0113061215121353
75.25	NaN
75.35	NaN
75.44999999999999	NaN
75.55	1.0116271897334144
75.64999999999999	NaN
75.75	NaN
75.85	1.0103235075544175
75.94999999999999	1.0103152658561918
76.05	1.0091765307610863
76.14999999999999	1.0098706052599589
76.25	NaN
76.35	1.006636477275481
76.44999999999999	NaN
76.55	1.0055013295300164
76.64999999999999	1.0037898846288036
76.75	NaN
76.85	NaN
76.95	NaN
77.05	NaN
77.14999999999999	0.998058811433367
77.25	0.9986922092358889
77.35	0.99782543601497
77.45	0.9957601981139418
77.55	0.9963426258178595
77.64999999999999	0.9915780082342107
77.75	0.9938129744932228
77.85	0.993453229604637
77.95	0.9915586942022304
78.05	0.990335070208688
78.14999999999999	0.9911627497399049
78.25	0.9883847254087508
78.35	0.9901011172861399
78.45	NaN
78.55	NaN
78.64999999999999	0.9885311942228556
78.75	0.9887407660851725
78.85	NaN
78.95	0.9892485492122958
79.05	NaN
79.14999999999999	NaN
79.25	0.9896776903860353
79.35	NaN
79.45	0.9903672583667262
79.55	0.9914951354437934
79.64999999999999	NaN
79.75	0.9954938830040065
79.85	0.9957431572697951
