0.15	0.018597314633914095
0.25	0.018348540821288898
0.35	0.01889121295083417
0.45	0.018851258111137487
0.55	0.019342479646157488
0.65	0.01952146163887379
0.7500000000000001	0.019718464658291166
0.85	0.01986389565129374
0.95	0.02008654353771242
1.05	0.02038198808449988
1.15	0.020857297967441266
1.25	0.02119096220239231
1.35	0.02156854031121031
1.45	0.022015438473943858
1.55	0.022612201289383405
1.65	0.02305848344225239
1.75	0.023625988025478727
1.85	0.0243102229762648
1.95	0.025167773305386443
2.05	0.02582091142727652
2.15	0.026622166564935906
2.25	0.027566686710448117
2.35	0.028644117603551067
2.45	0.029571717459346895
2.5500000000000003	0.03082009356923237
2.65	0.03208093670009347
2.75	0.0333687933805267
2.85	0.03484294046086502
2.95	0.03666876128030033
3.0500000000000003	0.03824038656444756
3.15	0.04019080459278591
3.25	0.0425639159376139
3.35	0.04508399024116522
3.45	0.047609330250594335
3.5500000000000003	0.05048742193570275
3.65	0.053784602358548476
3.75	0.05743841753135841
3.85	0.06089912517005199
3.95	0.06589367205164079
4.05	0.07084762996282848
4.1499999999999995	0.07642277146904328
4.25	0.08218858054056391
4.35	0.08980058548266084
4.449999999999999	0.09765691807895588
4.55	0.10659364520060256
4.6499999999999995	0.11674902532772188
4.75	0.12927351529119194
4.85	0.14305531343744723
4.95	0.15956718612404192
5.05	0.17727706114860367
5.1499999999999995	0.19971223847026476
5.25	0.22421194147312745
5.35	0.2551257931658641
5.45	0.2917480401136159
5.55	0.33554524364745913
5.6499999999999995	0.3866986193080296
5.75	0.4540070292964407
5.85	0.5291876531594925
5.95	0.6253530977643523
6.05	0.7478694897583092
6.1499999999999995	0.8991127516355769
6.25	1.0810756852316583
6.35	1.3040289765080428
6.45	1.5797134159100417
6.55	1.890147758115582
6.6499999999999995	2.223105387944089
6.75	2.540417257878225
6.85	2.7922454145736735
6.95	2.9229164898775517
7.05	2.9099526560281332
7.1499999999999995	2.7738970749768157
7.25	2.555606567406117
7.35	2.2979113488166356
7.45	2.042791183634321
7.55	1.8157489142249614
7.6499999999999995	1.6057429526022342
7.75	1.433821662761999
7.85	1.2801353887447653
7.95	1.1587447844466772
8.05	1.0597271840272928
8.15	0.9749959346819218
8.25	0.9004874152769529
8.350000000000001	0.8367419072933617
8.450000000000001	0.7880036767733788
8.55	0.7427579121036136
8.65	0.7066072544791397
8.75	0.678340888222767
8.850000000000001	0.6512232735035138
8.950000000000001	0.6294746217511347
9.05	0.612835622869842
9.15	0.5979026875801681
9.25	0.5869248990375477
9.350000000000001	0.5792634759616803
9.450000000000001	0.573980826101327
9.55	0.5696179983323952
9.65	0.566959658612114
9.750000000000002	0.5685887931799835
9.85	0.5721979606050963
9.95	0.5784296401415746
10.049999999999999	0.5852582044114816
10.149999999999999	0.5931240297972306
10.25	0.6057104842190084
10.35	0.6175598925254977
10.45	0.6341771814239953
10.549999999999999	0.651416601093263
10.649999999999999	0.6726742032161606
10.75	0.6952765656061964
10.85	0.7196471368969748
10.95	0.7457561876703336
11.049999999999999	0.7774428524237019
11.149999999999999	0.8104458792988758
11.25	0.8453924901234695
11.35	0.8809330822883052
11.45	0.9210987322124311
11.549999999999999	0.9621006979215775
11.649999999999999	1.0012044729296106
11.75	1.042250609263973
11.85	1.0871853386078865
11.95	1.127843742069218
12.049999999999999	1.1624856916886812
12.149999999999999	1.1996664442095784
12.25	1.2328606676296854
12.35	1.2632259022261083
12.45	1.2835380928766966
12.549999999999999	1.3051634974552813
12.649999999999999	1.319637813533518
12.75	1.3312757068878156
12.85	1.3368894254175863
12.95	1.3386720609597518
13.049999999999999	1.3395452557260825
13.149999999999999	1.3343138156829013
13.25	1.3261089355833064
13.35	1.3178719579131932
13.45	1.3040152994301013
13.549999999999999	1.2867335510205116
13.649999999999999	1.2652167413770368
13.75	1.244542359851761
13.85	1.2190891438783455
13.95	1.1890410213258633
14.049999999999999	1.159869561548341
14.149999999999999	1.1290298835828994
14.25	1.0969279695015197
14.35	1.0649075270725208
14.45	1.034759219025267
14.549999999999999	1.0009565940174379
14.649999999999999	0.9737556574502599
14.75	0.9470113729807978
14.85	0.921775161063682
14.95	0.8965157882721402
15.049999999999999	0.8772127972772078
15.149999999999999	0.8579476991982359
15.25	0.8396757648530334
15.35	0.8261036142090156
15.45	0.8146221869524221
15.549999999999999	0.804690422119708
15.649999999999999	0.7945960031675061
15.75	0.7895119824766759
15.85	0.7855007055768056
15.95	0.7825223035996166
16.05	0.7810724783465852
16.15	0.7833952809986119
16.25	0.7860595234737301
16.349999999999998	0.790200470271358
16.45	0.8002924102963482
16.55	0.8057215918866792
16.65	0.8142902536737389
16.75	0.8250024592097112
16.849999999999998	0.8404699842850427
16.95	0.852686936554632
17.05	0.8685167498410383
17.15	0.8863718464594244
17.25	0.9028634175372812
17.349999999999998	0.922194486918331
17.45	0.9413551824614298
17.55	0.9620244790318057
17.65	0.9838491282046016
17.75	1.0048942209428962
17.849999999999998	1.025893596359441
17.95	1.0458068429798102
18.05	1.0695094905029887
18.15	1.0869563107339084
18.25	1.1022034235451637
18.349999999999998	1.1237003341408005
18.45	1.135823704458216
18.55	1.1482109000640388
18.65	1.1569119405085992
18.75	1.1661829125330987
18.849999999999998	1.1722973954242277
18.95	1.176302237965695
19.05	1.1743967476703678
19.15	1.1749121953260901
19.25	1.1736921925733164
19.35	1.1681367583769418
19.45	1.160056612189713
19.55	1.1514355043214655
19.65	1.1427901541895236
19.75	1.1324808257849506
19.85	1.1198010123930755
19.95	1.1073180506545304
20.05	1.0957312530953125
20.15	1.0805338894992644
20.25	1.065435591698203
20.35	1.0536680086703174
20.45	1.0381055840340034
20.55	1.0259039429877819
20.65	1.0094494932470985
20.75	0.9961722335482741
20.85	0.984168855910811
20.95	0.9716967351234844
21.05	0.9579559225192553
21.15	0.9440924262424348
21.25	0.938853832143838
21.35	0.9252330082377662
21.45	0.9193711502701243
21.55	0.909836062453943
21.65	0.9025136076971912
21.75	0.898303458671426
21.85	0.8929444122372924
21.95	0.8876485316405202
22.05	0.8840249779144904
22.15	0.8817905555641996
22.25	0.8811763623486636
22.35	0.880900731986604
22.45	0.880010272409904
22.55	0.8848018804029233
22.65	0.8875838032703148
22.75	0.8907307084135702
22.85	0.896595333356433
22.95	NaN
23.05	0.9089985669256674
23.15	0.9177604246158835
23.25	0.9258054674799606
23.35	0.9363506124215811
23.45	0.9476000212108393
23.55	0.9569866398499344
23.65	0.9679070389880161
23.75	0.9800415670943938
23.85	0.9893322267135662
23.95	1.0038911540892246
24.05	1.014793476539075
24.15	1.0267218353831307
24.25	1.0393769634665697
24.35	1.0508787215020532
24.45	1.0582917004572951
24.55	1.066613399096189
24.65	1.0770633698922896
24.75	1.0840235483081417
24.85	1.0897034908710097
24.95	1.0959976379222494
25.05	1.0998790413278745
25.15	1.1021290485404711
25.25	1.1054840938919688
25.35	1.1046172611313763
25.45	1.1063077241648764
25.55	1.1016610519376757
25.65	1.0969789538007675
25.75	1.0936356013284836
25.85	1.0873208565781163
25.95	1.0835517816508582
26.05	1.0767126505743854
26.15	1.0682742348843668
26.25	1.0586394395029106
26.35	1.0495359944895388
26.45	1.0425083986335257
26.55	1.0360691345821456
26.65	1.0253927627328983
26.75	1.0156630031894895
26.85	1.0073841711874778
26.95	0.9984231159677655
27.05	0.9916076971988613
27.15	0.9814560487045402
27.25	0.9727888455133481
27.35	0.9678357784156303
27.45	0.95774556860503
27.55	0.9527967596163948
27.65	0.948813985268856
27.75	0.9431455480800265
27.85	0.9363511670262096
27.95	0.933277097811688
28.05	0.9305584825486897
28.15	0.9285145142733228
28.25	0.9258102788311827
28.35	0.9258813810049507
28.45	0.9252304481682712
28.55	0.9232047864429205
28.65	0.9231526764535861
28.75	0.926311276258943
28.85	0.9278257744222098
28.95	0.9324524678909205
29.05	0.9328770791386048
29.15	0.9371957589142045
29.25	0.9430652947183801
29.35	0.9464086424395335
29.45	0.9527250137513515
29.55	0.9586184559733486
29.65	0.9648185478219136
29.75	0.9723903559897817
29.85	0.9792671221719449
29.95	0.9859977089617087
30.05	0.9949152090605101
30.15	0.9983309368178774
30.25	1.0079849393851996
30.35	1.016171195031494
30.45	1.0218948026610075
30.55	1.0295951831792476
30.65	1.0343105966050674
30.75	1.0427084530696087
30.85	1.0519882098879079
30.95	1.0513109029569543
31.05	1.0580606433601834
31.15	1.0617541575923994
31.25	1.0636338455823249
31.35	1.0661210502176386
31.45	1.068308692303019
31.55	1.0679027681311333
31.65	1.0694063496346942
31.75	1.0668671685395577
31.85	1.0639181764477899
31.95	1.0644816497042253
32.05	1.059288832273614
32.15	1.058771269022136
32.25	1.050388202060215
32.35	1.0431841632741607
32.45	1.0423441192457916
32.55	1.0378648142467095
32.65	1.0324669268573492
32.75	1.026858029164918
32.85	1.0204355285020839
32.95	1.0092491393213099
33.05	1.0062293527624866
33.15	1.0051120080318812
33.25	0.9946983234404246
33.35	0.9904771842179368
33.45	0.9846452075104412
33.55	0.9851986578101012
33.65	0.9746423958792819
33.75	0.9687198510788855
33.85	0.9648535955830075
33.95	0.9620288975845692
34.05	0.9599471526895194
34.15	0.9557136929091012
34.25	0.9530606313881961
34.35	0.9551202144636184
34.45	0.9492465804907582
34.55	0.9490239268065204
34.65	0.9476536351376376
34.75	0.9470988937633295
34.85	0.9493205259801355
34.95	0.9470921300944645
35.05	0.9493588340151234
35.15	0.9524673497033267
35.25	0.9527487915142883
35.35	0.9535933411378846
35.45	0.9608649138714593
35.55	0.9634949455455732
35.65	0.9654853722219088
35.75	0.9720614607730634
35.85	0.9747247268542583
35.95	0.9796961266892972
36.05	0.9835507718601889
36.15	0.988345811428343
36.25	0.9946974785411081
36.35	0.999548529769343
36.45	1.0041137989372209
36.55	NaN
36.65	1.0128722489368556
36.75	1.0178689326248442
36.85	1.0249623595634643
36.95	1.0266338223834688
37.05	1.0309955324475621
37.15	1.034270373578756
37.25	1.0366853601406683
37.35	1.0404433414720788
37.45	1.0429243489245748
37.55	1.0453573835833876
37.65	NaN
37.75	1.044515653951213
37.85	1.0514619571738477
37.95	1.0457783885330412
38.05	1.0444905983035755
38.15	1.0436727686991467
38.25	1.045134705711795
38.35	1.0403217816871948
38.45	1.0370778012709432
38.550000000000004	1.032705060371476
38.65	1.033282268610458
38.75	1.03016474340595
38.85	1.0251932512561461
38.95	1.0193190265636323
39.050000000000004	1.0165625302381835
39.15	NaN
39.25	NaN
39.35	NaN
39.45	NaN
39.550000000000004	0.9956745712093603
39.65	0.9891211742891767
39.75	0.9870634410262453
39.85	0.9843772519843423
39.95	0.9785935112381786
40.050000000000004	0.9747734690010191
40.15	NaN
40.25	0.971220967278709
40.35	0.9689590952290836
40.45	0.9655711359260184
40.550000000000004	0.9649995642395501
40.65	0.9632706321286155
40.75	0.961452134955476
40.85	0.9622782506536022
40.95	0.9605953440218922
41.050000000000004	0.9622178729640115
41.15	0.9640133154086701
41.25	0.9628388391565037
41.35	0.9638269349285792
41.45	0.9656126781149732
41.550000000000004	NaN
41.65	0.9685723735746945
41.75	0.9692257200849996
41.85	0.9745706933460101
41.95	0.9777362979463756
42.050000000000004	0.9813547883959094
42.15	NaN
42.25	0.9855766686925856
42.35	0.9914845379422316
42.45	0.9931249916127675
42.550000000000004	0.9975129392771136
42.65	0.9998772090296478
42.75	1.0034221641896954
42.85	1.0093538880580972
42.95	1.0106059904285745
43.050000000000004	1.015459903906513
43.15	1.0190724396785273
43.25	1.0236025079278666
43.35	1.0257373082790373
43.45	1.0280807804036205
43.550000000000004	1.02935403938203
43.65	NaN
43.75	1.0316835064431982
43.85	1.0348987533639404
43.95	1.0329337214950471
44.050000000000004	1.0323764579327321
44.15	1.0342856491766095
44.25	NaN
44.35	1.0345727299513512
44.45	1.0329766563843
44.550000000000004	1.0322414113844822
44.65	1.0289360128149403
44.75	1.028556430868974
44.85	1.0252149173211185
44.95	1.022794912891986
45.050000000000004	1.0178853813369173
45.15	1.0172013591135507
45.25	1.0153861832353617
45.35	NaN
45.45	1.0087231382379862
45.550000000000004	1.0017837520616428
45.65	NaN
45.75	0.997856032642103
45.85	0.995163144524263
45.95	0.993364646600876
46.050000000000004	0.9902948776618593
46.15	0.9862784724644346
46.25	0.9810867438900752
46.35	0.9804906726136902
46.45	0.9793739294236573
46.550000000000004	0.9766491374090633
46.65	NaN
46.75	0.9740410124955318
46.85	0.9716489884457054
46.95	0.9727002945728921
47.050000000000004	0.9701742976959585
47.15	0.9709315460756129
47.25	0.9726231399710193
47.35	0.9697212759611451
47.45	0.9701978228325412
47.550000000000004	0.970968282331398
47.65	0.9735108251432959
47.75	0.9726717797659409
47.85	0.9755572792697614
47.95	0.9764907505553071
48.050000000000004	0.9800937236820386
48.15	0.9810397821768223
48.25	0.9838523637719779
48.35	0.9845376641126201
48.45	0.9887112148174069
48.550000000000004	0.9898341855929195
48.65	0.9927643150207015
48.75	0.995450778601705
48.85	0.9995457514991632
48.95	1.0017077290554082
49.050000000000004	1.0064665319102866
49.15	NaN
49.25	1.0096000186255307
49.35	1.0132617852666181
49.45	1.014822030898865
49.550000000000004	1.0175426980965203
49.65	1.0199691169697194
49.75	1.0202180572027713
49.85	1.0230054798262267
49.95	1.0252136155656324
50.050000000000004	1.025438427453345
50.15	1.025134600033898
50.25	1.026799163189637
50.35	1.0267086595500359
50.45	1.0236874215988052
50.550000000000004	1.025865933731981
50.65	1.0254782857436573
50.75	1.024345383228343
50.85	1.0232143082969807
50.95	NaN
51.050000000000004	1.019166478588746
51.15	1.0183990726360412
51.25	1.0178758105077483
51.35	1.0151264319401883
51.45	1.0149981391524578
51.550000000000004	NaN
51.65	1.0071502613914822
51.75	1.0045166416296678
51.85	1.0033723078137171
51.95	0.9993080962000566
52.050000000000004	NaN
52.15	0.9957315157879174
52.25	0.993168462455733
52.35	0.9907925705673726
52.45	0.9886318674062252
52.550000000000004	0.988801833304378
52.65	0.9831379504156841
52.75	0.9835833794539636
52.85	0.9826514868229501
52.95	NaN
53.050000000000004	0.9790739151957563
53.15	NaN
53.25	0.976130356658165
53.35	0.9763757074125812
53.45	0.9771995099920837
53.550000000000004	NaN
53.65	0.9790815693694053
53.75	NaN
53.85	0.9788535185848594
53.95	0.9760927536485366
54.050000000000004	NaN
54.15	0.9801742092012304
54.25	NaN
54.35	0.9844365327242409
54.45	0.9845031044870864
54.550000000000004	NaN
54.65	0.9904772220943057
54.75	0.992952571167598
54.85	0.9963622769242386
54.95	0.9968689491788304
55.050000000000004	0.9976691539741878
55.15	0.9989999417298254
55.25	1.0024536976297347
55.35	1.0130544101217287
55.45	1.0057572757247206
55.550000000000004	1.0080222233902714
55.65	1.011619974335282
55.75	1.0081965762742102
55.85	1.0121664260084349
55.95	1.0162942536129973
56.050000000000004	1.017712498014091
56.15	1.0155477238669113
56.25	1.01899962213501
56.35	1.0191786858743557
56.45	1.0201591188913277
56.550000000000004	1.0238515660710292
56.65	1.020333207811821
56.75	NaN
56.85	1.0189915863511958
56.95	1.019464995784119
57.050000000000004	1.0195677278873085
57.15	1.0183642075531711
57.25	1.0160424643802257
57.35	NaN
57.45	1.013919526544723
57.550000000000004	1.0137479719835853
57.65	1.0106141027334297
57.75	1.0091165746234303
57.85	1.0062327336691974
57.95	1.0069132384363855
58.050000000000004	1.003528476050475
58.15	1.00190198934587
58.25	0.9987475618224758
58.35	0.9963230002806303
58.45	NaN
58.550000000000004	0.9933988619690645
58.65	0.9925325691481172
58.75	NaN
58.85	0.9901177876104417
58.95	NaN
59.050000000000004	0.9864623025296843
59.15	0.9855325696463949
59.25	0.9838876655936217
59.35	0.982889606529599
59.45	0.9822334142611773
59.550000000000004	0.9803877133473482
59.65	0.9818597792795661
59.75	0.984160027196991
59.85	NaN
59.95	0.9826375692063944
60.050000000000004	NaN
60.15	0.9813859247264229
60.25	0.9824823451975643
60.35	NaN
60.45	0.9866989850350919
60.550000000000004	0.9913718953644722
60.65	0.9875912732972668
60.75	0.9893363591419455
60.85	0.9883176703065064
60.95	0.9926706817422268
61.050000000000004	0.9941815609434221
61.15	0.996678687959599
61.25	0.9952076902494003
61.35	0.9999268417362557
61.45	0.9998681958787319
61.550000000000004	NaN
61.65	1.0026404068701849
61.75	NaN
61.85	NaN
61.95	1.0080720546264679
62.050000000000004	1.0104597890250535
62.15	1.0128786637475644
62.25	1.013112111733608
62.35	1.016129003800825
62.45	1.0152533647832243
62.550000000000004	1.0155632031553372
62.65	1.0169428813370256
62.75	1.014802364661275
62.85	1.0169815338159949
62.95	1.0170833886277193
63.050000000000004	1.0172732504038806
63.15	1.0174255463177244
63.25	NaN
63.35	1.0156073061963349
63.45	1.0125902428925329
63.550000000000004	1.0127105849862719
63.65	1.0129727660214596
63.75	1.01146909297658
63.85	1.0097772375782395
63.95	1.0096911391766348
64.05	1.0071380272856767
64.14999999999999	1.004697888969094
64.25	1.0071913126928833
64.35	1.0063791209945139
64.44999999999999	1.0022510684950678
64.55	0.9989970404839594
64.64999999999999	0.9977458583475369
64.75	0.997751762112445
64.85	0.9954009643481495
64.94999999999999	0.9943776056788003
65.05	0.991310128503715
65.14999999999999	0.9902043594073685
65.25	NaN
65.35	0.9877678154244035
65.44999999999999	NaN
65.55	0.9857186288439682
65.64999999999999	0.9858740028957906
65.75	0.9851776265555495
65.85	0.9851946912008044
65.94999999999999	0.9840756795645943
66.05	NaN
66.14999999999999	0.9859712749580699
66.25	0.9858278338257696
66.35	0.985923854238402
66.44999999999999	0.9861481213476875
66.55	0.9865079994510965
66.64999999999999	NaN
66.75	0.9870680836912366
66.85	NaN
66.94999999999999	NaN
67.05	0.9913117000896818
67.14999999999999	0.9914325730820095
67.25	0.9936067663092045
67.35	0.9949319864350635
67.44999999999999	0.9975763977570726
67.55	0.9981580065589766
67.64999999999999	NaN
67.75	NaN
67.85	1.0043870663732088
67.94999999999999	1.0031492371021151
68.05	1.0067068530759158
68.14999999999999	1.0085467454901096
68.25	NaN
68.35	1.009195058637755
68.44999999999999	1.0122065554625796
68.55	1.0125440273744792
68.64999999999999	NaN
68.75	1.0139394175584238
68.85	1.0146029266042218
68.94999999999999	1.0129850178293047
69.05	1.015764236378567
69.14999999999999	1.0163544364863684
69.25	1.0120559194564434
69.35	1.014812656983125
69.44999999999999	NaN
69.55	1.0120371613629227
69.64999999999999	1.0134082814308045
69.75	NaN
69.85	1.0107769440450984
69.94999999999999	NaN
70.05	1.0093694763674237
70.14999999999999	1.0077281232334658
70.25	NaN
70.35	1.0065392480192903
70.44999999999999	NaN
70.55	1.0040828106968338
70.64999999999999	1.0033318755735205
70.75	1.0007091872131144
70.85	0.9996965347476718
70.94999999999999	0.9978839094220187
71.05	0.9941054451462105
71.14999999999999	0.9954318583039578
71.25	NaN
71.35	0.9915944584148144
71.44999999999999	0.9916031270989546
71.55	0.9924542840859983
71.64999999999999	0.9901606805911971
71.75	0.98912472071073
71.85	0.9889830625083581
71.94999999999999	0.9867190390826238
72.05	NaN
72.14999999999999	NaN
72.25	NaN
72.35	NaN
72.44999999999999	0.987868984246694
72.55	0.9861874539509696
72.64999999999999	0.9886025739949084
72.75	NaN
72.85	0.9871886837241733
72.94999999999999	0.9908233428463256
73.05	0.9909595614948785
73.14999999999999	0.991457495746553
73.25	0.9932402773443734
73.35	0.9920606197615517
73.44999999999999	NaN
73.55	0.9948338644098275
73.64999999999999	NaN
73.75	NaN
73.85	0.9986644948702855
73.94999999999999	0.9987767651372162
74.05	1.0004551878125199
74.14999999999999	1.0007074604160566
74.25	1.0031645430797536
74.35	1.0051889577136648
74.44999999999999	1.006434654370248
74.55	1.0065619700195951
74.64999999999999	1.0088624787561329
74.75	1.0076835721700352
74.85	1.0087990074092599
74.94999999999999	1.0042824501403564
75.05	1.0118198961513265
75.14999999999999	1.0109204076052085
75.25	NaN
75.35	NaN
75.44999999999999	NaN
75.55	1.0118807790943427
75.64999999999999	NaN
75.75	NaN
75.85	1.0111924688983411
75.94999999999999	1.0109266474865475
76.05	1.0098507871193871
76.14999999999999	1.00942006067416
76.25	NaN
76.35	1.0073054790668998
76.44999999999999	NaN
76.55	1.0043712203213728
76.64999999999999	1.0043995962377539
76.75	NaN
76.85	NaN
76.95	NaN
77.05	NaN
77.14999999999999	1.0042795633783297
77.25	0.9979740420740958
77.35	0.9961677990746861
77.45	0.9958123914696675
77.55	0.9962744905185928
77.64999999999999	0.9938079682270939
77.75	0.9914963288828422
77.85	0.9921219896530018
77.95	0.9918464526054636
78.05	0.9913459691005183
78.14999999999999	0.9902484604639987
78.25	0.9892995434973063
78.35	0.9906954026869985
78.45	NaN
78.55	NaN
78.64999999999999	0.9868563072453885
78.75	0.9900215986982583
78.85	NaN
78.95	0.9892681019441153
79.05	NaN
79.14999999999999	NaN
79.25	0.9910062860995874
79.35	NaN
79.45	0.9928268630261536
79.55	0.9923219553280461
79.64999999999999	NaN
79.75	0.9938404928628547
79.85	0.9956990367714939
