0.15	0.03669982902028953
0.25	0.036923479761784984
0.35	0.03619798243887041
0.45	0.03708624944500841
0.55	0.037670956729184836
0.65	0.037785728672442856
0.7500000000000001	0.0383041027432653
0.85	0.03863344157971331
0.95	0.03906578902890057
1.05	0.0395602589495002
1.15	0.040381465888850325
1.25	0.04106676436317754
1.35	0.04196744441712833
1.45	0.042787913737740574
1.55	0.04359653006850562
1.65	0.0449836252124539
1.75	0.04625731716054559
1.85	0.04744391135770139
1.95	0.0488256817823804
2.05	0.05043960428698381
2.15	0.052091937438377575
2.25	0.05398815146998848
2.35	0.05595833501193326
2.45	0.05800828841797782
2.5500000000000003	0.060342107865935884
2.65	0.0631451249465333
2.75	0.06582735304709114
2.85	0.06912534190724291
2.95	0.07237138189436522
3.0500000000000003	0.07602271848006671
3.15	0.08048270794536867
3.25	0.08478388979935048
3.35	0.09007478030045266
3.45	0.09554154021540869
3.5500000000000003	0.10162911620508969
3.65	0.1078825840292997
3.75	0.11583978651526591
3.85	0.12384799533542118
3.95	0.13366030050882105
4.05	0.14375183662270077
4.1499999999999995	0.15531299979595783
4.25	0.16814278586180326
4.35	0.1833945023691717
4.449999999999999	0.20077835555647594
4.55	0.2197720614380856
4.6499999999999995	0.24157046839278334
4.75	0.26729167297240863
4.85	0.29496409217364805
4.95	0.3304891998541325
5.05	0.36872643491378243
5.1499999999999995	0.41325594669316534
5.25	0.46460495048538925
5.35	0.5244137408547673
5.45	0.5977382891026596
5.55	0.6760651697209791
5.6499999999999995	0.7737989332642297
5.75	0.8857016134483117
5.85	1.015375413600067
5.95	1.1496383199004976
6.05	1.3078502186856806
6.1499999999999995	1.481632120116486
6.25	1.649564875557497
6.35	1.8144779195792997
6.45	1.9537122326261132
6.55	2.0656678400664497
6.6499999999999995	2.1221011190197188
6.75	2.140403004059791
6.85	2.1019612059412496
6.95	2.0280297949883974
7.05	1.9304089356254328
7.1499999999999995	1.8165419830305256
7.25	1.7013910024092613
7.35	1.587597780340472
7.45	1.4746675517103687
7.55	1.3726003186569364
7.6499999999999995	1.2794501361895305
7.75	1.1951037642483322
7.85	1.1201156194438622
7.95	1.0552343342980532
8.05	0.9965178769125512
8.15	0.9464694787011397
8.25	0.9017548756633312
8.350000000000001	0.8621692158366835
8.450000000000001	0.8290130673420815
8.55	0.8023022506249513
8.65	0.7757306436391053
8.75	0.7541265815854424
8.850000000000001	0.737415163889113
8.950000000000001	0.7229020240047631
9.05	0.7108527520409281
9.15	0.7017876048883825
9.25	0.6953329267162143
9.350000000000001	0.6893964996344922
9.450000000000001	0.6869317577370009
9.55	0.6864083059373983
9.65	0.6885514309104497
9.750000000000002	0.6910391291335349
9.85	0.6975408553478042
9.95	0.7020978419193223
10.049999999999999	0.7110718493488548
10.149999999999999	0.7211706589352883
10.25	0.7351373176912093
10.35	0.7471216997321181
10.45	0.7618179234257909
10.549999999999999	0.7802662482967163
10.649999999999999	0.7977779035340045
10.75	0.8167692147408208
10.85	0.8384491755386867
10.95	0.8625299016351807
11.049999999999999	0.8849678852640166
11.149999999999999	0.9106888806012081
11.25	0.93697200565236
11.35	0.9630379053983047
11.45	0.9903134640040032
11.549999999999999	1.0178280855248578
11.649999999999999	1.0442989595827403
11.75	1.0705343803389407
11.85	1.0977880150484844
11.95	1.121479680978568
12.049999999999999	1.1466263506192227
12.149999999999999	1.169437802802313
12.25	1.1868924223417792
12.35	1.2027635885672552
12.45	1.2159757456936873
12.549999999999999	1.2272588256671262
12.649999999999999	1.2356543163356386
12.75	1.2396487468111528
12.85	1.2416320009050277
12.95	1.2393544949025737
13.049999999999999	1.234357846519829
13.149999999999999	1.226493538017086
13.25	1.2158115903808808
13.35	1.2021979213747565
13.45	1.187057381160081
13.549999999999999	1.1690288794625354
13.649999999999999	1.1483934701067624
13.75	1.129852224076569
13.85	1.1080491949659166
13.95	1.0884536216851404
14.049999999999999	1.0664040412512716
14.149999999999999	1.0466352105060437
14.25	1.025591119718871
14.35	1.0039340400351877
14.45	0.9858861744253974
14.549999999999999	0.9699476296635661
14.649999999999999	0.9517933535338716
14.75	0.9374527238649891
14.85	0.9225295410273104
14.95	0.9100715349537516
15.049999999999999	0.9003267305498098
15.149999999999999	0.8911310146083982
15.25	0.8841627887367022
15.35	0.8736276589988816
15.45	0.8689271038011699
15.549999999999999	0.8635656967389534
15.649999999999999	0.8604894458961325
15.75	0.8585976447859501
15.85	0.858023455920652
15.95	0.8574532723351315
16.05	0.8610739956248061
16.15	0.8636722353173323
16.25	0.8680406161382582
16.349999999999998	0.8718473467757091
16.45	0.8761681678176553
16.55	0.884711865095205
16.65	0.893992079555797
16.75	0.9031743688968418
16.849999999999998	0.913260981469227
16.95	0.9231173584421071
17.05	0.9334319889023328
17.15	0.9471446404884476
17.25	0.9578191121658971
17.349999999999998	0.9710609819682586
17.45	0.9830146861911382
17.55	0.9963652290347783
17.65	1.0083527851850893
17.75	1.0199227331745826
17.849999999999998	1.032426959864337
17.95	1.0432848145351554
18.05	1.0568043773485412
18.15	1.0667487723472773
18.25	1.0740751837838611
18.349999999999998	1.0844780302035126
18.45	1.0926764210252031
18.55	1.0979876608359478
18.65	1.103205509445306
18.75	1.10878390493651
18.849999999999998	1.1106701884341765
18.95	1.1096964591565148
19.05	1.1118836253392754
19.15	1.1102651347809265
19.25	1.1063613013263736
19.35	1.103721589183708
19.45	1.0967194180934476
19.55	1.0901019518469188
19.65	1.087705182611205
19.75	1.0775048485582222
19.85	1.0703510543560901
19.95	1.0634648058442109
20.05	1.0538361174196196
20.15	1.0449827021592155
20.25	1.033039050107184
20.35	1.0251601430189938
20.45	1.0149977503142604
20.55	1.0061482447125119
20.65	0.9976666704005991
20.75	0.9871040486704273
20.85	0.9783947729546736
20.95	0.9688008903842426
21.05	0.9655118831134655
21.15	0.9561839821455171
21.25	0.9517626641197743
21.35	0.9436931643162253
21.45	0.9388485637562343
21.55	0.9350057013000602
21.65	0.930329757912546
21.75	0.9287081866144448
21.85	0.9252668117559159
21.95	0.9247079553696537
22.05	0.9236572487891538
22.15	0.9222613974207259
22.25	0.9237916415005331
22.35	0.9224608638988582
22.45	0.9270594543829227
22.55	0.9303216141172125
22.65	0.9311980048357936
22.75	0.9368416718486504
22.85	0.9406743825722824
22.95	0.9457762920841275
23.05	0.950707845261372
23.15	0.9560696268423029
23.25	0.9629010921839709
23.35	0.9695384711933457
23.45	0.9752068557252848
23.55	0.9818068990089561
23.65	0.990056168289729
23.75	0.9956635601984974
23.85	1.003189084055231
23.95	1.0125890142083518
24.05	1.0182781313407023
24.15	1.0241851893755898
24.25	1.0301768266563938
24.35	1.0361375667648431
24.45	1.041588686823856
24.55	1.0462912349626619
24.65	1.0519488481577204
24.75	1.0545781756948158
24.85	1.0591772553039416
24.95	1.0592486930344736
25.05	1.067751267854276
25.15	1.063911562812293
25.25	1.0653123187633904
25.35	1.063263532546523
25.45	1.0636746595202704
25.55	1.0602891783875832
25.65	1.0584159648398586
25.75	1.0530319481466068
25.85	1.0521428064029357
25.95	1.045951691797149
26.05	1.0430940712170222
26.15	1.0390335203543861
26.25	1.0328421522834854
26.35	1.0286265590939676
26.45	1.0224824224328926
26.55	1.0141819420465805
26.65	1.0155498953104796
26.75	1.0071733933825968
26.85	0.9989971118716905
26.95	0.9962289647008408
27.05	0.9902053594405323
27.15	0.9853661075995105
27.25	0.9795155927215748
27.35	0.9759986955451956
27.45	0.9726570636403992
27.55	0.9670075558088409
27.65	0.964692601434081
27.75	0.9617312032487749
27.85	0.9592560092765094
27.95	0.9552795349991345
28.05	0.9548118209805607
28.15	0.9533916752792068
28.25	0.9521074496153323
28.35	0.9520724181452906
28.45	0.9516434934475704
28.55	0.9546014616907154
28.65	0.9537528124635366
28.75	0.9554785918608514
28.85	0.9572316186942568
28.95	0.9604914047246278
29.05	0.9625553341607169
29.15	0.9639420269273983
29.25	0.9716317074244363
29.35	0.9721627723769214
29.45	0.9758054227707724
29.55	0.9782241730296064
29.65	0.984328972064377
29.75	0.9867231919972472
29.85	0.9928596951718106
29.95	NaN
30.05	1.0011665381024988
30.15	1.0058978389596966
30.25	1.0107166549852422
30.35	1.0142922417291818
30.45	1.0168667504012416
30.55	1.021305642900814
30.65	1.0240234822997913
30.75	1.029479314735675
30.85	1.0309831362020652
30.95	1.0345109976959792
31.05	1.0368624966677817
31.15	1.038618124977314
31.25	1.0399802253351174
31.35	1.0403451145062168
31.45	1.0404526738598272
31.55	1.0395872078200419
31.65	1.0398820926151962
31.75	NaN
31.85	1.0378667293041695
31.95	1.037489168881407
32.05	1.0350070215804354
32.15	1.03215292061313
32.25	1.0289566295697934
32.35	1.0263324986496778
32.45	1.0251277231249685
32.55	1.020367008430387
32.65	1.0150973029700558
32.75	1.015197489988456
32.85	1.0103503328614913
32.95	1.007040316823003
33.05	1.0019722939889042
33.15	0.9975724261296548
33.25	0.9965818381201246
33.35	0.9917931760827218
33.45	0.9884263909529193
33.55	0.9873329490702554
33.65	0.9830043347940113
33.75	0.9797891491373732
33.85	0.9767929882815382
33.95	0.9743877093689495
34.05	0.9710538872276195
34.15	0.9707679726608412
34.25	0.9699582388434751
34.35	0.9684208467595596
34.45	0.968781351650605
34.55	0.9673238522677509
34.65	0.9673996812521503
34.75	0.9680594781295634
34.85	0.9678995925263832
34.95	0.9691845103945097
35.05	0.9729420314449234
35.15	0.9712217441028778
35.25	0.9729866411612614
35.35	0.9749093173917669
35.45	0.9761278774287372
35.55	0.9798131600536306
35.65	0.9796292961932435
35.75	0.9845570241086062
35.85	0.9883699660043379
35.95	0.9896330584201224
36.05	0.993190512325503
36.15	0.9964568021286498
36.25	0.9978615684979154
36.35	1.0015056794850725
36.45	1.00575551076231
36.55	1.008753169061224
36.65	NaN
36.75	1.0142792168391237
36.85	1.0169075253074553
36.95	1.0182439678081392
37.05	1.0206849846686945
37.15	1.0220183763598623
37.25	1.0236199104197712
37.35	1.0261518586747576
37.45	1.027322814997327
37.55	1.0265600259461947
37.65	1.0286150146845416
37.75	1.0302331056148561
37.85	1.0284954569365963
37.95	1.0279298244213673
38.05	NaN
38.15	NaN
38.25	1.0251127934124804
38.35	1.023412885896763
38.45	1.0234533270632795
38.550000000000004	1.0217112473698526
38.65	1.016811900763136
38.75	1.0154071245798113
38.85	1.0144678360958908
38.95	1.0115201264295592
39.050000000000004	1.0081968239689822
39.15	1.0069258554651466
39.25	1.00457700255444
39.35	0.9999955864287087
39.45	0.9966673045614759
39.550000000000004	0.9946643556127482
39.65	NaN
39.75	0.990722358475305
39.85	0.9890220793820643
39.95	0.9866404769361039
40.050000000000004	0.9845371872185491
40.15	0.9823648059138012
40.25	0.9806554854401704
40.35	NaN
40.45	0.9796886553202379
40.550000000000004	0.9786242771544378
40.65	0.9762513848952622
40.75	0.9745296996053923
40.85	0.975687699754416
40.95	0.9765961442298985
41.050000000000004	0.9771518872814379
41.15	0.9769549859666825
41.25	0.9768788276031773
41.35	0.979769752401992
41.45	0.9795169964344892
41.550000000000004	0.9797798153805616
41.65	0.9818962458014213
41.75	0.9831187106836128
41.85	0.9831379495400402
41.95	0.9874058093626281
42.050000000000004	0.9895016675346877
42.15	0.9910584009038531
42.25	0.9926544068103831
42.35	0.9967091723622645
42.45	0.9959897490668403
42.550000000000004	0.9995149043929302
42.65	1.004900192035437
42.75	1.007343666773512
42.85	1.0063475012321792
42.95	1.0079688237507478
43.050000000000004	1.0111968283062667
43.15	NaN
43.25	1.0116017447753578
43.35	1.014469791820123
43.45	1.017514377056855
43.550000000000004	1.0201026241654723
43.65	NaN
43.75	NaN
43.85	1.021017859605125
43.95	1.0201006316835417
44.050000000000004	1.01990884861934
44.15	1.0213531298179044
44.25	1.0191035149221914
44.35	1.0180000380739342
44.45	NaN
44.550000000000004	1.01847891992632
44.65	1.0168439112995282
44.75	1.0151131829508997
44.85	1.0152977475533558
44.95	1.0129776535361883
45.050000000000004	1.0109206525574195
45.15	1.008486971865734
45.25	1.0053876117542664
45.35	1.0060792874547229
45.45	1.0056053483872147
45.550000000000004	0.9997390628693849
45.65	1.0024712278112398
45.75	NaN
45.85	0.9949144234221657
45.95	NaN
46.050000000000004	0.993849528690629
46.15	0.9905364862167463
46.25	0.9887261929606419
46.35	NaN
46.45	0.9872932415275302
46.550000000000004	0.9850703601443426
46.65	NaN
46.75	0.9833424139517614
46.85	0.9842455349929065
46.95	0.984051867813159
47.050000000000004	0.9822542146012774
47.15	0.9821312470407187
47.25	0.9826525178419849
47.35	0.9825288491599791
47.45	NaN
47.550000000000004	0.9835609278306016
47.65	0.986006971363872
47.75	0.9857172626205236
47.85	0.9854130279781365
47.95	0.9874154004176255
48.050000000000004	0.9873441752160892
48.15	0.9892733390324152
48.25	0.9925714602707416
48.35	0.9930983346036314
48.45	0.9937881831882881
48.550000000000004	0.9971056055196305
48.65	0.999432987332768
48.75	1.0000126453948381
48.85	1.0005374553626927
48.95	1.002404873561472
49.050000000000004	1.004874504060911
49.15	1.0056909296840082
49.25	1.0067239777564008
49.35	1.008535504033984
49.45	1.009604174567287
49.550000000000004	1.011787126360255
49.65	1.0120758304128477
49.75	NaN
49.85	1.0156280563531757
49.95	1.01503501816521
50.050000000000004	1.0166104651409174
50.15	1.0179559308491213
50.25	1.018102511335246
50.35	1.0142405721760284
50.45	1.0160995297450963
50.550000000000004	1.0163321712022706
50.65	1.0154607927690642
50.75	1.013680832367296
50.85	1.0137420691923134
50.95	1.013778438748898
51.050000000000004	1.0127483445939194
51.15	1.0143393422863487
51.25	1.0094445105613608
51.35	1.0084066334785644
51.45	1.0068134240777051
51.550000000000004	1.004140196848089
51.65	1.0032493606591395
51.75	0.9979231016169817
51.85	1.0008351951735461
51.95	0.999462074711235
52.050000000000004	0.997252264961081
52.15	NaN
52.25	0.9965572451273069
52.35	0.9945417992907181
52.45	0.9928214861725562
52.550000000000004	0.9902222321070152
52.65	0.9878736814363757
52.75	0.990528752781851
52.85	0.9897321933709939
52.95	0.9892954916804265
53.050000000000004	0.9871577732843957
53.15	0.9858165241936082
53.25	0.9877079294317128
53.35	0.9861443445915167
53.45	0.9844531821959976
53.550000000000004	0.9851395808613094
53.65	0.9861573519921678
53.75	0.9872632217508674
53.85	0.9868913572164575
53.95	0.9864553934502699
54.050000000000004	0.988698711871473
54.15	0.9895980948035483
54.25	0.9911611809468496
54.35	0.9897068135288621
54.45	0.9930579353394398
54.550000000000004	NaN
54.65	0.994263383160828
54.75	0.9952017069231087
54.85	0.9975138025214281
54.95	0.9981505448895952
55.050000000000004	0.9990141435386919
55.15	1.0002088629935997
55.25	1.0019786597233316
55.35	1.003308865540502
55.45	1.0070595321598945
55.550000000000004	1.0068845417481433
55.65	NaN
55.75	1.0077453938326526
55.85	1.0085455871993796
55.95	1.0113380832254095
56.050000000000004	1.011162512108436
56.15	1.010482507073144
56.25	1.0071282598763192
56.35	1.0090090379118213
56.45	1.0132528061414323
56.550000000000004	1.0111975853186266
56.65	1.0134082099386048
56.75	1.0109272781045477
56.85	1.0113739423782693
56.95	1.0121198311480413
57.050000000000004	1.012782544885828
57.15	1.0133979508835065
57.25	1.0099092120113256
57.35	1.0089321386615209
57.45	1.0079608669442168
57.550000000000004	NaN
57.65	1.005174780949954
57.75	1.0062036214781782
57.85	1.0052476585650092
57.95	1.0027133041506027
58.050000000000004	NaN
58.15	0.9999303876012567
58.25	0.99962729723674
58.35	0.9988540527800801
58.45	0.9974599674410156
58.550000000000004	0.9964328011153569
58.65	0.9940564028505521
58.75	NaN
58.85	0.9924150893032683
58.95	0.9898719886601822
59.050000000000004	0.9908972460120141
59.15	0.9894645736668682
59.25	0.9903190577167738
59.35	0.9889593980922311
59.45	0.9886069897031665
59.550000000000004	0.988775711657755
59.65	NaN
59.75	0.9881709414646027
59.85	0.9883253062617788
59.95	0.9886507733438489
60.050000000000004	0.9890945031645844
60.15	0.9888787263794354
60.25	0.9895822839987901
60.35	NaN
60.45	0.9911426221551618
60.550000000000004	0.992425970561348
60.65	0.9930872956906828
60.75	0.9955431635746952
60.85	NaN
60.95	0.9960924681412572
61.050000000000004	0.9965902901933821
61.15	0.9973147104895618
61.25	0.9986114028327902
61.35	0.9980424123250462
61.45	1.0016813049961102
61.550000000000004	1.0030681201942127
61.65	1.0035549238019756
61.75	1.0053532223088737
61.85	1.0057002512552817
61.95	NaN
62.050000000000004	1.005915901862867
62.15	1.006389503051807
62.25	1.0074627075963465
62.35	1.0063901221310234
62.45	NaN
62.550000000000004	1.01131615493474
62.65	NaN
62.75	NaN
62.85	1.0092031541535766
62.95	1.0110299412088044
63.050000000000004	1.0093127725402564
63.15	1.0074422218763637
63.25	1.0090644369810038
63.35	1.010000685776008
63.45	1.0094556896766607
63.550000000000004	1.007967969044378
63.65	NaN
63.75	1.0054418552222344
63.85	NaN
63.95	1.0051588131993978
64.05	1.004536009043384
64.14999999999999	1.00159001527459
64.25	1.0034910512449084
64.35	NaN
64.44999999999999	0.9983883675104893
64.55	0.9993732784843554
64.64999999999999	0.997882020684344
64.75	0.9968844655228206
64.85	0.9961808275320779
64.94999999999999	0.995490755014595
65.05	0.9951305120084434
65.14999999999999	NaN
65.25	0.9937134138177682
65.35	0.992497764155099
65.44999999999999	0.992843484641618
65.55	0.9907089792573136
65.64999999999999	NaN
65.75	0.9913763845431395
65.85	0.9892072623407686
65.94999999999999	NaN
66.05	NaN
66.14999999999999	0.9910738673608379
66.25	0.9901665096996328
66.35	0.9911756494735793
66.44999999999999	0.992019704312187
66.55	NaN
66.64999999999999	0.9925018063857401
66.75	0.9932197065207496
66.85	NaN
66.94999999999999	NaN
67.05	NaN
67.14999999999999	NaN
67.25	0.9963191645467785
67.35	NaN
67.44999999999999	NaN
67.55	0.9976174152262484
67.64999999999999	1.0004434047252764
67.75	1.0020556893593453
67.85	1.002805507750664
67.94999999999999	NaN
68.05	1.0054881860262763
68.14999999999999	1.0053392294841197
68.25	1.007345082792441
68.35	1.0062758679985278
68.44999999999999	1.0053207837396607
68.55	1.007090346596265
68.64999999999999	NaN
68.75	1.008303857967589
68.85	1.0086752833354382
68.94999999999999	1.0068092911927105
69.05	NaN
69.14999999999999	1.0094712358659839
69.25	NaN
69.35	1.0071776257086928
69.44999999999999	1.0098425341691752
69.55	1.0062646569889426
69.64999999999999	1.0075784213780756
69.75	1.007587606931341
69.85	1.0065824379173287
69.94999999999999	1.0050788791217238
70.05	NaN
70.14999999999999	1.0054155535821403
70.25	1.0042606699079821
70.35	1.002408135018018
70.44999999999999	1.0025922661027156
70.55	1.002146160242907
70.64999999999999	1.0009608008032875
70.75	1.0004222854292717
70.85	0.9998411802967813
70.94999999999999	0.9993391969767592
71.05	0.9990221931222453
71.14999999999999	NaN
71.25	0.9955003693256056
71.35	NaN
71.44999999999999	0.9957801601238766
71.55	0.9943365750345293
71.64999999999999	0.993249646764133
71.75	0.9943860955738232
71.85	NaN
71.94999999999999	NaN
72.05	0.9921378375378501
72.14999999999999	NaN
72.25	0.991903330168783
72.35	0.9918638500348502
72.44999999999999	NaN
72.55	NaN
72.64999999999999	0.990916179963667
72.75	0.9922629925256173
72.85	0.992338992114873
72.94999999999999	NaN
73.05	0.9942668469087651
73.14999999999999	0.9938856701135463
73.25	0.994859594048302
73.35	0.9966095488732536
73.44999999999999	0.9961357054380817
73.55	0.9972367019181044
73.64999999999999	0.9992774025310966
73.75	0.9980731357082253
73.85	0.9988860770507407
73.94999999999999	NaN
74.05	NaN
74.14999999999999	1.0024489869753272
74.25	1.0025936932015247
74.35	1.0038675110618092
74.44999999999999	1.0031706858867255
74.55	1.0040635814739864
74.64999999999999	NaN
74.75	NaN
74.85	1.0066794095249418
74.94999999999999	1.007746648008244
75.05	1.0085260920930852
75.14999999999999	1.0058812071933678
75.25	1.0053102439667414
75.35	1.0065556291098245
75.44999999999999	1.0071092946073164
75.55	1.0068016774085704
75.64999999999999	1.0069084823291246
75.75	NaN
75.85	1.0053875781455854
75.94999999999999	NaN
76.05	1.0067214326060503
76.14999999999999	1.0059603438330351
76.25	1.003884989314048
76.35	1.0044126180127828
76.44999999999999	NaN
76.55	1.0028718598810635
76.64999999999999	1.0019128450479287
76.75	NaN
76.85	1.002589346171155
76.95	1.0010913176957958
77.05	1.0004058919935002
77.14999999999999	0.9997939956337761
77.25	NaN
77.35	NaN
77.45	NaN
77.55	0.9974505379520618
77.64999999999999	NaN
77.75	0.9959963726638295
77.85	0.9959097259718596
77.95	NaN
78.05	0.9941761800639215
78.14999999999999	NaN
78.25	0.9942892552848065
78.35	0.9926170530731905
78.45	NaN
78.55	NaN
78.64999999999999	NaN
78.75	0.994427489434638
78.85	0.9932790290532147
78.95	0.9943284411626633
79.05	NaN
79.14999999999999	NaN
79.25	0.9946656530087277
79.35	0.9955388099794021
79.45	NaN
79.55	0.9955306941211762
79.64999999999999	NaN
79.75	0.9968168005561875
79.85	0.9984368435952469
