0.15	0.01845666035933866
0.25	0.01925330939741457
0.35	0.019487593507645454
0.45	0.019081914305225472
0.55	0.019379438039246317
0.65	0.01928509170215579
0.7500000000000001	0.019875915948185184
0.85	0.019767022024483504
0.95	0.020043480096677266
1.05	0.020444874734157875
1.15	0.02083795255669627
1.25	0.02135632403527128
1.35	0.021627857963933083
1.45	0.021981060427020405
1.55	0.022575129862188705
1.65	0.022963211652344502
1.75	0.023612097184564106
1.85	0.024336076733763458
1.95	0.025097416309740564
2.05	0.02574657650653752
2.15	0.026620319263706914
2.25	0.027551741888906828
2.35	0.028598335794356503
2.45	0.029518726618562606
2.5500000000000003	0.03077914480609301
2.65	0.03204902185317826
2.75	0.033383396534021975
2.85	0.03488281634567417
2.95	0.03659235559768289
3.0500000000000003	0.03836430748222259
3.15	0.04030911680494691
3.25	0.04244064930444274
3.35	0.04511826285507226
3.45	0.047550575991189274
3.5500000000000003	0.05058678205954472
3.65	0.05370685273641612
3.75	0.05750671380236171
3.85	0.06096011151159529
3.95	0.06583042272585811
4.05	0.07068079038080562
4.1499999999999995	0.07646647908349334
4.25	0.08241487109038506
4.35	0.08988901876075618
4.449999999999999	0.0975595509903312
4.55	0.10650259113384518
4.6499999999999995	0.1168727913902637
4.75	0.128842203892543
4.85	0.14301293053262873
4.95	0.15928184532364695
5.05	0.1769949631698043
5.1499999999999995	0.19973520640060324
5.25	0.22421106590705356
5.35	0.25487299396247604
5.45	0.2923081237789446
5.55	0.3360723787316946
5.6499999999999995	0.387220906526233
5.75	0.45283740537826317
5.85	0.5302516995107199
5.95	0.6266994168186569
6.05	0.7472866707807637
6.1499999999999995	0.89909172486263
6.25	1.0855449960098495
6.35	1.30056517613772
6.45	1.579295858937905
6.55	1.8906708215401848
6.6499999999999995	2.2247668570977908
6.75	2.5333135606323807
6.85	2.7883736605545932
6.95	2.926171056335854
7.05	2.907342153505124
7.1499999999999995	2.7651722766152935
7.25	2.5537168408970716
7.35	2.2933486855111327
7.45	2.041602614814768
7.55	1.818423174082855
7.6499999999999995	1.6061548108659898
7.75	1.4346770557038642
7.85	1.2818575000169434
7.95	1.1595373046986317
8.05	1.0597389582747514
8.15	0.973801927287698
8.25	0.8990576358055342
8.350000000000001	0.839422619042364
8.450000000000001	0.7871216891493847
8.55	0.7442387939550353
8.65	0.707336672165234
8.75	0.676386901826072
8.850000000000001	0.6517421202886892
8.950000000000001	0.6294639137010448
9.05	0.6124002738115831
9.15	0.5981620089575972
9.25	0.5882816624894016
9.350000000000001	0.578959371219652
9.450000000000001	0.5727027967798882
9.55	0.5690717198667409
9.65	0.5674448454767836
9.750000000000002	0.5686881551181887
9.85	0.5721001924305146
9.95	0.5770348349893364
10.049999999999999	0.5846019733576783
10.149999999999999	0.5943305626208064
10.25	0.6052338172107884
10.35	0.6193877291680623
10.45	0.6346129862830608
10.549999999999999	0.6519202975186467
10.649999999999999	0.6725909122254622
10.75	0.6958454895170794
10.85	0.7206718236160488
10.95	0.7473004235337
11.049999999999999	0.778305058519469
11.149999999999999	0.809811704315602
11.25	0.8445943884245796
11.35	0.8816385318924761
11.45	0.9197225022582214
11.549999999999999	0.9607353250164943
11.649999999999999	1.0030215596304692
11.75	1.0436182400474823
11.85	1.0877347442535616
11.95	1.1267778217464874
12.049999999999999	1.1636024288293638
12.149999999999999	1.1988789041888361
12.25	1.2322145322816644
12.35	1.2631886212780077
12.45	1.28149005270108
12.549999999999999	1.3026944446438184
12.649999999999999	1.3196283246619787
12.75	1.329832982142363
12.85	1.3319725059585596
12.95	1.3398785539984217
13.049999999999999	1.3382599339712438
13.149999999999999	1.3336190350478119
13.25	1.3264466016045298
13.35	1.3197239893700192
13.45	1.3027810558889632
13.549999999999999	1.286145884742404
13.649999999999999	1.2670342857919348
13.75	1.2447716886175266
13.85	1.2169007513936012
13.95	1.1892571227748405
14.049999999999999	1.1590765200915656
14.149999999999999	1.1286974584714369
14.25	1.0961145921840174
14.35	1.0655445574942484
14.45	1.0327939809349862
14.549999999999999	1.0041828082279536
14.649999999999999	0.9729489006827106
14.75	0.946615091169885
14.85	0.9214657875780563
14.95	0.8975560998726688
15.049999999999999	0.8757824341884313
15.149999999999999	0.8574233490405192
15.25	0.8403339319278286
15.35	0.8268650558958416
15.45	0.8141386821621523
15.549999999999999	0.8041157173205784
15.649999999999999	0.7968388345772756
15.75	0.7896225157442156
15.85	0.7854125661024979
15.95	0.7839295278938964
16.05	0.7827336973688943
16.15	0.7830467177803933
16.25	0.7861266104548266
16.349999999999998	0.7923593450070655
16.45	0.7969256608511736
16.55	0.8049302101623937
16.65	0.8140406793282771
16.75	0.8285213430460802
16.849999999999998	0.8394055628097832
16.95	0.8529830750687183
17.05	0.8699236002431449
17.15	0.8861243484730714
17.25	0.9018239014471366
17.349999999999998	0.9229902632205284
17.45	0.9438938313174372
17.55	0.9626498007302307
17.65	0.9829985029408738
17.75	1.0045764732536184
17.849999999999998	1.024471728137384
17.95	1.0469509474250425
18.05	1.0643890562378708
18.15	1.0851625258072375
18.25	1.102849150555228
18.349999999999998	1.1193465197572405
18.45	1.1331915104972528
18.55	1.1450095183495577
18.65	1.1552188422367449
18.75	1.1644753735044224
18.849999999999998	1.1723488749939388
18.95	1.1731884179569794
19.05	1.1755144529474435
19.15	1.1756642128546164
19.25	1.172871785916865
19.35	1.1668570774433713
19.45	1.1595545774018954
19.55	1.1531109021931643
19.65	1.146059370965183
19.75	1.130786501637985
19.85	1.1201944895874378
19.95	1.1065356227755065
20.05	1.0937578182848198
20.15	1.080232911396841
20.25	1.0656979669785498
20.35	1.053177617048855
20.45	1.03810262244027
20.55	1.0225687685245666
20.65	1.0112889379260175
20.75	0.9959891390109824
20.85	0.9829653667167423
20.95	0.9702368147202796
21.05	0.9586397204444419
21.15	0.948943371479357
21.25	0.9380194408029586
21.35	0.9284556538630774
21.45	0.9182608968955663
21.55	0.9106351141256622
21.65	0.9031397761422334
21.75	0.8960097419936962
21.85	0.8914386017080331
21.95	0.8878025205703173
22.05	0.8829058513759895
22.15	0.8808749630620711
22.25	0.8808036298681942
22.35	0.8798290319609254
22.45	0.8821561428964059
22.55	0.884528361812088
22.65	0.886781083648415
22.75	0.8902026577584239
22.85	0.8960167345734305
22.95	NaN
23.05	0.9082998224243228
23.15	0.9171769918481348
23.25	0.9256720791382204
23.35	0.937413836486687
23.45	0.9457522255433474
23.55	0.9544849929699761
23.65	0.9663609351469674
23.75	0.9788259618483313
23.85	0.992041063803478
23.95	1.0044326436926112
24.05	1.0142110913932483
24.15	1.0266820361155153
24.25	1.0369120661313893
24.35	1.0475440448229494
24.45	1.057863792620849
24.55	1.068426059392379
24.65	1.0765958456922025
24.75	1.0849918598614874
24.85	1.092515962281725
24.95	1.095195048304524
25.05	1.0999140247307417
25.15	1.1044444544943908
25.25	1.105471319552847
25.35	1.1035067251209905
25.45	1.1045986526052562
25.55	1.1020410866080337
25.65	1.0990375546362168
25.75	1.0926801485551798
25.85	1.0900810594897556
25.95	1.0812740267768592
26.05	1.0743260819578246
26.15	1.0697702587213755
26.25	1.0609151608721377
26.35	1.0510643738521481
26.45	1.0434041292428455
26.55	1.0329330714668261
26.65	1.0251798766357871
26.75	1.0158186300867373
26.85	1.0069809037142556
26.95	0.9979089020054267
27.05	0.9897194559087273
27.15	0.9826322658520181
27.25	0.9727966326378976
27.35	0.9673187617688279
27.45	0.9587847720304717
27.55	0.9541860628692316
27.65	0.9444347722106019
27.75	0.9428461492349076
27.85	0.9410945600291871
27.95	0.9339387969990008
28.05	0.9320103990407752
28.15	0.928153591404251
28.25	0.9256847007096428
28.35	0.9252417086737262
28.45	0.9233723598650019
28.55	0.9241192962226178
28.65	0.9246069199176806
28.75	0.9262025732571604
28.85	0.9294120271294849
28.95	0.9311472721816351
29.05	0.9351646764834548
29.15	0.939583284800936
29.25	0.941813724143643
29.35	0.9469749792862533
29.45	0.9537478256329127
29.55	0.9614257579675565
29.65	0.9657089553694904
29.75	0.9733721934981363
29.85	0.9783463840792768
29.95	0.9872405365993641
30.05	0.992862711948591
30.15	1.0064845231757251
30.25	1.0078740872351806
30.35	1.0152533660660608
30.45	1.0216838117318636
30.55	1.0286275702890069
30.65	1.0373418661548612
30.75	1.0411299249439838
30.85	1.0416838412408151
30.95	1.0545659629513477
31.05	1.0564192657668223
31.15	1.0609659612203477
31.25	1.0640115764054923
31.35	1.0654910396043578
31.45	1.0671401469355997
31.55	1.0672156863954936
31.65	1.0681447942499407
31.75	1.069834793167698
31.85	1.0657903332527292
31.95	1.0611897831965864
32.05	1.0615675935269975
32.15	1.056234790901553
32.25	1.0533867131273502
32.35	1.0419226568641358
32.45	1.0414843720628502
32.55	1.0385880506156826
32.65	1.032565246058884
32.75	1.025757841059993
32.85	1.0210464436230813
32.95	1.0140208775601054
33.05	1.008209922968443
33.15	1.0030313618702478
33.25	0.9953695074230408
33.35	0.9909188951653828
33.45	0.9856464449886322
33.55	0.9790265719638199
33.65	0.9757763629577522
33.75	0.9703706957505553
33.85	0.9657564503354001
33.95	0.9597609442019849
34.05	0.9580412119810622
34.15	0.9571644354037887
34.25	0.9537356374719178
34.35	0.9523462477053786
34.45	0.9497028152971962
34.55	0.9476951251318657
34.65	0.9483817244968442
34.75	0.9460594375045472
34.85	0.9471835248305159
34.95	0.9470480613728373
35.05	0.9484231481001493
35.15	0.9527832284923019
35.25	0.9515323482667625
35.35	0.9599164203976678
35.45	0.960242378619141
35.55	0.9634970503602246
35.65	0.9672853882978479
35.75	0.9699347925554558
35.85	0.9767428477593442
35.95	0.9798348937354785
36.05	0.9863409687748874
36.15	0.988892185731758
36.25	0.994931423384927
36.35	0.9978636377193156
36.45	1.0042527353197255
36.55	NaN
36.65	1.0130874726681824
36.75	1.0185035329946859
36.85	1.0160343413284396
36.95	1.0275746608410832
37.05	1.0307413015749516
37.15	1.0361147313776675
37.25	1.0381180406150392
37.35	1.0393969240919612
37.45	1.045298702120265
37.55	1.0471157781747338
37.65	NaN
37.75	1.047247474241558
37.85	1.0472588964327518
37.95	1.0449341883243144
38.05	1.0458911315666777
38.15	1.0439627536112266
38.25	1.0439897045260462
38.35	1.0400030467712245
38.45	1.0397869192298184
38.550000000000004	1.0376193038464865
38.65	1.0339151519268623
38.75	1.0275053984890268
38.85	1.027064120325992
38.95	1.0169492836442853
39.050000000000004	1.0157565789634644
39.15	NaN
39.25	NaN
39.35	NaN
39.45	NaN
39.550000000000004	0.9943635635196219
39.65	0.9921595945961404
39.75	0.9875732983684579
39.85	0.9837988453410265
39.95	0.9804583253499403
40.050000000000004	0.9762333584915869
40.15	NaN
40.25	0.9697933599494749
40.35	0.9684770156123372
40.45	0.9680529497670213
40.550000000000004	0.9645857278115951
40.65	0.9640130770164982
40.75	0.9638766637887475
40.85	0.9605082327733788
40.95	0.9602364448624473
41.050000000000004	0.9608035837438453
41.15	0.9616214677208303
41.25	0.962035544876858
41.35	0.9641886292414453
41.45	0.965076650941641
41.550000000000004	NaN
41.65	0.9694440708911016
41.75	0.9711961761735939
41.85	0.9722192084323744
41.95	0.9778475965907827
42.050000000000004	0.9790073405614388
42.15	NaN
42.25	0.9850660579237074
42.35	0.9894065434739964
42.45	0.9940534857157199
42.550000000000004	0.9974790984467623
42.65	0.9995480271585573
42.75	1.0041713113901494
42.85	1.0092587943219236
42.95	1.0134588206464314
43.050000000000004	1.015510014923393
43.15	1.0190892351160288
43.25	1.020616745364848
43.35	1.0251116899307142
43.45	1.023699519416396
43.550000000000004	1.0265916438627318
43.65	NaN
43.75	1.0324725508997161
43.85	1.0350587572674101
43.95	1.0330132663305436
44.050000000000004	1.0348591805235356
44.15	1.036790621338443
44.25	NaN
44.35	1.0332727486605906
44.45	1.0323230269672048
44.550000000000004	1.030263948218035
44.65	1.0289550456142154
44.75	1.0286076440663303
44.85	1.0253209072064098
44.95	1.0225339818221089
45.050000000000004	1.017816577364184
45.15	1.0156703568305898
45.25	1.0143183668106752
45.35	NaN
45.45	1.008091975681072
45.550000000000004	1.0057949488242217
45.65	NaN
45.75	0.9999083623356161
45.85	0.9957506396551594
45.95	0.9917762310009487
46.050000000000004	0.9892799136924577
46.15	0.9868991244524323
46.25	0.9859046297522424
46.35	0.9819889766572332
46.45	0.9804550882655956
46.550000000000004	0.9776377792658704
46.65	NaN
46.75	0.9739542812627535
46.85	0.9728770865304945
46.95	0.9710839647861252
47.050000000000004	0.9705552244030745
47.15	0.9707106964652386
47.25	0.9703787450765171
47.35	0.972509057637293
47.45	0.9696237435640336
47.550000000000004	0.9703357209652093
47.65	0.9732946692366564
47.75	0.9740577333301741
47.85	0.9754545147483886
47.95	0.9760487869027028
48.050000000000004	0.9780120781152918
48.15	0.9839910110509997
48.25	0.9839158735897084
48.35	0.987704653999136
48.45	0.9865255055017751
48.550000000000004	0.9913239718115638
48.65	0.9923870891141567
48.75	0.9967881954762191
48.85	0.9982299970648466
48.95	1.0006437140594153
49.050000000000004	1.0040628268948153
49.15	NaN
49.25	1.010611562098838
49.35	1.0121125301255878
49.45	1.0150543639854002
49.550000000000004	1.0171957434445302
49.65	1.0203862107589639
49.75	1.0220100486790178
49.85	1.0231401059955987
49.95	1.024254565832696
50.050000000000004	1.0242339409998265
50.15	1.0269562228971982
50.25	1.0264728406809056
50.35	1.026221747383909
50.45	1.0267853791225054
50.550000000000004	1.0281143697952098
50.65	1.0274214205042667
50.75	1.0231152750253034
50.85	1.022849722759586
50.95	NaN
51.050000000000004	1.0204951843594692
51.15	1.018080734357701
51.25	1.0165694791510524
51.35	1.0162567002214207
51.45	1.013251474619956
51.550000000000004	NaN
51.65	1.00849872537817
51.75	1.0044495458775946
51.85	1.0014659595407207
51.95	1.0027618439506312
52.050000000000004	NaN
52.15	0.9951940698992036
52.25	0.9933806173327987
52.35	0.9902370102785395
52.45	0.986886775512716
52.550000000000004	0.9881717555962447
52.65	0.9866172738053739
52.75	0.9842527204431545
52.85	0.9827088773519157
52.95	NaN
53.050000000000004	0.979421778687502
53.15	NaN
53.25	0.9752478118786025
53.35	0.9770704474846624
53.45	0.9781173532477616
53.550000000000004	NaN
53.65	0.9784917103647692
53.75	NaN
53.85	0.9787968928737673
53.95	0.9772684842913021
54.050000000000004	NaN
54.15	0.9798850184393267
54.25	NaN
54.35	0.984503336324209
54.45	0.9848902839050832
54.550000000000004	NaN
54.65	0.9890224958975804
54.75	0.988471130498845
54.85	0.9931337120180782
54.95	0.994493770636062
55.050000000000004	0.9995623979016612
55.15	1.0008417528559732
55.25	1.0008206069766765
55.35	1.0009534003301748
55.45	1.0076668984265922
55.550000000000004	1.009271974039978
55.65	1.0105820763398312
55.75	1.0149391148640137
55.85	1.0139430163264727
55.95	1.0150047587094821
56.050000000000004	1.0181138735251585
56.15	1.0183271388211474
56.25	1.0199900554949692
56.35	1.019412736523432
56.45	1.019707410696435
56.550000000000004	1.0205969325433648
56.65	1.0206472278497118
56.75	NaN
56.85	1.0214681195799846
56.95	1.0207388528766062
57.050000000000004	1.0193746978996021
57.15	1.0178684345235172
57.25	1.018178477577847
57.35	NaN
57.45	1.0141799110926732
57.550000000000004	1.0125147234226655
57.65	1.0142055755791661
57.75	1.009245916381343
57.85	1.0094215568212688
57.95	1.0071666028031216
58.050000000000004	1.0035485595057163
58.15	1.000201431839306
58.25	0.999892978480228
58.35	0.9970841284489734
58.45	NaN
58.550000000000004	0.9947183859222225
58.65	0.9925727538265146
58.75	NaN
58.85	0.9881005810990021
58.95	NaN
59.050000000000004	0.9859173395114621
59.15	0.9834514440894492
59.25	0.9842755350806263
59.35	0.98351474255145
59.45	0.9824775260967823
59.550000000000004	0.9808349839551287
59.65	0.9803735886596145
59.75	0.9808076509589422
59.85	NaN
59.95	0.9818911700315349
60.050000000000004	NaN
60.15	0.9820377992361268
60.25	0.9836344220576105
60.35	NaN
60.45	0.984348086727144
60.550000000000004	0.9872432814507333
60.65	0.9862568184916306
60.75	0.9888506381424552
60.85	0.9925288160717955
60.95	0.9950912322442022
61.050000000000004	0.9935218480740513
61.15	0.9962005749645062
61.25	0.9961354475278755
61.35	0.9994167287952741
61.45	1.0017515674764763
61.550000000000004	NaN
61.65	1.0052485260588033
61.75	NaN
61.85	NaN
61.95	1.0106489662856954
62.050000000000004	1.011523638784194
62.15	1.0164081519710955
62.25	1.0129890545436202
62.35	1.012615723863408
62.45	1.0157936093527948
62.550000000000004	1.0158027687385105
62.65	1.0156519188306266
62.75	1.0178104305968174
62.85	1.0165045103008097
62.95	1.0168918924700678
63.050000000000004	1.016390264315927
63.15	1.0163915820333305
63.25	NaN
63.35	1.0164174340593681
63.45	1.011461699333978
63.550000000000004	1.0124351883694196
63.65	1.015269852391637
63.75	1.0116129081359402
63.85	1.0108535296218015
63.95	1.0085789781762402
64.05	1.007019065483787
64.14999999999999	1.0052727908226704
64.25	1.0049927341151783
64.35	0.9996663215764434
64.44999999999999	1.00043887980794
64.55	0.9984318619089014
64.64999999999999	0.9989512012080278
64.75	0.9968705898766367
64.85	0.9953609905254475
64.94999999999999	0.9927975138431737
65.05	0.9928486250041575
65.14999999999999	0.9911033808609538
65.25	NaN
65.35	0.9882390168974572
65.44999999999999	NaN
65.55	0.9870694393893148
65.64999999999999	0.9836825339191092
65.75	0.9854618943637102
65.85	0.9857139696599739
65.94999999999999	0.984660415197334
66.05	NaN
66.14999999999999	0.9852352253220392
66.25	0.9835159626992818
66.35	0.9863076520047886
66.44999999999999	0.9853554922128782
66.55	0.9874527498234752
66.64999999999999	NaN
66.75	0.9878356667476925
66.85	NaN
66.94999999999999	NaN
67.05	0.9925226206342109
67.14999999999999	0.9924713686216678
67.25	0.9934741481080114
67.35	0.9959024419008594
67.44999999999999	0.9969396718427666
67.55	0.9951888359064027
67.64999999999999	NaN
67.75	NaN
67.85	1.0014606523747696
67.94999999999999	1.0051636119195477
68.05	1.0060086426326085
68.14999999999999	1.0055269930903712
68.25	NaN
68.35	1.0104335176801706
68.44999999999999	1.0106218854564013
68.55	1.0112146957421702
68.64999999999999	NaN
68.75	1.0127060373606502
68.85	1.013528547728136
68.94999999999999	1.0137438995173629
69.05	1.0148016700130003
69.14999999999999	1.0160555696970925
69.25	1.0146134576918053
69.35	1.0135626867969691
69.44999999999999	NaN
69.55	1.0130826323086306
69.64999999999999	1.011885008676848
69.75	NaN
69.85	1.0139505388792514
69.94999999999999	NaN
70.05	1.0106910245227816
70.14999999999999	1.0096503085779611
70.25	NaN
70.35	1.0055020736342306
70.44999999999999	NaN
70.55	1.0037549963926649
70.64999999999999	1.0011690468083239
70.75	1.0012419861114128
70.85	0.9989511172708011
70.94999999999999	0.9981011781705709
71.05	0.9954400150392567
71.14999999999999	0.9952185268098565
71.25	NaN
71.35	0.9925087720074423
71.44999999999999	0.9927353204485911
71.55	0.9909261661724528
71.64999999999999	0.9892504543217314
71.75	0.9897706546882789
71.85	0.9886270017735238
71.94999999999999	0.988261964141329
72.05	NaN
72.14999999999999	NaN
72.25	NaN
72.35	NaN
72.44999999999999	0.9873280437910406
72.55	0.9878602200088529
72.64999999999999	0.9882514818344557
72.75	NaN
72.85	0.9896437237170285
72.94999999999999	0.9902802279573025
73.05	0.9905823488180848
73.14999999999999	0.9905801002337719
73.25	0.9919566130675376
73.35	0.9930858875357105
73.44999999999999	NaN
73.55	0.9960200580633818
73.64999999999999	NaN
73.75	NaN
73.85	0.9982294026128412
73.94999999999999	0.9997429323930096
74.05	1.0018380505756728
74.14999999999999	1.0043590240837914
74.25	1.0009949801368208
74.35	1.005634825996326
74.44999999999999	1.0085573574675601
74.55	1.0062102759582605
74.64999999999999	1.0054975788048464
74.75	1.0092067922537875
74.85	1.0093303211734128
74.94999999999999	1.011658902256565
75.05	1.0107626582404592
75.14999999999999	1.0103158863145851
75.25	NaN
75.35	NaN
75.44999999999999	NaN
75.55	1.0119526380601953
75.64999999999999	NaN
75.75	NaN
75.85	1.0115932551558748
75.94999999999999	1.011040756010182
76.05	1.0098091847876713
76.14999999999999	1.0086527663831937
76.25	NaN
76.35	1.0072952762670333
76.44999999999999	NaN
76.55	1.0060583849036375
76.64999999999999	1.005124716082411
76.75	NaN
76.85	NaN
76.95	NaN
77.05	NaN
77.14999999999999	1.0001711695846394
77.25	0.9976848339429699
77.35	0.9958604387457901
77.45	0.996131349875488
77.55	0.9954254552941024
77.64999999999999	0.994024066187078
77.75	0.993143695110838
77.85	0.9928226903442418
77.95	0.9929743458477578
78.05	0.9907434111246486
78.14999999999999	0.9906323131204476
78.25	0.9884961489864086
78.35	0.9905537343254546
78.45	NaN
78.55	NaN
78.64999999999999	0.9894457332536496
78.75	0.9887538477723103
78.85	NaN
78.95	0.991480842823626
79.05	NaN
79.14999999999999	NaN
79.25	0.9902948807415214
79.35	NaN
79.45	0.9930874290310169
79.55	0.9929630946826832
79.64999999999999	NaN
79.75	0.9968167695920622
79.85	0.9952888432454393
