0.15	0.03626638357912245
0.25	0.03694929280656163
0.35	0.03690954895897978
0.45	0.0371578619028117
0.55	0.037609402334942456
0.65	0.037968958669060374
0.7500000000000001	0.038162404796330096
0.85	0.03851476720533939
0.95	0.03938930368906776
1.05	0.03975967597101384
1.15	0.04037387408573789
1.25	0.041084386052147835
1.35	0.04189182005753177
1.45	0.04292446079791292
1.55	0.04374851949439679
1.65	0.04480794568664823
1.75	0.04626263903193193
1.85	0.04754987577695075
1.95	0.04895723932080019
2.05	0.05043430647996353
2.15	0.052104764036032244
2.25	0.05404192455575994
2.35	0.055829818336130745
2.45	0.05800596668041403
2.5500000000000003	0.060324620855324335
2.65	0.06332999165974534
2.75	0.06600694754667037
2.85	0.0690259778106693
2.95	0.07267278121683883
3.0500000000000003	0.0761715674503816
3.15	0.0802515527879198
3.25	0.08485404862708007
3.35	0.09008420815578988
3.45	0.0956815206233126
3.5500000000000003	0.10159596932925889
3.65	0.10791109214004682
3.75	0.11578252820012776
3.85	0.12383685862000927
3.95	0.13361430902098223
4.05	0.14359330318462873
4.1499999999999995	0.1552545998576684
4.25	0.1681654210515914
4.35	0.18349014639542532
4.449999999999999	0.2003364125825072
4.55	0.22007772247671653
4.6499999999999995	0.24156756600872856
4.75	0.2679261806749246
4.85	0.2951239928564155
4.95	0.33012867105993987
5.05	0.3690759598319388
5.1499999999999995	0.41242802240129556
5.25	0.46324046568322996
5.35	0.5230968151699255
5.45	0.5979921657038514
5.55	0.6766466358878869
5.6499999999999995	0.7736211028109385
5.75	0.8850529782156588
5.85	1.0139749453322318
5.95	1.149159245536953
6.05	1.3081030468401746
6.1499999999999995	1.4783613590520366
6.25	1.6492625193097152
6.35	1.8139447834243998
6.45	1.9585292051411387
6.55	2.0625764774842357
6.6499999999999995	2.1238083920231725
6.75	2.136000443062745
6.85	2.0994804722771807
6.95	2.0297678595086226
7.05	1.930850636316768
7.1499999999999995	1.8201617304339002
7.25	1.700418984191228
7.35	1.589296745543811
7.45	1.4720132778017476
7.55	1.3714535989474868
7.6499999999999995	1.27967309595176
7.75	1.1950331286214688
7.85	1.1218202422075763
7.95	1.0568379469767755
8.05	0.995920048010941
8.15	0.9456241233909557
8.25	0.9034122206884015
8.350000000000001	0.8642544349908114
8.450000000000001	0.8299516564038217
8.55	0.8018800398495018
8.65	0.7759051639246504
8.75	0.7552409404534247
8.850000000000001	0.7361689411170209
8.950000000000001	0.7230791593564256
9.05	0.7099636776180174
9.15	0.7008272138436953
9.25	0.6952702541951112
9.350000000000001	0.6894289241111506
9.450000000000001	0.6861945608051602
9.55	0.6867014277476207
9.65	0.6886132888657912
9.750000000000002	0.6909100889969232
9.85	0.6960141432010971
9.95	0.7026874513594763
10.049999999999999	0.7104735896804243
10.149999999999999	0.7220763509490957
10.25	0.7338494237360241
10.35	0.747999024641864
10.45	0.7628734428667332
10.549999999999999	0.7798593390683978
10.649999999999999	0.7980247649440628
10.75	0.8182534171031187
10.85	0.838846017474072
10.95	0.8611748179934596
11.049999999999999	0.8871275265505109
11.149999999999999	0.91089075141439
11.25	0.9373415222626456
11.35	0.9637531684618144
11.45	0.9907646972975956
11.549999999999999	1.0169207384149763
11.649999999999999	1.0452696681709697
11.75	1.0719047282472365
11.85	1.0989781082810788
11.95	1.1235373991049409
12.049999999999999	1.1462167131500627
12.149999999999999	1.1674026088885927
12.25	1.1856499151327984
12.35	1.2043520995870924
12.45	1.2154648128859717
12.549999999999999	1.2275835728091735
12.649999999999999	1.2364613132529918
12.75	1.241276233223644
12.85	1.2412853888679618
12.95	1.240009678551349
13.049999999999999	1.2346461939751365
13.149999999999999	1.229923893402101
13.25	1.2161841606879924
13.35	1.1995393331526318
13.45	1.1850804504026453
13.549999999999999	1.1689765451193745
13.649999999999999	1.152275151394615
13.75	1.1304077449009404
13.85	1.1116031020897676
13.95	1.0876282541613203
14.049999999999999	1.068036796115825
14.149999999999999	1.0438619181829991
14.25	1.0256269611137498
14.35	1.005106068077406
14.45	0.9869751380944486
14.549999999999999	0.9681660918804433
14.649999999999999	0.9529735347009496
14.75	0.9390705058235879
14.85	0.9240436800459513
14.95	0.9106042392361291
15.049999999999999	0.9002471610064791
15.149999999999999	0.8891457124250964
15.25	0.8813089712249784
15.35	0.8715728402501388
15.45	0.8697437498311456
15.549999999999999	0.8616817892395283
15.649999999999999	0.8616556074036088
15.75	0.8585187284796428
15.85	0.8587575655394692
15.95	0.8584145079960894
16.05	0.8631562330889834
16.15	0.864389471318245
16.25	0.8659153654621836
16.349999999999998	0.8718507398271683
16.45	0.8802359814249046
16.55	0.8844217644438991
16.65	0.894291158907343
16.75	0.9029444124161407
16.849999999999998	0.913631006817237
16.95	0.9226132607451801
17.05	0.9340786132309049
17.15	0.9472111412924095
17.25	0.9575621503917362
17.349999999999998	0.9711970486960578
17.45	0.9828835919414651
17.55	0.9957503219259748
17.65	1.008287393011921
17.75	1.0211894045902805
17.849999999999998	1.0319566990382814
17.95	1.0450889060427564
18.05	1.0559907616507116
18.15	1.067231748066378
18.25	1.0771322849290448
18.349999999999998	1.0860533118464069
18.45	1.0912266194963391
18.55	1.0982048581243364
18.65	1.1055440988883771
18.75	1.1069235894054865
18.849999999999998	1.1107381456914731
18.95	1.1132000938194424
19.05	1.1097986161674755
19.15	1.1111064353117945
19.25	1.1061546262727842
19.35	1.1027095439128292
19.45	1.0984806897881387
19.55	1.0909686514996637
19.65	1.0874173824968978
19.75	1.077754416912941
19.85	1.067640353219313
19.95	1.0622933897376643
20.05	1.0520349859034228
20.15	1.0439339618700836
20.25	1.0335171333607442
20.35	1.0236331686256301
20.45	1.015849863559487
20.55	1.0067763745276075
20.65	0.9961620617288911
20.75	0.9866460678805521
20.85	0.9806386878758112
20.95	0.9737972993758006
21.05	0.9643523312524874
21.15	0.9561784855779326
21.25	0.9493093708656787
21.35	0.94615395015479
21.45	0.9394260728943896
21.55	0.9357033892641337
21.65	0.9309441779530702
21.75	0.9286931348037639
21.85	0.9256011857858727
21.95	0.9242689165264916
22.05	0.9247546021656767
22.15	0.9228729184449104
22.25	0.9230873716283506
22.35	0.9250184983135206
22.45	0.9277669371168024
22.55	0.9284594038181238
22.65	0.932979818531942
22.75	0.9353368462205813
22.85	0.9404730960572261
22.95	0.9444194074933892
23.05	0.951624745207625
23.15	0.9556002002772341
23.25	0.9641935049552425
23.35	0.9697731779815446
23.45	0.974624046344099
23.55	0.983068386049488
23.65	0.9896409181078376
23.75	0.9967244607251335
23.85	1.0044794940608435
23.95	1.0112058550367828
24.05	1.0182169777635388
24.15	1.0248348088415007
24.25	1.0302116818183864
24.35	1.0367655341234339
24.45	1.0423529440011896
24.55	1.0452827927040091
24.65	1.0523439710702316
24.75	1.055743480170287
24.85	1.0582184157927228
24.95	1.0602152210278328
25.05	1.0619229795467409
25.15	1.0627813283376883
25.25	1.064179684883553
25.35	1.0626252582098763
25.45	1.0631839656592819
25.55	1.0604611409876257
25.65	1.0566147308953358
25.75	1.0537334482885323
25.85	1.053432297953305
25.95	1.0452967060197902
26.05	1.0442770580403065
26.15	1.037681361219951
26.25	1.03284391442917
26.35	1.0281461574569695
26.45	1.0215669226423298
26.55	1.0168183750429047
26.65	1.012168363139147
26.75	1.007660700556987
26.85	1.000510771045672
26.95	0.9947823487255695
27.05	0.9904286128833046
27.15	0.9839256643367571
27.25	0.9795053302174305
27.35	0.9758986746754507
27.45	0.9697612124726984
27.55	0.9668918841705749
27.65	0.966507939422588
27.75	0.960119372467122
27.85	0.9576728021844045
27.95	0.9553892647967501
28.05	0.9548033949301601
28.15	0.9532164014015837
28.25	0.9533607348925562
28.35	0.9515453121668719
28.45	0.9525173138108616
28.55	0.952793996204516
28.65	0.954337021513846
28.75	0.9568589908607509
28.85	0.9575626626867848
28.95	0.9594133068022721
29.05	0.961083106537852
29.15	0.9640720698583736
29.25	0.9661085327428252
29.35	0.9727685453032285
29.45	0.9754546699641462
29.55	0.9798890574199237
29.65	0.9840913367106952
29.75	0.9883329077241769
29.85	0.9906977054040037
29.95	NaN
30.05	1.0011717238302205
30.15	1.004436910434951
30.25	1.0093541802409862
30.35	1.015425147279911
30.45	1.0185906766900357
30.55	1.0225264468145163
30.65	1.0253802800006047
30.75	1.0295365976614448
30.85	1.0319635750080616
30.95	1.0338550961079551
31.05	1.0362723525529205
31.15	1.0385615819007057
31.25	1.0392457289685368
31.35	1.0403352262550225
31.45	1.0414707696208896
31.55	1.0413545548493746
31.65	1.0405019074529727
31.75	NaN
31.85	1.0385503830259941
31.95	1.037466215291724
32.05	1.034025572701231
32.15	1.0316202884311663
32.25	1.029829473430621
32.35	1.0259722386399825
32.45	1.0252062560124684
32.55	1.0202253654816278
32.65	1.019113928637415
32.75	1.0122990305010473
32.85	1.0089828079142895
32.95	1.0076691874909849
33.05	1.0035415931167375
33.15	0.999320964549324
33.25	0.9956548685787646
33.35	0.9911366564050395
33.45	0.9890916338412932
33.55	0.9844542634627663
33.65	0.982136510809082
33.75	0.9806963782426312
33.85	0.9769471315164411
33.95	0.975599835707708
34.05	0.9738863679548917
34.15	0.9692357348658084
34.25	0.9693117449030682
34.35	0.9704863808135938
34.45	0.969509450046063
34.55	0.9675913858589267
34.65	0.966416468704924
34.75	0.967022564435376
34.85	0.9687698068451116
34.95	0.9692826824786153
35.05	0.9702511465364568
35.15	0.9695658285298425
35.25	0.9741382311602927
35.35	0.9756329856908216
35.45	0.9776703175796344
35.55	0.9790746021745452
35.65	0.9801971618302223
35.75	0.9838250281576173
35.85	0.9869207697644646
35.95	0.990997691909219
36.05	0.9924147905132876
36.15	0.995685957691346
36.25	0.9982058100851054
36.35	1.0031543331227557
36.45	1.0028188460104923
36.55	1.005912234491096
36.65	NaN
36.75	1.0135990044831285
36.85	1.0159019474405124
36.95	1.0181030851134754
37.05	1.0191145651949407
37.15	1.021951536203841
37.25	1.0262903711343976
37.35	1.025254440919602
37.45	1.0267862970715431
37.55	1.0288510771835864
37.65	1.0275593015073576
37.75	1.0286313671016067
37.85	1.0291157997965588
37.95	1.026585723524335
38.05	NaN
38.15	NaN
38.25	1.0253993320403523
38.35	1.0236251216771708
38.45	1.0225897641011303
38.550000000000004	1.0217973427731613
38.65	1.0206946081518689
38.75	1.0171396656801825
38.85	1.0125526209327513
38.95	1.0087234175849797
39.050000000000004	1.0079800428243515
39.15	1.0058731272196881
39.25	1.0006439556163287
39.35	1.0008361201094185
39.45	0.997734213050672
39.550000000000004	0.9954078860875393
39.65	NaN
39.75	0.9896204913107706
39.85	0.988026601903757
39.95	0.9857760456235036
40.050000000000004	0.9829553097488261
40.15	0.9834195469000727
40.25	0.9829809703675579
40.35	NaN
40.45	0.9798759444076008
40.550000000000004	0.9775139755697599
40.65	0.9779769045320155
40.75	0.9759868427820055
40.85	0.9773149977172322
40.95	0.9770775564638735
41.050000000000004	0.9773012020873688
41.15	0.9775846152858303
41.25	0.9773454144440084
41.35	0.9781390712829628
41.45	0.9798401284313306
41.550000000000004	0.9824918529013936
41.65	0.9808553093965089
41.75	0.984075154480951
41.85	0.9816318166663103
41.95	0.988578617878944
42.050000000000004	0.9894151302837069
42.15	0.991760561890553
42.25	0.9921888028486715
42.35	0.996937460312295
42.45	0.9982348264378114
42.550000000000004	1.0002094854770205
42.65	1.0020668495245204
42.75	1.0014420280735752
42.85	1.005371742600207
42.95	1.0088098505909853
43.050000000000004	1.011601451349639
43.15	NaN
43.25	1.0114504684069183
43.35	1.0153399812560249
43.45	1.017154011591963
43.550000000000004	1.0142081941917114
43.65	NaN
43.75	NaN
43.85	1.0206189566770965
43.95	1.0202268441590725
44.050000000000004	1.0216423715387022
44.15	1.0207298476336677
44.25	1.0175024267352257
44.35	1.0171900508465255
44.45	NaN
44.550000000000004	1.0203641159780537
44.65	1.0157942893134133
44.75	1.0153318336111596
44.85	1.0144866589384594
44.95	1.0118146912590025
45.050000000000004	1.0108059282684254
45.15	1.0091912777597205
45.25	1.008775798229465
45.35	1.005226605891793
45.45	1.004723308927631
45.550000000000004	1.001312766266793
45.65	0.9992794618450473
45.75	NaN
45.85	0.9967119822975044
45.95	NaN
46.050000000000004	0.9957892827412493
46.15	0.9905949280188096
46.25	0.9877164489657677
46.35	NaN
46.45	0.9867630399640982
46.550000000000004	0.986849087144487
46.65	NaN
46.75	0.981880674062727
46.85	0.9815084650908368
46.95	0.9837491573102662
47.050000000000004	0.9822219062730478
47.15	0.9816662526120741
47.25	0.9822164329593798
47.35	0.9824173767811761
47.45	NaN
47.550000000000004	0.9843974590411488
47.65	0.9833576468033884
47.75	0.9849169153211328
47.85	0.9869252352569426
47.95	0.9859512835627564
48.050000000000004	0.9909033881219087
48.15	0.9885954345695142
48.25	0.9892534009258495
48.35	0.9921100937048556
48.45	0.9935916776691516
48.550000000000004	0.9968182369012011
48.65	0.9978983559555464
48.75	0.997687836548749
48.85	0.9996950203269614
48.95	1.0020916991612614
49.050000000000004	1.0054845113431021
49.15	1.0056007202048103
49.25	1.0088985383189355
49.35	1.0090220488064825
49.45	1.0084482008655962
49.550000000000004	1.0102633428608438
49.65	1.011626988208724
49.75	NaN
49.85	1.011625631083223
49.95	1.014627066706785
50.050000000000004	1.0145051956915045
50.15	1.0163261030302821
50.25	1.0172654828057957
50.35	1.014847314129022
50.45	1.0169258710346267
50.550000000000004	1.0157888103133528
50.65	1.0161575053358944
50.75	1.0136783166462047
50.85	1.0136491785051898
50.95	1.0129017723650549
51.050000000000004	1.010927132229215
51.15	1.0099086810161786
51.25	1.0103536366965842
51.35	1.0089276532576685
51.45	1.0067098219086617
51.550000000000004	1.0062642505166315
51.65	1.0045280604033495
51.75	1.0043800859031884
51.85	1.0007679767933169
51.95	0.9994205137498904
52.050000000000004	0.9989662029620419
52.15	NaN
52.25	0.9955415807719592
52.35	0.9931518546179707
52.45	0.9935892164736846
52.550000000000004	0.993088269469379
52.65	0.989936991769468
52.75	0.9891868973221717
52.85	0.9887679519398764
52.95	0.9873859987163169
53.050000000000004	0.9843493295088478
53.15	0.9865805470341633
53.25	0.9844931725014969
53.35	0.9868861425528104
53.45	0.9859570679872017
53.550000000000004	0.9845951661318022
53.65	0.9862294438564674
53.75	0.9861211532289955
53.85	0.9877954888442223
53.95	0.9886275472931536
54.050000000000004	0.9891487336537603
54.15	0.9914107078453459
54.25	0.9897531315614471
54.35	0.9884464705891826
54.45	0.9914064400381819
54.550000000000004	NaN
54.65	0.9964948215888575
54.75	0.9951629437775222
54.85	0.9972627384618136
54.95	0.9982082918605806
55.050000000000004	1.000288099655567
55.15	1.001449077266651
55.25	1.0041717611196461
55.35	1.004060763269786
55.45	1.0051756455222518
55.550000000000004	1.008300244840139
55.65	NaN
55.75	1.0090455068761697
55.85	1.008886230136048
55.95	1.0115451875091046
56.050000000000004	1.0118843465136365
56.15	1.0120985689173372
56.25	1.0107133095927272
56.35	0.9944202103167213
56.45	1.0120067384041584
56.550000000000004	1.011734857584138
56.65	1.012096352107106
56.75	1.0112462085698444
56.85	1.011660508149349
56.95	1.0107293984994803
57.050000000000004	1.0113928386797886
57.15	1.0101923769743233
57.25	1.0126412087809606
57.35	1.0098039225508675
57.45	1.0095014705128633
57.550000000000004	NaN
57.65	1.0043535709495435
57.75	1.0034098211956328
57.85	1.0042806787176335
57.95	1.0028915208201845
58.050000000000004	NaN
58.15	1.0000024851876907
58.25	1.0001894572845957
58.35	0.9973370232365413
58.45	0.9981826887890863
58.550000000000004	0.9958409256245855
58.65	0.9950704318285065
58.75	NaN
58.85	0.993419625053386
58.95	0.9896089629888949
59.050000000000004	0.9921497841957728
59.15	0.9901915663343351
59.25	0.9900271410731708
59.35	0.9897235308913087
59.45	0.9901793005965427
59.550000000000004	0.988524779928718
59.65	NaN
59.75	0.9891476127804002
59.85	0.9880661005855176
59.95	0.9888616886562961
60.050000000000004	0.9909392780316311
60.15	0.9896198951127443
60.25	0.9902077724083939
60.35	NaN
60.45	0.9909564689537844
60.550000000000004	0.9926080179631908
60.65	0.9915521957814253
60.75	0.9954346318223559
60.85	NaN
60.95	0.9957932267084155
61.050000000000004	0.9969388014032448
61.15	0.9969644773203985
61.25	0.9971552683519153
61.35	0.9999762051634791
61.45	1.0016125572122427
61.550000000000004	1.0024912862819397
61.65	1.0040355901249376
61.75	1.005027152084188
61.85	1.0055383990348121
61.95	NaN
62.050000000000004	1.0060322906065944
62.15	1.0091932213352903
62.25	1.0095117246259113
62.35	1.00718152224292
62.45	NaN
62.550000000000004	1.0100376111643934
62.65	NaN
62.75	NaN
62.85	1.0124983676283386
62.95	1.0096782749265447
63.050000000000004	1.0095764071527924
63.15	1.0092970751666026
63.25	1.0107532700317954
63.35	1.0097181473989854
63.45	1.0077723082901764
63.550000000000004	1.0073561119974597
63.65	NaN
63.75	1.004092274372627
63.85	NaN
63.95	1.0047168931712998
64.05	1.0037293389157862
64.14999999999999	1.003475414709126
64.25	1.0020094869059788
64.35	NaN
64.44999999999999	0.9974808084606704
64.55	0.9997063892585727
64.64999999999999	0.997162251209883
64.75	0.9968828950155588
64.85	0.9960277278983183
64.94999999999999	0.9928932188141182
65.05	0.9940141252223795
65.14999999999999	NaN
65.25	0.9931517936238474
65.35	0.9923158624462758
65.44999999999999	0.9927285346876753
65.55	0.9907500012115419
65.64999999999999	NaN
65.75	0.9897766961558243
65.85	0.9909930436236897
65.94999999999999	NaN
66.05	NaN
66.14999999999999	0.9919081276442704
66.25	0.9906923010303995
66.35	0.9912131381839644
66.44999999999999	0.9925769896789831
66.55	NaN
66.64999999999999	0.9920732512756492
66.75	0.9946513702788803
66.85	NaN
66.94999999999999	NaN
67.05	NaN
67.14999999999999	NaN
67.25	0.9951885896507404
67.35	NaN
67.44999999999999	NaN
67.55	0.9975652819370361
67.64999999999999	0.99978507163543
67.75	1.000326108353149
67.85	1.003166641548939
67.94999999999999	NaN
68.05	1.0031696978767615
68.14999999999999	1.0048285602786036
68.25	1.0047810661979875
68.35	1.0065572815604227
68.44999999999999	1.0075029983171744
68.55	1.0075961800075073
68.64999999999999	NaN
68.75	1.0075134624364086
68.85	1.0078809728132103
68.94999999999999	1.0072355224539393
69.05	NaN
69.14999999999999	1.0103916777068924
69.25	NaN
69.35	1.0090388759056677
69.44999999999999	1.0084260163944108
69.55	1.0063277510579747
69.64999999999999	1.0074838811546165
69.75	1.0069169568151233
69.85	1.0068165354659575
69.94999999999999	1.0064298914957954
70.05	NaN
70.14999999999999	1.0043283934088532
70.25	1.004764593179514
70.35	1.0034720223753433
70.44999999999999	1.002282305686183
70.55	1.0018025259658063
70.64999999999999	1.0001806540945595
70.75	1.0001297063482466
70.85	0.9983184652066694
70.94999999999999	0.9995135969828236
71.05	0.9978380878531451
71.14999999999999	NaN
71.25	0.9983437573349844
71.35	NaN
71.44999999999999	0.9943159209773975
71.55	0.9935361197454218
71.64999999999999	0.994305672790237
71.75	0.9943790680341663
71.85	NaN
71.94999999999999	NaN
72.05	0.9923873763929674
72.14999999999999	NaN
72.25	0.9931150185408834
72.35	0.9916512783505995
72.44999999999999	NaN
72.55	NaN
72.64999999999999	0.9926567958034834
72.75	0.9936108584190488
72.85	0.9935364068349374
72.94999999999999	NaN
73.05	0.9938868571878738
73.14999999999999	0.9959418924611909
73.25	0.9966523854533863
73.35	0.9957045730644348
73.44999999999999	0.9970672163118104
73.55	0.9969805766103759
73.64999999999999	0.9962040408264166
73.75	0.9991252176099628
73.85	0.9997557842818485
73.94999999999999	NaN
74.05	NaN
74.14999999999999	1.0023594259395527
74.25	1.0021664077064312
74.35	1.0010937639275757
74.44999999999999	1.0046790621421822
74.55	1.0027510461169655
74.64999999999999	NaN
74.75	NaN
74.85	1.0062868981394084
74.94999999999999	1.0046881771519425
75.05	1.0059185737896945
75.14999999999999	1.008822465231634
75.25	1.00738818755097
75.35	1.0053852709659672
75.44999999999999	1.006873802579027
75.55	1.0064818822486947
75.64999999999999	1.0064192917010029
75.75	NaN
75.85	1.006659210712893
75.94999999999999	NaN
76.05	1.0062812673465424
76.14999999999999	1.004935537478711
76.25	1.0044456742563164
76.35	1.0045751981760829
76.44999999999999	NaN
76.55	1.0039719240451133
76.64999999999999	1.001974155904675
76.75	NaN
76.85	1.0009325551369965
76.95	1.00197240465186
77.05	1.0001071648686621
77.14999999999999	0.9999991942939395
77.25	NaN
77.35	NaN
77.45	NaN
77.55	0.9966588890842657
77.64999999999999	NaN
77.75	0.9951997831145812
77.85	0.9937149712493221
77.95	NaN
78.05	0.9958429333422562
78.14999999999999	NaN
78.25	0.9950548302848331
78.35	0.9942906047090062
78.45	NaN
78.55	NaN
78.64999999999999	NaN
78.75	0.9927434022214792
78.85	0.9941555772181355
78.95	0.9939116011257407
79.05	NaN
79.14999999999999	NaN
79.25	0.9941232260752745
79.35	0.9950944110123967
79.45	NaN
79.55	0.9952666195252549
79.64999999999999	NaN
79.75	0.9970963063249214
79.85	0.9970699936982954
