0.15	0.03550099737218048
0.25	0.0369075738185248
0.35	0.03705028569895472
0.45	0.037382062351526864
0.55	0.037488155334473486
0.65	0.037764114207206864
0.7500000000000001	0.038253286502732575
0.85	0.03861688216478875
0.95	0.03892238930163008
1.05	0.039997416030274145
1.15	0.040363856345819356
1.25	0.04118586179838745
1.35	0.042070238202378485
1.45	0.042732540794093034
1.55	0.043688716664558896
1.65	0.04484625130543254
1.75	0.046124085060534246
1.85	0.04746618070100961
1.95	0.04872981705937568
2.05	0.05035047059432069
2.15	0.0520242344788809
2.25	0.05398127780333594
2.35	0.0558944709452852
2.45	0.05787793671568882
2.5500000000000003	0.060138250473016734
2.65	0.0631321034173377
2.75	0.06602271661343705
2.85	0.06911666350013147
2.95	0.07254812757863138
3.0500000000000003	0.07617817326091675
3.15	0.08027228340884278
3.25	0.08484871087835887
3.35	0.08992519986682883
3.45	0.09569108470050795
3.5500000000000003	0.1016859684549339
3.65	0.10797090239965923
3.75	0.11587669747254645
3.85	0.12392739222556508
3.95	0.13382153430345595
4.05	0.14349884221004466
4.1499999999999995	0.1553152815875868
4.25	0.1684055033257955
4.35	0.18345627492425268
4.449999999999999	0.20088195234683556
4.55	0.21997780380572754
4.6499999999999995	0.24205215244360934
4.75	0.26825640034258513
4.85	0.294322979406811
4.95	0.3302399122750326
5.05	0.36917377786774713
5.1499999999999995	0.41325725862514656
5.25	0.46386484507682363
5.35	0.524187914738133
5.45	0.5970830604876803
5.55	0.6758890412843326
5.6499999999999995	0.7728786263114581
5.75	0.8852135151071496
5.85	1.012882108545513
5.95	1.151835042731694
6.05	1.309054072257993
6.1499999999999995	1.4825323671887123
6.25	1.6502683155036164
6.35	1.814357116380612
6.45	1.953697644262109
6.55	2.0629247369814863
6.6499999999999995	2.1209362692210254
6.75	2.134809257984468
6.85	2.1078885693028018
6.95	2.0302187946274075
7.05	1.934820479621488
7.1499999999999995	1.819548812299147
7.25	1.7012754883778636
7.35	1.586242373493718
7.45	1.4734995187276325
7.55	1.37441932075952
7.6499999999999995	1.280963050448651
7.75	1.1931790704862502
7.85	1.1251776427075821
7.95	1.0543149479716092
8.05	0.9988901754074665
8.15	0.9455584938568532
8.25	0.9023598757793141
8.350000000000001	0.8637093579926397
8.450000000000001	0.830140612033222
8.55	0.8016777422708353
8.65	0.7767995970401689
8.75	0.7553575098090232
8.850000000000001	0.7377602343536008
8.950000000000001	0.7227005319907781
9.05	0.7113077905311078
9.15	0.7014464889617477
9.25	0.6958961710889542
9.350000000000001	0.6906768305894574
9.450000000000001	0.686249174959243
9.55	0.6862668285042824
9.65	0.6881388855778383
9.750000000000002	0.691024208794692
9.85	0.6965222772573161
9.95	0.7045108155562088
10.049999999999999	0.7121388099458573
10.149999999999999	0.7219439879588095
10.25	0.7332671701347127
10.35	0.7476907685499778
10.45	0.7611243958950192
10.549999999999999	0.7784398371402703
10.649999999999999	0.7966676388195563
10.75	0.8169074510263514
10.85	0.8397956504662859
10.95	0.8627000801579074
11.049999999999999	0.8845190362488883
11.149999999999999	0.9127147635963491
11.25	0.9384106011053753
11.35	0.9642090274989592
11.45	0.9899670651944391
11.549999999999999	1.0188350479522912
11.649999999999999	1.04507463130158
11.75	1.0711817188135493
11.85	1.0985260996879789
11.95	1.1212279336590136
12.049999999999999	1.1455116728752643
12.149999999999999	1.167170511559481
12.25	1.1862140363820364
12.35	1.2030055088376466
12.45	1.216810179783095
12.549999999999999	1.2267826946374185
12.649999999999999	1.234505642385672
12.75	1.237919141464415
12.85	1.2418763796683652
12.95	1.2393406551346144
13.049999999999999	1.2318287366891563
13.149999999999999	1.2267461654629703
13.25	1.2148704528771783
13.35	1.2003266442924356
13.45	1.1869210399466612
13.549999999999999	1.1688957050567617
13.649999999999999	1.1492789667441936
13.75	1.1286317092933267
13.85	1.1090608370074089
13.95	1.0897579049791795
14.049999999999999	1.066705372345628
14.149999999999999	1.045236269456979
14.25	1.027335361592965
14.35	1.006289319734681
14.45	0.9860910320420054
14.549999999999999	0.9715144489648947
14.649999999999999	0.9536370528772102
14.75	0.9378214002918002
14.85	0.9247692323181054
14.95	0.9102193687225264
15.049999999999999	0.9005287804891512
15.149999999999999	0.8904495126394476
15.25	0.8803718065842067
15.35	0.8726764434781769
15.45	0.8677090907657139
15.549999999999999	0.8616740768627822
15.649999999999999	0.8608345691029696
15.75	0.8590588752698192
15.85	0.8596847805599459
15.95	0.8578532338367215
16.05	0.8597299630234538
16.15	0.863466278918538
16.25	0.8661158432581774
16.349999999999998	0.8710260400598022
16.45	0.8778848245102584
16.55	0.886473143321135
16.65	0.8943291940749167
16.75	0.9026431432040242
16.849999999999998	0.9119002505985856
16.95	0.9228144361329871
17.05	0.9352975082297563
17.15	0.9453561312138742
17.25	0.9579251887751445
17.349999999999998	0.9707738763603893
17.45	0.9834085725333935
17.55	0.9945480510140765
17.65	1.0081997850893591
17.75	1.0209057459270958
17.849999999999998	1.0337556762622382
17.95	1.0443101827629138
18.05	1.0549387907614194
18.15	1.0653121940049881
18.25	1.0763660503624686
18.349999999999998	1.0841403654419257
18.45	1.0924118936538747
18.55	1.0976028893347398
18.65	1.1056078748318852
18.75	1.1061931493238832
18.849999999999998	1.1092549439968846
18.95	1.1119363305903553
19.05	1.1111938958116527
19.15	1.1087609095998616
19.25	1.1091240684674208
19.35	1.1030192503546747
19.45	1.0982528982823583
19.55	1.0928262145188492
19.65	1.087023706856305
19.75	1.0798054347953485
19.85	1.0696201585191667
19.95	1.0617936550601246
20.05	1.0534919743069286
20.15	1.0440329999240028
20.25	1.0326528067499043
20.35	1.0222346285853119
20.45	1.0152043359046061
20.55	1.0079246137186673
20.65	0.998051308933735
20.75	0.9893727212174099
20.85	0.979118356700157
20.95	0.9739492158150803
21.05	0.9625420803143351
21.15	0.9559694474463081
21.25	0.9501175401947224
21.35	0.9429346739548449
21.45	0.9411577897193871
21.55	0.9336995810183573
21.65	0.9289500207868988
21.75	0.928203541897265
21.85	0.926834587226187
21.95	0.9240215540005883
22.05	0.9231145059846763
22.15	0.925032111486102
22.25	0.9229740481691066
22.35	0.9244309333448132
22.45	0.9277257624815032
22.55	0.9294373396636592
22.65	0.9326878941871952
22.75	0.9360039058242627
22.85	0.9405998431473505
22.95	0.9456220156246741
23.05	0.9500834682254004
23.15	0.9569186843482191
23.25	0.9627171604594849
23.35	0.9677230745808066
23.45	0.9749801706747342
23.55	0.9815382066963115
23.65	0.9909885516186266
23.75	0.9993204079755311
23.85	1.0032902275481492
23.95	1.0107016803044218
24.05	1.0161190124259456
24.15	1.023946475660732
24.25	1.03164739167382
24.35	1.0373725436290664
24.45	1.0419600312939472
24.55	1.0461504034376679
24.65	1.0524310471433054
24.75	1.0558367957713723
24.85	1.0576744562659521
24.95	1.0612562985598537
25.05	1.0638724169430245
25.15	1.063156861311827
25.25	1.0623019929847457
25.35	1.0626500912609813
25.45	1.0610083842538658
25.55	1.0589177545254302
25.65	1.0575607584427844
25.75	1.053658619869682
25.85	1.0515890000356796
25.95	1.0483928376267877
26.05	1.0419246747994995
26.15	1.038442434619854
26.25	1.0329947640560757
26.35	1.028958797931899
26.45	1.0218221100549754
26.55	1.0172472388808214
26.65	1.0128488199207035
26.75	1.005455896856389
26.85	1.0007346588985067
26.95	0.9929128825502791
27.05	0.9900853639697348
27.15	0.9844170768871814
27.25	0.9804211723229895
27.35	0.9766313060096868
27.45	0.9714085784729848
27.55	0.9662892887798704
27.65	0.968577028126337
27.75	0.9600291029014026
27.85	0.9582149923739101
27.95	0.9561050672591823
28.05	0.9541414568684763
28.15	0.9531299557147541
28.25	0.9524208584011289
28.35	0.9512545690692263
28.45	0.9510488821826368
28.55	0.9504849148489014
28.65	0.954320232059194
28.75	0.9557237567523006
28.85	0.95608595244354
28.95	0.9586270608491677
29.05	0.9611326375304525
29.15	0.9645070821712423
29.25	0.9688327200844826
29.35	0.9725675493136351
29.45	0.9749032934869725
29.55	0.9785048986795588
29.65	0.9845582252175956
29.75	0.9866536522843063
29.85	0.9922535875014304
29.95	NaN
30.05	1.0008202035350406
30.15	1.0032897679982005
30.25	1.0098958863657557
30.35	1.0136025525644548
30.45	1.0189924307106195
30.55	1.0222427451275868
30.65	1.0274965813696573
30.75	1.0285376255763834
30.85	1.0316151258986803
30.95	1.0357882810773893
31.05	1.0359284590086508
31.15	1.0349434909070392
31.25	1.0410494184866885
31.35	1.0388123411758692
31.45	1.0411582061124798
31.55	1.0408539738335474
31.65	1.0417297919485178
31.75	NaN
31.85	1.0385493718960204
31.95	1.03625356061128
32.05	1.036065432305263
32.15	1.0299075126710047
32.25	1.0302051294605534
32.35	1.0270865327400382
32.45	1.0220708581294977
32.55	1.0230803805636854
32.65	1.0161595339552716
32.75	1.013036941550224
32.85	1.008817767206377
32.95	1.0072932789803017
33.05	1.0037349426255997
33.15	0.9969405579549435
33.25	0.9942679988720365
33.35	0.9923806726931186
33.45	0.9871238866803322
33.55	0.9858000716524604
33.65	0.9839223191952864
33.75	0.9794237793842852
33.85	0.9754128516695445
33.95	0.9731307040434896
34.05	0.9703723406275362
34.15	0.9704201773122496
34.25	0.9712826289018247
34.35	0.9680226539821811
34.45	0.9695635047436912
34.55	0.9676000917391705
34.65	0.9657295711231684
34.75	0.9677958212724955
34.85	0.96930827378579
34.95	0.9699642198921079
35.05	0.9723851012889635
35.15	0.9724489060101987
35.25	0.972872577279095
35.35	0.975653238555345
35.45	0.974699683437101
35.55	0.9786769124066947
35.65	0.9797150012251897
35.75	0.9826292262363557
35.85	0.9874403885916037
35.95	0.9899392002666868
36.05	0.9935589602296833
36.15	0.9962840832083737
36.25	0.9996023046688323
36.35	1.0011330222818584
36.45	1.005988757681422
36.55	1.01091130219459
36.65	NaN
36.75	1.012312633639397
36.85	1.0154692712311066
36.95	1.0178150126539374
37.05	1.0219097931989236
37.15	1.025034126483861
37.25	1.02516534512446
37.35	1.0260268949085891
37.45	1.0272650957700917
37.55	1.027771124135853
37.65	1.0276169987988155
37.75	1.0289104354660863
37.85	1.0318682334816422
37.95	1.0264092394416209
38.05	NaN
38.15	NaN
38.25	1.0208616433443223
38.35	1.0242675971037722
38.45	1.021253748647726
38.550000000000004	1.0210921632850398
38.65	1.0177604424446787
38.75	1.0146577005105466
38.85	1.0142981969959597
38.95	1.0109659825158737
39.050000000000004	1.0073094916022716
39.15	1.0050080785278894
39.25	1.0026271755180913
39.35	1.0016691545029588
39.45	0.9959818101874863
39.550000000000004	0.9956711388435016
39.65	NaN
39.75	0.990452613357426
39.85	0.9893423790158816
39.95	0.9859333388046367
40.050000000000004	0.9798959774519549
40.15	0.9808311130298338
40.25	0.9802554099544055
40.35	NaN
40.45	0.978448550838214
40.550000000000004	0.9780448966293468
40.65	0.9773103781796878
40.75	0.9767145416504898
40.85	0.9733690766925467
40.95	0.9766928918898397
41.050000000000004	0.9777028474709437
41.15	0.9753414921278573
41.25	0.9762367538782004
41.35	0.9790647655261723
41.45	0.9813720802496321
41.550000000000004	0.9793680030609047
41.65	0.9823266179762348
41.75	0.9835640290370384
41.85	0.9841174754563679
41.95	0.9870269873888784
42.050000000000004	0.9896921315130848
42.15	0.9930538828295805
42.25	0.9927268060921093
42.35	0.9951082509290708
42.45	0.9983484305194419
42.550000000000004	1.0015585471566317
42.65	1.0015212255625159
42.75	1.0052270590337276
42.85	1.0079650860954807
42.95	1.0091482846491937
43.050000000000004	1.0114110810895631
43.15	NaN
43.25	1.0136516750582032
43.35	1.0156714966006153
43.45	1.0180588701764124
43.550000000000004	1.0144370422559785
43.65	NaN
43.75	NaN
43.85	1.019982576568863
43.95	1.0204480750249314
44.050000000000004	1.0203866461482871
44.15	1.019234561173591
44.25	1.0198971876661644
44.35	1.0186235455328583
44.45	NaN
44.550000000000004	1.0166858315995357
44.65	1.0175886303506683
44.75	1.0146873700590697
44.85	1.0149291146294595
44.95	1.0147506151621135
45.050000000000004	1.0103773417826911
45.15	1.0087269966594037
45.25	1.0093349091693342
45.35	1.0050061819923095
45.45	1.0049876844774401
45.550000000000004	1.0020835897607963
45.65	0.9985510979645266
45.75	NaN
45.85	0.9953022084629115
45.95	NaN
46.050000000000004	0.9929288150119825
46.15	0.9922053427294051
46.25	0.9907881337259473
46.35	NaN
46.45	0.9834449487015037
46.550000000000004	0.9854488497658433
46.65	NaN
46.75	0.9831527399600192
46.85	0.9830702942490648
46.95	0.9839695071991095
47.050000000000004	0.9832562337493558
47.15	0.9823024643197652
47.25	0.9826780179393464
47.35	0.9832498439845058
47.45	NaN
47.550000000000004	0.9835931635655736
47.65	0.9851957718897006
47.75	0.9848606231368875
47.85	0.9867675889087378
47.95	0.9876673776102443
48.050000000000004	0.987373270486173
48.15	0.9884355726664414
48.25	0.9899742632456414
48.35	0.9956051108243633
48.45	0.9939173541800115
48.550000000000004	0.9981972927735996
48.65	0.9984315596107588
48.75	0.9986800878878052
48.85	1.000790740523169
48.95	1.0013001841068043
49.050000000000004	1.0036307220038119
49.15	1.0052182350853285
49.25	1.0075513562876521
49.35	1.0088813846737237
49.45	1.0102958481662085
49.550000000000004	1.0110216335433904
49.65	1.0128077050495603
49.75	NaN
49.85	1.0121676126958081
49.95	1.014134796292286
50.050000000000004	1.0152755689279354
50.15	1.0151458526786348
50.25	1.0163461011781865
50.35	1.0151311938358687
50.45	1.0160468268009621
50.550000000000004	1.0159062790176818
50.65	1.0160491332011488
50.75	1.0145024211465892
50.85	1.014463621435628
50.95	1.0123432202779374
51.050000000000004	1.0111005510043471
51.15	1.0121290373870107
51.25	1.008534172233747
51.35	1.0071915073676738
51.45	1.0060852887110172
51.550000000000004	1.0044958558938393
51.65	1.0036423125631362
51.75	1.0014645074357371
51.85	0.9999286923532195
51.95	0.9998924456188738
52.050000000000004	0.9982304447641066
52.15	NaN
52.25	0.9955586680965806
52.35	0.9960009895734007
52.45	0.9924759980654858
52.550000000000004	0.9912494544405684
52.65	0.9898205321156788
52.75	0.9894685500982175
52.85	0.9888638247676934
52.95	0.9879300270455894
53.050000000000004	0.9864907180209739
53.15	0.9881947149110412
53.25	0.9859966732548698
53.35	0.9861479974968234
53.45	0.9863728660712232
53.550000000000004	0.9867253987068979
53.65	0.9861930595278706
53.75	0.9862019718742087
53.85	0.9856692385201603
53.95	0.9872137507421878
54.050000000000004	0.9874961059384428
54.15	0.9881354474472681
54.25	0.9910912943896693
54.35	0.9910898097623111
54.45	0.9917282411182322
54.550000000000004	NaN
54.65	0.9964847202718649
54.75	0.9956372529255767
54.85	0.9961867167666927
54.95	0.9986490110165878
55.050000000000004	1.0009809975132846
55.15	1.001212374955076
55.25	1.0030809801043203
55.35	1.0033252871455027
55.45	1.0058243775654165
55.550000000000004	1.0074921303668005
55.65	NaN
55.75	1.0083864529938589
55.85	1.0088366259191137
55.95	1.007501313232731
56.050000000000004	1.0121742911282574
56.15	1.0121528022266142
56.25	1.0117549323646744
56.35	1.0276741568618497
56.45	1.012240856519772
56.550000000000004	1.0133376464208872
56.65	1.0134152997616208
56.75	1.011647014148331
56.85	1.0114186702619192
56.95	1.0114568029428899
57.050000000000004	1.0120127906244394
57.15	1.010451716047733
57.25	1.010459404046204
57.35	1.0090435150600077
57.45	1.0088088464037483
57.550000000000004	NaN
57.65	1.0050713019794453
57.75	1.0044750900421773
57.85	1.0056209129062426
57.95	1.0048641360543986
58.050000000000004	NaN
58.15	1.0009584902460114
58.25	0.9998048529724405
58.35	0.9967843416392187
58.45	0.9968728247137332
58.550000000000004	0.9951176649153732
58.65	0.9944044419343767
58.75	NaN
58.85	0.9935759381256558
58.95	0.9918271017239739
59.050000000000004	0.9915630963897246
59.15	0.989986162681454
59.25	0.9903293089938219
59.35	0.9893387695744488
59.45	0.990011138801848
59.550000000000004	0.988938272918478
59.65	NaN
59.75	0.9900769588167847
59.85	0.9883844815859748
59.95	0.9907220074311917
60.050000000000004	0.9865210779114364
60.15	0.9907921042277632
60.25	0.989651479800002
60.35	NaN
60.45	0.9923992203247878
60.550000000000004	0.9928406219471649
60.65	0.9929788981223421
60.75	0.9926988458713893
60.85	NaN
60.95	0.9973914571782669
61.050000000000004	0.9957696368733221
61.15	0.9984653728447153
61.25	0.9992359688528418
61.35	1.0007318107670875
61.45	0.9996593094350564
61.550000000000004	1.0013953755402103
61.65	1.0027573063797521
61.75	1.0063388128263993
61.85	1.0052127975045106
61.95	NaN
62.050000000000004	1.0129265328525596
62.15	1.0089926343784483
62.25	1.0072355243242217
62.35	1.0092915568470398
62.45	NaN
62.550000000000004	1.010072826994683
62.65	NaN
62.75	NaN
62.85	1.0081992819606835
62.95	1.0103474132327215
63.050000000000004	1.0110327654468234
63.15	1.0099889328376568
63.25	1.0105854844007605
63.35	1.0078111879539662
63.45	1.0083376282535421
63.550000000000004	1.0083283508777392
63.65	NaN
63.75	1.0072520239159457
63.85	NaN
63.95	1.0033348021628552
64.05	1.0060637867984525
64.14999999999999	1.0048549590246538
64.25	1.0027707867016182
64.35	NaN
64.44999999999999	0.999682692467239
64.55	0.9984865793933759
64.64999999999999	0.9987063206032984
64.75	0.996701595052036
64.85	0.9953993524880118
64.94999999999999	0.9944074963357209
65.05	0.9940153187758656
65.14999999999999	NaN
65.25	0.9931240781922983
65.35	0.9933136428342109
65.44999999999999	0.9911319977856755
65.55	0.9904979025498222
65.64999999999999	NaN
65.75	0.9914317771260315
65.85	0.9918749566195245
65.94999999999999	NaN
66.05	NaN
66.14999999999999	0.9907000809134432
66.25	0.9905114358035405
66.35	0.9913705080249818
66.44999999999999	0.9905814308022143
66.55	NaN
66.64999999999999	0.9937868788384443
66.75	0.992358742810325
66.85	NaN
66.94999999999999	NaN
67.05	NaN
67.14999999999999	NaN
67.25	0.9962892561675252
67.35	NaN
67.44999999999999	NaN
67.55	1.0005686074309508
67.64999999999999	0.9989179167763669
67.75	1.0015695686074193
67.85	1.001749621466908
67.94999999999999	NaN
68.05	1.0036782507851136
68.14999999999999	1.0032074223943674
68.25	1.0054826380524085
68.35	1.0049553763263446
68.44999999999999	1.0050584459526564
68.55	1.007353969920858
68.64999999999999	NaN
68.75	1.0069908170905264
68.85	1.0080447326568516
68.94999999999999	1.0085965052981978
69.05	NaN
69.14999999999999	1.011448804752685
69.25	NaN
69.35	1.008500337455301
69.44999999999999	1.0116116569588396
69.55	1.00670922630879
69.64999999999999	1.006960675672867
69.75	1.005706387032772
69.85	1.0071141684769302
69.94999999999999	1.005556054837292
70.05	NaN
70.14999999999999	1.0042599913603298
70.25	1.0038388621479117
70.35	1.0021364951449099
70.44999999999999	1.0027968812637866
70.55	1.002120232580297
70.64999999999999	1.0013525282636673
70.75	0.9998113310758903
70.85	0.9982982382183649
70.94999999999999	0.9987339138306517
71.05	0.9974813201715471
71.14999999999999	NaN
71.25	0.9975985439512912
71.35	NaN
71.44999999999999	0.9944893993594789
71.55	0.9930128094709375
71.64999999999999	0.9915592938627341
71.75	0.993734691750206
71.85	NaN
71.94999999999999	NaN
72.05	0.992429695143297
72.14999999999999	NaN
72.25	0.992642873886522
72.35	0.9934636910837473
72.44999999999999	NaN
72.55	NaN
72.64999999999999	0.9932160880158845
72.75	0.9931379579859646
72.85	0.9938214672368032
72.94999999999999	NaN
73.05	0.9935967322707564
73.14999999999999	0.9946788049213717
73.25	0.9947344078673643
73.35	0.9949056801339049
73.44999999999999	0.9973404284485404
73.55	0.9977957399142894
73.64999999999999	0.9993896844739288
73.75	1.0002942083278723
73.85	0.9991476915996172
73.94999999999999	NaN
74.05	NaN
74.14999999999999	1.002376248282362
74.25	1.0035169984754424
74.35	1.0030091923868523
74.44999999999999	1.0051183278095392
74.55	1.0032244284445644
74.64999999999999	NaN
74.75	NaN
74.85	1.0057204189198141
74.94999999999999	1.0062177264259824
75.05	1.0066833173912415
75.14999999999999	1.0070127708265273
75.25	1.0073411457933017
75.35	1.0078183006746677
75.44999999999999	1.0059137776495342
75.55	1.0074536749796794
75.64999999999999	1.006661426978709
75.75	NaN
75.85	1.0065907020002625
75.94999999999999	NaN
76.05	1.005076275106977
76.14999999999999	1.005700610961591
76.25	1.0041798145221315
76.35	1.0044540933107837
76.44999999999999	NaN
76.55	1.0040461140684578
76.64999999999999	1.0017079518985237
76.75	NaN
76.85	1.0014071312798651
76.95	1.0021743801251484
77.05	0.9987456868745079
77.14999999999999	0.9984292328868688
77.25	NaN
77.35	NaN
77.45	NaN
77.55	0.9950357088704684
77.64999999999999	NaN
77.75	0.9942253810105766
77.85	0.9955801493688837
77.95	NaN
78.05	0.9935579840381792
78.14999999999999	NaN
78.25	0.9933109647007282
78.35	0.9938370996664463
78.45	NaN
78.55	NaN
78.64999999999999	NaN
78.75	0.9935054305465616
78.85	0.9935935862099793
78.95	0.9949385304396619
79.05	NaN
79.14999999999999	NaN
79.25	0.9941634758453811
79.35	0.9959007447754367
79.45	NaN
79.55	0.9940051957829854
79.64999999999999	NaN
79.75	0.9981252075826635
79.85	0.9968927145721865
