0.15	0.019039750909611238
0.25	0.019070919788591774
0.35	0.01885415740757782
0.45	0.01913276304559875
0.55	0.019451737902691356
0.65	0.019465634234786578
0.7500000000000001	0.019496058534340065
0.85	0.019737631356196158
0.95	0.020205536735966634
1.05	0.02048848507356181
1.15	0.020818385790685432
1.25	0.021181607614200553
1.35	0.021566603251908442
1.45	0.022023303641634406
1.55	0.0225570001554294
1.65	0.023078753549282655
1.75	0.023741324396104425
1.85	0.024329143970692375
1.95	0.025093909918056954
2.05	0.025788474393364742
2.15	0.026608528875107246
2.25	0.027576269129244324
2.35	0.028563703595128956
2.45	0.029563714610288425
2.5500000000000003	0.030752069123124986
2.65	0.0321165580053393
2.75	0.03337053736696714
2.85	0.034850239696281905
2.95	0.03667171562688412
3.0500000000000003	0.038307534780734724
3.15	0.04027700750809949
3.25	0.04248796429404861
3.35	0.04505090275180162
3.45	0.04739909810187505
3.5500000000000003	0.05059633178271599
3.65	0.05372620245496689
3.75	0.05748802617669208
3.85	0.060928054658572775
3.95	0.06590388902628712
4.05	0.07074458095082597
4.1499999999999995	0.07621115738726385
4.25	0.08244268295760233
4.35	0.08981863584314159
4.449999999999999	0.09762602843802334
4.55	0.10646016554232005
4.6499999999999995	0.11674516848734988
4.75	0.12923243337923362
4.85	0.1430929869418409
4.95	0.15932450898913889
5.05	0.17731453563547667
5.1499999999999995	0.1997967605296821
5.25	0.22437076427647298
5.35	0.2549791263647885
5.45	0.2924786143689677
5.55	0.3364536253795498
5.6499999999999995	0.3868888140346782
5.75	0.45365273507617176
5.85	0.5297638053089704
5.95	0.6251370325062597
6.05	0.7468105485541955
6.1499999999999995	0.8992596773950511
6.25	1.084056977515682
6.35	1.3029703097771068
6.45	1.578232981576527
6.55	1.8855661417098175
6.6499999999999995	2.226562596030521
6.75	2.5378579235165457
6.85	2.79776734989543
6.95	2.9237120254672355
7.05	2.9158406699621677
7.1499999999999995	2.7784100971258794
7.25	2.561226013399425
7.35	2.295418143231651
7.45	2.035412061505105
7.55	1.817076315403461
7.6499999999999995	1.6079442851260592
7.75	1.4329262226181558
7.85	1.2807242412437707
7.95	1.1613175946020942
8.05	1.0604555291383082
8.15	0.9729210189215769
8.25	0.9000432678799403
8.350000000000001	0.8373664466109403
8.450000000000001	0.788541665147426
8.55	0.7423631349943893
8.65	0.7070154045568346
8.75	0.676775560493312
8.850000000000001	0.6508281935375857
8.950000000000001	0.628618241966962
9.05	0.6117151713606424
9.15	0.5995364447227005
9.25	0.5857414107842177
9.350000000000001	0.5780923914887388
9.450000000000001	0.5724614873728876
9.55	0.5690573012817057
9.65	0.5676875933842115
9.750000000000002	0.5693306421296112
9.85	0.5726409583299599
9.95	0.5780939534770326
10.049999999999999	0.584678326132017
10.149999999999999	0.5936331635234081
10.25	0.605421600409026
10.35	0.6186901382809157
10.45	0.6353406733085843
10.549999999999999	0.6520623100975544
10.649999999999999	0.6713174220610479
10.75	0.6949194950930979
10.85	0.7204682690921584
10.95	0.7473705653142344
11.049999999999999	0.7777189431303473
11.149999999999999	0.80964221702147
11.25	0.8444758043172057
11.35	0.8811838615149253
11.45	0.9208175715719086
11.549999999999999	0.9619296352308
11.649999999999999	1.0029232156567545
11.75	1.0433248674677293
11.85	1.087025925769851
11.95	1.1262510496610854
12.049999999999999	1.165993164379178
12.149999999999999	1.1994916411840102
12.25	1.2322271439741816
12.35	1.2583141213581956
12.45	1.2842571634739595
12.549999999999999	1.3035572050918112
12.649999999999999	1.3185144277663334
12.75	1.328165939384718
12.85	1.335113488981626
12.95	1.3411261123317184
13.049999999999999	1.3382514152565874
13.149999999999999	1.3362413043872825
13.25	1.326166175545536
13.35	1.3167670742402797
13.45	1.3054263502915386
13.549999999999999	1.287731990906882
13.649999999999999	1.2688184134649472
13.75	1.2451195229358185
13.85	1.218056581495032
13.95	1.1898030610779275
14.049999999999999	1.1593895011676334
14.149999999999999	1.1292006915684918
14.25	1.0960081239042607
14.35	1.0650245084431516
14.45	1.0326411988918378
14.549999999999999	1.0033325221839968
14.649999999999999	0.9746073754113069
14.75	0.9458268901560214
14.85	0.9215660829940816
14.95	0.8976849405528431
15.049999999999999	0.8770454078469716
15.149999999999999	0.8586695707169427
15.25	0.841371586722583
15.35	0.8264786817698586
15.45	0.8135838534196099
15.549999999999999	0.8032614991133965
15.649999999999999	0.7959191129177369
15.75	0.7888359959075222
15.85	0.7843838173235866
15.95	0.7817838865802651
16.05	0.7816702018600256
16.15	0.7837515514857585
16.25	0.7871614559633305
16.349999999999998	0.791270786534946
16.45	0.796438099240942
16.55	0.8054146100474804
16.65	0.8159678645895398
16.75	0.8268656893431661
16.849999999999998	0.8402623417600458
16.95	0.8531874798516019
17.05	0.8699393153853464
17.15	0.8864331348607216
17.25	0.9028871490331016
17.349999999999998	0.9233334428145515
17.45	0.9438352166216923
17.55	0.9621977610451607
17.65	0.9842117039462218
17.75	1.0050653874640405
17.849999999999998	1.0259532608574538
17.95	1.045837022810136
18.05	1.0649912877177654
18.15	1.0869219439445792
18.25	1.105378481196771
18.349999999999998	1.1205797265172415
18.45	1.1325508714789996
18.55	1.1456765154110835
18.65	1.154987592651434
18.75	1.1671845909652068
18.849999999999998	1.1717514937955846
18.95	1.175741803762187
19.05	1.1780933549987107
19.15	1.1736144843768295
19.25	1.170435559024492
19.35	1.1673091476918442
19.45	1.160210305379886
19.55	1.1525293138008557
19.65	1.1426091854403435
19.75	1.131688454670289
19.85	1.1196936083136793
19.95	1.106103149424553
20.05	1.0932546821218576
20.15	1.0802653917424487
20.25	1.0670649220615258
20.35	1.0526963842741428
20.45	1.0369741793843732
20.55	1.0239691236609307
20.65	1.0096145184757073
20.75	0.9976535486846435
20.85	0.9833482999998864
20.95	0.9704185519360428
21.05	0.9599048968052312
21.15	0.9475489252593453
21.25	0.9371478600025612
21.35	0.9275552904097206
21.45	0.9193001104934668
21.55	0.9083398922654996
21.65	0.9022809601125186
21.75	0.8981879512100225
21.85	0.8929472185134143
21.95	0.8878096997353047
22.05	0.8823881232111875
22.15	0.8828686975058934
22.25	0.8797838195835946
22.35	0.8805173641053623
22.45	0.8814200555644148
22.55	0.883699854613042
22.65	0.8876071017155305
22.75	0.8899949642089443
22.85	0.8966531010419335
22.95	NaN
23.05	0.9101825018485077
23.15	0.9173449817062703
23.25	0.9260233232073669
23.35	0.936766270564484
23.45	0.9441660785385759
23.55	0.9565106920141215
23.65	0.9665385553530603
23.75	0.979122379717544
23.85	0.9886866620150944
23.95	1.0034475296914693
24.05	1.013887326901859
24.15	1.0273115877978205
24.25	1.0365364543663262
24.35	1.0471427460751688
24.45	1.0582476675927577
24.55	1.0669977962111716
24.65	1.0745885217880886
24.75	1.0826780912083873
24.85	1.091595837818854
24.95	1.0954633400310456
25.05	1.0992986627053536
25.15	1.1036671760372492
25.25	1.105097629123154
25.35	1.1051195175273698
25.45	1.1045624208944815
25.55	1.1011348818365345
25.65	1.0975112395341662
25.75	1.0944713178923995
25.85	1.090780482939582
25.95	1.0833217557329988
26.05	1.0750854644755108
26.15	1.0690241428790146
26.25	1.0597493567955054
26.35	1.050177905498132
26.45	1.042927257166102
26.55	1.0338653498125896
26.65	1.0245868944878753
26.75	1.0183315444201013
26.85	1.0073081187326796
26.95	0.9974103181713759
27.05	0.989450135811252
27.15	0.9817439488274657
27.25	0.974326731150868
27.35	0.9675972801334036
27.45	0.9600851051872632
27.55	0.9526860357716884
27.65	0.9484689529958843
27.75	0.9411886090258113
27.85	0.9387558994203027
27.95	0.9342109998158566
28.05	0.9289668216784627
28.15	0.9283763772619216
28.25	0.9262107608995015
28.35	0.9265879239654209
28.45	0.9244478259137326
28.55	0.9240363388951138
28.65	0.9232127206440124
28.75	0.9254051078190779
28.85	0.9273610769859102
28.95	0.9276693382534127
29.05	0.9346814922091354
29.15	0.9398947767168293
29.25	0.9419812407394894
29.35	0.9461870943309119
29.45	0.9506727535210191
29.55	0.9588690066132248
29.65	0.9646490225316953
29.75	0.9726585126324434
29.85	0.9800518083463962
29.95	0.9853824979306003
30.05	0.9938249662477177
30.15	1.000121551004741
30.25	1.009254330997571
30.35	1.014451100532823
30.45	1.0213369352275803
30.55	1.029920918355424
30.65	1.0342663160531933
30.75	1.0407649512451318
30.85	1.0457061734635782
30.95	1.0519637076902613
31.05	1.0587773228655637
31.15	1.0612516592271424
31.25	1.0624923354153066
31.35	1.0648651113451575
31.45	1.068703839183092
31.55	1.06876866353208
31.65	1.0662269171760035
31.75	1.0669911093616673
31.85	1.0658674218307675
31.95	1.0604505730447429
32.05	1.060967653914168
32.15	1.0564368621862166
32.25	1.0527603787109583
32.35	1.047684351485864
32.45	1.0429524019027836
32.55	1.0358784782083916
32.65	1.0321903920403221
32.75	1.0248912281191247
32.85	1.0172712601386447
32.95	1.0135500019935004
33.05	1.0074215528084682
33.15	1.00059507770558
33.25	0.9949574435339724
33.35	0.9905672587759978
33.45	0.9858791664332014
33.55	0.9800197949425334
33.65	0.9741533432038416
33.75	0.9696590762070212
33.85	0.9656470091911603
33.95	0.9608518237282359
34.05	0.9587616980664874
34.15	0.9547349110493341
34.25	0.9520740791338802
34.35	0.9506410850352908
34.45	0.9484883231970819
34.55	0.9470602617183899
34.65	0.9483888469168982
34.75	0.9464588088671384
34.85	0.9479311261931599
34.95	0.9466783102774261
35.05	0.9487778073732535
35.15	0.9523364581885976
35.25	0.9538058930350325
35.35	0.957665221441984
35.45	0.9580080584717836
35.55	0.962657645729804
35.65	0.9667656093468335
35.75	0.9699094204523432
35.85	0.9758331069167341
35.95	0.9803928777679013
36.05	0.9845739505693369
36.15	0.9896530904042499
36.25	0.9932925810477042
36.35	0.998792297569747
36.45	1.0045843271586408
36.55	NaN
36.65	1.0133889401176905
36.75	1.0187836202764555
36.85	1.0214447472937631
36.95	1.0285087358061467
37.05	1.030935669106374
37.15	1.0348106285736045
37.25	1.036923282127719
37.35	1.0405112747016907
37.45	1.041080271522853
37.55	1.0440225592138153
37.65	NaN
37.75	1.0470628781827984
37.85	1.0498925003493214
37.95	1.0494819462733753
38.05	1.0444178068297216
38.15	1.0444888163849564
38.25	1.0399177333417338
38.35	1.0421538770992316
38.45	1.0411853550500247
38.550000000000004	1.0364318076341574
38.65	1.0328159347587096
38.75	1.0278147425493758
38.85	1.0246131860271137
38.95	1.0222088895662218
39.050000000000004	1.0186962378042625
39.15	NaN
39.25	NaN
39.35	NaN
39.45	NaN
39.550000000000004	0.9961801370159472
39.65	0.9906378613939856
39.75	0.9881191187486474
39.85	0.9832779860557811
39.95	0.9813121804966449
40.050000000000004	0.9801087322393943
40.15	NaN
40.25	0.9704069377912121
40.35	0.967903313110541
40.45	0.9660560304027795
40.550000000000004	0.9652686317746382
40.65	0.9625141332039125
40.75	0.9622287551537175
40.85	0.9611510504080907
40.95	0.9609863380210046
41.050000000000004	0.9606528335946262
41.15	0.9598662668710204
41.25	0.9619937618858433
41.35	0.9634205383977232
41.45	0.96374390601078
41.550000000000004	NaN
41.65	0.9690004449374527
41.75	0.9712944633713672
41.85	0.9749216408914679
41.95	0.9769269558704803
42.050000000000004	0.9814287175552944
42.15	NaN
42.25	0.9864542965421363
42.35	0.9891885606041807
42.45	0.994709598487764
42.550000000000004	0.9967799018735343
42.65	1.0030575511273219
42.75	1.005210680774942
42.85	1.0092935962710687
42.95	1.0124234652886048
43.050000000000004	1.0168262994072386
43.15	1.019924517924006
43.25	1.0212838318316797
43.35	1.025483777196597
43.45	1.028043486625789
43.550000000000004	1.0310113434357293
43.65	NaN
43.75	1.0320690207047574
43.85	1.0341216924361882
43.95	1.0336132246901462
44.050000000000004	1.0339140372304467
44.15	1.0353490945497592
44.25	NaN
44.35	1.0345040910632948
44.45	1.0322470701403388
44.550000000000004	1.0322010090324165
44.65	1.0283699568815277
44.75	1.0276395660195603
44.85	1.0250388114343487
44.95	1.0227487230804801
45.050000000000004	1.0206297752712368
45.15	1.017805442090668
45.25	1.0141266712739712
45.35	NaN
45.45	1.0083150584062588
45.550000000000004	1.004949946096327
45.65	NaN
45.75	1.003138360026485
45.85	0.996444684377433
45.95	0.9929714523105839
46.050000000000004	0.988573804790556
46.15	0.986982296801773
46.25	0.988928949967787
46.35	0.9805916241106077
46.45	0.9792303753352952
46.550000000000004	0.977619500575712
46.65	NaN
46.75	0.9749897337413934
46.85	0.9743960265089184
46.95	0.9730970309225275
47.050000000000004	0.9709941096104472
47.15	0.9706596117631772
47.25	0.9706178391220883
47.35	0.9688369396333987
47.45	0.9718167269181274
47.550000000000004	0.9731304284835384
47.65	0.9729323737149664
47.75	0.9755350963890284
47.85	0.9760873869433733
47.95	0.976896316926414
48.050000000000004	0.9785617789174615
48.15	0.9765008029426444
48.25	0.9830871709589658
48.35	0.9872861419395009
48.45	0.9896382231707473
48.550000000000004	0.9914507522156648
48.65	0.9934721917240806
48.75	0.9964457320096808
48.85	1.001109366317935
48.95	1.0006057860830846
49.050000000000004	1.0037207394661638
49.15	NaN
49.25	1.0098691730409202
49.35	1.0137212899147756
49.45	1.0144304076538302
49.550000000000004	1.0176203059773752
49.65	1.0186888214447347
49.75	1.0214652057286833
49.85	1.0232539148031006
49.95	1.0230943645273967
50.050000000000004	1.026438603236271
50.15	1.025936482159936
50.25	1.02539826615331
50.35	1.0283159984112415
50.45	1.0282574114329743
50.550000000000004	1.025779982995401
50.65	1.0259836719332798
50.75	1.026507254380958
50.85	1.0233539966678868
50.95	NaN
51.050000000000004	1.020424628522818
51.15	1.018531830169312
51.25	1.016861054756179
51.35	1.0131206475558139
51.45	1.012807930546678
51.550000000000004	NaN
51.65	1.0070219449956297
51.75	1.0051331164642923
51.85	1.0039146151059424
51.95	1.0008900138187304
52.050000000000004	NaN
52.15	0.997206279353898
52.25	0.9938665334010901
52.35	0.9904420441624546
52.45	0.9874454068453387
52.550000000000004	0.9857950006511521
52.65	0.983008003937464
52.75	0.9835214957822803
52.85	0.982168133477376
52.95	NaN
53.050000000000004	0.9800100505571768
53.15	NaN
53.25	0.9791988425487939
53.35	0.9768530284943928
53.45	0.9754254793469582
53.550000000000004	NaN
53.65	0.9769826154273018
53.75	NaN
53.85	0.9778011134106182
53.95	0.9779801408279316
54.050000000000004	NaN
54.15	0.9809462145497112
54.25	NaN
54.35	0.9838389893609554
54.45	0.9862447065288678
54.550000000000004	NaN
54.65	0.9893445867656575
54.75	0.9927909907016182
54.85	0.9923720398264498
54.95	0.9962926385894996
55.050000000000004	0.9965369636796162
55.15	0.9998166903664242
55.25	1.0015150930175205
55.35	1.0068095186333024
55.45	1.0078940547955177
55.550000000000004	1.0120046636457125
55.65	1.010188859056575
55.75	1.0150204995142922
55.85	1.014371461353671
55.95	1.015601169699935
56.050000000000004	1.0151836981685423
56.15	1.0177664527878247
56.25	1.0206320274655436
56.35	1.0205664888404409
56.45	1.0218144659268766
56.550000000000004	1.0193599549909573
56.65	1.019616131213731
56.75	NaN
56.85	1.0210768275597835
56.95	1.020462678909839
57.050000000000004	1.0194021576177288
57.15	1.019451428579273
57.25	1.0161523742713028
57.35	NaN
57.45	1.0145021554669296
57.550000000000004	1.013167064975002
57.65	1.0130933195435041
57.75	1.0089557840927188
57.85	1.0077778059676712
57.95	1.0062338424348825
58.050000000000004	1.0040631318158297
58.15	1.0033141314733751
58.25	1.0016493193333702
58.35	0.9993055413228474
58.45	NaN
58.550000000000004	0.9944315068314108
58.65	0.993041944784455
58.75	NaN
58.85	0.9885286686847929
58.95	NaN
59.050000000000004	0.9833440984991678
59.15	0.9838685877336366
59.25	0.9838651195923283
59.35	0.982791958807094
59.45	0.9820134708383169
59.550000000000004	0.9809872949026164
59.65	0.9821416850154635
59.75	0.9823457054948962
59.85	NaN
59.95	0.9811997751103797
60.050000000000004	NaN
60.15	0.9845157606896668
60.25	0.9840128246432207
60.35	NaN
60.45	0.9847098162436887
60.550000000000004	0.9881823309030345
60.65	0.9836157253493709
60.75	0.9896126099491491
60.85	0.990970917867545
60.95	0.9942160470097438
61.050000000000004	0.9946530832669614
61.15	0.9947471219157911
61.25	0.9960213235754213
61.35	0.9995882667079682
61.45	1.0014293797291967
61.550000000000004	NaN
61.65	1.0054404190434103
61.75	NaN
61.85	NaN
61.95	1.0088537917647191
62.050000000000004	1.0111747634189971
62.15	1.0127252895672185
62.25	1.0145408913021245
62.35	1.015080029368366
62.45	1.0164055309255156
62.550000000000004	1.0159710299944882
62.65	1.0175011395200773
62.75	1.016447333408264
62.85	1.0169112711344337
62.95	1.0173293078188985
63.050000000000004	1.0159139020260217
63.15	1.017814008440331
63.25	NaN
63.35	1.015626615918238
63.45	1.015387186067493
63.550000000000004	1.0126861651284707
63.65	1.0119196072654209
63.75	1.0112112007333622
63.85	1.0112100182462906
63.95	1.0092569326576881
64.05	1.0077382719998509
64.14999999999999	1.0055819017040097
64.25	1.0058438904601263
64.35	1.0021212642449875
64.44999999999999	1.0016301725303556
64.55	1.0001491716035729
64.64999999999999	1.0001489892705413
64.75	0.9962477718165134
64.85	0.9945618355216358
64.94999999999999	0.9942709623709495
65.05	0.9926554656749496
65.14999999999999	0.9927667191971119
65.25	NaN
65.35	0.9880698300333018
65.44999999999999	NaN
65.55	0.9869940239023778
65.64999999999999	0.9869020321761881
65.75	0.985404570780275
65.85	0.9845669330907696
65.94999999999999	0.9849143251694474
66.05	NaN
66.14999999999999	0.9848490528900062
66.25	0.9843240477306295
66.35	0.9860970100602727
66.44999999999999	0.9868375948956486
66.55	0.9867027051682735
66.64999999999999	NaN
66.75	0.9885069177351484
66.85	NaN
66.94999999999999	NaN
67.05	0.9906285680146775
67.14999999999999	0.9927571613357689
67.25	0.9938620763739799
67.35	0.9958922951623588
67.44999999999999	0.9960622033094392
67.55	0.9974128224721966
67.64999999999999	NaN
67.75	NaN
67.85	1.0052979393840218
67.94999999999999	1.003980589204337
68.05	1.0040013665893235
68.14999999999999	1.005966727410327
68.25	NaN
68.35	1.0086408578820898
68.44999999999999	1.012289908417422
68.55	1.0115151421708657
68.64999999999999	NaN
68.75	1.0121513552980161
68.85	1.0142024924062831
68.94999999999999	1.0140458570890591
69.05	1.0138502370188955
69.14999999999999	1.0130820238633655
69.25	1.015469962861291
69.35	1.012633076742873
69.44999999999999	NaN
69.55	1.0128294163751046
69.64999999999999	1.0141987952725755
69.75	NaN
69.85	1.011076434299442
69.94999999999999	NaN
70.05	1.0092292085165497
70.14999999999999	1.007925711700641
70.25	NaN
70.35	1.0059344761857474
70.44999999999999	NaN
70.55	1.0038914794154945
70.64999999999999	1.001360963842543
70.75	1.0017760876997936
70.85	0.9986210107992948
70.94999999999999	0.9977854525846603
71.05	0.9974236804259543
71.14999999999999	0.9955188867904085
71.25	NaN
71.35	0.9931420173422358
71.44999999999999	0.9921279963183668
71.55	0.9911149337114089
71.64999999999999	0.9875866979926976
71.75	0.9895681223603796
71.85	0.9890355646096347
71.94999999999999	0.9876949967536381
72.05	NaN
72.14999999999999	NaN
72.25	NaN
72.35	NaN
72.44999999999999	0.9889785060617536
72.55	0.9863238180118151
72.64999999999999	0.9869072538268796
72.75	NaN
72.85	0.9898923223548184
72.94999999999999	0.9891642380637131
73.05	0.9905326034224994
73.14999999999999	0.9906035541941225
73.25	0.9917381643707693
73.35	0.9941018139643706
73.44999999999999	NaN
73.55	0.9947016689365683
73.64999999999999	NaN
73.75	NaN
73.85	0.9973163571084633
73.94999999999999	0.9998737358403625
74.05	1.001366821325614
74.14999999999999	0.9979331578992466
74.25	1.0038442368362062
74.35	1.0044756761188203
74.44999999999999	1.0075803730800488
74.55	1.0063321908837712
74.64999999999999	1.00848390181075
74.75	1.009295250409205
74.85	1.009757683749122
74.94999999999999	1.0089626117096184
75.05	1.010776924952338
75.14999999999999	1.0108705758010268
75.25	NaN
75.35	NaN
75.44999999999999	NaN
75.55	1.0121795481741098
75.64999999999999	NaN
75.75	NaN
75.85	1.010145006322024
75.94999999999999	1.0112240876568523
76.05	1.0088229116393053
76.14999999999999	1.0096372912522085
76.25	NaN
76.35	1.0079759236755266
76.44999999999999	NaN
76.55	1.0051249895457655
76.64999999999999	1.004654702837457
76.75	NaN
76.85	NaN
76.95	NaN
77.05	NaN
77.14999999999999	0.9982346531290732
77.25	0.9974568235874988
77.35	0.9955749107144424
77.45	0.995457611111793
77.55	0.9948343903479256
77.64999999999999	0.9930484533800689
77.75	0.9915521185396379
77.85	0.9915061879990088
77.95	0.9926163109000753
78.05	0.9898594226625562
78.14999999999999	0.9904197499188115
78.25	0.990317227094686
78.35	0.9879159862166214
78.45	NaN
78.55	NaN
78.64999999999999	0.9916701470406595
78.75	0.9896046322120202
78.85	NaN
78.95	0.9903150617370163
79.05	NaN
79.14999999999999	NaN
79.25	0.9928725143410763
79.35	NaN
79.45	0.9910663117904795
79.55	0.9921432000080025
79.64999999999999	NaN
79.75	0.9953551539532063
79.85	0.9947813362350548
