0.15	0.036617536042123276
0.25	0.036798409114541394
0.35	0.036522875891634124
0.45	0.03706384109426845
0.55	0.03738345579733449
0.65	0.03765685721723635
0.7500000000000001	0.03851077576944287
0.85	0.03833691995063318
0.95	0.039133190936526445
1.05	0.03972342746871343
1.15	0.04041869229577625
1.25	0.041197729582302195
1.35	0.04181160008400501
1.45	0.04272030574728126
1.55	0.043802278129053095
1.65	0.04496946696394501
1.75	0.046155081925103335
1.85	0.04755523751858647
1.95	0.04865703818389777
2.05	0.050558972837406506
2.15	0.052061893495584065
2.25	0.05401685973280072
2.35	0.05578521225392612
2.45	0.05801343140226922
2.5500000000000003	0.06033507056037918
2.65	0.06314495701541181
2.75	0.0661513539902096
2.85	0.06907666806065814
2.95	0.07257411081076609
3.0500000000000003	0.07610041781077813
3.15	0.08029341899560785
3.25	0.08481353154323738
3.35	0.09014609480896182
3.45	0.09550399670948574
3.5500000000000003	0.10137879448200832
3.65	0.10786642314405448
3.75	0.11588185596138208
3.85	0.12418530955925856
3.95	0.13363575460679172
4.05	0.14341594361781831
4.1499999999999995	0.15493249772552425
4.25	0.16849569446160595
4.35	0.18367785491532404
4.449999999999999	0.20068457797050812
4.55	0.21975460189927992
4.6499999999999995	0.24253683892973366
4.75	0.26805473668207846
4.85	0.29500353575818833
4.95	0.33078974546997025
5.05	0.36948135369362123
5.1499999999999995	0.41355100371268405
5.25	0.4640855652482175
5.35	0.5235919319605113
5.45	0.5975336538195413
5.55	0.6759218709902874
5.6499999999999995	0.7747312042266056
5.75	0.8865004309764717
5.85	1.0130733179664002
5.95	1.1500011777164203
6.05	1.306278059104721
6.1499999999999995	1.4818405354863622
6.25	1.6484643701508457
6.35	1.8123882911241316
6.45	1.9530813372321336
6.55	2.066240808642083
6.6499999999999995	2.1256582265787407
6.75	2.1398186638430094
6.85	2.103072124002382
6.95	2.030202527786317
7.05	1.9275226926727294
7.1499999999999995	1.8166607129875325
7.25	1.7008085191656068
7.35	1.585851495577575
7.45	1.473553026361856
7.55	1.37059037298156
7.6499999999999995	1.278188145244189
7.75	1.1969589093633375
7.85	1.1235676145286297
7.95	1.0533815827280326
8.05	0.9977934830299281
8.15	0.9466698232733358
8.25	0.9007972666978296
8.350000000000001	0.8621567650475638
8.450000000000001	0.8298039361374049
8.55	0.8014346645507712
8.65	0.7751376279544827
8.75	0.7557368020687112
8.850000000000001	0.73781334728884
8.950000000000001	0.7230588176809636
9.05	0.710846082744868
9.15	0.7016282966552392
9.25	0.6935251947588893
9.350000000000001	0.6888112069643109
9.450000000000001	0.6863640872682846
9.55	0.6868928353964194
9.65	0.6890153302746805
9.750000000000002	0.691276900905593
9.85	0.695720617669103
9.95	0.7027219083783307
10.049999999999999	0.7111506313988651
10.149999999999999	0.7216401390928213
10.25	0.7336690599234084
10.35	0.7477085985810138
10.45	0.7610495778222408
10.549999999999999	0.7784297627119351
10.649999999999999	0.7975698134992679
10.75	0.8165593345554306
10.85	0.8389989908430784
10.95	0.8614937322956026
11.049999999999999	0.8869328916929167
11.149999999999999	0.9128576972019921
11.25	0.9373928843548667
11.35	0.9645576291230877
11.45	0.99138979346851
11.549999999999999	1.0190242632103277
11.649999999999999	1.0452663261347184
11.75	1.070741496491941
11.85	1.097759417677473
11.95	1.1238301931011814
12.049999999999999	1.1462167013453892
12.149999999999999	1.1645392806303345
12.25	1.1877839401368409
12.35	1.2041912070231644
12.45	1.2176829377172442
12.549999999999999	1.2288169527074646
12.649999999999999	1.2354374774330625
12.75	1.2397328671410592
12.85	1.2434356947977174
12.95	1.239454094415791
13.049999999999999	1.2360748479762578
13.149999999999999	1.224483683004048
13.25	1.216366304912824
13.35	1.2027672857455862
13.45	1.1862809904776428
13.549999999999999	1.1690828699649525
13.649999999999999	1.1498962180098924
13.75	1.1270396303654342
13.85	1.1101782992905802
13.95	1.0894650523335419
14.049999999999999	1.0674302225724885
14.149999999999999	1.04565007105811
14.25	1.0267750600716994
14.35	1.0056424032919038
14.45	0.9861794231517064
14.549999999999999	0.9688377892785794
14.649999999999999	0.9540126971312868
14.75	0.9371977283819672
14.85	0.9228536735941175
14.95	0.9111956789662142
15.049999999999999	0.8984255464949502
15.149999999999999	0.89009346455971
15.25	0.8807349369631059
15.35	0.8754010148278656
15.45	0.866986244586538
15.549999999999999	0.8643893978112356
15.649999999999999	0.8602249999790093
15.75	0.8579605703010037
15.85	0.8578557287494049
15.95	0.8577012367532082
16.05	0.8623932430302986
16.15	0.8631732904610324
16.25	0.867250567905261
16.349999999999998	0.8721067372514482
16.45	0.8779470289648678
16.55	0.886008992487933
16.65	0.8958009960598834
16.75	0.9033559075411776
16.849999999999998	0.9121387760635935
16.95	0.9237320320259745
17.05	0.932903408523147
17.15	0.9439013059779593
17.25	0.9567587855857609
17.349999999999998	0.9709140286972814
17.45	0.982907030425037
17.55	0.9957304637467267
17.65	1.0071610414335452
17.75	1.0207661474951477
17.849999999999998	1.0327945910018732
17.95	1.0455832185704288
18.05	1.0544030100184514
18.15	1.0647589381532427
18.25	1.0752768304959988
18.349999999999998	1.0840810962549519
18.45	1.0918419565331452
18.55	1.0988680560906872
18.65	1.1055876400085758
18.75	1.1063030966746268
18.849999999999998	1.1097304869263667
18.95	1.1121057973992081
19.05	1.1103437562771232
19.15	1.107237996576189
19.25	1.1066824242528124
19.35	1.101791172430165
19.45	1.097456196596493
19.55	1.0908102728409117
19.65	1.0855081080899263
19.75	1.07736222690482
19.85	1.0710859394067596
19.95	1.0615271086713476
20.05	1.054723120195392
20.15	1.0436643795493945
20.25	1.034888720168521
20.35	1.0264885210729797
20.45	1.0137832334307113
20.55	1.0057059364357115
20.65	0.9951232709024268
20.75	0.9880139324131189
20.85	0.9789055953118329
20.95	0.9729712565628859
21.05	0.9663388327335131
21.15	0.9566218334810511
21.25	0.950097716791562
21.35	0.9421723811149487
21.45	0.939158425053363
21.55	0.9361325404134785
21.65	0.9310370862124593
21.75	0.9288417971383264
21.85	0.9249643220259757
21.95	0.9238721288693984
22.05	0.922277454727681
22.15	0.9226680771966846
22.25	0.923116677443029
22.35	0.9237813118393504
22.45	0.9268764851389388
22.55	0.9285946322722927
22.65	0.9335073157480472
22.75	0.9358471635409858
22.85	0.9412357515948448
22.95	0.9441805931083959
23.05	0.9501063727836923
23.15	0.9578539211589876
23.25	0.9629831746777253
23.35	0.9695667800337642
23.45	0.9760611482749296
23.55	0.9822322457608159
23.65	0.9897212931660484
23.75	0.998560579233675
23.85	1.0040932845192305
23.95	1.0091522203957208
24.05	1.0161351195363906
24.15	1.0245685131676032
24.25	1.027719473988465
24.35	1.037938265611605
24.45	1.0417402781242433
24.55	1.044978936564658
24.65	1.0509739131025118
24.75	1.0540143878009849
24.85	1.0583086006356601
24.95	1.0602972258787176
25.05	1.063132651178737
25.15	1.063482372941043
25.25	1.064401525353176
25.35	1.0622443944972197
25.45	1.0623763597153484
25.55	1.0583235905326493
25.65	1.058460759851992
25.75	1.0566212368699894
25.85	1.0504287150833933
25.95	1.0490800788632568
26.05	1.0423362224586388
26.15	1.0381114996162928
26.25	1.035090522449307
26.35	1.0283806262240578
26.45	1.0222735315844578
26.55	1.0171274709306046
26.65	1.0071172272543405
26.75	1.0062936826052142
26.85	1.0017635557734572
26.95	0.9952996224721519
27.05	0.9911081978283197
27.15	0.9848842300533698
27.25	0.9810585419667762
27.35	0.9738929451684971
27.45	0.9710667496570125
27.55	0.9690126657446335
27.65	0.9648273646228513
27.75	0.9614955170384805
27.85	0.9561117319992152
27.95	0.9565595057922193
28.05	0.9530574422622958
28.15	0.9535195722367076
28.25	0.9528262387854564
28.35	0.9529633473722708
28.45	0.9519673816642605
28.55	0.9547043610543551
28.65	0.9524546680219514
28.75	0.9551574404039028
28.85	0.9562375813092656
28.95	0.9597707685162709
29.05	0.9609936324382903
29.15	0.9639653504787998
29.25	0.9678725695828067
29.35	0.9729441678759898
29.45	0.9761525837387318
29.55	0.9779441499492243
29.65	0.9830547894648018
29.75	0.9879710876350136
29.85	0.9923142062155693
29.95	NaN
30.05	0.999648839541991
30.15	1.0025794359545104
30.25	1.0096319767126896
30.35	1.0135453765164522
30.45	1.0172064648149002
30.55	1.0218320519509358
30.65	1.025017547377956
30.75	1.0283226977651703
30.85	1.0325852912857523
30.95	1.035951042043823
31.05	1.0355346306465663
31.15	1.039504444189537
31.25	1.041767357566585
31.35	1.0409109092509587
31.45	1.0404079051389454
31.55	1.040484373987361
31.65	1.0387282092459007
31.75	NaN
31.85	1.0397581673162475
31.95	1.0377055520672904
32.05	1.0337831905633788
32.15	1.0323579144854858
32.25	1.031950176383998
32.35	1.02856168760839
32.45	1.0227774542198127
32.55	1.0214591693139574
32.65	1.0178098168355
32.75	1.0121284555632153
32.85	1.0074058410398559
32.95	1.006403208661762
33.05	1.0021426791551205
33.15	0.997018270832194
33.25	0.9961737384163181
33.35	0.9929100459960094
33.45	0.9888191049609552
33.55	0.9863067986213662
33.65	0.9837271060126691
33.75	0.979944235831284
33.85	0.9790600191903551
33.95	0.9753713077727257
34.05	0.972130460761804
34.15	0.9718158049913891
34.25	0.9693089780167209
34.35	0.9700670373223741
34.45	0.9703007037434482
34.55	0.9671395010910885
34.65	0.9667952549137973
34.75	0.9678470764340567
34.85	0.9677753154136609
34.95	0.9696644675370083
35.05	0.9666080545481112
35.15	0.9701722598893903
35.25	0.9729206056543218
35.35	0.9763856458684131
35.45	0.9747112936864869
35.55	0.9795278569245134
35.65	0.980490832491254
35.75	0.9834075280116449
35.85	0.9868585197603056
35.95	0.9925222922011738
36.05	0.9936562957166598
36.15	0.9977837634738272
36.25	0.9996357997835051
36.35	1.0026388183877497
36.45	1.006081708210516
36.55	1.009920783795219
36.65	NaN
36.75	1.0123166297952353
36.85	1.01778765600152
36.95	1.0188756666857637
37.05	1.0209637102134086
37.15	1.0208595156896234
37.25	1.0244286014199815
37.35	1.0252080722462587
37.45	1.0273094288729752
37.55	1.027057968173534
37.65	1.0316346781509012
37.75	1.0276779281500967
37.85	1.0289251097500978
37.95	1.0257415644769707
38.05	NaN
38.15	NaN
38.25	1.0249803861911653
38.35	1.023982070623321
38.45	1.0205219124858842
38.550000000000004	1.0213130764123406
38.65	1.0172374719908341
38.75	1.0143790029317221
38.85	1.0145905280686642
38.95	1.0104743564376
39.050000000000004	1.0070207505255733
39.15	1.006306350165214
39.25	1.00553163419805
39.35	1.0016800303145137
39.45	0.9980618112800348
39.550000000000004	0.9958463174490865
39.65	NaN
39.75	0.9894790772811254
39.85	0.989221603003684
39.95	0.9868676239812108
40.050000000000004	0.9838891053442915
40.15	0.9832910811543826
40.25	0.9772412404619137
40.35	NaN
40.45	0.9795609186849278
40.550000000000004	0.9771427380325908
40.65	0.9755341753877789
40.75	0.978415011932288
40.85	0.9770267381857662
40.95	0.9764965812949572
41.050000000000004	0.9756633724489705
41.15	0.9766299202153161
41.25	0.9779487799821351
41.35	0.9776777508066418
41.45	0.9790164787700529
41.550000000000004	0.9804879219290619
41.65	0.9821202507091059
41.75	0.982695326432393
41.85	0.9864155951760868
41.95	0.9866691270108002
42.050000000000004	0.9884705580726721
42.15	0.9906638173829213
42.25	0.9938962287684827
42.35	0.9964929688253058
42.45	0.9995038543047919
42.550000000000004	0.9997703776188317
42.65	1.0013037908900977
42.75	1.0073930453074922
42.85	1.0041336087216206
42.95	1.009261729418656
43.050000000000004	1.0110614952615622
43.15	NaN
43.25	1.0130536080868873
43.35	1.0161049646590856
43.45	1.0171648339210482
43.550000000000004	1.011296856821557
43.65	NaN
43.75	NaN
43.85	1.019598575076749
43.95	1.0204336272658485
44.050000000000004	1.0230201577643805
44.15	1.0215043482679553
44.25	1.0177305768639648
44.35	1.0201196799498133
44.45	NaN
44.550000000000004	1.0183421311151613
44.65	1.0176824921304684
44.75	1.018627350853049
44.85	1.0140782628900542
44.95	1.0125914673153464
45.050000000000004	1.0124536737550267
45.15	1.0091851717949496
45.25	1.0101035835342536
45.35	1.0067346084446493
45.45	1.0045391872345415
45.550000000000004	1.0004520552177838
45.65	1.0014050270530261
45.75	NaN
45.85	0.9960842082005538
45.95	NaN
46.050000000000004	0.9921563859050069
46.15	0.9943618574881319
46.25	0.9889870860676115
46.35	NaN
46.45	0.9863557549528298
46.550000000000004	0.9846071077113937
46.65	NaN
46.75	0.984329745076061
46.85	0.984303513958762
46.95	0.9828290400372495
47.050000000000004	0.980556858602421
47.15	0.9812826808667562
47.25	0.9828170299009518
47.35	0.9817819073280724
47.45	NaN
47.550000000000004	0.9825116020563817
47.65	0.9819483799628866
47.75	0.9864032627219942
47.85	0.986146511791277
47.95	0.9862052712283346
48.050000000000004	0.9891797291375471
48.15	0.9894916329250616
48.25	0.9942383303531281
48.35	0.9917589654201653
48.45	0.9937558794975926
48.550000000000004	0.9974368699708694
48.65	0.9939240119056304
48.75	1.0015508923936007
48.85	1.0014586887049173
48.95	1.0031710408234993
49.050000000000004	1.0042367038330444
49.15	1.0038434310974074
49.25	1.0059291159898573
49.35	1.0088839054239818
49.45	1.0112133785923505
49.550000000000004	1.0118337046643742
49.65	1.0133738794805296
49.75	NaN
49.85	1.0145359056964003
49.95	1.0138292163074087
50.050000000000004	1.0171443194023442
50.15	1.0154827040461507
50.25	1.0150432536199436
50.35	1.0139304934564362
50.45	1.0153553143601786
50.550000000000004	1.0139979200903257
50.65	1.017248355567626
50.75	1.0135737565344165
50.85	1.0132400501756782
50.95	1.0115308813894321
51.050000000000004	1.0107508086145642
51.15	1.0117997877758818
51.25	1.0096660227482233
51.35	1.0092057628524078
51.45	1.0071994329222953
51.550000000000004	1.0044517182386046
51.65	1.003673608464281
51.75	1.004300865249248
51.85	1.0016118244785006
51.95	1.0009130727313709
52.050000000000004	0.9983655025828577
52.15	NaN
52.25	0.9973877743141375
52.35	0.9942229542296639
52.45	0.9935771675951411
52.550000000000004	0.9926267879829433
52.65	0.9869170727528386
52.75	0.989276346953648
52.85	0.9883456783071487
52.95	0.9883263066485238
53.050000000000004	0.9852253929379137
53.15	0.9850047623023409
53.25	0.9861704149941952
53.35	0.98609873560353
53.45	0.986620505624173
53.550000000000004	0.9882143848194037
53.65	0.9864174510659957
53.75	0.987873555461002
53.85	0.9861408602312842
53.95	0.9882513555143049
54.050000000000004	0.9886071426431559
54.15	0.9897034047476745
54.25	0.9911425804174142
54.35	0.9905422657808356
54.45	0.9918817103662269
54.550000000000004	NaN
54.65	0.9967136584356737
54.75	0.9965920428448137
54.85	0.9967303739355219
54.95	0.9990610306310409
55.050000000000004	1.0002079668759303
55.15	1.0014054120553686
55.25	1.0022819904795737
55.35	1.0036312435049113
55.45	1.004934494864427
55.550000000000004	1.005646135264255
55.65	NaN
55.75	1.0056412346334314
55.85	1.010507837636626
55.95	1.011805240126841
56.050000000000004	1.0113171368821152
56.15	1.0086886150217678
56.25	1.0118325299347752
56.35	1.017085632568849
56.45	1.0140133525044073
56.550000000000004	1.0126207423131433
56.65	1.0115504469747212
56.75	1.0118252998225845
56.85	1.0142327051262585
56.95	1.0118947158387155
57.050000000000004	1.0132762447425203
57.15	1.0107146070274198
57.25	1.009834026817054
57.35	1.0106655250962
57.45	1.0050359766764168
57.550000000000004	NaN
57.65	1.007828225066466
57.75	1.0059892028924748
57.85	1.0056505324691245
57.95	1.0046913394915473
58.050000000000004	NaN
58.15	1.001013314779219
58.25	0.9981283433884638
58.35	0.9979602787328479
58.45	0.9971870464975728
58.550000000000004	0.9954595210224814
58.65	0.9949367405769698
58.75	NaN
58.85	0.9916467145057105
58.95	0.9922832478439089
59.050000000000004	0.9903143462492552
59.15	0.9901081423872544
59.25	0.9901365003007118
59.35	0.9893516775765893
59.45	0.9878581073449462
59.550000000000004	0.9891547960596455
59.65	NaN
59.75	0.9877867477288496
59.85	0.9885382355352871
59.95	0.990079239437384
60.050000000000004	0.9890239546922848
60.15	0.990881933063346
60.25	0.9899347022122474
60.35	NaN
60.45	0.9908033248789277
60.550000000000004	0.9924778820622627
60.65	0.9931379753047792
60.75	0.9933686159869985
60.85	NaN
60.95	0.9962103341478555
61.050000000000004	0.996674539809252
61.15	0.9984511049927902
61.25	0.9999318455431263
61.35	1.001648643315335
61.45	1.0017390997837021
61.550000000000004	1.002121210650127
61.65	1.0020426218669458
61.75	1.0024043083188066
61.85	1.0047528180700565
61.95	NaN
62.050000000000004	1.0092486312966134
62.15	1.008387522622071
62.25	1.0093782092220276
62.35	1.010723645348559
62.45	NaN
62.550000000000004	1.0089072208135301
62.65	NaN
62.75	NaN
62.85	1.0098339627757833
62.95	1.00936016343477
63.050000000000004	1.0104178435404705
63.15	1.0114684237671154
63.25	1.008525071540123
63.35	1.0117615745877764
63.45	1.0081207954774458
63.550000000000004	1.0084787468341714
63.65	NaN
63.75	1.003142995840909
63.85	NaN
63.95	1.0047073066162182
64.05	1.0033496983023231
64.14999999999999	1.003023147594103
64.25	1.0013897382807895
64.35	NaN
64.44999999999999	1.000458706109395
64.55	1.0006518264517104
64.64999999999999	0.9990271416633708
64.75	0.9978559002828966
64.85	0.9969028433028505
64.94999999999999	0.9949129059913769
65.05	0.994437133427251
65.14999999999999	NaN
65.25	0.9927129393442359
65.35	0.9922217112191202
65.44999999999999	0.9915881311980003
65.55	0.9907506416787392
65.64999999999999	NaN
65.75	0.9898023269675124
65.85	0.9913420975765554
65.94999999999999	NaN
66.05	NaN
66.14999999999999	0.9914711147898878
66.25	0.9921449517054355
66.35	0.9922743982370705
66.44999999999999	0.9918510206235017
66.55	NaN
66.64999999999999	0.9923153144359724
66.75	0.9916647203006854
66.85	NaN
66.94999999999999	NaN
67.05	NaN
67.14999999999999	NaN
67.25	0.9972336590977408
67.35	NaN
67.44999999999999	NaN
67.55	0.9998044009817182
67.64999999999999	0.9996015497234952
67.75	1.001637970090754
67.85	0.9998492948889615
67.94999999999999	NaN
68.05	1.0025336994756802
68.14999999999999	1.0044155887311912
68.25	1.0068707645650299
68.35	1.0053276275241874
68.44999999999999	1.0065271642152231
68.55	1.0063525287342427
68.64999999999999	NaN
68.75	1.0057745978844697
68.85	1.0080853884055456
68.94999999999999	1.0075610196599833
69.05	NaN
69.14999999999999	1.0088832506686136
69.25	NaN
69.35	1.0094207086935623
69.44999999999999	1.0083334908099981
69.55	1.008970124476956
69.64999999999999	1.007352671197069
69.75	1.0072856067367424
69.85	1.006339674727715
69.94999999999999	1.0053559578864661
70.05	NaN
70.14999999999999	1.0038237507843117
70.25	1.0029422058954778
70.35	1.0028813815079591
70.44999999999999	1.002200762097194
70.55	1.002314145618976
70.64999999999999	1.0009545522081678
70.75	0.9990300676740708
70.85	0.9987776216182928
70.94999999999999	0.9986923055004686
71.05	0.9969510586717749
71.14999999999999	NaN
71.25	0.996925595814644
71.35	NaN
71.44999999999999	0.9938477422862492
71.55	0.9952487874987234
71.64999999999999	0.9937817451762836
71.75	0.9959275634029935
71.85	NaN
71.94999999999999	NaN
72.05	0.9923863125969155
72.14999999999999	NaN
72.25	0.9918700065190609
72.35	0.9923150067307381
72.44999999999999	NaN
72.55	NaN
72.64999999999999	0.992397964089028
72.75	0.9912668952341833
72.85	0.9949503361836765
72.94999999999999	NaN
73.05	0.9934506877297943
73.14999999999999	0.9938381462413807
73.25	0.9947543587062879
73.35	0.996505272372083
73.44999999999999	0.9977279461370726
73.55	0.9983457965099397
73.64999999999999	0.9977125156821456
73.75	0.9969685843093714
73.85	0.9992165273516517
73.94999999999999	NaN
74.05	NaN
74.14999999999999	1.001983156935792
74.25	1.002005884000101
74.35	1.0055254977919441
74.44999999999999	1.004866807694663
74.55	1.0054637004914198
74.64999999999999	NaN
74.75	NaN
74.85	1.0056469380021769
74.94999999999999	1.0070863045107106
75.05	1.0073202062592632
75.14999999999999	1.0066625171773353
75.25	1.0062153117766264
75.35	1.0059992838907124
75.44999999999999	1.0050773988778738
75.55	1.0076391803791405
75.64999999999999	1.0064881081201833
75.75	NaN
75.85	1.0078944501090403
75.94999999999999	NaN
76.05	1.0064156323461777
76.14999999999999	1.0056946587423958
76.25	1.0048381770691712
76.35	1.0042223726055415
76.44999999999999	NaN
76.55	1.0034078323676152
76.64999999999999	1.001269382330744
76.75	NaN
76.85	1.0005075924151652
76.95	0.9998474086280056
77.05	1.0000174736745449
77.14999999999999	0.9987100047151536
77.25	NaN
77.35	NaN
77.45	NaN
77.55	0.995576709386595
77.64999999999999	NaN
77.75	0.994612506163078
77.85	0.9942291677857047
77.95	NaN
78.05	0.9937987381920713
78.14999999999999	NaN
78.25	0.993873823559773
78.35	0.9942235020670354
78.45	NaN
78.55	NaN
78.64999999999999	NaN
78.75	0.994965377572917
78.85	0.9945883971069381
78.95	0.9945745667974489
79.05	NaN
79.14999999999999	NaN
79.25	0.9940097722852044
79.35	0.9963635138011132
79.45	NaN
79.55	0.9962556980702207
79.64999999999999	NaN
79.75	0.9970431992158272
79.85	0.9979644785225246
