0.15	0.01932837254290989
0.25	0.019200815169408955
0.35	0.01914114088937742
0.45	0.019393367789273554
0.55	0.01955868534436633
0.65	0.019370889381063797
0.7500000000000001	0.01933134038774941
0.85	0.019894117199284363
0.95	0.02024887148685259
1.05	0.020493706921821682
1.15	0.020888424803183422
1.25	0.02118523020275533
1.35	0.02161481129002864
1.45	0.022017895784199045
1.55	0.022594151084393093
1.65	0.023024006101738485
1.75	0.023573808677986065
1.85	0.024343981040318523
1.95	0.02506462076046382
2.05	0.025748133939395217
2.15	0.02665152052197081
2.25	0.02757645621306227
2.35	0.02865112783923731
2.45	0.02949841639610231
2.5500000000000003	0.030700712144397367
2.65	0.03202450750381635
2.75	0.03339226348982086
2.85	0.03488895837128573
2.95	0.03665427057312927
3.0500000000000003	0.0383758948210916
3.15	0.040262547551729616
3.25	0.04254283092531425
3.35	0.04503864014445651
3.45	0.04757225308455488
3.5500000000000003	0.050565092725053475
3.65	0.05376039097502043
3.75	0.0576028137807013
3.85	0.061069147951847244
3.95	0.06574906000086829
4.05	0.0709040601265916
4.1499999999999995	0.07645188445290052
4.25	0.08248288611400682
4.35	0.08987234625781144
4.449999999999999	0.09761925485045216
4.55	0.106501852797095
4.6499999999999995	0.1165998799610395
4.75	0.12915534053884842
4.85	0.14297011825754255
4.95	0.15906676765793779
5.05	0.17721645115543574
5.1499999999999995	0.19959487868411652
5.25	0.22434498620337218
5.35	0.25496002734037665
5.45	0.2922048973305684
5.55	0.3358203773930461
5.6499999999999995	0.38724189020731303
5.75	0.4532920530857039
5.85	0.5297385470100376
5.95	0.6252678473786053
6.05	0.7457946281341824
6.1499999999999995	0.899091786086928
6.25	1.0839868086200675
6.35	1.3014629857762037
6.45	1.5800914851561938
6.55	1.8900721524396447
6.6499999999999995	2.225707572675563
6.75	2.5379446536202566
6.85	2.7877111640425807
6.95	2.925626789063211
7.05	2.9099644777543734
7.1499999999999995	2.776256452756961
7.25	2.5579601097386293
7.35	2.294540999559863
7.45	2.0399250899165478
7.55	1.8161030650716028
7.6499999999999995	1.6044834585109087
7.75	1.4347941304078318
7.85	1.2829959433557234
7.95	1.1625037474513176
8.05	1.0625485054338812
8.15	0.9728034309738379
8.25	0.8989353268717879
8.350000000000001	0.8398538488575935
8.450000000000001	0.7875941499264569
8.55	0.7431261147386293
8.65	0.705954291853694
8.75	0.6770435028837014
8.850000000000001	0.6512263642437398
8.950000000000001	0.6297659525908976
9.05	0.6120581975037274
9.15	0.5984339730681543
9.25	0.5870567089907084
9.350000000000001	0.577782295515165
9.450000000000001	0.5729628379216672
9.55	0.5683418562997083
9.65	0.568826969368159
9.750000000000002	0.5693027633403257
9.85	0.5729844407630891
9.95	0.5766538073430513
10.049999999999999	0.5840942032013172
10.149999999999999	0.5938879145104446
10.25	0.6062029695044961
10.35	0.6195603755461806
10.45	0.6350592814257857
10.549999999999999	0.6519219790956249
10.649999999999999	0.6719242354358028
10.75	0.6952460652505619
10.85	0.7208103025098997
10.95	0.7446693196125708
11.049999999999999	0.77701930765683
11.149999999999999	0.8104633504739592
11.25	0.8444403018216085
11.35	0.8815334207293148
11.45	0.9195394673555498
11.549999999999999	0.9611888204980071
11.649999999999999	1.0027336129970963
11.75	1.0454777450157304
11.85	1.0870475036104879
11.95	1.127041558980826
12.049999999999999	1.1648518057496995
12.149999999999999	1.2004824473359093
12.25	1.232314198847645
12.35	1.2617608966423874
12.45	1.2842775829674589
12.549999999999999	1.3038238868491243
12.649999999999999	1.317731522486943
12.75	1.329886815345876
12.85	1.3359638110168253
12.95	1.3405980912576838
13.049999999999999	1.3397786602543422
13.149999999999999	1.3381405994037003
13.25	1.3271841035908203
13.35	1.317894275336853
13.45	1.304844019839105
13.549999999999999	1.2862691742803292
13.649999999999999	1.2665013281313868
13.75	1.2437913222912484
13.85	1.2179861571938138
13.95	1.1899667052408731
14.049999999999999	1.1598987523266577
14.149999999999999	1.12825548289051
14.25	1.0975030501667082
14.35	1.0653413437723478
14.45	1.0339322220406124
14.549999999999999	1.003566900474299
14.649999999999999	0.9725585860687662
14.75	0.9447564001952045
14.85	0.9203784744348594
14.95	0.8968505813517024
15.049999999999999	0.876413458153927
15.149999999999999	0.8580523127855221
15.25	0.8402097939500731
15.35	0.8265754154672798
15.45	0.8132707330270782
15.549999999999999	0.8021238977761603
15.649999999999999	0.7960596177556661
15.75	0.7905569023407336
15.85	0.7853613356877766
15.95	0.7828010173749171
16.05	0.7819338200941465
16.15	0.7831261443613353
16.25	0.7858719855451928
16.349999999999998	0.790262339036751
16.45	0.7983940686790076
16.55	0.8050067458108436
16.65	0.8155649658659844
16.75	0.8259063184539691
16.849999999999998	0.8390908573829243
16.95	0.852696201239752
17.05	0.8687992773486247
17.15	0.8853977279551702
17.25	0.9032808523957137
17.349999999999998	0.9242919871622152
17.45	0.9428722231220343
17.55	0.9619722579842932
17.65	0.9849638182652527
17.75	1.0053514521451195
17.849999999999998	1.026045850939732
17.95	1.0476812521160332
18.05	1.0662931958832131
18.15	1.0860306894266232
18.25	1.1047890963096278
18.349999999999998	1.1193631743902899
18.45	1.1335456928077055
18.55	1.1466751695385047
18.65	1.15720930162573
18.75	1.1677334434847415
18.849999999999998	1.1713795352686431
18.95	1.1747088788221283
19.05	1.1767770943923972
19.15	1.1757487191197264
19.25	1.1730511673973456
19.35	1.1677377684063444
19.45	1.1609131474980698
19.55	1.1522469394497554
19.65	1.1448676772236261
19.75	1.1322236714872058
19.85	1.1205434531518499
19.95	1.1066428621806073
20.05	1.0939352183500741
20.15	1.0815486346137706
20.25	1.0667262232807797
20.35	1.053417790245952
20.45	1.0392471707471744
20.55	1.0235084914517443
20.65	1.0104159339708028
20.75	0.9953262540835358
20.85	0.9829919173769894
20.95	0.970752012813551
21.05	0.9589552886248145
21.15	0.9458791040634451
21.25	0.9379832005257603
21.35	0.9265809714576639
21.45	0.9186615491508033
21.55	0.9100409492793329
21.65	0.9020777441388927
21.75	0.8983796961054897
21.85	0.8901320503464092
21.95	0.886511835568699
22.05	0.8836194138800929
22.15	0.8801919100563131
22.25	0.8793919845612471
22.35	0.8803817992797609
22.45	0.8819080758644147
22.55	0.8821385513449811
22.65	0.8864752337494184
22.75	0.8922159457633618
22.85	0.8955979166528495
22.95	NaN
23.05	0.9094642234411989
23.15	0.9168174580646917
23.25	0.927529899851992
23.35	0.9348035973760488
23.45	0.9462871276682641
23.55	0.9561198583237601
23.65	0.9670248060765787
23.75	0.9810264392635785
23.85	0.991289034529212
23.95	1.0010217441246585
24.05	1.014576297175034
24.15	1.0246812147785267
24.25	1.0404561647924688
24.35	1.0502656182788896
24.45	1.0591811150730523
24.55	1.0662284984975847
24.65	1.0788845749458698
24.75	1.086263933099549
24.85	1.0925136020075197
24.95	1.0963391506003592
25.05	1.0996472909695012
25.15	1.104348766990264
25.25	1.1040515333310443
25.35	1.105795288611009
25.45	1.1055602300067169
25.55	1.1013106577681018
25.65	1.098618754395982
25.75	1.0946618114250863
25.85	1.089809017505609
25.95	1.0817508939853764
26.05	1.0753046445580536
26.15	1.0672683975820907
26.25	1.0600259121488826
26.35	1.0496504666000943
26.45	1.0423082337854646
26.55	1.0348294933134359
26.65	1.025998782362055
26.75	1.0181456084833902
26.85	1.0057617372122238
26.95	1.0004347109720413
27.05	0.9901978940271005
27.15	0.9819599431512378
27.25	0.9735390150442281
27.35	0.9660863982075077
27.45	0.9621819636149058
27.55	0.9531747211029579
27.65	0.9481039627610123
27.75	0.9415442090723226
27.85	0.9389121285381845
27.95	0.9353142244226638
28.05	0.9290108182207863
28.15	0.9268555270093515
28.25	0.9245007759199982
28.35	0.9258928292530001
28.45	0.9240617531357489
28.55	0.9240137932961698
28.65	0.9228314961472414
28.75	0.9245786856051866
28.85	0.9281850989984469
28.95	0.9317498660037535
29.05	0.9333587040182783
29.15	0.9372650761179113
29.25	0.9430059101213207
29.35	0.9463284448496636
29.45	0.9543948569098439
29.55	0.9595970078283513
29.65	0.9640832316499742
29.75	0.9715126127925156
29.85	0.9808322249693271
29.95	0.9859828747971113
30.05	0.9919192016805188
30.15	0.9989950682034359
30.25	1.00942482879246
30.35	1.0134451151181763
30.45	1.0240442986915799
30.55	1.0299764759702283
30.65	1.0339776067809292
30.75	1.0415840871690967
30.85	1.0478530946733067
30.95	1.051657728035486
31.05	1.0600544432850065
31.15	1.0593326831452268
31.25	1.0613793020152582
31.35	1.0650932631414147
31.45	1.0663554635618897
31.55	1.0670450132255351
31.65	1.0676835655890027
31.75	1.0672995258307703
31.85	1.0652808874370086
31.95	1.062066471200741
32.05	1.0602038412522654
32.15	1.0597170184790037
32.25	1.0531139088070773
32.35	1.0485748021039791
32.45	1.0428982564973046
32.55	1.037068576150841
32.65	1.032181651163988
32.75	1.0229744737258626
32.85	1.021888783574473
32.95	1.011608129008448
33.05	1.0050429765436402
33.15	1.0005023752769366
33.25	0.9975509218892101
33.35	0.99144680175829
33.45	0.9841623789552185
33.55	0.9758549356420225
33.65	0.9744600924992274
33.75	0.9691384071153396
33.85	0.9655559786023086
33.95	0.9610995818163696
34.05	0.9584947573026877
34.15	0.9557802752634685
34.25	0.9525820498320022
34.35	0.9489827691031373
34.45	0.9498251886548277
34.55	0.9489689240347142
34.65	0.9483837259067945
34.75	0.9487182184080932
34.85	0.9482697071566545
34.95	0.9510541673964081
35.05	0.9492661678790925
35.15	0.9506997606508196
35.25	0.9535830075988406
35.35	0.9553056963549096
35.45	0.9601146376642246
35.55	0.9630735934586041
35.65	0.9679815744966265
35.75	0.9701503310161599
35.85	0.9736818413172735
35.95	0.9783360412877108
36.05	0.9852101193611695
36.15	0.9889619065467706
36.25	0.9936180340574119
36.35	1.0007251295359372
36.45	1.0036283269293247
36.55	NaN
36.65	1.0121265650932227
36.75	1.018928920299011
36.85	1.0254272915284066
36.95	1.0279245807805035
37.05	1.0323698722375754
37.15	1.0339223555655241
37.25	1.0373562988806293
37.35	1.0407911795064775
37.45	1.0433131845878776
37.55	1.0447754203072552
37.65	NaN
37.75	1.04813990483833
37.85	1.0493631081152153
37.95	1.050998765952811
38.05	1.0456974833707586
38.15	1.0439182987777724
38.25	1.0422859936231457
38.35	1.0426508584185503
38.45	1.0384898956312232
38.550000000000004	1.036558536287683
38.65	1.033546364658036
38.75	1.028315320277038
38.85	1.0247117373953096
38.95	1.0212568482439228
39.050000000000004	1.0181230280718399
39.15	NaN
39.25	NaN
39.35	NaN
39.45	NaN
39.550000000000004	0.9961333095223014
39.65	0.9929478819679627
39.75	0.9881334458313932
39.85	0.9846620013523597
39.95	0.9797291855593199
40.050000000000004	0.974903035625409
40.15	NaN
40.25	0.9718386892917357
40.35	0.9689238087285569
40.45	0.9671068979590675
40.550000000000004	0.9641684654635105
40.65	0.9645346343065351
40.75	0.9621678063144377
40.85	0.961008887187698
40.95	0.96064307168803
41.050000000000004	0.9627175695338679
41.15	0.9618293274104921
41.25	0.9643920579516908
41.35	0.9637398385714457
41.45	0.9654303284348997
41.550000000000004	NaN
41.65	0.9691220625270177
41.75	0.9720172307476086
41.85	0.9753944367879273
41.95	0.9769077456004134
42.050000000000004	0.9792889387882548
42.15	NaN
42.25	0.985706228259985
42.35	0.990078440422716
42.45	0.9937154363397479
42.550000000000004	0.9992693497237753
42.65	1.002350306390457
42.75	1.0058149127950105
42.85	1.0092853900837633
42.95	1.0118789221186626
43.050000000000004	1.0147504859713885
43.15	1.0186808983448588
43.25	1.0208649749259189
43.35	1.0251376131483971
43.45	1.027177529387787
43.550000000000004	1.026531114806601
43.65	NaN
43.75	1.0312100601693084
43.85	1.034730747581058
43.95	1.0336103767940592
44.050000000000004	1.0349891172836199
44.15	1.034634277536979
44.25	NaN
44.35	1.0326563660084276
44.45	1.0321622121281686
44.550000000000004	1.0307123822377289
44.65	1.03078851717361
44.75	1.0278187166260668
44.85	1.026429194223328
44.95	1.0222266358111969
45.050000000000004	1.0189139273434547
45.15	1.0180067037078702
45.25	1.0143266846487455
45.35	NaN
45.45	1.008483630137686
45.550000000000004	1.0037724912296602
45.65	NaN
45.75	1.0029072089817326
45.85	0.9953533209114289
45.95	0.9923388129117943
46.050000000000004	0.9900044916391358
46.15	0.9871205411149998
46.25	0.9835528261887945
46.35	0.9826162045851996
46.45	0.9790931573580781
46.550000000000004	0.9777017365333711
46.65	NaN
46.75	0.9742405355440856
46.85	0.9711495857153479
46.95	0.9725108408293484
47.050000000000004	0.9715763670762821
47.15	0.9706911189379646
47.25	0.9710636411129483
47.35	0.970980495574312
47.45	0.9693623674187676
47.550000000000004	0.9702029779675233
47.65	0.9727329554388415
47.75	0.9734676467172213
47.85	0.9742038403421076
47.95	0.9771863071604455
48.050000000000004	0.9790292414495326
48.15	0.9814237079427042
48.25	0.9840489948415704
48.35	0.9863397418875892
48.45	0.9892473058465526
48.550000000000004	0.9906572280854223
48.65	0.9933413009435027
48.75	0.9961430098188698
48.85	0.9984760811402932
48.95	1.0017901236480617
49.050000000000004	1.0059412499407885
49.15	NaN
49.25	1.0104758226730481
49.35	1.013104627192237
49.45	1.0149776891057076
49.550000000000004	1.0168046580459646
49.65	1.0198040016300571
49.75	1.0226318338474087
49.85	1.0230482879630056
49.95	1.0252122671074904
50.050000000000004	1.0259071863547706
50.15	1.0242259761112547
50.25	1.0276226896576237
50.35	1.0251027204221739
50.45	1.0250974676706412
50.550000000000004	1.0272998056081613
50.65	1.0260233950026247
50.75	1.024949416388823
50.85	1.0218259562546579
50.95	NaN
51.050000000000004	1.0205144074025916
51.15	1.019292988103049
51.25	1.0178135784262727
51.35	1.0164877834487613
51.45	1.0131493928611548
51.550000000000004	NaN
51.65	1.007863132869699
51.75	1.0048557191510645
51.85	1.0018058386977802
51.95	1.0010901362005458
52.050000000000004	NaN
52.15	0.9972972839153365
52.25	0.9928609662156658
52.35	0.9926285050844508
52.45	0.9883673178958129
52.550000000000004	0.9847901354434101
52.65	0.9860927978000972
52.75	0.9829577015214502
52.85	0.9819128985368968
52.95	NaN
53.050000000000004	0.9800497068136943
53.15	NaN
53.25	0.9775093861264625
53.35	0.9768442846790429
53.45	0.9763870162178332
53.550000000000004	NaN
53.65	0.9781123028398605
53.75	NaN
53.85	0.9790698606401129
53.95	0.9798961375904269
54.050000000000004	NaN
54.15	0.9811009791095159
54.25	NaN
54.35	0.9854723038852004
54.45	0.9857175800315028
54.550000000000004	NaN
54.65	0.9879160255945036
54.75	0.9890906248594388
54.85	0.9956906637822243
54.95	0.9961855765418789
55.050000000000004	0.9988620956856719
55.15	0.9995059330769325
55.25	1.0026831344909655
55.35	0.9980052205094558
55.45	1.0085454629580777
55.550000000000004	1.0105057991663242
55.65	1.0091514581454093
55.75	1.0116116788002727
55.85	1.0151655645549977
55.95	1.015815653105757
56.050000000000004	1.01515993254564
56.15	1.0184252633694377
56.25	1.0144625929253641
56.35	1.0210481334666333
56.45	1.0213720481578412
56.550000000000004	1.018105130395164
56.65	1.0234143959425008
56.75	NaN
56.85	1.020684982383701
56.95	1.0209071190015666
57.050000000000004	1.0193868610150494
57.15	1.0206503163108436
57.25	1.0175495104979637
57.35	NaN
57.45	1.0150422581504017
57.550000000000004	1.0127704468139909
57.65	1.0118720585787888
57.75	1.0090196280599804
57.85	1.006864725102092
57.95	1.007842324053093
58.050000000000004	1.0039429141792484
58.15	1.0037561272009812
58.25	0.9994935475756801
58.35	0.9977553563034108
58.45	NaN
58.550000000000004	0.9955093520619562
58.65	0.9926321449495874
58.75	NaN
58.85	0.9880552123321429
58.95	NaN
59.050000000000004	0.9846602910870352
59.15	0.9844160142560112
59.25	0.9840096899787688
59.35	0.9825427334872019
59.45	0.9831080757688301
59.550000000000004	0.9795641342447374
59.65	0.9828061022536905
59.75	0.9802649954080266
59.85	NaN
59.95	0.9805015961536131
60.050000000000004	NaN
60.15	0.9828850033069083
60.25	0.983075545885775
60.35	NaN
60.45	0.9837938896355615
60.550000000000004	0.9928972688801928
60.65	0.987172603682301
60.75	0.9894999701888497
60.85	0.9903856628757883
60.95	0.9912133389302258
61.050000000000004	0.993962830650973
61.15	0.9945139626412026
61.25	0.9988648026270861
61.35	0.9987125875586356
61.45	1.0019157110186159
61.550000000000004	NaN
61.65	1.0039740015755145
61.75	NaN
61.85	NaN
61.95	1.0103346048896995
62.050000000000004	1.0099408330410165
62.15	1.0125941563635346
62.25	1.0130764198032762
62.35	1.0146144698658992
62.45	1.0130283754804976
62.550000000000004	1.015371445486234
62.65	1.0140198721040015
62.75	1.0173786483365133
62.85	1.0182652131831247
62.95	1.0166547502710526
63.050000000000004	1.0166818930240802
63.15	1.017273339352482
63.25	NaN
63.35	1.0159089545262405
63.45	1.0148363815648944
63.550000000000004	1.0128668966682153
63.65	1.0132169386313945
63.75	1.012718440259488
63.85	1.0086583628696755
63.95	1.0084437429514244
64.05	1.0080787306301262
64.14999999999999	1.0062044138312487
64.25	1.0035544728107457
64.35	1.0003703183414379
64.44999999999999	1.001668838876747
64.55	1.0000021559623264
64.64999999999999	0.9979334413062659
64.75	0.993047359837841
64.85	0.9961128430143272
64.94999999999999	0.9944759451894676
65.05	0.993300401831406
65.14999999999999	0.9905562779516631
65.25	NaN
65.35	0.9877444876736184
65.44999999999999	NaN
65.55	0.9867218849453792
65.64999999999999	0.9862292389649814
65.75	0.9848583023823247
65.85	0.9850219296630595
65.94999999999999	0.9853798023266558
66.05	NaN
66.14999999999999	0.9825274379161156
66.25	0.9855732742768007
66.35	0.984316479359777
66.44999999999999	0.9868569770689922
66.55	0.9843595189791255
66.64999999999999	NaN
66.75	0.9876233076227862
66.85	NaN
66.94999999999999	NaN
67.05	0.9915163586331368
67.14999999999999	0.9921053379432768
67.25	0.9938027764343276
67.35	0.9958457865612622
67.44999999999999	0.9975769307760279
67.55	0.9986918230615883
67.64999999999999	NaN
67.75	NaN
67.85	1.0033739291215995
67.94999999999999	1.004148162105353
68.05	1.0057554660344155
68.14999999999999	1.0059813767634105
68.25	NaN
68.35	1.0093349299296517
68.44999999999999	1.0095162984428137
68.55	1.012647569512001
68.64999999999999	NaN
68.75	1.012819848876782
68.85	1.0119234110675637
68.94999999999999	1.0139513875287007
69.05	1.013380203079383
69.14999999999999	1.0143036210443224
69.25	1.014300002169825
69.35	1.0138007969979586
69.44999999999999	NaN
69.55	1.012716423926075
69.64999999999999	1.0131913319894377
69.75	NaN
69.85	1.0104063714400524
69.94999999999999	NaN
70.05	1.0103181185055796
70.14999999999999	1.008217097660996
70.25	NaN
70.35	1.0061112476609535
70.44999999999999	NaN
70.55	1.0011335319906538
70.64999999999999	1.0036869700978364
70.75	1.0000460613906343
70.85	0.9994595226648103
70.94999999999999	0.9974389447486186
71.05	0.9968000503466247
71.14999999999999	0.9970773750520108
71.25	NaN
71.35	0.9926229402271652
71.44999999999999	0.993248098318238
71.55	0.9906322894733329
71.64999999999999	0.9902166044516031
71.75	0.9901382189842517
71.85	0.9889458936298118
71.94999999999999	0.9885833492013112
72.05	NaN
72.14999999999999	NaN
72.25	NaN
72.35	NaN
72.44999999999999	0.9844154233052624
72.55	0.9884840197127429
72.64999999999999	0.9892766746371653
72.75	NaN
72.85	0.9898688693645681
72.94999999999999	0.9885212458070275
73.05	0.9900666963419716
73.14999999999999	0.9896541680124464
73.25	0.9930079664154154
73.35	0.9939269460786955
73.44999999999999	NaN
73.55	0.9946878525142615
73.64999999999999	NaN
73.75	NaN
73.85	0.9998280410060411
73.94999999999999	1.0006783141740072
74.05	1.0015502356741
74.14999999999999	1.0040446585652607
74.25	1.0031183250177589
74.35	1.0044318463874358
74.44999999999999	1.005139175498493
74.55	1.0070426409454099
74.64999999999999	1.0085182859359474
74.75	1.0087372635112604
74.85	1.007665455961625
74.94999999999999	1.011688845305531
75.05	1.0104687376399255
75.14999999999999	1.0111990345276956
75.25	NaN
75.35	NaN
75.44999999999999	NaN
75.55	1.012391657022697
75.64999999999999	NaN
75.75	NaN
75.85	1.0110059225119334
75.94999999999999	1.0100894528105877
76.05	1.0095795671479484
76.14999999999999	1.009478291333813
76.25	NaN
76.35	1.0082516184686383
76.44999999999999	NaN
76.55	1.0040091338650285
76.64999999999999	1.0051615908010534
76.75	NaN
76.85	NaN
76.95	NaN
77.05	NaN
77.14999999999999	0.9987964673746249
77.25	0.9984659690455875
77.35	0.996224892019699
77.45	0.9963158468161919
77.55	0.9945369015238771
77.64999999999999	0.9927756170316534
77.75	0.9931896740210306
77.85	0.9920415301134226
77.95	0.9932320250157131
78.05	0.9917939898863002
78.14999999999999	0.9897701104339037
78.25	0.9897952346387245
78.35	0.9891825718965293
78.45	NaN
78.55	NaN
78.64999999999999	0.9890846777837173
78.75	0.989119588565604
78.85	NaN
78.95	0.988481655251859
79.05	NaN
79.14999999999999	NaN
79.25	0.9906599935447296
79.35	NaN
79.45	0.9922053667479138
79.55	0.9940429545284719
79.64999999999999	NaN
79.75	0.9962222483940056
79.85	0.99597238945909
