0.15	0.03709915901468154
0.25	0.036889299297033336
0.35	0.037126072749962144
0.45	0.03734304241012097
0.55	0.037473524745149395
0.65	0.037367934222248204
0.7500000000000001	0.03802672571833934
0.85	0.03858254454111851
0.95	0.039026157330244136
1.05	0.03959757225842809
1.15	0.040362291563451405
1.25	0.0409089553278297
1.35	0.04199679609834329
1.45	0.04276658240831516
1.55	0.04369036088584431
1.65	0.044969095533890155
1.75	0.04603436855221117
1.85	0.047476484821262314
1.95	0.04881912635445832
2.05	0.05056551709557616
2.15	0.052114221516301754
2.25	0.05400562295045548
2.35	0.05586475750876808
2.45	0.05792680106504555
2.5500000000000003	0.06027263503031609
2.65	0.06314979140689934
2.75	0.06593937876643126
2.85	0.06909407272363179
2.95	0.0724862535439706
3.0500000000000003	0.07603457422234673
3.15	0.08013531891141706
3.25	0.08486199811261962
3.35	0.08986408631568103
3.45	0.09542510113784544
3.5500000000000003	0.10167773220356034
3.65	0.10808959696295051
3.75	0.11577055498563818
3.85	0.12390374069827424
3.95	0.1336509325823599
4.05	0.14375351003347323
4.1499999999999995	0.15526765716604124
4.25	0.1681321915093869
4.35	0.18318125960999987
4.449999999999999	0.20044562643667851
4.55	0.22001231739358512
4.6499999999999995	0.24194923896403753
4.75	0.26764088746976844
4.85	0.29497017053255237
4.95	0.33017665438104044
5.05	0.36890359915983856
5.1499999999999995	0.4133825387324865
5.25	0.46294445042101956
5.35	0.524429651326753
5.45	0.5981075240515504
5.55	0.6755779211992827
5.6499999999999995	0.7759606820466668
5.75	0.8854059320752691
5.85	1.014657653941766
5.95	1.1512707042618169
6.05	1.3075897151612523
6.1499999999999995	1.4809875170856068
6.25	1.6474711267649322
6.35	1.8140446784682234
6.45	1.9527528642927752
6.55	2.0608904593753583
6.6499999999999995	2.12722895898459
6.75	2.1368862093750476
6.85	2.102888582014317
6.95	2.0299014775513236
7.05	1.9248674347162635
7.1499999999999995	1.8203704438181627
7.25	1.702642757659053
7.35	1.5876749749734667
7.45	1.4718405916346604
7.55	1.3720920217522514
7.6499999999999995	1.2803959797092588
7.75	1.196052122649657
7.85	1.1229404713297368
7.95	1.0540759030106632
8.05	0.9982355654392961
8.15	0.9457438472653962
8.25	0.9007194564767783
8.350000000000001	0.8630727072704266
8.450000000000001	0.8296586470785722
8.55	0.8001737908342853
8.65	0.7785339129699361
8.75	0.7544857001371317
8.850000000000001	0.7372288131478192
8.950000000000001	0.7222973976886219
9.05	0.7117261521779824
9.15	0.7005118383402329
9.25	0.6944951911530253
9.350000000000001	0.6895242735747377
9.450000000000001	0.6870818957413387
9.55	0.6859186197834722
9.65	0.6900388424311483
9.750000000000002	0.6892449392710581
9.85	0.6962106578447801
9.95	0.7035584820539138
10.049999999999999	0.7112737064272276
10.149999999999999	0.720367758313209
10.25	0.7332527561114759
10.35	0.7472977664833564
10.45	0.7629434471214792
10.549999999999999	0.7813279295541821
10.649999999999999	0.7973155197257437
10.75	0.8187698183079019
10.85	0.8395723518133557
10.95	0.861933749471366
11.049999999999999	0.8866693213905337
11.149999999999999	0.9117884797630809
11.25	0.9377950865902619
11.35	0.9639195345627973
11.45	0.9912115854139424
11.549999999999999	1.0190662447663794
11.649999999999999	1.0473619317031928
11.75	1.0693068067479008
11.85	1.0978291917881937
11.95	1.1242406752794876
12.049999999999999	1.1480902155254495
12.149999999999999	1.166685294573487
12.25	1.1838841862996028
12.35	1.2045279596427751
12.45	1.2187610362571846
12.549999999999999	1.2284597338534837
12.649999999999999	1.2374184906644372
12.75	1.2402422449172243
12.85	1.241059793795218
12.95	1.238370857566346
13.049999999999999	1.2340326144764653
13.149999999999999	1.2289218713384324
13.25	1.2174561096062657
13.35	1.2040953058280002
13.45	1.188455072754652
13.549999999999999	1.168213746813003
13.649999999999999	1.150455648969157
13.75	1.1296033943762596
13.85	1.1082582769040388
13.95	1.0877637494670545
14.049999999999999	1.0649625501291367
14.149999999999999	1.0460655810990422
14.25	1.025475299111639
14.35	1.0040196227175782
14.45	0.9871029806842857
14.549999999999999	0.9687771002018317
14.649999999999999	0.952890125766631
14.75	0.9386006479837892
14.85	0.9241875283312144
14.95	0.9110906019227925
15.049999999999999	0.9012023177803676
15.149999999999999	0.8890751977464905
15.25	0.881439793981737
15.35	0.8745156686035758
15.45	0.868582040980368
15.549999999999999	0.8646489261691253
15.649999999999999	0.8610378938409541
15.75	0.8571279372240879
15.85	0.8586408330884663
15.95	0.8575075836253976
16.05	0.8618949523226573
16.15	0.8629754060449738
16.25	0.867037679223438
16.349999999999998	0.8722338239075303
16.45	0.8775370208394357
16.55	0.8865404354966705
16.65	0.8928104606398581
16.75	0.9030099852327512
16.849999999999998	0.9114049350082517
16.95	0.9219456533581222
17.05	0.9337926949869201
17.15	0.94665814757674
17.25	0.9586808408462953
17.349999999999998	0.9699413909369303
17.45	0.981302708815304
17.55	0.9959259361097402
17.65	1.0056618294037347
17.75	1.0198483222546209
17.849999999999998	1.0330992642362764
17.95	1.046370760002386
18.05	1.0543470058179076
18.15	1.0671025086623969
18.25	1.0751343539705793
18.349999999999998	1.0853288681206903
18.45	1.0933466732984674
18.55	1.0984204798363892
18.65	1.0990244695972746
18.75	1.1063352893929177
18.849999999999998	1.1089460910454967
18.95	1.1131168948976207
19.05	1.1120310910176725
19.15	1.1122751381927665
19.25	1.1043642913042533
19.35	1.104956584880833
19.45	1.10016080379263
19.55	1.0927256231237412
19.65	1.0850292390597749
19.75	1.0787361232457278
19.85	1.0693703494500275
19.95	1.0616488406533529
20.05	1.053459986750476
20.15	1.0444265746009966
20.25	1.0328101954465685
20.35	1.0252814826941399
20.45	1.013536382077131
20.55	1.0052900980151125
20.65	0.9959557331732999
20.75	0.9877704017271124
20.85	0.9805968692958039
20.95	0.9720336665954772
21.05	0.9629651654374557
21.15	0.9578491473151521
21.25	0.9505596596352847
21.35	0.9439066320837846
21.45	0.9388565583880881
21.55	0.935870041451549
21.65	0.9316795229653959
21.75	0.9273164863448581
21.85	0.9260803808282064
21.95	0.9241750286563943
22.05	0.9224191307501314
22.15	0.9224285008162018
22.25	0.9230525645202056
22.35	0.9236673573491944
22.45	0.9248113305833746
22.55	0.9312373543010563
22.65	0.931680893036122
22.75	0.9374897687173603
22.85	0.9403326461290352
22.95	0.9430149633212597
23.05	0.9491831953009545
23.15	0.956591761691934
23.25	0.9635743800601467
23.35	0.9699716618238945
23.45	0.9759800603193693
23.55	0.9820963126052061
23.65	0.9918260480242522
23.75	0.9973615730598034
23.85	1.0043814393706887
23.95	1.0117344881819101
24.05	1.0164568216961143
24.15	1.0249228087300002
24.25	1.0291443487768284
24.35	1.0353016284377379
24.45	1.042090071370192
24.55	1.049149999262924
24.65	1.0510163321403923
24.75	1.0540098432511578
24.85	1.0591445487116498
24.95	1.0604888198035682
25.05	1.0640209536397647
25.15	1.0632476244269666
25.25	1.0642212020001547
25.35	1.061281343165731
25.45	1.0624840757104788
25.55	1.0587939861550706
25.65	1.0580162740178447
25.75	1.055489178237341
25.85	1.050776117713151
25.95	1.0469980501765443
26.05	1.0428837510832467
26.15	1.0373674606894385
26.25	1.0334066436263807
26.35	1.027130216082454
26.45	1.0211833345284058
26.55	1.0177798478310054
26.65	1.0092418906744491
26.75	1.0049221994304811
26.85	1.0009206176949523
26.95	0.9939707099364934
27.05	0.9899772937366331
27.15	0.9832617344497032
27.25	0.9802423275187444
27.35	0.9743972980409978
27.45	0.9703579686908503
27.55	0.9667049972692083
27.65	0.9647679300798342
27.75	0.9611255616037495
27.85	0.9587297026787414
27.95	0.9561799129075998
28.05	0.9556607326618916
28.15	0.9539660349946428
28.25	0.952398968407197
28.35	0.9514232690491339
28.45	0.9531356427268576
28.55	0.9539234701454515
28.65	0.9530573287475205
28.75	0.9568397566292857
28.85	0.9560468330638797
28.95	0.959638153114106
29.05	0.9620834816933517
29.15	0.9667747327142434
29.25	0.9700161810929286
29.35	0.9722102183871856
29.45	0.9746249476066662
29.55	0.97780097262108
29.65	0.9841107263517684
29.75	0.9883052027584127
29.85	0.9902653060943372
29.95	NaN
30.05	1.0007607801532374
30.15	1.004720091462469
30.25	1.010385723010166
30.35	1.0148070266861606
30.45	1.0189621670337423
30.55	1.0216315213431526
30.65	1.0248683730626889
30.75	1.029560750132533
30.85	1.0322451449895749
30.95	1.0343066029389625
31.05	1.0362636839533048
31.15	1.0394125922861361
31.25	1.039380860271111
31.35	1.0416166785061434
31.45	1.0413392402424613
31.55	1.0430363290745257
31.65	1.0383272941900432
31.75	NaN
31.85	1.0391067109242802
31.95	1.0373689063196225
32.05	1.0351785437363816
32.15	1.0324134009595607
32.25	1.028585069362716
32.35	1.026648136782972
32.45	1.0243598857695682
32.55	1.0197365810526442
32.65	1.0165684220737545
32.75	1.013205925200785
32.85	1.0118419618900432
32.95	1.006001322418652
33.05	1.0019719358428751
33.15	0.9980914546957866
33.25	0.994457272937138
33.35	0.9926251290034945
33.45	0.988006671262576
33.55	0.9853199835660943
33.65	0.9838522087607985
33.75	0.979835095599951
33.85	0.9784905452089514
33.95	0.9763407440304566
34.05	0.9766184531099706
34.15	0.9717021156101195
34.25	0.9690289573993686
34.35	0.9690790390542521
34.45	0.9676832901165177
34.55	0.9690094850577428
34.65	0.9676094803044814
34.75	0.9672336051829243
34.85	0.9685095063552375
34.95	0.9681854253093076
35.05	0.9732392690333507
35.15	0.9723696363849824
35.25	0.9724884377919999
35.35	0.9768838993919855
35.45	0.9779457544539796
35.55	0.9805739833156735
35.65	0.9825655682068063
35.75	0.9842289759568278
35.85	0.9852450684281455
35.95	0.9906298638879443
36.05	0.9925204821303945
36.15	0.9963890199088896
36.25	1.0007242566093444
36.35	1.0036106230370767
36.45	1.006106535869096
36.55	1.00903589974491
36.65	NaN
36.75	1.0113624562085999
36.85	1.017072011954734
36.95	1.0191701818943715
37.05	1.0219649038210252
37.15	1.0231944776228439
37.25	1.0244998743541975
37.35	1.0250892055966658
37.45	1.0260231078068318
37.55	1.027374073290706
37.65	1.0288031247345912
37.75	1.0298553381483428
37.85	1.0289862266196994
37.95	1.0281592881776955
38.05	NaN
38.15	NaN
38.25	1.027463978493016
38.35	1.0231718641674128
38.45	1.0225638109738115
38.550000000000004	1.0207527735146764
38.65	1.0180277919081366
38.75	1.016742442514261
38.85	1.0123348579641305
38.95	1.01226835472099
39.050000000000004	1.0075123626129323
39.15	1.0060097408768713
39.25	1.0074101494781822
39.35	0.9997239862094732
39.45	0.9986387266115385
39.550000000000004	0.9953964073517094
39.65	NaN
39.75	0.9899969807244758
39.85	0.9892197196943336
39.95	0.9875145094291948
40.050000000000004	0.9822019715205038
40.15	0.9829382161060998
40.25	0.9827941927918182
40.35	NaN
40.45	0.9778544484249887
40.550000000000004	0.9773708669718354
40.65	0.9767833752212697
40.75	0.9755440167923237
40.85	0.9777409051030971
40.95	0.9754144185792915
41.050000000000004	0.976935714381584
41.15	0.9756787183245766
41.25	0.9768830563093142
41.35	0.9799351675635044
41.45	0.9789344978874616
41.550000000000004	0.981128547010685
41.65	0.983326568950124
41.75	0.9839954868696626
41.85	0.9844713197332907
41.95	0.9865034641938374
42.050000000000004	0.9895267003525088
42.15	0.9915457840583979
42.25	0.9928079744645073
42.35	0.993931309995407
42.45	0.9993298894835739
42.550000000000004	1.0012678551009404
42.65	1.000986320692649
42.75	1.007346147844667
42.85	1.0111478351984833
42.95	1.009628249373305
43.050000000000004	1.0103463536555384
43.15	NaN
43.25	1.0131125987252363
43.35	1.0166568640222828
43.45	1.0181126698256708
43.550000000000004	1.0192368697040055
43.65	NaN
43.75	NaN
43.85	1.0198722744021067
43.95	1.0211422382738453
44.050000000000004	1.0197313083254325
44.15	1.0209051163709983
44.25	1.020671447405301
44.35	1.0197717298337963
44.45	NaN
44.550000000000004	1.0186738461211389
44.65	1.0164775010945548
44.75	1.0162737842836547
44.85	1.0151568807336706
44.95	1.0135122847055484
45.050000000000004	1.0099942526130923
45.15	1.0094749803477712
45.25	1.0086149187991427
45.35	1.0055842165168491
45.45	1.0040562933258337
45.550000000000004	0.9988384764085919
45.65	1.0011099900539733
45.75	NaN
45.85	0.995969348175387
45.95	NaN
46.050000000000004	0.9912308878979571
46.15	0.9913054406411642
46.25	0.9908536481166008
46.35	NaN
46.45	0.9853020544352223
46.550000000000004	0.9847975823886641
46.65	NaN
46.75	0.983315783826981
46.85	0.9825263163725588
46.95	0.9819626917045566
47.050000000000004	0.9844394657780715
47.15	0.9817848448695634
47.25	0.9831020149211395
47.35	0.9819756046289108
47.45	NaN
47.550000000000004	0.9830070776083002
47.65	0.98378796966122
47.75	0.9845558881633936
47.85	0.9847454781254296
47.95	0.9866953486067669
48.050000000000004	0.9879411898719133
48.15	0.9903429021626364
48.25	0.9906056039171108
48.35	0.9906817747134822
48.45	0.9935636519663956
48.550000000000004	0.9924219411819992
48.65	0.9978271667976235
48.75	0.9975799476187555
48.85	1.0004466873099456
48.95	1.002433751916678
49.050000000000004	1.0045520794347071
49.15	1.0047685436838998
49.25	1.0073148577446018
49.35	1.0076043039594769
49.45	1.0105460018364336
49.550000000000004	1.0118629240401555
49.65	1.0117806901171285
49.75	NaN
49.85	1.0137059892156584
49.95	1.0148454528858202
50.050000000000004	1.015190071683971
50.15	1.0147597957171042
50.25	1.0153465187935498
50.35	1.0170907589422875
50.45	1.015140600368172
50.550000000000004	1.0161467825906845
50.65	1.0143070715617657
50.75	1.0140356287632306
50.85	1.015359329353099
50.95	1.0142492532784122
51.050000000000004	1.0111709812091427
51.15	1.0115940270407764
51.25	1.0088426829232846
51.35	1.009556109636187
51.45	1.0076164928766684
51.550000000000004	1.0066417242198005
51.65	1.0061101953036309
51.75	1.000438116718784
51.85	1.000965086104772
51.95	1.0002388524389607
52.050000000000004	0.9974711048497631
52.15	NaN
52.25	0.9968620827245006
52.35	0.993010317566021
52.45	0.9898493884515097
52.550000000000004	0.9891963803998015
52.65	0.9870117062131787
52.75	0.9899211119446657
52.85	0.9893823807305783
52.95	0.9879592920448064
53.050000000000004	0.9850104172066952
53.15	0.9849030018334965
53.25	0.9857552445187187
53.35	0.985273607479332
53.45	0.9832124308134691
53.550000000000004	0.986559517500649
53.65	0.9858078577298796
53.75	0.9862464096426111
53.85	0.9869412290275903
53.95	0.9881511470632851
54.050000000000004	0.9879424559276889
54.15	0.9898369405722348
54.25	0.9894960626592125
54.35	0.9920210343478201
54.45	0.9920781936553043
54.550000000000004	NaN
54.65	0.9920815941114727
54.75	0.997847721674749
54.85	0.997639105073164
54.95	0.9996801865086625
55.050000000000004	1.0003615289679957
55.15	1.0002310444099234
55.25	1.0011835498827475
55.35	1.00280140677964
55.45	1.0073613512734485
55.550000000000004	1.0054000054124417
55.65	NaN
55.75	1.0069363771158675
55.85	1.00803396711989
55.95	1.01109989714581
56.050000000000004	1.0111473560475452
56.15	1.0115042237231997
56.25	1.0165727666328337
56.35	0.9961387299367466
56.45	1.0137138908197623
56.550000000000004	1.0132891177433316
56.65	1.0130620078335282
56.75	1.0123416978914364
56.85	1.0118620703073868
56.95	1.0113973247862036
57.050000000000004	1.0100432273259616
57.15	1.0112764476348626
57.25	1.009536961031093
57.35	1.0075846129180017
57.45	1.0065769694406097
57.550000000000004	NaN
57.65	1.0051598557744525
57.75	1.0059039020651686
57.85	1.0045224558595354
57.95	1.002258560768948
58.050000000000004	NaN
58.15	0.999910886080318
58.25	0.9993743124085779
58.35	0.9964323695941213
58.45	0.996251236754119
58.550000000000004	0.9953129358321996
58.65	0.9948265727673264
58.75	NaN
58.85	0.9934498074690843
58.95	0.9926489129498599
59.050000000000004	0.9922397680207552
59.15	0.9909343817960271
59.25	0.9914230683988174
59.35	0.9909402588935246
59.45	0.9893844418056795
59.550000000000004	0.9887312310256144
59.65	NaN
59.75	0.9864003928118213
59.85	0.9890078427687384
59.95	0.9896121952670992
60.050000000000004	0.9900366747638476
60.15	0.9904472490108784
60.25	0.9885777438887525
60.35	NaN
60.45	0.9911416821172634
60.550000000000004	0.9916171200493432
60.65	0.993062412188407
60.75	0.9942566797461352
60.85	NaN
60.95	0.99578474697723
61.050000000000004	0.9980859000373759
61.15	0.9970844050856159
61.25	0.9983164245072643
61.35	1.000430299244117
61.45	1.0008510228040917
61.550000000000004	1.0032059543116336
61.65	0.9999958245625775
61.75	1.0058469451658598
61.85	1.0062326621460038
61.95	NaN
62.050000000000004	1.0099670576679656
62.15	1.0086997722847921
62.25	1.0086022552750786
62.35	1.0100761142263344
62.45	NaN
62.550000000000004	1.009635708708108
62.65	NaN
62.75	NaN
62.85	1.0100722622862814
62.95	1.0120787371636963
63.050000000000004	1.0110202183123616
63.15	1.0109096781365459
63.25	1.0093904827960063
63.35	1.0077576215296022
63.45	1.0084054698751752
63.550000000000004	1.008225589725599
63.65	NaN
63.75	1.0062074240905305
63.85	NaN
63.95	1.00450776160063
64.05	1.003979257640228
64.14999999999999	1.0015555127070364
64.25	1.0005743394649054
64.35	NaN
64.44999999999999	0.9990147126769033
64.55	1.0003042810091585
64.64999999999999	0.9977192560829339
64.75	0.9969528683738487
64.85	0.9961469211774069
64.94999999999999	0.9967742939570706
65.05	0.9952473439874036
65.14999999999999	NaN
65.25	0.9938335591621758
65.35	0.9924553822941945
65.44999999999999	0.9931843762183876
65.55	0.9908171419028405
65.64999999999999	NaN
65.75	0.9911071572950397
65.85	0.9912430445002551
65.94999999999999	NaN
66.05	NaN
66.14999999999999	0.9907111272682675
66.25	0.9926351158288093
66.35	0.991885392567718
66.44999999999999	0.9920853218073933
66.55	NaN
66.64999999999999	0.9933818754190521
66.75	0.9917631211449297
66.85	NaN
66.94999999999999	NaN
67.05	NaN
67.14999999999999	NaN
67.25	0.9969756402484328
67.35	NaN
67.44999999999999	NaN
67.55	0.9975232815915916
67.64999999999999	1.0002285341563446
67.75	1.0000772946299348
67.85	1.0019728857200076
67.94999999999999	NaN
68.05	1.003498673090558
68.14999999999999	1.001564760113058
68.25	1.0038057364800543
68.35	1.005221534782378
68.44999999999999	1.0065240717954345
68.55	1.0059004445175883
68.64999999999999	NaN
68.75	1.00823123497754
68.85	1.0083291237600456
68.94999999999999	1.0076794769089295
69.05	NaN
69.14999999999999	1.0095960843487097
69.25	NaN
69.35	1.008148067216039
69.44999999999999	1.0076773067092024
69.55	1.0080480913782182
69.64999999999999	1.0066866397129652
69.75	1.0080188985363212
69.85	1.0060739511912375
69.94999999999999	1.0064965603849985
70.05	NaN
70.14999999999999	1.0036166753994586
70.25	1.004558667283604
70.35	1.003880632479532
70.44999999999999	1.0011368657280042
70.55	0.9996963749125511
70.64999999999999	1.0006823353552463
70.75	1.0009938290662836
70.85	0.9991263175914089
70.94999999999999	0.999564685800544
71.05	0.9968901328257895
71.14999999999999	NaN
71.25	0.996355217766672
71.35	NaN
71.44999999999999	0.9966625941850512
71.55	0.9932852694187654
71.64999999999999	0.9949101697249764
71.75	0.9928615675973039
71.85	NaN
71.94999999999999	NaN
72.05	0.9928462017536782
72.14999999999999	NaN
72.25	0.9923948944038745
72.35	0.9914351671633197
72.44999999999999	NaN
72.55	NaN
72.64999999999999	0.9923354178260341
72.75	0.9933101110783447
72.85	0.9921927569520911
72.94999999999999	NaN
73.05	0.994245065180344
73.14999999999999	0.9957295113551005
73.25	0.9974413082222917
73.35	0.9960901740280128
73.44999999999999	0.9971415078654863
73.55	0.9980693925816304
73.64999999999999	0.9977648504828917
73.75	0.999120411911577
73.85	0.9986885909154226
73.94999999999999	NaN
74.05	NaN
74.14999999999999	1.0027410337040932
74.25	1.0032864150620058
74.35	1.0025109536846841
74.44999999999999	1.0027481086853636
74.55	1.004280570258148
74.64999999999999	NaN
74.75	NaN
74.85	1.0053112393780845
74.94999999999999	1.0056326773181616
75.05	1.006234714944674
75.14999999999999	1.0062863713917065
75.25	1.0072784928300067
75.35	1.0073985677125015
75.44999999999999	1.0076536633929618
75.55	1.0070882108771892
75.64999999999999	1.0073330529233135
75.75	NaN
75.85	1.007642168877524
75.94999999999999	NaN
76.05	1.004250323052137
76.14999999999999	1.006054179657038
76.25	1.0048764734318536
76.35	1.0043176835346597
76.44999999999999	NaN
76.55	1.003110502852011
76.64999999999999	1.0016632753602366
76.75	NaN
76.85	1.0017500046137207
76.95	0.9985303595361368
77.05	0.999523819248586
77.14999999999999	0.9987264854992001
77.25	NaN
77.35	NaN
77.45	NaN
77.55	0.9972247535257703
77.64999999999999	NaN
77.75	0.9928987390178508
77.85	0.9950829831845154
77.95	NaN
78.05	0.9940117181256954
78.14999999999999	NaN
78.25	0.9935887958121239
78.35	0.9941405544491686
78.45	NaN
78.55	NaN
78.64999999999999	NaN
78.75	0.9934293996348562
78.85	0.9960970436315935
78.95	0.9951251759680066
79.05	NaN
79.14999999999999	NaN
79.25	0.9948944273949178
79.35	0.9949754675498192
79.45	NaN
79.55	0.996332370059369
79.64999999999999	NaN
79.75	0.9975619085935491
79.85	0.9988709443295221
