0.15	0.03790946596343867
0.25	0.035928712598254885
0.35	0.03678961067100665
0.45	0.03667975467429096
0.55	0.037515890160089084
0.65	0.03789094979230671
0.7500000000000001	0.03804159606352862
0.85	0.038620483024208715
0.95	0.03916363966618347
1.05	0.039904387316497675
1.15	0.040249954109685536
1.25	0.04112620152653242
1.35	0.041993987168477354
1.45	0.04274200161135097
1.55	0.04384133909522616
1.65	0.04497607359029294
1.75	0.046173352209554014
1.85	0.04765433911106765
1.95	0.04882172976513643
2.05	0.05035061763629136
2.15	0.052131509284791405
2.25	0.054078638653154466
2.35	0.05597222039470086
2.45	0.05812045529115647
2.5500000000000003	0.06025752037737117
2.65	0.06314914693488198
2.75	0.06611935758928007
2.85	0.0691873690065324
2.95	0.07248859751961538
3.0500000000000003	0.0761541790572078
3.15	0.08027420867096512
3.25	0.08482865102497449
3.35	0.08993650760158801
3.45	0.09542707993318567
3.5500000000000003	0.10160442219205505
3.65	0.10784537481448503
3.75	0.11585732124116062
3.85	0.124084115118321
3.95	0.13354276065062295
4.05	0.14344678041263384
4.1499999999999995	0.15513181127766557
4.25	0.16820026874427435
4.35	0.183419830704881
4.449999999999999	0.20065636344501672
4.55	0.21974479229057306
4.6499999999999995	0.24209259340603856
4.75	0.26782749453542193
4.85	0.2947996978367829
4.95	0.3303321379273243
5.05	0.3693296590749617
5.1499999999999995	0.41283568984709135
5.25	0.4634757249792635
5.35	0.5240404429664096
5.45	0.5975152035867617
5.55	0.6775911794048394
5.6499999999999995	0.7736633106729328
5.75	0.8867922567761173
5.85	1.0151939800837737
5.95	1.1519468960160422
6.05	1.3080251841887998
6.1499999999999995	1.4820714489668336
6.25	1.6490662196494152
6.35	1.8136942331346684
6.45	1.9557024930248732
6.55	2.061884739481729
6.6499999999999995	2.1237425115027446
6.75	2.1359354074848884
6.85	2.1032220674798467
6.95	2.0307181058158146
7.05	1.9315937903373193
7.1499999999999995	1.8176638861319523
7.25	1.7012649146551495
7.35	1.5857375159600022
7.45	1.475078780782732
7.55	1.3738064662552991
7.6499999999999995	1.2801016789630484
7.75	1.1957398509288313
7.85	1.1209149167397865
7.95	1.0541001215929768
8.05	0.9973174299190123
8.15	0.9463022725031095
8.25	0.9028015468845861
8.350000000000001	0.8633438857465711
8.450000000000001	0.8298454731194833
8.55	0.8022447385050736
8.65	0.7757351319289679
8.75	0.7555601666091535
8.850000000000001	0.7375792183507638
8.950000000000001	0.7228551357936128
9.05	0.7116893811320748
9.15	0.7013495666791667
9.25	0.6946706498099073
9.350000000000001	0.6901680996276993
9.450000000000001	0.6874069281717311
9.55	0.6857645779832638
9.65	0.6878339007193932
9.750000000000002	0.6904740118687014
9.85	0.6945356072307859
9.95	0.7047798183990105
10.049999999999999	0.7110530669444735
10.149999999999999	0.720829305626975
10.25	0.7334912461144295
10.35	0.7463333127369197
10.45	0.7620737647296908
10.549999999999999	0.7799699568157323
10.649999999999999	0.7982545737185245
10.75	0.8165185829601815
10.85	0.8389327573841413
10.95	0.8626047294094605
11.049999999999999	0.8871985887288437
11.149999999999999	0.9109542298091403
11.25	0.936824648367705
11.35	0.962307694612111
11.45	0.9917037422374151
11.549999999999999	1.0169107245673572
11.649999999999999	1.044178141013446
11.75	1.0688090560500245
11.85	1.0972987161572236
11.95	1.1221324335415621
12.049999999999999	1.1435195695120717
12.149999999999999	1.1680433392770813
12.25	1.1868530861561704
12.35	1.2049417903078865
12.45	1.2166270245867508
12.549999999999999	1.2277811257873739
12.649999999999999	1.2356691206303234
12.75	1.2391598426244874
12.85	1.2407548706384033
12.95	1.2401778039940632
13.049999999999999	1.2357880485533321
13.149999999999999	1.2273984253335126
13.25	1.213573848624464
13.35	1.2019607503351877
13.45	1.1866392145892113
13.549999999999999	1.169259814575008
13.649999999999999	1.148537836938287
13.75	1.129128157948572
13.85	1.1096887517467524
13.95	1.0899449138231943
14.049999999999999	1.0669557132981558
14.149999999999999	1.0444440464865126
14.25	1.0262209604491674
14.35	1.0072635682826763
14.45	0.9870597482682396
14.549999999999999	0.9710360485881184
14.649999999999999	0.9537877555037511
14.75	0.9389195930044663
14.85	0.9216060969788701
14.95	0.9115569610710096
15.049999999999999	0.9002335562204203
15.149999999999999	0.8905986693503948
15.25	0.8808075857503765
15.35	0.8739248189436915
15.45	0.8676600206605959
15.549999999999999	0.8623011654123196
15.649999999999999	0.8592218222936158
15.75	0.858258807593333
15.85	0.858261041547559
15.95	0.8596005106866098
16.05	0.8603014575363391
16.15	0.8632659159515651
16.25	0.8666635092310009
16.349999999999998	0.8728874729534842
16.45	0.8783259264384522
16.55	0.8841557975884572
16.65	0.8923574865996455
16.75	0.9018784136510198
16.849999999999998	0.9138508418295648
16.95	0.9232952468202127
17.05	0.9339191867685228
17.15	0.9480863232857234
17.25	0.9560060822855286
17.349999999999998	0.9710665748341277
17.45	0.9820263432534424
17.55	0.9947493916238501
17.65	1.0089348257884352
17.75	1.021573680719214
17.849999999999998	1.0343982947642354
17.95	1.0442274818121313
18.05	1.0569286756780667
18.15	1.0662211310388663
18.25	1.0749175624315657
18.349999999999998	1.0857005488156388
18.45	1.0915306605022834
18.55	1.0986690902037801
18.65	1.1041578070524984
18.75	1.1053852527283292
18.849999999999998	1.10819236343976
18.95	1.1083879552080642
19.05	1.1107172391498665
19.15	1.106894243091293
19.25	1.1065719052747949
19.35	1.1052967880220566
19.45	1.0997514349810633
19.55	1.092638871756678
19.65	1.0861231800936189
19.75	1.0787527494543978
19.85	1.0695495126575547
19.95	1.0624041982950432
20.05	1.050018716939939
20.15	1.0452542390241706
20.25	1.0332625388017203
20.35	1.025238084707138
20.45	1.0129255251075557
20.55	1.0042046211868707
20.65	0.9970748201806808
20.75	0.9885398377914922
20.85	0.9790191993554319
20.95	0.974204400868262
21.05	0.963707775216472
21.15	0.9554587308029441
21.25	0.9504714785999978
21.35	0.9424503449237905
21.45	0.9402560361009699
21.55	0.9334409183663908
21.65	0.9301311943741818
21.75	0.9277864022394903
21.85	0.9260524841256392
21.95	0.9244226854960205
22.05	0.9221984570750174
22.15	0.9233510451939799
22.25	0.9232157482384519
22.35	0.9259566427710181
22.45	0.9281345165491985
22.55	0.931628788943462
22.65	0.9322759576984203
22.75	0.9373967472246955
22.85	0.9414328177616066
22.95	0.9449712727850798
23.05	0.9496811388053561
23.15	0.9554135111534174
23.25	0.9624752132089399
23.35	0.9687773891415897
23.45	0.9765802884106347
23.55	0.9837110766809106
23.65	0.9899630563213646
23.75	0.9963465405754793
23.85	1.0027869234282096
23.95	1.0126361359945815
24.05	1.0179778196314786
24.15	1.0249105878721296
24.25	1.0298687635744272
24.35	1.0350595508940768
24.45	1.0427200044843643
24.55	1.047939986899542
24.65	1.0517779015440956
24.75	1.0545986708480635
24.85	1.0590614710959507
24.95	1.05989173154289
25.05	1.060060177663821
25.15	1.063208010872357
25.25	1.0647052432889217
25.35	1.0639054575239113
25.45	1.0639367276908038
25.55	1.0589309431550706
25.65	1.05704798984096
25.75	1.054146244634402
25.85	1.0510703091273859
25.95	1.046313142290158
26.05	1.0433635507699557
26.15	1.0389946695355647
26.25	1.0345962227337804
26.35	1.0293646107321823
26.45	1.0207129685861083
26.55	1.0167191237432602
26.65	1.0144364000516473
26.75	1.0066650687070338
26.85	1.0005475559412114
26.95	0.995686134192501
27.05	0.9892288300066248
27.15	0.9847528444108514
27.25	0.9799426478731589
27.35	0.9747023971585357
27.45	0.9718087309703071
27.55	0.9678021162346164
27.65	0.9659486844865338
27.75	0.9612358620826048
27.85	0.9572551334373636
27.95	0.9565099536519849
28.05	0.9536728259070799
28.15	0.9536711111111386
28.25	0.9518359897649351
28.35	0.9518366325344508
28.45	0.9525939670400367
28.55	0.95216923966892
28.65	0.9549199019452019
28.75	0.9548043533191901
28.85	0.9565666527114798
28.95	0.9605967036371574
29.05	0.9623068640836072
29.15	0.9640510669078157
29.25	0.9652198586707719
29.35	0.9704263352384233
29.45	0.9728350488881644
29.55	0.9790127065008793
29.65	0.9835344891163703
29.75	0.9874985045639133
29.85	0.9942163556047338
29.95	NaN
30.05	1.001807903155973
30.15	1.004091747525929
30.25	1.0091825558199439
30.35	1.0136044774560558
30.45	1.0179926523370832
30.55	1.0210729668437022
30.65	1.026198749730249
30.75	1.0284225173374835
30.85	1.0314954452296217
30.95	1.0338202308885267
31.05	1.0370035135914109
31.15	1.0382108611980145
31.25	1.038926734146204
31.35	1.0395734268569916
31.45	1.04173008212784
31.55	1.043268891853712
31.65	1.038916659889571
31.75	NaN
31.85	1.0391132391912952
31.95	1.0356486939691996
32.05	1.0337604372516718
32.15	1.0315026923727413
32.25	1.0308851390666622
32.35	1.0269833674361086
32.45	1.0222132532051362
32.55	1.0190072062928721
32.65	1.0176579129288903
32.75	1.0144406203603409
32.85	1.0108304805338537
32.95	1.0071988159059853
33.05	1.0007694799226927
33.15	0.9985622580279186
33.25	0.9930294586164671
33.35	0.9885119435744375
33.45	0.9891253330955416
33.55	0.984578761311022
33.65	0.9826293045040075
33.75	0.9793726395345086
33.85	0.9765418078163881
33.95	0.9761372609694755
34.05	0.9707694809836884
34.15	0.97344163231471
34.25	0.9691333422748849
34.35	0.9691593988962679
34.45	0.9691987523177491
34.55	0.9668133928051214
34.65	0.9687508455253073
34.75	0.9673195426633424
34.85	0.9668934449436399
34.95	0.9700029294219765
35.05	0.96922906860026
35.15	0.9719769347820476
35.25	0.9739282038326327
35.35	0.9759413103303377
35.45	0.9763873583137884
35.55	0.9790390600517997
35.65	0.9796236443790916
35.75	0.9835218830655224
35.85	0.988677085121577
35.95	0.9904768031226718
36.05	0.9951895057286735
36.15	0.9968965365083742
36.25	0.9991123947882868
36.35	1.0008899254629229
36.45	1.0058785962213013
36.55	1.0077287702486015
36.65	NaN
36.75	1.0114733422493412
36.85	1.0174579808683055
36.95	1.0196825006365664
37.05	1.0214545009068208
37.15	1.0215191628081
37.25	1.0238485370111288
37.35	1.0257181871975853
37.45	1.0271645369036158
37.55	1.026798383265266
37.65	1.0286943631750873
37.75	1.027360898682402
37.85	1.0283878715510009
37.95	1.0284313885682643
38.05	NaN
38.15	NaN
38.25	1.0253268546389387
38.35	1.023622262493527
38.45	1.0231866418234326
38.550000000000004	1.0202784495942607
38.65	1.0183001599099912
38.75	1.0153121457666867
38.85	1.0134909518239357
38.95	1.0119661208734694
39.050000000000004	1.0097364255069934
39.15	1.006884909204159
39.25	1.005505990826619
39.35	1.002008498119207
39.45	0.9983322707569681
39.550000000000004	0.9960726720169444
39.65	NaN
39.75	0.9914987639022075
39.85	0.9895400364613902
39.95	0.9863912282678826
40.050000000000004	0.9867225402295541
40.15	0.9826031346724607
40.25	0.9825673850329658
40.35	NaN
40.45	0.978723744944115
40.550000000000004	0.9790847828250365
40.65	0.9762273738993277
40.75	0.9762858068501492
40.85	0.9749935708755116
40.95	0.9766413013207537
41.050000000000004	0.9752852973865808
41.15	0.9767791362900969
41.25	0.9765925401386184
41.35	0.9799956154680491
41.45	0.9805449629293594
41.550000000000004	0.9800011357749453
41.65	0.9821725383790367
41.75	0.9821329002312451
41.85	0.9877518194394265
41.95	0.9868958921021846
42.050000000000004	0.9894727943156005
42.15	0.9911302467189682
42.25	0.9947309572747103
42.35	0.9952983061391509
42.45	0.9966874277031643
42.550000000000004	1.0010362556892851
42.65	1.0016963552121538
42.75	1.0033539748186815
42.85	1.0068633998627423
42.95	1.0105185701916
43.050000000000004	1.012078887597365
43.15	NaN
43.25	1.0166370228031378
43.35	1.0152645173359536
43.45	1.017774968837503
43.550000000000004	1.0188659987094804
43.65	NaN
43.75	NaN
43.85	1.0180534722669397
43.95	1.0208633830996428
44.050000000000004	1.019995684180462
44.15	1.0214150693119999
44.25	1.0191893098050613
44.35	1.0192416814164467
44.45	NaN
44.550000000000004	1.018425536451808
44.65	1.0169781742552912
44.75	1.0158391740702144
44.85	1.014999775455766
44.95	1.012962596795783
45.050000000000004	1.0102902266418365
45.15	1.0100259391461455
45.25	1.0056819788046842
45.35	1.0049912193875492
45.45	1.0030830443086072
45.550000000000004	1.0018465950925854
45.65	0.9992066602959367
45.75	NaN
45.85	0.9960734292444373
45.95	NaN
46.050000000000004	0.992483287784355
46.15	0.9903086052993838
46.25	0.9881365592389654
46.35	NaN
46.45	0.9856436765240212
46.550000000000004	0.984865888786197
46.65	NaN
46.75	0.982400439926888
46.85	0.9818715714627203
46.95	0.983031251175063
47.050000000000004	0.982941183910805
47.15	0.9814218108325429
47.25	0.9825076461517191
47.35	0.9820446307515098
47.45	NaN
47.550000000000004	0.9836929798340707
47.65	0.9859100635160425
47.75	0.9846483949825684
47.85	0.9863011443728669
47.95	0.9871218217446999
48.050000000000004	0.9888754617116212
48.15	0.9892735809810684
48.25	0.990478940220757
48.35	0.9923520359889929
48.45	0.9926801450216594
48.550000000000004	0.9986980616963199
48.65	0.9979413022342628
48.75	0.9994602353778931
48.85	1.0005650003279398
48.95	1.0018685627711954
49.050000000000004	1.0032399501357339
49.15	1.0075291605739596
49.25	1.0067287994416279
49.35	1.0084369014113936
49.45	1.009313219849566
49.550000000000004	1.0123546096948246
49.65	1.0127365390700285
49.75	NaN
49.85	1.0135830319081287
49.95	1.0138738140515346
50.050000000000004	1.0167014885193126
50.15	1.0170058476099881
50.25	1.0176838500280987
50.35	1.016502459296093
50.45	1.017210924659324
50.550000000000004	1.0157837042934867
50.65	1.015702688479757
50.75	1.014397632323592
50.85	1.0121617410680133
50.95	1.0113965964613765
51.050000000000004	1.0110926534767364
51.15	1.0120569832063113
51.25	1.0083495171060866
51.35	1.0102104717351204
51.45	1.00761528050743
51.550000000000004	1.005874643298564
51.65	1.005693860937779
51.75	0.9972932622081935
51.85	0.9997766672062608
51.95	0.9990341992095685
52.050000000000004	0.9971114283951719
52.15	NaN
52.25	0.9953645298195023
52.35	0.9925617421005477
52.45	0.9898924506211884
52.550000000000004	0.9915838239609499
52.65	0.9917131098949845
52.75	0.9899343483155931
52.85	0.9880567672408846
52.95	0.986913150400581
53.050000000000004	0.9870235136837293
53.15	0.9867239869118372
53.25	0.986903050858927
53.35	0.9850513199302682
53.45	0.9855853183644907
53.550000000000004	0.9878048743596863
53.65	0.986633518080426
53.75	0.9865839375429959
53.85	0.989494614729035
53.95	0.9891938148191177
54.050000000000004	0.9881984960717763
54.15	0.988577183281636
54.25	0.9910167695177704
54.35	0.99265362143773
54.45	0.9937911578490677
54.550000000000004	NaN
54.65	0.994576452166009
54.75	0.995249941917917
54.85	0.998254065056974
54.95	0.9976011035302993
55.050000000000004	0.9973669931916942
55.15	1.0016704040188675
55.25	1.0018829144196386
55.35	1.0021791086825576
55.45	1.0033692784269803
55.550000000000004	1.0062396611964348
55.65	NaN
55.75	1.0097787997605503
55.85	1.0091417709412471
55.95	1.0088024091853103
56.050000000000004	1.0111607987491882
56.15	1.0120728309098237
56.25	1.0095445544620323
56.35	1.0190088259682786
56.45	1.0110867018260605
56.550000000000004	1.0126976524474516
56.65	1.0115960053893704
56.75	1.0115883418928702
56.85	1.012614404816627
56.95	1.0113240819651947
57.050000000000004	1.0109606625043563
57.15	1.0100816454334967
57.25	1.0108852524373284
57.35	1.0077577843923136
57.45	1.0106495425561537
57.550000000000004	NaN
57.65	1.0068672109570913
57.75	1.004429489977498
57.85	1.0034271766504368
57.95	1.0015289129655796
58.050000000000004	NaN
58.15	1.0006343708196919
58.25	0.9989012213718135
58.35	0.9992230622333531
58.45	0.997293868318806
58.550000000000004	0.9954388230268437
58.65	0.9967764810327249
58.75	NaN
58.85	0.9916937097463409
58.95	0.9927643791644715
59.050000000000004	0.9922854186907671
59.15	0.9908053315928703
59.25	0.9895580468559435
59.35	0.990558373489036
59.45	0.9908116058936945
59.550000000000004	0.9884233921806043
59.65	NaN
59.75	0.9908930311896894
59.85	0.9888226904545906
59.95	0.9878838981981442
60.050000000000004	0.990231957321342
60.15	0.9885750467749868
60.25	0.9897619113854706
60.35	NaN
60.45	0.9909381381254903
60.550000000000004	0.992774574387696
60.65	0.9923783138294491
60.75	0.9937295321394817
60.85	NaN
60.95	0.9940696158955595
61.050000000000004	0.9959260486499847
61.15	0.9978109432529709
61.25	0.9983511628835829
61.35	1.0026659161321443
61.45	1.000127573695287
61.550000000000004	1.002219337036604
61.65	1.0043581839742295
61.75	1.0032681164052504
61.85	1.0056278529384393
61.95	NaN
62.050000000000004	1.0043046340173578
62.15	1.007986635033604
62.25	1.0091574128028171
62.35	1.0114145342864964
62.45	NaN
62.550000000000004	1.0085044001609147
62.65	NaN
62.75	NaN
62.85	1.009697842106026
62.95	1.0095490610149915
63.050000000000004	1.0090352097801758
63.15	1.0087964690914526
63.25	1.0107484280230963
63.35	1.0087997323124667
63.45	1.0084861248510777
63.550000000000004	1.007847906866705
63.65	NaN
63.75	1.0065754993999851
63.85	NaN
63.95	1.0042882210916366
64.05	1.002519803843375
64.14999999999999	1.00659496597203
64.25	1.0020349774646224
64.35	NaN
64.44999999999999	1.0013196509798212
64.55	1.0002545583887554
64.64999999999999	0.9990509110992151
64.75	0.9983574034474849
64.85	0.9971657642635777
64.94999999999999	0.9977366025432376
65.05	0.9944118423764527
65.14999999999999	NaN
65.25	0.9923489701822639
65.35	0.9917165608339618
65.44999999999999	0.9919239258368865
65.55	0.9920012344096909
65.64999999999999	NaN
65.75	0.9926557577223334
65.85	0.9908670307951881
65.94999999999999	NaN
66.05	NaN
66.14999999999999	0.9910212789352988
66.25	0.9911952262588418
66.35	0.9928851688647562
66.44999999999999	0.9926971672069338
66.55	NaN
66.64999999999999	0.9926249053119738
66.75	0.9938984438780646
66.85	NaN
66.94999999999999	NaN
67.05	NaN
67.14999999999999	NaN
67.25	0.9964815305374035
67.35	NaN
67.44999999999999	NaN
67.55	0.9994316583199216
67.64999999999999	1.003217960285681
67.75	1.0009949752575746
67.85	1.0022179951457197
67.94999999999999	NaN
68.05	1.005099726494257
68.14999999999999	1.004466170906896
68.25	1.0066404670151778
68.35	1.005346839465787
68.44999999999999	1.0057048845733538
68.55	1.0072552315477201
68.64999999999999	NaN
68.75	1.0083281218829452
68.85	1.008002585557699
68.94999999999999	1.0087564657191708
69.05	NaN
69.14999999999999	1.00728383193587
69.25	NaN
69.35	1.0082664639050907
69.44999999999999	1.009041831334992
69.55	1.008296585317561
69.64999999999999	1.007110526411557
69.75	1.0075026900611406
69.85	1.0059003400861468
69.94999999999999	1.0053442004060948
70.05	NaN
70.14999999999999	1.0052478837971024
70.25	1.004215135096938
70.35	1.00277429607629
70.44999999999999	1.0023288178657945
70.55	1.002590491707632
70.64999999999999	0.9996763294943674
70.75	1.000137078044331
70.85	0.998596669791094
70.94999999999999	0.9992449836008679
71.05	0.9962187886646432
71.14999999999999	NaN
71.25	0.9945205320814163
71.35	NaN
71.44999999999999	0.993963193391358
71.55	0.9948236844987257
71.64999999999999	0.99513633414903
71.75	0.9916003299911342
71.85	NaN
71.94999999999999	NaN
72.05	0.991940649511409
72.14999999999999	NaN
72.25	0.9914022649001508
72.35	0.9920384844352526
72.44999999999999	NaN
72.55	NaN
72.64999999999999	0.9902148076137934
72.75	0.9932267900169865
72.85	0.9916561532961118
72.94999999999999	NaN
73.05	0.9948787194853995
73.14999999999999	0.9950703749142055
73.25	0.9971360093451642
73.35	0.9960706831984506
73.44999999999999	0.9964621304632543
73.55	0.9975360802578578
73.64999999999999	0.9973535451921335
73.75	0.9993170412928186
73.85	0.9999661258755765
73.94999999999999	NaN
74.05	NaN
74.14999999999999	1.001433372358719
74.25	1.0028256132726465
74.35	1.0013639547014097
74.44999999999999	1.0045970159424809
74.55	1.0044750044156514
74.64999999999999	NaN
74.75	NaN
74.85	1.0052483804809251
74.94999999999999	1.007419351894906
75.05	1.0082453728649343
75.14999999999999	1.0058137763681732
75.25	1.007266532498425
75.35	1.0073578454378256
75.44999999999999	1.0061921405696197
75.55	1.0062229650407666
75.64999999999999	1.0070725323225638
75.75	NaN
75.85	1.0069882905222727
75.94999999999999	NaN
76.05	1.007002967900687
76.14999999999999	1.0032338925494448
76.25	1.0050657144109196
76.35	1.0046916792879215
76.44999999999999	NaN
76.55	1.0024166234016096
76.64999999999999	1.0037143410575586
76.75	NaN
76.85	0.9999530078834369
76.95	0.9988058925145408
77.05	1.0005694521635802
77.14999999999999	0.9987744198038883
77.25	NaN
77.35	NaN
77.45	NaN
77.55	0.9953059240213635
77.64999999999999	NaN
77.75	0.9954273719652769
77.85	0.9957089955347438
77.95	NaN
78.05	0.9935056692740548
78.14999999999999	NaN
78.25	0.9940640470425488
78.35	0.9946431608086708
78.45	NaN
78.55	NaN
78.64999999999999	NaN
78.75	0.993303388866557
78.85	0.9919917053090387
78.95	0.9940780720222548
79.05	NaN
79.14999999999999	NaN
79.25	0.9950939404907936
79.35	0.9940822522423169
79.45	NaN
79.55	0.9934361687348421
79.64999999999999	NaN
79.75	0.9969490424476174
79.85	0.9977571015939145
