0.15	0.0197507378121151
0.25	0.018948342835213672
0.35	0.01897537241071907
0.45	0.019106256353714737
0.55	0.01946227252205694
0.65	0.019325304857271255
0.7500000000000001	0.01966098720871076
0.85	0.01988697875315239
0.95	0.020271728279451146
1.05	0.02053277769938537
1.15	0.020740562747059398
1.25	0.021158171458397185
1.35	0.02152608826813387
1.45	0.02193203469738903
1.55	0.022530727906010725
1.65	0.023136074984509397
1.75	0.023527464730927913
1.85	0.024280106013760527
1.95	0.02504859668405125
2.05	0.02578772274549219
2.15	0.026596996361066397
2.25	0.02757758298264251
2.35	0.028561710434224095
2.45	0.02952210580841775
2.5500000000000003	0.030743996910680516
2.65	0.032035272648416886
2.75	0.033370234543100744
2.85	0.03496625563639067
2.95	0.03667400811797733
3.0500000000000003	0.0383828105263667
3.15	0.040296070395846144
3.25	0.042490780167329656
3.35	0.04505624831392405
3.45	0.047516196564763157
3.5500000000000003	0.050586240939099816
3.65	0.05371669996475653
3.75	0.057551834728521274
3.85	0.06081178223992302
3.95	0.06586696747747821
4.05	0.0707257762183416
4.1499999999999995	0.07643640980681457
4.25	0.08233268495733474
4.35	0.0900946960363785
4.449999999999999	0.09778508734015721
4.55	0.10638931984232008
4.6499999999999995	0.11660802809440414
4.75	0.12898668743442732
4.85	0.14313894982867678
4.95	0.15926232633956
5.05	0.1771656795798534
5.1499999999999995	0.1995484420801724
5.25	0.22422530094132348
5.35	0.2552313667586759
5.45	0.2926659647284362
5.55	0.33539721103499753
5.6499999999999995	0.38678093819462767
5.75	0.4530561776206319
5.85	0.5294690644539555
5.95	0.625371285514202
6.05	0.7457531798596145
6.1499999999999995	0.9005076330092251
6.25	1.0808469715093545
6.35	1.3013153967189584
6.45	1.5785497604248886
6.55	1.8897013339572326
6.6499999999999995	2.2216463101930173
6.75	2.531581120085166
6.85	2.795149672050127
6.95	2.921190011884009
7.05	2.9129683695163635
7.1499999999999995	2.7750571117501344
7.25	2.5571427400873192
7.35	2.2942023965648186
7.45	2.038375730291212
7.55	1.8169875695652207
7.6499999999999995	1.6058309840004703
7.75	1.4326471767914595
7.85	1.278686545439521
7.95	1.1607745657022506
8.05	1.0582572257873881
8.15	0.9745624094987956
8.25	0.8973956373075648
8.350000000000001	0.8386073273120043
8.450000000000001	0.7891708145719721
8.55	0.744343700118541
8.65	0.7058322548604046
8.75	0.6775054478635306
8.850000000000001	0.6508880710399356
8.950000000000001	0.6291428274421698
9.05	0.6128223910655065
9.15	0.5975989941256362
9.25	0.5865746793427518
9.350000000000001	0.5785235220155672
9.450000000000001	0.571907534197785
9.55	0.5696793707582875
9.65	0.5689771509480361
9.750000000000002	0.5688163912844469
9.85	0.5729315968597996
9.95	0.5779338015493206
10.049999999999999	0.5850161912318279
10.149999999999999	0.5942242999847188
10.25	0.6060600936556559
10.35	0.6190902890933856
10.45	0.6350458224308759
10.549999999999999	0.6514126942214492
10.649999999999999	0.6720373353008018
10.75	0.6947194302883825
10.85	0.7214439423214756
10.95	0.7465200301284785
11.049999999999999	0.7779462484636653
11.149999999999999	0.8100839755391568
11.25	0.8445727248149713
11.35	0.8816815123187447
11.45	0.9211358041396248
11.549999999999999	0.961603724442581
11.649999999999999	1.002351291702632
11.75	1.0437569698735747
11.85	1.0864351880356076
11.95	1.124420366356102
12.049999999999999	1.1650156658854303
12.149999999999999	1.1998571255746502
12.25	1.2324229800887665
12.35	1.2584415765018098
12.45	1.2838057932774125
12.549999999999999	1.3020651928131128
12.649999999999999	1.321454889928857
12.75	1.3280893431564005
12.85	1.3353737452973609
12.95	1.3376565674653138
13.049999999999999	1.3391587021692877
13.149999999999999	1.335419476521943
13.25	1.3289029670144012
13.35	1.317117157746375
13.45	1.303122037153701
13.549999999999999	1.2860439134326604
13.649999999999999	1.2663165948239816
13.75	1.2450569673994294
13.85	1.2165943183565857
13.95	1.1908925476091337
14.049999999999999	1.1606380836840684
14.149999999999999	1.12866475146596
14.25	1.0956037897887554
14.35	1.0644422600741574
14.45	1.0313206049605759
14.549999999999999	1.002601229911198
14.649999999999999	0.9748746107427922
14.75	0.9467405717552977
14.85	0.9195204214257077
14.95	0.8965094225589345
15.049999999999999	0.8772708324377754
15.149999999999999	0.8578704109403353
15.25	0.8413546665894202
15.35	0.827184188322343
15.45	0.8145396801254186
15.549999999999999	0.8039576498195488
15.649999999999999	0.7937168391634478
15.75	0.78997646214073
15.85	0.7841525614851386
15.95	0.7821564099428916
16.05	0.7820392980507593
16.15	0.7846019656876847
16.25	0.786399825764445
16.349999999999998	0.7907122510336958
16.45	0.7981280619254915
16.55	0.8062035516025461
16.65	0.8148961005357678
16.75	0.8261124798564141
16.849999999999998	0.8401487989562902
16.95	0.8538229299879746
17.05	0.869989733622644
17.15	0.8864312061606938
17.25	0.905520765233549
17.349999999999998	0.9239742481528765
17.45	0.9425942052781782
17.55	0.9625833268765118
17.65	0.9838522788223549
17.75	1.0051002800192745
17.849999999999998	1.0256214677552424
17.95	1.0457480984426304
18.05	1.0691901851953391
18.15	1.0849334799552244
18.25	1.1029526591091887
18.349999999999998	1.1183043571403386
18.45	1.1334997122128734
18.55	1.1468418946394028
18.65	1.1594337973000475
18.75	1.1656080382117904
18.849999999999998	1.1704475755116825
18.95	1.1725902511855355
19.05	1.1754819097074574
19.15	1.176925571973107
19.25	1.1719379955773161
19.35	1.1682556899556882
19.45	1.1581928239784598
19.55	1.151853347352184
19.65	1.1436566894338849
19.75	1.132071710750967
19.85	1.1206204282457655
19.95	1.108094626844358
20.05	1.0928685453315319
20.15	1.0801138261367667
20.25	1.0673010422414972
20.35	1.053340078328383
20.45	1.0392724119950296
20.55	1.0249337540423935
20.65	1.008521056175568
20.75	0.9980238886222751
20.85	0.9827303953922535
20.95	0.9723711547903865
21.05	0.9606707686971276
21.15	0.9496977188625638
21.25	0.9349795159151038
21.35	0.9269030924715634
21.45	0.9172867709038904
21.55	0.9094044011201603
21.65	0.9036103248493293
21.75	0.897930091824407
21.85	0.8910968802386966
21.95	0.8864820516549984
22.05	0.8822032979613533
22.15	0.8816541607732677
22.25	0.8812829772175028
22.35	0.8812939753090814
22.45	0.8803068900465824
22.55	0.8847189945885149
22.65	0.8870517346065168
22.75	0.8909544677362368
22.85	0.8963044687823385
22.95	NaN
23.05	0.909318580158643
23.15	0.9179436005537821
23.25	0.9251218213507327
23.35	0.9370269572809315
23.45	0.9483074122707423
23.55	0.9533660448731668
23.65	0.9688190028297271
23.75	0.978401535933346
23.85	0.9929895585365376
23.95	1.0033749781005747
24.05	1.0145673673959374
24.15	1.0245608857770026
24.25	1.037794741813439
24.35	1.0476751128546085
24.45	1.0615994672747697
24.55	1.0672495040595171
24.65	1.0763965928745376
24.75	1.0857456563115682
24.85	1.0910440674464215
24.95	1.0968022607323253
25.05	1.1006117334410204
25.15	1.1031153346117055
25.25	1.1054123407145264
25.35	1.1054760343665957
25.45	1.1039988840677981
25.55	1.100673533639889
25.65	1.097879547401217
25.75	1.0957784547340452
25.85	1.0875595809346443
25.95	1.0833446527674997
26.05	1.074350629192197
26.15	1.0676105804533083
26.25	1.0625275665144374
26.35	1.0526210639394435
26.45	1.0442038218045029
26.55	1.0330113671299537
26.65	1.025694951894104
26.75	1.0164081046466276
26.85	1.006539089631579
26.95	0.9984738820582902
27.05	0.9898430771060558
27.15	0.9831141864572931
27.25	0.9741855383303968
27.35	0.9670121585180184
27.45	0.9603705333067554
27.55	0.95228034906539
27.65	0.9514941530009277
27.75	0.9425826834986862
27.85	0.9360028426391385
27.95	0.9346973953001111
28.05	0.9303846837270717
28.15	0.9268058190280583
28.25	0.9243086729306749
28.35	0.9266433945517374
28.45	0.9241587896346911
28.55	0.9231616353012707
28.65	0.9230433077002346
28.75	0.9255225486317263
28.85	0.9273723716964775
28.95	0.9308599492045928
29.05	0.9339700569967003
29.15	0.93850399290029
29.25	0.9417409137531282
29.35	0.9507028617270482
29.45	0.9535579220739576
29.55	0.9599225586839996
29.65	0.9670031441631824
29.75	0.9747132101292332
29.85	0.9808228769006296
29.95	0.9861203906289785
30.05	0.9929094860874744
30.15	1.0006961678765984
30.25	1.0090317215164433
30.35	1.0175490338320368
30.45	1.0224267805730658
30.55	1.0308682583215516
30.65	1.0359827626395735
30.75	1.0423237286565112
30.85	1.050425416161814
30.95	1.0520586952556976
31.05	1.0542240758675274
31.15	1.0600422694046838
31.25	1.062453074753347
31.35	1.0657319473918114
31.45	1.0673480986878916
31.55	1.066386364885406
31.65	1.0665345420283177
31.75	1.0672582344071286
31.85	1.0646453320926361
31.95	1.0611995627144373
32.05	1.060779086601741
32.15	1.0564462975961433
32.25	1.0531937666859685
32.35	1.0485749254275094
32.45	1.042528402912185
32.55	1.038239723701606
32.65	1.0339432729004394
32.75	1.0267688875192869
32.85	1.0202773304418657
32.95	1.0137301887698527
33.05	1.0078262950764962
33.15	1.002217578232969
33.25	0.9950960083674232
33.35	0.9900344020756793
33.45	0.9857276596109249
33.55	0.9841686442516612
33.65	0.9750601148984793
33.75	0.9712929979542647
33.85	0.966444023658445
33.95	0.9640058855677631
34.05	0.9596054814101219
34.15	0.9548422360915122
34.25	0.9531686845388618
34.35	0.9517784307278554
34.45	0.9479863296197578
34.55	0.9480350560260076
34.65	0.9465861721066157
34.75	0.9487039030578368
34.85	0.9484961326581658
34.95	0.947929418456432
35.05	0.9500988771462864
35.15	0.9501424302800845
35.25	0.9519870793906771
35.35	0.9557816249755022
35.45	0.9585431657312811
35.55	0.9633848783701726
35.65	0.9650068350756287
35.75	0.96916072675969
35.85	0.9748722099626352
35.95	0.9799967954114285
36.05	0.9838312190875351
36.15	0.990154664950361
36.25	0.9942831388216198
36.35	0.9998811288836295
36.45	1.0033065612336993
36.55	NaN
36.65	1.0141877986449146
36.75	1.019062977045702
36.85	1.0304376638108732
36.95	1.0269692959684613
37.05	1.0306570519445795
37.15	1.034511848033362
37.25	1.037016352898898
37.35	1.0406198108634395
37.45	1.0426557596375448
37.55	1.0410467322329644
37.65	NaN
37.75	1.051941407371886
37.85	1.0504398568760096
37.95	1.045817849894228
38.05	1.0470238225224748
38.15	1.0437254973587284
38.25	1.0442316656292376
38.35	1.0426217924104257
38.45	1.0392243298500932
38.550000000000004	1.0360098895568561
38.65	1.0313629200295473
38.75	1.0286728756204417
38.85	1.026007404910581
38.95	1.0223086697569879
39.050000000000004	1.017796821692537
39.15	NaN
39.25	NaN
39.35	NaN
39.45	NaN
39.550000000000004	0.9949916305457439
39.65	0.9923585097548776
39.75	0.9884950569196386
39.85	0.9835570869255944
39.95	0.980826291207408
40.050000000000004	0.9745394076344559
40.15	NaN
40.25	0.9712764774470156
40.35	0.9709485834201874
40.45	0.966351035802687
40.550000000000004	0.9645425746609484
40.65	0.9641638963382163
40.75	0.9607488242682422
40.85	0.960010043247813
40.95	0.9597815398062842
41.050000000000004	0.9617234342861875
41.15	0.9618297950737116
41.25	0.962990138061802
41.35	0.9647048090089959
41.45	0.9665386041083579
41.550000000000004	NaN
41.65	0.9706854127357457
41.75	0.9698599664019326
41.85	0.9726196673988556
41.95	0.9769657245503731
42.050000000000004	0.9796200338701667
42.15	NaN
42.25	0.9864547872532757
42.35	0.9915725712304845
42.45	0.9937002699353858
42.550000000000004	0.9979629656326375
42.65	0.9999867616195811
42.75	1.0046670783063087
42.85	1.0103004965401507
42.95	1.0112059822416768
43.050000000000004	1.0159114712846984
43.15	1.0190092683331549
43.25	1.0203583202711106
43.35	1.0248078897154789
43.45	1.0264042170345757
43.550000000000004	1.0286907217235362
43.65	NaN
43.75	1.0331786822742264
43.85	1.0335747028188238
43.95	1.0328047863030458
44.050000000000004	1.0335252419193712
44.15	1.0344710519238234
44.25	NaN
44.35	1.0326871864137688
44.45	1.0343574083184435
44.550000000000004	1.0310957867232473
44.65	1.0293681715221048
44.75	1.0291223740110498
44.85	1.024168655639889
44.95	1.024386095469758
45.050000000000004	1.0201969716371437
45.15	1.0167902085778697
45.25	1.013275095679464
45.35	NaN
45.45	1.0080114041143344
45.550000000000004	1.0048246398332197
45.65	NaN
45.75	1.0031412775687985
45.85	0.9959192989936966
45.95	0.9900865903043344
46.050000000000004	0.9880793016385683
46.15	0.9863149299205907
46.25	0.9805829158229316
46.35	0.979442707637562
46.45	0.9806395956995163
46.550000000000004	0.9756809040776714
46.65	NaN
46.75	0.9732216530650264
46.85	0.9736744679482404
46.95	0.9724482837074873
47.050000000000004	0.9706459724189311
47.15	0.9708993766661229
47.25	0.9697046955811417
47.35	0.9715988172521829
47.45	0.9717645258663523
47.550000000000004	0.9712192547723797
47.65	0.9734576129183697
47.75	0.9725961862113177
47.85	0.9771734955251076
47.95	0.9771520479685755
48.050000000000004	0.9793303078672799
48.15	0.9802563923153801
48.25	0.9824584238181358
48.35	0.9869669137674831
48.45	0.9879444036086448
48.550000000000004	0.9898709708174789
48.65	0.9943130672036178
48.75	0.9964208088988243
48.85	0.997972303715054
48.95	1.0013090125885562
49.050000000000004	1.0051480317868298
49.15	NaN
49.25	1.0116012840941382
49.35	1.0127746514727962
49.45	1.0143271765178417
49.550000000000004	1.0167510605591425
49.65	1.019520867869269
49.75	1.0230386831488445
49.85	1.0222979589762622
49.95	1.02329740622349
50.050000000000004	1.0250483128874852
50.15	1.0260993060036394
50.25	1.025944531504446
50.35	1.0267360635522191
50.45	1.0247383219610946
50.550000000000004	1.025544666612402
50.65	1.0260352290733132
50.75	1.0255405141799754
50.85	1.02456248386331
50.95	NaN
51.050000000000004	1.0208057534334438
51.15	1.0177438384322854
51.25	1.018401466383622
51.35	1.01713225675671
51.45	1.0124059395759286
51.550000000000004	NaN
51.65	1.0061907935070429
51.75	1.0045621803773412
51.85	1.0032447566227416
51.95	1.0004261212610128
52.050000000000004	NaN
52.15	0.9959976453985399
52.25	0.9928014016134207
52.35	0.9902641320806721
52.45	0.9900943022633255
52.550000000000004	0.9855881549095646
52.65	0.9895642978926985
52.75	0.9832007891549678
52.85	0.981940159063708
52.95	NaN
53.050000000000004	0.981156308566325
53.15	NaN
53.25	0.9784692971382513
53.35	0.9762830725412812
53.45	0.9772560981184519
53.550000000000004	NaN
53.65	0.9781876702878324
53.75	NaN
53.85	0.9784700477167029
53.95	0.9785773654805657
54.050000000000004	NaN
54.15	0.9823044340280779
54.25	NaN
54.35	0.9842964655463865
54.45	0.9858560808276053
54.550000000000004	NaN
54.65	0.9912111538919753
54.75	0.9904298427051403
54.85	0.9904972711796886
54.95	0.9974087994743704
55.050000000000004	0.9983718260379265
55.15	1.0000881901920473
55.25	1.0029270992819939
55.35	1.0028832685705398
55.45	1.0068159287212677
55.550000000000004	1.009579849636613
55.65	1.0081271228736437
55.75	1.0096599553022843
55.85	1.0149867057865134
55.95	1.0137820644489572
56.050000000000004	1.0188941882875984
56.15	1.018125628213567
56.25	1.0156268159398374
56.35	1.0212642242507168
56.45	1.022688491315191
56.550000000000004	1.022108597798292
56.65	1.022203789052389
56.75	NaN
56.85	1.020280403406929
56.95	1.0194761331169908
57.050000000000004	1.018927072920195
57.15	1.019069017157273
57.25	1.0175826644946369
57.35	NaN
57.45	1.0145432132585488
57.550000000000004	1.0135422513842907
57.65	1.0104238167811965
57.75	1.0105864698272733
57.85	1.0083817001817565
57.95	1.0059294651392803
58.050000000000004	1.0028554190508354
58.15	1.0003331177951704
58.25	1.002926800799514
58.35	0.997882730144738
58.45	NaN
58.550000000000004	0.9934307989355534
58.65	0.9928361108099056
58.75	NaN
58.85	0.9886184309600252
58.95	NaN
59.050000000000004	0.984383762592268
59.15	0.9856802870961929
59.25	0.9838500349159259
59.35	0.9836915471425133
59.45	0.9844726529464576
59.550000000000004	0.980860849809828
59.65	0.982588073926295
59.75	0.9802642646048813
59.85	NaN
59.95	0.9835084654714984
60.050000000000004	NaN
60.15	0.9819504492765998
60.25	0.9837587667721078
60.35	NaN
60.45	0.9852681668445045
60.550000000000004	0.984211029416685
60.65	0.9875756194223463
60.75	0.9892097957713561
60.85	0.9887358578424913
60.95	0.9937768115719235
61.050000000000004	0.9931396313338
61.15	0.9948817780917997
61.25	0.9952964457761895
61.35	0.9999055029332149
61.45	1.0041548088067629
61.550000000000004	NaN
61.65	1.0039769166188495
61.75	NaN
61.85	NaN
61.95	1.0082809123343286
62.050000000000004	1.0103692807607954
62.15	1.011531534387478
62.25	1.0132488753833717
62.35	1.0138399735223393
62.45	1.013720176932374
62.550000000000004	1.0163570690507198
62.65	1.0169050093600227
62.75	1.0178736472457366
62.85	1.0174057124332254
62.95	1.0164468483838538
63.050000000000004	1.0179623485385125
63.15	1.01744122343364
63.25	NaN
63.35	1.0166559401254107
63.45	1.0132018034171828
63.550000000000004	1.0128460652974844
63.65	1.0124483213377051
63.75	1.0106044359956066
63.85	1.0101199700273198
63.95	1.0078715379854626
64.05	1.0073381777112647
64.14999999999999	1.005992529101376
64.25	1.0072183309359606
64.35	1.0049292706224882
64.44999999999999	1.00030950495763
64.55	0.9992665248644335
64.64999999999999	0.9985492764655656
64.75	0.99719536982334
64.85	0.9923534422826906
64.94999999999999	0.992572614302291
65.05	0.9930515603528058
65.14999999999999	0.9887306016785538
65.25	NaN
65.35	0.9885765017394778
65.44999999999999	NaN
65.55	0.9866453981279945
65.64999999999999	0.9838023764738739
65.75	0.9856451572127306
65.85	0.9856989575876628
65.94999999999999	0.9851155152175549
66.05	NaN
66.14999999999999	0.9834588693843984
66.25	0.9854243287723965
66.35	0.9846216615620254
66.44999999999999	0.986716384110327
66.55	0.9854413083084221
66.64999999999999	NaN
66.75	0.9868414004422171
66.85	NaN
66.94999999999999	NaN
67.05	0.9918982386803468
67.14999999999999	0.9917961734676063
67.25	0.993891869740981
67.35	0.995508690192766
67.44999999999999	0.9972497753691193
67.55	0.9992812741161099
67.64999999999999	NaN
67.75	NaN
67.85	1.0045218795567599
67.94999999999999	1.0045068753636983
68.05	1.0058127411083817
68.14999999999999	1.0054113970323315
68.25	NaN
68.35	1.0095364775673537
68.44999999999999	1.0116088945211725
68.55	1.010965508821833
68.64999999999999	NaN
68.75	1.012945956137854
68.85	1.0121923215203936
68.94999999999999	1.013868379255002
69.05	1.012009944832389
69.14999999999999	1.0163905609169341
69.25	1.0145353086186346
69.35	1.0153815140651468
69.44999999999999	NaN
69.55	1.0137205915936847
69.64999999999999	1.0114188916240716
69.75	NaN
69.85	1.0100489919313616
69.94999999999999	NaN
70.05	1.008561563098873
70.14999999999999	1.0092819771871429
70.25	NaN
70.35	1.0058630169744271
70.44999999999999	NaN
70.55	1.0016535055373714
70.64999999999999	0.9991854233490981
70.75	1.0029974024324904
70.85	0.9997474325881771
70.94999999999999	0.9988938897318116
71.05	0.9979317431972107
71.14999999999999	0.9955906606063988
71.25	NaN
71.35	0.9921441582846486
71.44999999999999	0.9920909656577291
71.55	0.9911602182121675
71.64999999999999	0.9903269745910218
71.75	0.9879276072421699
71.85	0.9894185058702173
71.94999999999999	0.9895783026508489
72.05	NaN
72.14999999999999	NaN
72.25	NaN
72.35	NaN
72.44999999999999	0.9859705642963563
72.55	0.9888341473420859
72.64999999999999	0.986916661624005
72.75	NaN
72.85	0.9891268840911653
72.94999999999999	0.9890348479627993
73.05	0.9892974904792934
73.14999999999999	0.9907107328521448
73.25	0.9908492036816583
73.35	0.9935249612747568
73.44999999999999	NaN
73.55	0.9963938340123475
73.64999999999999	NaN
73.75	NaN
73.85	0.9983323797499045
73.94999999999999	1.0005273530518164
74.05	1.0002241990374592
74.14999999999999	1.001003400140946
74.25	1.0054966719078702
74.35	1.0044403317262485
74.44999999999999	1.0086195790136139
74.55	1.007684878932032
74.64999999999999	1.0049980800517981
74.75	1.0095337564333904
74.85	1.0089806902602405
74.94999999999999	1.0104504078889274
75.05	1.0111064143681545
75.14999999999999	1.0114416764307823
75.25	NaN
75.35	NaN
75.44999999999999	NaN
75.55	1.0122281952093313
75.64999999999999	NaN
75.75	NaN
75.85	1.0112263325868376
75.94999999999999	1.0104098504872618
76.05	1.010945042439609
76.14999999999999	1.0093865849729136
76.25	NaN
76.35	1.007512722162803
76.44999999999999	NaN
76.55	1.0045238279788649
76.64999999999999	1.006005994506277
76.75	NaN
76.85	NaN
76.95	NaN
77.05	NaN
77.14999999999999	0.9990649260378154
77.25	0.9981604355910915
77.35	0.994467738356238
77.45	0.9962925518218652
77.55	0.994700782859261
77.64999999999999	0.9940580451521531
77.75	0.9934616945681123
77.85	0.9933315772539638
77.95	0.9937214615942985
78.05	0.9897723124097891
78.14999999999999	0.9907226506533368
78.25	0.9902773256227211
78.35	0.9901661199154947
78.45	NaN
78.55	NaN
78.64999999999999	0.9881900127905198
78.75	0.9898088760120604
78.85	NaN
78.95	0.9896616411641137
79.05	NaN
79.14999999999999	NaN
79.25	0.9901169682333952
79.35	NaN
79.45	0.9927848188878685
79.55	0.9922882039242182
79.64999999999999	NaN
79.75	0.9948636830702661
79.85	0.9974268522012308
