0.15	0.03790656374196316
0.25	0.036471104629913105
0.35	0.036818220266215576
0.45	0.03700702847338563
0.55	0.037399879072029726
0.65	0.037426954790021096
0.7500000000000001	0.038176518336000526
0.85	0.03838516784897414
0.95	0.039034471914451495
1.05	0.039582834741153254
1.15	0.04051936317516456
1.25	0.041038030581353836
1.35	0.041847829257469105
1.45	0.04264601109191176
1.55	0.043621365983305065
1.65	0.04486643655780993
1.75	0.0460991507795095
1.85	0.04746553494422718
1.95	0.048711546545133946
2.05	0.05039781837202012
2.15	0.052097338407955725
2.25	0.054042214304601224
2.35	0.05602676113294227
2.45	0.05785924939734233
2.5500000000000003	0.06034683598700507
2.65	0.06325053483171598
2.75	0.06604260202319343
2.85	0.06898933399778895
2.95	0.07251055944059985
3.0500000000000003	0.07629154704569094
3.15	0.08015880349687672
3.25	0.0848938443069756
3.35	0.09002400932823382
3.45	0.09566446826278575
3.5500000000000003	0.10157479090267656
3.65	0.10787425933057018
3.75	0.11572738904732403
3.85	0.12380051645630893
3.95	0.13364392645939913
4.05	0.14374451480432338
4.1499999999999995	0.1554717967379824
4.25	0.16811470332127237
4.35	0.18343363015915648
4.449999999999999	0.20097551157786825
4.55	0.22013583684259913
4.6499999999999995	0.2420269554901297
4.75	0.2676662933918003
4.85	0.2941923068766287
4.95	0.3298121319495864
5.05	0.36944414094107
5.1499999999999995	0.4130091078206431
5.25	0.4636600866867552
5.35	0.5240540164565133
5.45	0.5974415296355401
5.55	0.6769336395915933
5.6499999999999995	0.7736661171231076
5.75	0.8845019543564413
5.85	1.0121900050758552
5.95	1.1486657463480077
6.05	1.308050210977123
6.1499999999999995	1.4818324790234483
6.25	1.6501217668909527
6.35	1.8138740734933545
6.45	1.953635839673272
6.55	2.0620831210228583
6.6499999999999995	2.123308380024961
6.75	2.1362540271546844
6.85	2.10540406002093
6.95	2.0294598985691
7.05	1.9322455009199213
7.1499999999999995	1.81676517438194
7.25	1.7030273328755485
7.35	1.5872834551294386
7.45	1.4735816590668116
7.55	1.3729832092043461
7.6499999999999995	1.2786962119925622
7.75	1.1956518067372168
7.85	1.1220594663463284
7.95	1.0562701601206623
8.05	0.9969150104489962
8.15	0.9467422735305705
8.25	0.9022676702095431
8.350000000000001	0.8640493105155832
8.450000000000001	0.829392204526314
8.55	0.8026723154428879
8.65	0.7764396509937641
8.75	0.7540531765208907
8.850000000000001	0.7374366969917866
8.950000000000001	0.7230007547066755
9.05	0.7113513274611042
9.15	0.7021661696789434
9.25	0.6947087024803745
9.350000000000001	0.6894318016291121
9.450000000000001	0.6867081925729523
9.55	0.685738427460825
9.65	0.6876300895439296
9.750000000000002	0.6899703954684219
9.85	0.6957924918385818
9.95	0.7028898744510462
10.049999999999999	0.7122009843085889
10.149999999999999	0.7208365130835291
10.25	0.733979230429671
10.35	0.7490053327369608
10.45	0.7620531746411648
10.549999999999999	0.7810628803398535
10.649999999999999	0.7981911356911023
10.75	0.8174915563278213
10.85	0.8377042400609257
10.95	0.8615827908043383
11.049999999999999	0.8852638141620947
11.149999999999999	0.9110782513625768
11.25	0.936817198017121
11.35	0.9625122669044057
11.45	0.988980401859722
11.549999999999999	1.0182428746040786
11.649999999999999	1.0454475197927502
11.75	1.070077304180627
11.85	1.097948636623925
11.95	1.1202645660676367
12.049999999999999	1.1440976351071401
12.149999999999999	1.1680507232942439
12.25	1.185904912035133
12.35	1.2045101786576422
12.45	1.2147503752526818
12.549999999999999	1.2274223998340543
12.649999999999999	1.235475052280372
12.75	1.2403116429925494
12.85	1.2421162611452232
12.95	1.2403777411665327
13.049999999999999	1.232819101648105
13.149999999999999	1.227788406618709
13.25	1.2162632933546198
13.35	1.2025224432471513
13.45	1.1876961201186336
13.549999999999999	1.1689872341582683
13.649999999999999	1.148371080018932
13.75	1.1308967928005298
13.85	1.1096858244785492
13.95	1.0862822303501096
14.049999999999999	1.0661058795064868
14.149999999999999	1.0453802762999753
14.25	1.025212063431589
14.35	1.0064438536451243
14.45	0.985312355788343
14.549999999999999	0.9700055233798909
14.649999999999999	0.9535482333599941
14.75	0.936964634302218
14.85	0.923615115834814
14.95	0.9110824401388362
15.049999999999999	0.8995050023484015
15.149999999999999	0.8891353249637529
15.25	0.8816509779327185
15.35	0.8738609962925151
15.45	0.8690817138041377
15.549999999999999	0.8626552864992952
15.649999999999999	0.8600825374246116
15.75	0.860004956300468
15.85	0.85815108211891
15.95	0.859848135005448
16.05	0.8601381668239496
16.15	0.8630692246460945
16.25	0.8694719215800758
16.349999999999998	0.8729916257107709
16.45	0.8800742835911629
16.55	0.8868936432917303
16.65	0.8926179992212772
16.75	0.9034267780553483
16.849999999999998	0.9131285651410297
16.95	0.9222350851385964
17.05	0.9337456426152703
17.15	0.9468746666998162
17.25	0.9570639151528623
17.349999999999998	0.9710464423927855
17.45	0.9814325614879089
17.55	0.9977720770767725
17.65	1.0074144741379174
17.75	1.0215111979523341
17.849999999999998	1.0343477196415805
17.95	1.0485089666230203
18.05	1.0561590053943388
18.15	1.066277317822266
18.25	1.0771171341518595
18.349999999999998	1.084379974005214
18.45	1.0902921346514465
18.55	1.0990733703027706
18.65	1.1080120236197497
18.75	1.1077605718105632
18.849999999999998	1.1104038783134003
18.95	1.111737900088997
19.05	1.1125643211701295
19.15	1.107668070272014
19.25	1.1058441101691312
19.35	1.1031904366778835
19.45	1.096263398131033
19.55	1.091849747223436
19.65	1.0864887025367531
19.75	1.0788245345404157
19.85	1.0694162868843464
19.95	1.0627197434246067
20.05	1.053667875497911
20.15	1.044504317992785
20.25	1.0346454207081728
20.35	1.0239829443392987
20.45	1.0165390187721408
20.55	1.004685722236015
20.65	0.9963507418629609
20.75	0.9881119923546907
20.85	0.9781171555566578
20.95	0.9728914397535479
21.05	0.9655873967585922
21.15	0.956324922617122
21.25	0.9507801117790311
21.35	0.9438529693977672
21.45	0.9399562919814621
21.55	0.9334746036727268
21.65	0.9318571440244292
21.75	0.9295216471940143
21.85	0.9245706017054434
21.95	0.9245207247807803
22.05	0.9233169967925645
22.15	0.9225722396239664
22.25	0.9233944151726503
22.35	0.9256980322947088
22.45	0.9282302633484523
22.55	0.9302096367570941
22.65	0.9316190679504156
22.75	0.9359011853872808
22.85	0.9412129913926132
22.95	0.9445373211786109
23.05	0.9506544704950642
23.15	0.9559608714570741
23.25	0.9627904369747428
23.35	0.967190524932891
23.45	0.9758176763933011
23.55	0.9824544988731713
23.65	0.9890116955930564
23.75	0.9974644562722297
23.85	1.0061737773434467
23.95	1.0101141912997154
24.05	1.0149267983320445
24.15	1.0252773864328628
24.25	1.0316220307972004
24.35	1.037586859685917
24.45	1.0421437713570085
24.55	1.046594051748241
24.65	1.049915984584636
24.75	1.0543310463687932
24.85	1.0583900122846888
24.95	1.0616945241436047
25.05	1.0608016773418796
25.15	1.0622082526263037
25.25	1.0633684923021476
25.35	1.062303000766897
25.45	1.0627270939674909
25.55	1.0604663586696355
25.65	1.0562687048175576
25.75	1.0538795124000209
25.85	1.047982632241735
25.95	1.0467798815612162
26.05	1.042843006617546
26.15	1.038596624879339
26.25	1.0344736339168668
26.35	1.0288496316102727
26.45	1.022121989630051
26.55	1.0171649236252822
26.65	1.0100428565034278
26.75	1.0047803601472536
26.85	0.9994922937588687
26.95	0.9955841433744316
27.05	0.990095303285441
27.15	0.9858066608712855
27.25	0.9798530591963366
27.35	0.9759017340388746
27.45	0.968612405939467
27.55	0.9650995835340888
27.65	0.9643116792460936
27.75	0.9604725591878653
27.85	0.9583148800676936
27.95	0.9560886205949926
28.05	0.9546981831077437
28.15	0.9523295319013755
28.25	0.9513716541741366
28.35	0.9511142483915757
28.45	0.9531324082816595
28.55	0.9522095966902606
28.65	0.9539893102281393
28.75	0.9548889739943877
28.85	0.9566628283602266
28.95	0.9600373318730661
29.05	0.9600973594016436
29.15	0.9639586173221532
29.25	0.9707444241520271
29.35	0.9704605352236616
29.45	0.9732193498505393
29.55	0.978386768702978
29.65	0.9848140240159748
29.75	0.987858746968614
29.85	0.9917039408550196
29.95	NaN
30.05	1.001555486176891
30.15	1.0050369935675565
30.25	1.0102861192479515
30.35	1.0132619796792042
30.45	1.0169259303895979
30.55	1.020071293169689
30.65	1.0258334411434682
30.75	1.0286596235903294
30.85	1.030806204209184
30.95	1.0340954451099547
31.05	1.035610944081638
31.15	1.037007912468264
31.25	1.0405325575520419
31.35	1.04086479634467
31.45	1.0412466395237792
31.55	1.0423160783008971
31.65	1.0388851055881376
31.75	NaN
31.85	1.0374964502878474
31.95	1.0366355897748307
32.05	1.0359266794275435
32.15	1.032568896832409
32.25	1.0303594509774165
32.35	1.0265528996418858
32.45	1.022287286795004
32.55	1.0228459421440164
32.65	1.017691034955555
32.75	1.0113713987419581
32.85	1.0079961493867913
32.95	1.0060529901033883
33.05	1.0023653045568628
33.15	0.9989836177823671
33.25	0.9969599274271124
33.35	0.9903129174800492
33.45	0.9889085136375177
33.55	0.9851633623436893
33.65	0.9829870620536476
33.75	0.9793318797908606
33.85	0.9757187117576869
33.95	0.9751282698140465
34.05	0.9750818906658137
34.15	0.9721305330920826
34.25	0.969195762379595
34.35	0.9668331230230273
34.45	0.9670727714961828
34.55	0.9674031777526708
34.65	0.9680727378039334
34.75	0.9679954680515023
34.85	0.96761873022181
34.95	0.9699462644672232
35.05	0.9659179168206715
35.15	0.9708490768521565
35.25	0.9731122306062987
35.35	0.9753188181440339
35.45	0.9787219580449439
35.55	0.9788764047251013
35.65	0.9801059866306077
35.75	0.9830588177792515
35.85	0.9868921710723751
35.95	0.9895990144991276
36.05	0.9923424443984505
36.15	0.9960563501068247
36.25	0.9975546210015742
36.35	1.0010495687786696
36.45	1.0034522329695101
36.55	1.009323304419227
36.65	NaN
36.75	1.014417091260843
36.85	1.0167052699161843
36.95	1.0194095188290027
37.05	1.020867632962221
37.15	1.0246982806244052
37.25	1.0262540244477496
37.35	1.0268379411125175
37.45	1.0267622392577767
37.55	1.0272447728021987
37.65	1.0272701043249943
37.75	1.028649900463576
37.85	1.0258901398998967
37.95	1.0284666470143002
38.05	NaN
38.15	NaN
38.25	1.024328949774027
38.35	1.0246215926213662
38.45	1.0241958181663218
38.550000000000004	1.0201260892567343
38.65	1.0182396712491817
38.75	1.0161638421545611
38.85	1.012287468730265
38.95	1.010690001447069
39.050000000000004	1.0058742416572288
39.15	1.004138655713384
39.25	1.00184913904365
39.35	1.002868317785673
39.45	0.9991095164985261
39.550000000000004	0.9965508938083937
39.65	NaN
39.75	0.9913138318370538
39.85	0.9875777753949552
39.95	0.9868155677259914
40.050000000000004	0.9817226281762287
40.15	0.9818490935794875
40.25	0.9801659664342971
40.35	NaN
40.45	0.978868913884128
40.550000000000004	0.9790365096096124
40.65	0.9766080231903551
40.75	0.976648900235534
40.85	0.9760995724290215
40.95	0.9767167387940696
41.050000000000004	0.9788239987049278
41.15	0.9762989314083399
41.25	0.9774624349905479
41.35	0.9774440878694814
41.45	0.9788379771917738
41.550000000000004	0.97989309986304
41.65	0.9823294634064017
41.75	0.9837419983240676
41.85	0.9875148353091822
41.95	0.9876594238464305
42.050000000000004	0.9894576814487881
42.15	0.9911672254883316
42.25	0.9949695830361456
42.35	0.9968729247839739
42.45	1.000625828217095
42.550000000000004	0.9998670777060259
42.65	1.0021338712351398
42.75	1.0033926160596887
42.85	1.0076647199926405
42.95	1.0081143885935204
43.050000000000004	1.0110650373510162
43.15	NaN
43.25	1.0126994694122096
43.35	1.0169274761077018
43.45	1.0164482125020897
43.550000000000004	1.012256843324039
43.65	NaN
43.75	NaN
43.85	1.0212754232237609
43.95	1.0209344303516499
44.050000000000004	1.020321255861603
44.15	1.0213443242319624
44.25	1.0221117046576977
44.35	1.018033025713312
44.45	NaN
44.550000000000004	1.017890938412964
44.65	1.01701886079151
44.75	1.015539607058377
44.85	1.0153518195067135
44.95	1.01411673658185
45.050000000000004	1.0114423056774922
45.15	1.0084877216285364
45.25	1.0107651776787892
45.35	1.0051084362231593
45.45	1.0049635970471766
45.550000000000004	1.00227567442045
45.65	0.9983713457440743
45.75	NaN
45.85	0.9959640952413167
45.95	NaN
46.050000000000004	0.9935408385760681
46.15	0.9911810745338059
46.25	0.9885841217277874
46.35	NaN
46.45	0.9845053743811625
46.550000000000004	0.9854700173380915
46.65	NaN
46.75	0.9829899393304912
46.85	0.9831315404382283
46.95	0.9826120948655682
47.050000000000004	0.9814206764950748
47.15	0.9824688012153977
47.25	0.9833528629929109
47.35	0.9831489038952894
47.45	NaN
47.550000000000004	0.9828689768199131
47.65	0.9834215510725208
47.75	0.984951739230804
47.85	0.9861136117785737
47.95	0.9869464377176215
48.050000000000004	0.9886555674319714
48.15	0.9888280415085748
48.25	0.9917639162272456
48.35	0.9931873753674753
48.45	0.9949811119553611
48.550000000000004	0.9982632286510564
48.65	0.9928340305562704
48.75	0.9981242764049463
48.85	1.0002789739407705
48.95	1.0010927604047708
49.050000000000004	1.002964954279412
49.15	1.0064578575023708
49.25	1.0097291020378387
49.35	1.0088559458973416
49.45	1.0101389412823987
49.550000000000004	1.009018431262312
49.65	1.0135661340614412
49.75	NaN
49.85	1.0159311141811407
49.95	1.0144985488995577
50.050000000000004	1.0149878537319574
50.15	1.014784254559115
50.25	1.0163774039185514
50.35	1.0157779632326551
50.45	1.0167558483399437
50.550000000000004	1.0150095378547959
50.65	1.014765255047324
50.75	1.0140576004328905
50.85	1.0131885709215174
50.95	1.013654852320018
51.050000000000004	1.0125881583843448
51.15	1.010681567418029
51.25	1.0103293491783405
51.35	1.008898177468575
51.45	1.0079021199919516
51.550000000000004	1.005785673657042
51.65	1.0072284032322039
51.75	1.0073660852656268
51.85	1.001959764789513
51.95	0.9991304468956439
52.050000000000004	1.00110432474371
52.15	NaN
52.25	0.9969601413916067
52.35	0.9951697932101745
52.45	0.9908752788256585
52.550000000000004	0.991825088052449
52.65	0.9888475258538121
52.75	0.988292696052813
52.85	0.9883082880004734
52.95	0.9885158161284583
53.050000000000004	0.9864012302888087
53.15	0.988043039387623
53.25	0.9865133947360479
53.35	0.9873883020185392
53.45	0.9857461607090895
53.550000000000004	0.9871323377009144
53.65	0.9861501439871015
53.75	0.9884078649628821
53.85	0.9852421403462512
53.95	0.9869140753575742
54.050000000000004	0.9882221581539558
54.15	0.9903969328702151
54.25	0.989922532370775
54.35	0.990165016956016
54.45	0.9912371823706961
54.550000000000004	NaN
54.65	0.9941810639484414
54.75	0.9943975776233758
54.85	0.9966052093420766
54.95	0.9968605381841016
55.050000000000004	0.9997774898514661
55.15	1.0026812060715704
55.25	1.0014362515362603
55.35	1.003534193592136
55.45	1.0039763940894355
55.550000000000004	1.0046532051820896
55.65	NaN
55.75	1.0108375236677474
55.85	1.0090867419072131
55.95	1.0105908771297463
56.050000000000004	1.0099573744076118
56.15	1.0100213140678391
56.25	1.0141936447187025
56.35	1.0032735318218444
56.45	1.0128857555581627
56.550000000000004	1.012078959592525
56.65	1.0113661506736245
56.75	1.0118889713198571
56.85	1.0137690084385294
56.95	1.0129405903709443
57.050000000000004	1.0106910440355368
57.15	1.0101082450336356
57.25	1.0088230205577218
57.35	1.008577176507284
57.45	1.0115411795877214
57.550000000000004	NaN
57.65	1.0079146063877205
57.75	1.00504350769366
57.85	1.0057853841345856
57.95	1.0036399937989804
58.050000000000004	NaN
58.15	1.0012575530087362
58.25	0.9988109131940943
58.35	0.996547377225639
58.45	0.9975874164135662
58.550000000000004	0.9964354929267764
58.65	0.9943383490877636
58.75	NaN
58.85	0.9934781722493893
58.95	0.9915728077062265
59.050000000000004	0.9907133439665695
59.15	0.9904645580181549
59.25	0.9911387121397386
59.35	0.9897464462615593
59.45	0.9907241706517851
59.550000000000004	0.9883930981677906
59.65	NaN
59.75	0.9887636180354229
59.85	0.9891130950540049
59.95	0.9886077090567446
60.050000000000004	0.9893629475506353
60.15	0.9883901602853321
60.25	0.9898234095464984
60.35	NaN
60.45	0.991781377046209
60.550000000000004	0.9922828767400492
60.65	0.9926670184735339
60.75	0.9936028689292664
60.85	NaN
60.95	0.9953450354825307
61.050000000000004	0.9960247670190866
61.15	0.9974592534729861
61.25	0.9990560181212872
61.35	1.0014701300908464
61.45	1.0025664059343946
61.550000000000004	1.0025380637976493
61.65	1.0023638104309318
61.75	1.006720601341
61.85	1.0048074389591481
61.95	NaN
62.050000000000004	1.0032137232026284
62.15	1.0066998969035652
62.25	1.0078266681529708
62.35	1.0109953416236173
62.45	NaN
62.550000000000004	1.0083150559531209
62.65	NaN
62.75	NaN
62.85	1.008973617125369
62.95	1.011130002997708
63.050000000000004	1.0108835246934478
63.15	1.0117494920098906
63.25	1.0100854690124619
63.35	1.0094853714066474
63.45	1.00911974808876
63.550000000000004	1.0076252073920566
63.65	NaN
63.75	1.0064307025919452
63.85	NaN
63.95	1.0048742857219966
64.05	1.0043574777063498
64.14999999999999	1.0044688470574856
64.25	1.0021141743207662
64.35	NaN
64.44999999999999	1.0018069075903289
64.55	0.9986562365949962
64.64999999999999	0.9976852282139904
64.75	0.9976831599034701
64.85	0.997629579582663
64.94999999999999	0.9936990253257889
65.05	0.9955563047819247
65.14999999999999	NaN
65.25	0.9942570173839258
65.35	0.9948184060495219
65.44999999999999	0.9920685086784988
65.55	0.990693312933963
65.64999999999999	NaN
65.75	0.9924473672092047
65.85	0.9894487630325406
65.94999999999999	NaN
66.05	NaN
66.14999999999999	0.9915183235139238
66.25	0.9911211955501175
66.35	0.9928773454506201
66.44999999999999	0.9909935096503707
66.55	NaN
66.64999999999999	0.9932523680983983
66.75	0.994308385440072
66.85	NaN
66.94999999999999	NaN
67.05	NaN
67.14999999999999	NaN
67.25	0.9966922127815425
67.35	NaN
67.44999999999999	NaN
67.55	0.9996996159272502
67.64999999999999	0.9998080475190796
67.75	1.0001585466179825
67.85	1.0032537256338154
67.94999999999999	NaN
68.05	1.0038363052555324
68.14999999999999	1.005335410506834
68.25	1.005008858291951
68.35	1.0057668727897975
68.44999999999999	1.0054008157001886
68.55	1.0053576637946229
68.64999999999999	NaN
68.75	1.007116087301923
68.85	1.0079452793914563
68.94999999999999	1.0078942674444247
69.05	NaN
69.14999999999999	1.008177231965308
69.25	NaN
69.35	1.0058077961996486
69.44999999999999	1.0073234246406753
69.55	1.007970233866076
69.64999999999999	1.0073007514049501
69.75	1.0065565590443966
69.85	1.006153181039288
69.94999999999999	1.006027769065474
70.05	NaN
70.14999999999999	1.0047355488430567
70.25	1.003669226591961
70.35	1.0036645452476372
70.44999999999999	1.0022302408271515
70.55	1.0025426802747872
70.64999999999999	1.00080644175132
70.75	1.0001463758161604
70.85	0.9994863318970258
70.94999999999999	0.9985065714402543
71.05	0.9965859478690094
71.14999999999999	NaN
71.25	0.9964769412411446
71.35	NaN
71.44999999999999	0.9977066516981584
71.55	0.9938393334312845
71.64999999999999	0.9930555508153808
71.75	0.9911685884234573
71.85	NaN
71.94999999999999	NaN
72.05	0.991984420586078
72.14999999999999	NaN
72.25	0.9900853450425194
72.35	0.9926539853126946
72.44999999999999	NaN
72.55	NaN
72.64999999999999	0.9932137483441911
72.75	0.9931375593415235
72.85	0.9926325575408167
72.94999999999999	NaN
73.05	0.9934901596463066
73.14999999999999	0.9942138347385184
73.25	0.9953808696587904
73.35	0.9954074396954224
73.44999999999999	0.9976508042393012
73.55	0.997252905813209
73.64999999999999	0.997710119415541
73.75	0.9986873548777758
73.85	1.0013742320918146
73.94999999999999	NaN
74.05	NaN
74.14999999999999	1.0021362393609154
74.25	1.005186521205888
74.35	1.0043248498592157
74.44999999999999	1.005239986379141
74.55	1.0045447857675138
74.64999999999999	NaN
74.75	NaN
74.85	1.005680816348637
74.94999999999999	1.006313962275834
75.05	1.0075993684467215
75.14999999999999	1.0071617129008033
75.25	1.0055718650902028
75.35	1.007204884580199
75.44999999999999	1.005354847544093
75.55	1.006749714111781
75.64999999999999	1.0074602085132862
75.75	NaN
75.85	1.0061342413842758
75.94999999999999	NaN
76.05	1.0064981238264918
76.14999999999999	1.0046399660266547
76.25	1.003364207080864
76.35	1.0040323682705943
76.44999999999999	NaN
76.55	1.0026860128783797
76.64999999999999	1.0005757819260486
76.75	NaN
76.85	1.0024382633041948
76.95	0.9988837277008746
77.05	0.9999526443387466
77.14999999999999	0.9995202717389366
77.25	NaN
77.35	NaN
77.45	NaN
77.55	0.9959665648799603
77.64999999999999	NaN
77.75	0.9955252367204629
77.85	0.994345769736799
77.95	NaN
78.05	0.9947253254965536
78.14999999999999	NaN
78.25	0.9946920964467071
78.35	0.9941881048119067
78.45	NaN
78.55	NaN
78.64999999999999	NaN
78.75	0.9935842839088694
78.85	0.9941483184387304
78.95	0.9935484248646677
79.05	NaN
79.14999999999999	NaN
79.25	0.9959368646409716
79.35	0.9952585146544303
79.45	NaN
79.55	0.9963310068867021
79.64999999999999	NaN
79.75	0.9970550315841141
79.85	0.9989852761667758
