0.15	0.038005146596053106
0.25	0.03722494731929906
0.35	0.03665180719663809
0.45	0.03695229803379001
0.55	0.037634505243082345
0.65	0.037980539649182105
0.7500000000000001	0.03826013510558539
0.85	0.038730719205957415
0.95	0.039065486436868566
1.05	0.03955867355169308
1.15	0.04021512870746659
1.25	0.04110065719530529
1.35	0.04201768967630269
1.45	0.042627220822374905
1.55	0.04364635777476147
1.65	0.04482793819707335
1.75	0.04621170685257238
1.85	0.04746782266402831
1.95	0.048793268714791796
2.05	0.05026231231915796
2.15	0.05206966164593808
2.25	0.053963249551380446
2.35	0.055856106343796334
2.45	0.05791257797025188
2.5500000000000003	0.060313254895548674
2.65	0.06299133137795535
2.75	0.06596881637262146
2.85	0.06909448204763873
2.95	0.07250566663853984
3.0500000000000003	0.07617373342667536
3.15	0.08031868891589433
3.25	0.08468393496159833
3.35	0.08997410690994645
3.45	0.0956715335907054
3.5500000000000003	0.10157888962970593
3.65	0.10773377113637839
3.75	0.11566198034202686
3.85	0.12395076421222136
3.95	0.1335692182593992
4.05	0.14322944249153005
4.1499999999999995	0.15554809345535034
4.25	0.16844790739531057
4.35	0.18363574279901704
4.449999999999999	0.20050048823148714
4.55	0.21999078464274247
4.6499999999999995	0.2412142771284903
4.75	0.2677294113956589
4.85	0.2944703562587884
4.95	0.33038146608774843
5.05	0.36948588987685876
5.1499999999999995	0.4130686384962385
5.25	0.46395132091648483
5.35	0.5239550684197376
5.45	0.5964671446593482
5.55	0.6756535017682733
5.6499999999999995	0.7729789252724043
5.75	0.8852713557050622
5.85	1.0135299126858945
5.95	1.1509832955053343
6.05	1.3087337272195476
6.1499999999999995	1.4805608772459202
6.25	1.6519797510042522
6.35	1.8172939363374894
6.45	1.9581654431667668
6.55	2.066079325997502
6.6499999999999995	2.119677194130232
6.75	2.133486125753176
6.85	2.102088680076793
6.95	2.0314380743158913
7.05	1.9307790285779163
7.1499999999999995	1.8139000927581679
7.25	1.7003979789879635
7.35	1.5868017508795487
7.45	1.4741110521470453
7.55	1.3689513653413223
7.6499999999999995	1.2804294381121162
7.75	1.1965601662494403
7.85	1.1225586193613735
7.95	1.0541713611621395
8.05	0.9959494937987688
8.15	0.9469902704868215
8.25	0.9007946767494899
8.350000000000001	0.8630942598896768
8.450000000000001	0.8294539343437047
8.55	0.8011441692155549
8.65	0.777758197417762
8.75	0.7532076707026839
8.850000000000001	0.7370748367153186
8.950000000000001	0.7218508729739902
9.05	0.7100045482398121
9.15	0.699868568379139
9.25	0.6942675142625987
9.350000000000001	0.6899996823913255
9.450000000000001	0.6869641546304923
9.55	0.6855823031118452
9.65	0.6883005410848428
9.750000000000002	0.6907811463186948
9.85	0.6963563104037449
9.95	0.7033627051916415
10.049999999999999	0.7119126119001185
10.149999999999999	0.7224002862535266
10.25	0.7324025256129638
10.35	0.7461211278746763
10.45	0.7627714179511814
10.549999999999999	0.7792935727000926
10.649999999999999	0.7984969856090329
10.75	0.8182889363377118
10.85	0.8378041777879564
10.95	0.8619514593699887
11.049999999999999	0.8868372607031636
11.149999999999999	0.9125812153021058
11.25	0.9379453621158846
11.35	0.9641477006025804
11.45	0.990398781515884
11.549999999999999	1.0174663665318482
11.649999999999999	1.0450732499453939
11.75	1.0699831804398356
11.85	1.0976924395041399
11.95	1.1232778451711496
12.049999999999999	1.1468145686128588
12.149999999999999	1.1674785603407178
12.25	1.1852530210860746
12.35	1.2035350683372728
12.45	1.213572249909007
12.549999999999999	1.22691369739849
12.649999999999999	1.2353236652493897
12.75	1.242365226037313
12.85	1.2415978294627723
12.95	1.240181394326881
13.049999999999999	1.233734639676648
13.149999999999999	1.2263444344917298
13.25	1.2129090980783583
13.35	1.203740051149358
13.45	1.1869207368352608
13.549999999999999	1.1693852866535488
13.649999999999999	1.1503566948950947
13.75	1.1288453281552961
13.85	1.110402761131456
13.95	1.087428216233983
14.049999999999999	1.066007080386206
14.149999999999999	1.0435990745246362
14.25	1.0255574588018692
14.35	1.0059426736342503
14.45	0.9886315166100724
14.549999999999999	0.9707244781016958
14.649999999999999	0.9522137752290326
14.75	0.9370464047830672
14.85	0.9247093746729936
14.95	0.9109410460112585
15.049999999999999	0.9003737116260349
15.149999999999999	0.8890837460491341
15.25	0.8811788215435208
15.35	0.8752816197808191
15.45	0.8693363008399981
15.549999999999999	0.8621027038438697
15.649999999999999	0.8617539855902012
15.75	0.8590745469554126
15.85	0.857573668070128
15.95	0.8584592348328521
16.05	0.8605131563846683
16.15	0.8639764229072359
16.25	0.8682220515510318
16.349999999999998	0.8725598707720035
16.45	0.878482455447938
16.55	0.8853382400105082
16.65	0.8922618714804524
16.75	0.9039082800768877
16.849999999999998	0.9143561591082922
16.95	0.9225000492829101
17.05	0.9351916717835358
17.15	0.9453617976587668
17.25	0.9566931149397124
17.349999999999998	0.9708312750319809
17.45	0.98207665752375
17.55	0.9962072766613957
17.65	1.0091556418015146
17.75	1.0218587439671678
17.849999999999998	1.0323509813656442
17.95	1.0454087043058307
18.05	1.0546788076755942
18.15	1.0661161729135882
18.25	1.0760589271531247
18.349999999999998	1.084100419602773
18.45	1.0901958255886968
18.55	1.0979516691906035
18.65	1.1031630980897622
18.75	1.1074389586401214
18.849999999999998	1.1073702375061565
18.95	1.110817151559049
19.05	1.111213010174254
19.15	1.110794889185475
19.25	1.1075054712657735
19.35	1.1025108353912325
19.45	1.0986036037273335
19.55	1.0945293143714077
19.65	1.0857132368209517
19.75	1.0769684595567317
19.85	1.0730999891815247
19.95	1.0599516633960637
20.05	1.0548044161650771
20.15	1.043547179459233
20.25	1.0342638644172817
20.35	1.0251010767447801
20.45	1.0166363581996447
20.55	1.0043972537384924
20.65	0.9971400453015413
20.75	0.9873659319980287
20.85	0.9789095814549928
20.95	0.9710616871408081
21.05	0.9591017562338636
21.15	0.9561352373943821
21.25	0.9504248175981753
21.35	0.9462159609253702
21.45	0.9391435415065456
21.55	0.9342566568126435
21.65	0.9313496963653288
21.75	0.9274039142299375
21.85	0.9253703043071173
21.95	0.9251070654549993
22.05	0.9218521876632889
22.15	0.9210335536656216
22.25	0.9227881416316143
22.35	0.9248275050330399
22.45	0.9263521605719952
22.55	0.9282647036055327
22.65	0.9315370031421035
22.75	0.9364006077675426
22.85	0.9412874342350837
22.95	0.9446733664254514
23.05	0.9514834492083072
23.15	0.9562330158486037
23.25	0.9628979649970024
23.35	0.9678014035339885
23.45	0.9767053537990922
23.55	0.9842487853337252
23.65	0.9917694756748133
23.75	1.0014189675506904
23.85	1.0049902923230631
23.95	1.008287375855385
24.05	1.0203995459994646
24.15	1.0260546506839276
24.25	1.0305603925251448
24.35	1.0367189383728959
24.45	1.0412872926279886
24.55	1.0456692140440322
24.65	1.0490298619576388
24.75	1.0555412550959287
24.85	1.0568376738670495
24.95	1.0605894919764076
25.05	1.0585204664101693
25.15	1.0647533634450301
25.25	1.0626194038695569
25.35	1.0630667871628625
25.45	1.0626156352648863
25.55	1.0609788112080047
25.65	1.0551237383840975
25.75	1.0547009666138778
25.85	1.0509010524598568
25.95	1.0479909590840089
26.05	1.0418515353206104
26.15	1.0388858358553041
26.25	1.0327008679778018
26.35	1.0254431962196509
26.45	1.023374762113554
26.55	1.0158187397134752
26.65	1.013227269877483
26.75	1.0056147855688367
26.85	1.0006602787527967
26.95	0.9941784607401603
27.05	0.9903672946318773
27.15	0.9844882552469745
27.25	0.9804170267577251
27.35	0.975210947099797
27.45	0.9705269301347683
27.55	0.9652829412188688
27.65	0.9634432314037974
27.75	0.9619631749397367
27.85	0.9599557916947586
27.95	0.9553958952926661
28.05	0.9549331918756141
28.15	0.9536087668426987
28.25	0.9521078354153127
28.35	0.9520411400952241
28.45	0.951598252355589
28.55	0.9490088231487521
28.65	0.9539849113895688
28.75	0.9541917979320722
28.85	0.9576533684700843
28.95	0.960847350377253
29.05	0.9620363883848415
29.15	0.9642662389546193
29.25	0.9683819405041447
29.35	0.9711698248110954
29.45	0.9754282685552207
29.55	0.9792554973516254
29.65	0.984810899313552
29.75	0.9877674890308522
29.85	0.9917187516624448
29.95	NaN
30.05	1.0013999726559706
30.15	1.006172474265462
30.25	1.0094198687528266
30.35	1.0132757035670377
30.45	1.0168867077466672
30.55	1.0219320474874123
30.65	1.0235299350813107
30.75	1.030067769252935
30.85	1.0325281072648245
30.95	1.0354232567656603
31.05	1.035207789142808
31.15	1.0381980001857258
31.25	1.0390027303660327
31.35	1.0411109662774738
31.45	1.040701255881758
31.55	1.0411279867616847
31.65	1.0397507457178614
31.75	NaN
31.85	1.0402910879622815
31.95	1.035919138517307
32.05	1.0346941029501655
32.15	1.0331935342968455
32.25	1.0300264778811452
32.35	1.0270047767425228
32.45	1.0219416635919576
32.55	1.0213378380320894
32.65	1.0168661471542493
32.75	1.0135654104223883
32.85	1.0112964744126443
32.95	1.0066180982644066
33.05	1.0032384820297675
33.15	0.9994555111806881
33.25	0.9949944261677325
33.35	0.9917122190747408
33.45	0.9893214070894453
33.55	0.9872750413017239
33.65	0.9830824956682601
33.75	0.9784570954452324
33.85	0.9757668046533187
33.95	0.9744298444798173
34.05	0.9716926150845265
34.15	0.9714430046946585
34.25	0.9696555484270968
34.35	0.9684988208610209
34.45	0.9658679216209041
34.55	0.9678413340386995
34.65	0.9670277019402491
34.75	0.9667522076948452
34.85	0.966764928904869
34.95	0.9681830563921514
35.05	0.967854604421467
35.15	0.970950659669701
35.25	0.9724665826098668
35.35	0.9723422813617619
35.45	0.975071134100559
35.55	0.9780218234700258
35.65	0.983445947108101
35.75	0.9863012086809471
35.85	0.987465527044691
35.95	0.9914261206479523
36.05	0.9934842839142703
36.15	0.9968543117889985
36.25	0.9987588236800654
36.35	1.0040631719376498
36.45	1.0046030077454764
36.55	1.0082845286530568
36.65	NaN
36.75	1.0115152732224548
36.85	1.0177435754335176
36.95	1.016685930485807
37.05	1.0206873100451965
37.15	1.0208272853595366
37.25	1.0251943600371216
37.35	1.02474603294009
37.45	1.0279587215708734
37.55	1.0272517272878416
37.65	1.0296690839051115
37.75	1.028061649114207
37.85	1.0297489110916165
37.95	1.0284109031042257
38.05	NaN
38.15	NaN
38.25	1.0261165374791543
38.35	1.023828739390688
38.45	1.023145593032699
38.550000000000004	1.0219458445903413
38.65	1.0171552878487606
38.75	1.0155332361291751
38.85	1.013221325452815
38.95	1.0113674648624695
39.050000000000004	1.0077255359664408
39.15	1.0053801427312423
39.25	1.0042227891225879
39.35	1.0005474728182626
39.45	0.998055753571071
39.550000000000004	0.9934495264607179
39.65	NaN
39.75	0.991066250552458
39.85	0.987880964006433
39.95	0.9861075521833581
40.050000000000004	0.9844182567759415
40.15	0.9820098192072874
40.25	0.9770746382844758
40.35	NaN
40.45	0.9781217771948317
40.550000000000004	0.9778377650931742
40.65	0.9783285645250329
40.75	0.9768830235483822
40.85	0.9769036748329536
40.95	0.9766653187975373
41.050000000000004	0.9777238242137875
41.15	0.9763468680478326
41.25	0.9767121817518458
41.35	0.9789172376770724
41.45	0.9796436061759339
41.550000000000004	0.980213057105691
41.65	0.9822663124569225
41.75	0.9848740621525232
41.85	0.9847231439304752
41.95	0.9871404110551211
42.050000000000004	0.9896080907689542
42.15	0.9910929826600369
42.25	0.992805523024762
42.35	0.9950247820840102
42.45	0.9968556986617207
42.550000000000004	1.0002644218164327
42.65	1.0023268369832943
42.75	1.0048302760667014
42.85	1.0069238725214529
42.95	1.007156450026079
43.050000000000004	1.0120917797958475
43.15	NaN
43.25	1.012177056052914
43.35	1.0155341331234908
43.45	1.016740807744076
43.550000000000004	1.0147875002777187
43.65	NaN
43.75	NaN
43.85	1.0216303888973501
43.95	1.0204368369567707
44.050000000000004	1.0202539782300795
44.15	1.020351052821329
44.25	1.020257615677684
44.35	1.0208825004559459
44.45	NaN
44.550000000000004	1.0169878761582911
44.65	1.0166205013643514
44.75	1.015866524317727
44.85	1.0136913100512805
44.95	1.0142526475035127
45.050000000000004	1.0126855139666553
45.15	1.0075902608823692
45.25	1.004847119763537
45.35	1.0043931922743692
45.45	1.0039690357898392
45.550000000000004	1.0014230444519048
45.65	0.9996908779724574
45.75	NaN
45.85	0.9974043934402402
45.95	NaN
46.050000000000004	0.9935990636513033
46.15	0.9918269256881347
46.25	0.9886565424833822
46.35	NaN
46.45	0.9873568887269576
46.550000000000004	0.9871330266377568
46.65	NaN
46.75	0.9862510593143793
46.85	0.9820662144514261
46.95	0.9825955246205982
47.050000000000004	0.9811316676290932
47.15	0.9826711940212143
47.25	0.9820038502190662
47.35	0.9829508999725274
47.45	NaN
47.550000000000004	0.9836222798282158
47.65	0.9846214962500371
47.75	0.9861327800313788
47.85	0.9853518597478628
47.95	0.9869714458020085
48.050000000000004	0.9907543971200252
48.15	0.9865805300880883
48.25	0.9912981570021286
48.35	0.9937241567519507
48.45	0.9936981503519223
48.550000000000004	0.9977663973441999
48.65	0.9981178891522473
48.75	1.0007701227253716
48.85	1.0006905766540863
48.95	1.0000286176982185
49.050000000000004	1.0042246623895483
49.15	1.0052455883006517
49.25	1.0062359738639435
49.35	1.008268667850327
49.45	1.010460094394074
49.550000000000004	1.0112596964779046
49.65	1.0113585547006858
49.75	NaN
49.85	1.0150610654454921
49.95	1.0137837093319062
50.050000000000004	1.0135151477136357
50.15	1.0136165761042073
50.25	1.0165249076355223
50.35	1.0154387155397415
50.45	1.0166950551218397
50.550000000000004	1.0158586768438405
50.65	1.0136942615745104
50.75	1.0138869033671318
50.85	1.0140685102793958
50.95	1.0129664560134333
51.050000000000004	1.0127091344191603
51.15	1.012105126869733
51.25	1.0094526107991373
51.35	1.0077668261025405
51.45	1.006780343489586
51.550000000000004	1.0050846734332113
51.65	1.0034927721067755
51.75	1.0044769337806654
51.85	1.0022403890028826
51.95	0.9995304677565614
52.050000000000004	0.9997621814961172
52.15	NaN
52.25	0.9982545168961804
52.35	0.9918239953712106
52.45	0.9936874595342667
52.550000000000004	0.9919170075442063
52.65	0.991346077011327
52.75	0.9893669714397345
52.85	0.9881327952493685
52.95	0.9861525487170206
53.050000000000004	0.986708975166986
53.15	0.988326418687766
53.25	0.9844248451432406
53.35	0.9856461367229558
53.45	0.9856833329099736
53.550000000000004	0.9866165901997564
53.65	0.9856669133118983
53.75	0.985772872402727
53.85	0.987774892320884
53.95	0.9922564610671972
54.050000000000004	0.9876967743740864
54.15	0.9882640259896958
54.25	0.9911848599642973
54.35	0.9899080367496373
54.45	0.9921869643077268
54.550000000000004	NaN
54.65	0.9941678747111254
54.75	0.9954954230793953
54.85	0.9973861540305632
54.95	0.9989629150700572
55.050000000000004	1.0008217488007805
55.15	1.0010799475827856
55.25	1.0025513807964241
55.35	1.002527168108837
55.45	1.0022085703954262
55.550000000000004	1.0053676881670672
55.65	NaN
55.75	1.0064827067569662
55.85	1.0084813451877712
55.95	1.012645300573522
56.050000000000004	1.010853621993319
56.15	1.0124308943350029
56.25	1.0109303212003573
56.35	1.0178690099277796
56.45	1.0120356938061246
56.550000000000004	1.0122704666710154
56.65	1.0126773978339205
56.75	1.0117040246843798
56.85	1.0121246875523895
56.95	1.0111308297282446
57.050000000000004	1.0109835207175373
57.15	1.0115595267798307
57.25	1.0100390629700975
57.35	1.0094847477768594
57.45	1.0089781038336156
57.550000000000004	NaN
57.65	1.0059764491469083
57.75	1.0039459668826052
57.85	1.0065002403842787
57.95	1.0035331513998917
58.050000000000004	NaN
58.15	1.0012105731566046
58.25	0.9985120318712567
58.35	0.9982479948060728
58.45	0.9975798662688068
58.550000000000004	0.9952418849206712
58.65	0.9958071649887204
58.75	NaN
58.85	0.9925747169881103
58.95	0.9923308254628198
59.050000000000004	0.9906669777087834
59.15	0.98935026795776
59.25	0.9903483482473439
59.35	0.989439921410211
59.45	0.9898660872831188
59.550000000000004	0.9889165624398285
59.65	NaN
59.75	0.9878895203641721
59.85	0.9899347835426348
59.95	0.9885314853136489
60.050000000000004	0.9902016014018135
60.15	0.9901473824218526
60.25	0.990305742084771
60.35	NaN
60.45	0.9907092489263065
60.550000000000004	0.9910287139365659
60.65	0.993985359418278
60.75	0.9922771845722688
60.85	NaN
60.95	0.9963697153722861
61.050000000000004	0.9984767618187474
61.15	0.9984095895319302
61.25	0.9995106431517901
61.35	0.999712138905464
61.45	1.0003935929260552
61.550000000000004	1.0018915064698501
61.65	1.0032159226190516
61.75	1.0050858130185971
61.85	1.0037330832588667
61.95	NaN
62.050000000000004	1.0040192818744622
62.15	1.0075142266302752
62.25	1.0089630570382666
62.35	1.0082642193665836
62.45	NaN
62.550000000000004	1.0094895899363925
62.65	NaN
62.75	NaN
62.85	1.0094923085669283
62.95	1.009362084169421
63.050000000000004	1.0096181706463665
63.15	1.0093018418007293
63.25	1.0085235597860647
63.35	1.0081591881321843
63.45	1.0084482043388399
63.550000000000004	1.007236643128535
63.65	NaN
63.75	1.0081913393539446
63.85	NaN
63.95	1.0038787062982382
64.05	1.0044179620136766
64.14999999999999	1.0045000117996723
64.25	1.0007774902439348
64.35	NaN
64.44999999999999	0.9999952539236255
64.55	0.9994883741901399
64.64999999999999	0.9984129127279866
64.75	0.9968767567541877
64.85	0.9967484684316487
64.94999999999999	0.9947050554405753
65.05	0.9941103802495004
65.14999999999999	NaN
65.25	0.9928791415930716
65.35	0.9948599606447693
65.44999999999999	0.9925593326338217
65.55	0.9902703430394075
65.64999999999999	NaN
65.75	0.9906137965749272
65.85	0.9921469224183549
65.94999999999999	NaN
66.05	NaN
66.14999999999999	0.9902682133308286
66.25	0.9898678175305565
66.35	0.9900764985026341
66.44999999999999	0.9910558997545938
66.55	NaN
66.64999999999999	0.9925510916206597
66.75	0.9927730349991448
66.85	NaN
66.94999999999999	NaN
67.05	NaN
67.14999999999999	NaN
67.25	0.9965782761592772
67.35	NaN
67.44999999999999	NaN
67.55	0.9988584684015254
67.64999999999999	0.998783042302982
67.75	1.002608053957112
67.85	1.0005366741399402
67.94999999999999	NaN
68.05	1.003480516853833
68.14999999999999	1.0035374970060296
68.25	1.0069461482929418
68.35	1.0063065135593403
68.44999999999999	1.007331087248404
68.55	1.0076745433525351
68.64999999999999	NaN
68.75	1.0087854979311135
68.85	1.0079052273166076
68.94999999999999	1.0076812551752488
69.05	NaN
69.14999999999999	1.0061132452748447
69.25	NaN
69.35	1.0076579211601804
69.44999999999999	1.0060350080188825
69.55	1.0081798793093923
69.64999999999999	1.0081700678766776
69.75	1.0069081199944112
69.85	1.0066826560681488
69.94999999999999	1.0052743866894234
70.05	NaN
70.14999999999999	1.0042775402611797
70.25	1.0031779711534496
70.35	1.0027593475839869
70.44999999999999	1.0015368120864248
70.55	1.0031874338179807
70.64999999999999	1.0019323841458028
70.75	0.9993065562020755
70.85	0.9974673209238315
70.94999999999999	0.9993839345512208
71.05	0.9983370862922172
71.14999999999999	NaN
71.25	0.9980001953842782
71.35	NaN
71.44999999999999	0.9934862293634876
71.55	0.9952363346888443
71.64999999999999	0.9937691142019225
71.75	0.9946827680030398
71.85	NaN
71.94999999999999	NaN
72.05	0.9927985970537967
72.14999999999999	NaN
72.25	0.9920278105145314
72.35	0.9923697893069845
72.44999999999999	NaN
72.55	NaN
72.64999999999999	0.9952643577656946
72.75	0.9926988637873593
72.85	0.991877151409844
72.94999999999999	NaN
73.05	0.9948041089307247
73.14999999999999	0.9963981245601223
73.25	0.9949845113720021
73.35	0.9977724390095168
73.44999999999999	0.9972056568011748
73.55	0.9979443906196998
73.64999999999999	0.9986269240560955
73.75	0.9990969111896939
73.85	1.000188182003544
73.94999999999999	NaN
74.05	NaN
74.14999999999999	1.0016369513104155
74.25	1.00113258230018
74.35	1.0044621799518358
74.44999999999999	1.0029855309740274
74.55	1.0031805452199989
74.64999999999999	NaN
74.75	NaN
74.85	1.006485079351368
74.94999999999999	1.00747035124349
75.05	1.009072737465642
75.14999999999999	1.0061949165306816
75.25	1.0074391554885247
75.35	1.008795663692791
75.44999999999999	1.0080595270340529
75.55	1.0065788400765494
75.64999999999999	1.007553804492171
75.75	NaN
75.85	1.0056152411716683
75.94999999999999	NaN
76.05	1.0035441771450122
76.14999999999999	1.0050484792538812
76.25	1.0047727303202492
76.35	1.0043134465672015
76.44999999999999	NaN
76.55	1.0028837247468956
76.64999999999999	1.0030463726651928
76.75	NaN
76.85	1.0013228755019152
76.95	1.0005334277761797
77.05	1.000042960877179
77.14999999999999	0.999493877210603
77.25	NaN
77.35	NaN
77.45	NaN
77.55	0.9956388205784994
77.64999999999999	NaN
77.75	0.9940752727593712
77.85	0.99597309576804
77.95	NaN
78.05	0.9936394014985255
78.14999999999999	NaN
78.25	0.9934369242037625
78.35	0.9936337543171546
78.45	NaN
78.55	NaN
78.64999999999999	NaN
78.75	0.9929442550297051
78.85	0.994678124994504
78.95	0.9923629678969894
79.05	NaN
79.14999999999999	NaN
79.25	0.9937673134233985
79.35	0.9954977450193125
79.45	NaN
79.55	0.9958013081386604
79.64999999999999	NaN
79.75	0.9972536652386507
79.85	0.9971453518370144
