0.15	0.038752836249902584
0.25	0.036274725958936514
0.35	0.03735172699663798
0.45	0.03699961965896761
0.55	0.03714782582672994
0.65	0.03780227200033356
0.7500000000000001	0.03811566718870008
0.85	0.038741882008631136
0.95	0.03905527100844793
1.05	0.039526692306567746
1.15	0.040013362453116014
1.25	0.04105225853338005
1.35	0.041925053155394285
1.45	0.04288212702269363
1.55	0.04379036955681546
1.65	0.0447966000976155
1.75	0.046249179030753575
1.85	0.04757674641618613
1.95	0.048746621139863194
2.05	0.05029149759305213
2.15	0.05201939163682506
2.25	0.054081625538711216
2.35	0.05598111326369831
2.45	0.05808814405262606
2.5500000000000003	0.060417792786485805
2.65	0.0631731601953142
2.75	0.06584558970707836
2.85	0.06910293635445011
2.95	0.07255266804344454
3.0500000000000003	0.07617291004262595
3.15	0.08021176075700291
3.25	0.08476870191542031
3.35	0.08983789382235667
3.45	0.09554204125716889
3.5500000000000003	0.10148850100458873
3.65	0.1079377683927068
3.75	0.11563163413451993
3.85	0.12382035976257497
3.95	0.1337215583726026
4.05	0.14355756491105143
4.1499999999999995	0.15511368524780753
4.25	0.16777801407774834
4.35	0.18368462479447414
4.449999999999999	0.2004036486936855
4.55	0.220151582054469
4.6499999999999995	0.24198806798361927
4.75	0.267450442154118
4.85	0.2950723751440752
4.95	0.33020935351501884
5.05	0.3692890895902098
5.1499999999999995	0.4124700868179428
5.25	0.46395749926361773
5.35	0.5232095556967983
5.45	0.5970252504490411
5.55	0.6768069647827569
5.6499999999999995	0.7737890903687668
5.75	0.8862694168091916
5.85	1.0141880784972928
5.95	1.1478734313025385
6.05	1.309796559413439
6.1499999999999995	1.4816605701222647
6.25	1.6492762115657567
6.35	1.8131295163835475
6.45	1.9565972102184606
6.55	2.061343205562797
6.6499999999999995	2.1259126731890197
6.75	2.138277148730968
6.85	2.103048072000549
6.95	2.032831361224285
7.05	1.9328395552571762
7.1499999999999995	1.8185599404421802
7.25	1.701677824658694
7.35	1.5905544993943108
7.45	1.4757046423500766
7.55	1.3702219835345182
7.6499999999999995	1.279734070436689
7.75	1.1944939099016743
7.85	1.1214624856763307
7.95	1.0561060040475612
8.05	0.9964564920079525
8.15	0.9472306018768898
8.25	0.9027172478553959
8.350000000000001	0.8619954435178985
8.450000000000001	0.8302588586341914
8.55	0.8026786987444143
8.65	0.7767046101672304
8.75	0.7547368871369994
8.850000000000001	0.7372058377390827
8.950000000000001	0.7227182430796005
9.05	0.7127762201708985
9.15	0.7011829594572976
9.25	0.6948040551239061
9.350000000000001	0.6892794712593375
9.450000000000001	0.6871001615708632
9.55	0.6839182004946017
9.65	0.6878663655768424
9.750000000000002	0.6911084694846834
9.85	0.6962174515728378
9.95	0.70153529136848
10.049999999999999	0.7126555149179112
10.149999999999999	0.7210277861792191
10.25	0.7332581504670671
10.35	0.7457250027762732
10.45	0.7634006039561417
10.549999999999999	0.7794837438953166
10.649999999999999	0.7981743265588842
10.75	0.8180467347610155
10.85	0.8395266668925468
10.95	0.8614139662913876
11.049999999999999	0.8850367183818733
11.149999999999999	0.9125138548175843
11.25	0.9364244383822491
11.35	0.964865400659891
11.45	0.9891936725205656
11.549999999999999	1.0170363148891568
11.649999999999999	1.0459509608652593
11.75	1.0714005385703051
11.85	1.097393134076188
11.95	1.123414822855309
12.049999999999999	1.1471960368838026
12.149999999999999	1.167961905347488
12.25	1.1859209093026013
12.35	1.2014352572867857
12.45	1.2166473210254538
12.549999999999999	1.2287125439465856
12.649999999999999	1.2366323837001683
12.75	1.2399037883503503
12.85	1.241875601536948
12.95	1.2383494225152816
13.049999999999999	1.2341040568856436
13.149999999999999	1.228147974037583
13.25	1.2151807566695858
13.35	1.2005904108231253
13.45	1.188533414611824
13.549999999999999	1.1688213583609033
13.649999999999999	1.1493111667190727
13.75	1.1303585426373677
13.85	1.1092011604931844
13.95	1.086542377120766
14.049999999999999	1.0654504125062578
14.149999999999999	1.0480547514371077
14.25	1.0249017647142786
14.35	1.005988771190189
14.45	0.9856989749885232
14.549999999999999	0.9673258299369196
14.649999999999999	0.9526549695222463
14.75	0.9394642087275092
14.85	0.9233200139512378
14.95	0.9098089272510546
15.049999999999999	0.8984934242841334
15.149999999999999	0.8918388741599158
15.25	0.8810257793613
15.35	0.8732645054462879
15.45	0.8698719371964209
15.549999999999999	0.8651041139825524
15.649999999999999	0.8597921148960243
15.75	0.8569009899480547
15.85	0.8592151466111677
15.95	0.8594202002964435
16.05	0.8582681980055409
16.15	0.8623879919386338
16.25	0.8684409832556905
16.349999999999998	0.8715977150655675
16.45	0.8777732835595825
16.55	0.8859467685817116
16.65	0.8936397595945466
16.75	0.9034268901600729
16.849999999999998	0.9127613745507565
16.95	0.9238192644643796
17.05	0.9342208052298745
17.15	0.9468295950758362
17.25	0.9585110080408533
17.349999999999998	0.971909454666061
17.45	0.9829962066550441
17.55	0.9956841470464086
17.65	1.006310516552634
17.75	1.0193982172839005
17.849999999999998	1.0316583062874658
17.95	1.0450947416661656
18.05	1.055707905497376
18.15	1.0656897997220232
18.25	1.0774620065670697
18.349999999999998	1.0853753962975234
18.45	1.0917867997192017
18.55	1.0980136475126463
18.65	1.0999843181384905
18.75	1.106065750103317
18.849999999999998	1.1083091088598582
18.95	1.110979692435103
19.05	1.1099895463758087
19.15	1.110304356030952
19.25	1.1079711898740356
19.35	1.103969616540638
19.45	1.0967790109876805
19.55	1.0934361730608053
19.65	1.0843349938680613
19.75	1.0780550892436707
19.85	1.0716094830077139
19.95	1.0625426603967392
20.05	1.051522412858237
20.15	1.042564202242955
20.25	1.0356734876417284
20.35	1.0241543565337308
20.45	1.0154036087056724
20.55	1.0041609687829014
20.65	0.9960762423801657
20.75	0.9866165894428147
20.85	0.9798845515603788
20.95	0.9721970606475769
21.05	0.964977312300514
21.15	0.9571631308788002
21.25	0.948296011929236
21.35	0.9437046079336553
21.45	0.9402945108647475
21.55	0.9349922900592603
21.65	0.9311740093101838
21.75	0.9269143131034977
21.85	0.9250769323577707
21.95	0.9230543598258781
22.05	0.9227781448442438
22.15	0.9237774190695924
22.25	0.9231422434307004
22.35	0.9257130225201283
22.45	0.9285351413493491
22.55	0.929325800194378
22.65	0.9346966725546058
22.75	0.9364400656933286
22.85	0.9400716519638423
22.95	0.9443280249073119
23.05	0.9505983868132548
23.15	0.9567109899290894
23.25	0.9628041342154937
23.35	0.9678551954316648
23.45	0.9763170773718327
23.55	0.983372319129392
23.65	0.9894126003799871
23.75	0.9959166843918396
23.85	1.0048045987862895
23.95	1.0120512466888765
24.05	1.0180271699274412
24.15	1.0236753044220428
24.25	1.0292757312640586
24.35	1.0364117161791364
24.45	1.0400196839007847
24.55	1.0487362479220672
24.65	1.0484296460603946
24.75	1.05484434711937
24.85	1.0582748909540143
24.95	1.061875428913965
25.05	1.0634333095977313
25.15	1.0621825090401342
25.25	1.061446847530759
25.35	1.066138687446439
25.45	1.0626197670856439
25.55	1.0590246151018687
25.65	1.0543906750138006
25.75	1.0531495476194037
25.85	1.05190055356109
25.95	1.046191217499134
26.05	1.0438621014896214
26.15	1.0382756394251131
26.25	1.0349332345319955
26.35	1.0262573487863782
26.45	1.022932122573946
26.55	1.0169961303279784
26.65	1.0080059711256786
26.75	1.005989026205906
26.85	1.000207092805388
26.95	0.995157715159374
27.05	0.9882827935029962
27.15	0.9860471632956418
27.25	0.9797821757638735
27.35	0.9751671004118253
27.45	0.9717995333473064
27.55	0.9671763639953931
27.65	0.9631674971047145
27.75	0.9620377516159727
27.85	0.9593158649205631
27.95	0.9576268792747125
28.05	0.9539155043779697
28.15	0.9508363793654188
28.25	0.9512445362746285
28.35	0.9529027889471865
28.45	0.9516229758747309
28.55	0.9541280222546136
28.65	0.9541394425669608
28.75	0.9545990137528969
28.85	0.9570933335678576
28.95	0.9603013260879287
29.05	0.9625960697300652
29.15	0.9639221412290097
29.25	0.9686559783483178
29.35	0.9720117146377849
29.45	0.9753106742202703
29.55	0.9790889557592123
29.65	0.9829266696473123
29.75	0.9878939141167061
29.85	0.9931619213342096
29.95	NaN
30.05	1.0018102811933847
30.15	1.0064900194894602
30.25	1.0065953201327484
30.35	1.0147791531078767
30.45	1.0168813810968365
30.55	1.0219596549697676
30.65	1.0271783990417211
30.75	1.02944849681598
30.85	1.0303541783051469
30.95	1.0328627108988697
31.05	1.0351431488239458
31.15	1.0412714441503699
31.25	1.0397252131161068
31.35	1.0413923889002497
31.45	1.0408807183553783
31.55	1.041190044098067
31.65	1.041973516770956
31.75	NaN
31.85	1.0363483136531153
31.95	1.0365529876192983
32.05	1.0351910222900984
32.15	1.0332866387004656
32.25	1.0315007501629032
32.35	1.0272467730534756
32.45	1.025410013416142
32.55	1.0208838837897183
32.65	1.0169826290316861
32.75	1.0112405291328215
32.85	1.0108915152756002
32.95	1.0066112767316628
33.05	1.0035795962012246
33.15	0.9992712175944218
33.25	0.9939604010028693
33.35	0.9910174463477639
33.45	0.9875278184640974
33.55	0.9852594520576962
33.65	0.9823444303893335
33.75	0.9792348921184575
33.85	0.9761434348781334
33.95	0.9748723224022813
34.05	0.9737544540320786
34.15	0.9727436759481869
34.25	0.9692345000762725
34.35	0.9683434987489441
34.45	0.9682951761306664
34.55	0.9669132357438672
34.65	0.9660786533994447
34.75	0.9667476946728059
34.85	0.9673237548505587
34.95	0.9695201184457031
35.05	0.967382884692637
35.15	0.971021687548883
35.25	0.9710978918484142
35.35	0.973691431739562
35.45	0.975101394854345
35.55	0.9798063076236599
35.65	0.980414967722979
35.75	0.9852458141843168
35.85	0.9873398786008485
35.95	0.9897756605657452
36.05	0.9927897059216229
36.15	0.9963598591856064
36.25	0.9992969823258643
36.35	1.00344579937439
36.45	1.0056184027989419
36.55	1.0084662586302835
36.65	NaN
36.75	1.0146605838437308
36.85	1.0151636775584996
36.95	1.0173273105590244
37.05	1.0189267708209675
37.15	1.0228717016348954
37.25	1.0244720275259152
37.35	1.0245749159314361
37.45	1.0260284835702067
37.55	1.0278925592597201
37.65	1.0275455774563023
37.75	1.0296137422383025
37.85	1.0297627166640648
37.95	1.0265101911558585
38.05	NaN
38.15	NaN
38.25	1.025379410888794
38.35	1.0232524749758014
38.45	1.0201277266808175
38.550000000000004	1.0213693656597305
38.65	1.01687284098583
38.75	1.0135877976233678
38.85	1.0130434808824922
38.95	1.0113431164638564
39.050000000000004	1.007277635979785
39.15	1.0064663170995107
39.25	1.0001534008558033
39.35	0.999656492702864
39.45	0.9967010285287184
39.550000000000004	0.9945806180463137
39.65	NaN
39.75	0.9904130406413877
39.85	0.9876329320797799
39.95	0.9865706065973611
40.050000000000004	0.9867022899122044
40.15	0.9834319518245814
40.25	0.9797475208100884
40.35	NaN
40.45	0.9783984423365937
40.550000000000004	0.9750659890377755
40.65	0.9778570912905181
40.75	0.9766504352807444
40.85	0.9776727975500493
40.95	0.97660402347088
41.050000000000004	0.9750405620863699
41.15	0.9773461801594201
41.25	0.9787921729766216
41.35	0.9777491605426358
41.45	0.9797012057228504
41.550000000000004	0.9812384701942501
41.65	0.9816223535740048
41.75	0.9834605471317198
41.85	0.9841643374856653
41.95	0.9878484495709495
42.050000000000004	0.9893355871646637
42.15	0.9909440049672836
42.25	0.9934518821560401
42.35	0.9976027676312672
42.45	0.9993666399223422
42.550000000000004	0.9999395940461733
42.65	1.0042386730188775
42.75	1.0027392242916289
42.85	1.0068955179732542
42.95	1.009372444692953
43.050000000000004	1.011021735889914
43.15	NaN
43.25	1.0151782230689663
43.35	1.0146819337334074
43.45	1.0163583805601861
43.550000000000004	1.0257576331893217
43.65	NaN
43.75	NaN
43.85	1.017977220261263
43.95	1.0213213564594554
44.050000000000004	1.020544620778812
44.15	1.0216116252573744
44.25	1.0172911402352571
44.35	1.0202340670819667
44.45	NaN
44.550000000000004	1.0186781690721343
44.65	1.0168916121272331
44.75	1.0171134555188306
44.85	1.0140921593318764
44.95	1.0126186547990599
45.050000000000004	1.0117009603088767
45.15	1.0104584773777845
45.25	1.006677478094517
45.35	1.006131405514633
45.45	1.001177549889273
45.550000000000004	1.0017083365657669
45.65	1.0018238077002979
45.75	NaN
45.85	0.9976766170409781
45.95	NaN
46.050000000000004	0.9927760856350051
46.15	0.9927356069449352
46.25	0.9887190911251612
46.35	NaN
46.45	0.9879296282318535
46.550000000000004	0.9851978610595356
46.65	NaN
46.75	0.983563258991043
46.85	0.9825900660353278
46.95	0.9828183810796309
47.050000000000004	0.9834707299078902
47.15	0.9817693362015131
47.25	0.9828710188894241
47.35	0.981789402550355
47.45	NaN
47.550000000000004	0.9841116723593577
47.65	0.9842372381606208
47.75	0.9845874015538374
47.85	0.9851123121616525
47.95	0.9875380281165137
48.050000000000004	0.987498112862432
48.15	0.9908649242943254
48.25	0.9893883153121941
48.35	0.9922841755850498
48.45	0.9939168907495312
48.550000000000004	0.9981016741331974
48.65	0.9957566286351027
48.75	1.0004159974722975
48.85	1.002187964343115
48.95	1.003509276366585
49.050000000000004	1.0047356940081784
49.15	1.0074121618152565
49.25	1.006589690850702
49.35	1.009684603527216
49.45	1.0089937624106873
49.550000000000004	1.0118545259010303
49.65	1.0135913205824818
49.75	NaN
49.85	1.013404448646627
49.95	1.0166906284604746
50.050000000000004	1.0148509279511444
50.15	1.0168569752205185
50.25	1.0166093956238134
50.35	1.0171116724946139
50.45	1.0168410032821047
50.550000000000004	1.0165642288457268
50.65	1.0147135925386164
50.75	1.014337011398063
50.85	1.0142047142030954
50.95	1.0123022454006347
51.050000000000004	1.012326209948934
51.15	1.01058444045321
51.25	1.0096741098878963
51.35	1.0099718079434732
51.45	1.0050630757431573
51.550000000000004	1.0050842193423524
51.65	1.0066045202344187
51.75	1.003530372612801
51.85	1.000172206127491
51.95	0.9990603389071615
52.050000000000004	0.9966847676976478
52.15	NaN
52.25	0.996869518336018
52.35	0.9954744341018781
52.45	0.9937210434491914
52.550000000000004	0.9950623917976633
52.65	0.9900616397050658
52.75	0.9886501660771151
52.85	0.9885039593468071
52.95	0.9882722511560178
53.050000000000004	0.9875776788739755
53.15	0.9837982224771671
53.25	0.9866880326348336
53.35	0.9847246357025772
53.45	0.9841675481351131
53.550000000000004	0.9851961735464227
53.65	0.9857459143739592
53.75	0.9862856150003725
53.85	0.9841790502782053
53.95	0.9883677931468122
54.050000000000004	0.9888418095611482
54.15	0.9895248600461615
54.25	0.9890201007568397
54.35	0.9926143871351171
54.45	0.9915384481353392
54.550000000000004	NaN
54.65	0.9934489001659863
54.75	0.9949007322478176
54.85	0.9972690823733347
54.95	0.9976558684389321
55.050000000000004	0.998959747728772
55.15	1.0001640603812634
55.25	1.0027565718280347
55.35	1.0031941144712808
55.45	1.0052237117556566
55.550000000000004	1.0062908877879355
55.65	NaN
55.75	1.007431570342231
55.85	1.0102352542888955
55.95	1.00938937352593
56.050000000000004	1.0126118329589215
56.15	1.013091799898918
56.25	1.0142286409143768
56.35	1.0096918248407825
56.45	1.0081611931467536
56.550000000000004	1.0150795017734584
56.65	1.0129138736246295
56.75	1.0116762018099859
56.85	1.0118276319314188
56.95	1.0114145692342529
57.050000000000004	1.0110066365882602
57.15	1.009994133666923
57.25	1.0109482056932906
57.35	1.0094741526611737
57.45	1.0092748407505072
57.550000000000004	NaN
57.65	1.0061481321806276
57.75	1.0068149127499997
57.85	1.004258511698338
57.95	1.0026822088468583
58.050000000000004	NaN
58.15	1.0007503594665101
58.25	0.9998538230176754
58.35	0.999545858828385
58.45	0.9963429180627035
58.550000000000004	0.9958195084866911
58.65	0.9949330047913387
58.75	NaN
58.85	0.9929604592609793
58.95	0.9916951067553108
59.050000000000004	0.9911257187000793
59.15	0.9897583281304059
59.25	0.9899567741923507
59.35	0.9875439471235377
59.45	0.9894905487435034
59.550000000000004	0.9880957551847697
59.65	NaN
59.75	0.9895602706834059
59.85	0.9894049568221948
59.95	0.9899738864132835
60.050000000000004	0.9888087964503437
60.15	0.9892107044319566
60.25	0.9900107958428388
60.35	NaN
60.45	0.990917367753696
60.550000000000004	0.9925367690056528
60.65	0.9930890673141648
60.75	0.9938955148050512
60.85	NaN
60.95	0.9958177017609764
61.050000000000004	0.9957121375873819
61.15	0.9980396024080688
61.25	0.9971259278417275
61.35	0.9998049415436643
61.45	1.0029145335168348
61.550000000000004	1.0019228685026484
61.65	1.0046011227978668
61.75	1.002855018913971
61.85	1.0055917652606523
61.95	NaN
62.050000000000004	1.0027375212237095
62.15	1.0092012166087083
62.25	1.009471245721355
62.35	1.0096582072827025
62.45	NaN
62.550000000000004	1.0097492553329022
62.65	NaN
62.75	NaN
62.85	1.0105211335438642
62.95	1.0119066867893318
63.050000000000004	1.0093443534211848
63.15	1.0087396782577451
63.25	1.0079669195138323
63.35	1.0093275704507272
63.45	1.0082472608836546
63.550000000000004	1.0084895819644857
63.65	NaN
63.75	1.0063801552884342
63.85	NaN
63.95	1.0044128563942252
64.05	1.0039347528757026
64.14999999999999	1.0033553463127558
64.25	1.002159753721786
64.35	NaN
64.44999999999999	0.9993550653477711
64.55	0.9999300678184108
64.64999999999999	0.998931560782216
64.75	0.9990130041933967
64.85	0.9951576020990679
64.94999999999999	0.9951452530026662
65.05	0.9961892438543328
65.14999999999999	NaN
65.25	0.993896301221975
65.35	0.9922622487084091
65.44999999999999	0.9908775734587654
65.55	0.9922563939413335
65.64999999999999	NaN
65.75	0.9920504466600318
65.85	0.9903479204306834
65.94999999999999	NaN
66.05	NaN
66.14999999999999	0.9917209628780701
66.25	0.9909570987758833
66.35	0.9911644488318155
66.44999999999999	0.9920049908947485
66.55	NaN
66.64999999999999	0.9929897608002365
66.75	0.9922481435795761
66.85	NaN
66.94999999999999	NaN
67.05	NaN
67.14999999999999	NaN
67.25	0.9974865542774115
67.35	NaN
67.44999999999999	NaN
67.55	0.9987540551240647
67.64999999999999	1.0007163437781534
67.75	1.0016020313045444
67.85	1.0034665498786695
67.94999999999999	NaN
68.05	1.0037715999886903
68.14999999999999	1.0027343282268495
68.25	1.0034494547652633
68.35	1.00579326091165
68.44999999999999	1.006529579860301
68.55	1.0072854651042595
68.64999999999999	NaN
68.75	1.0061808249455686
68.85	1.008346732980378
68.94999999999999	1.007782991140661
69.05	NaN
69.14999999999999	1.0088484812989766
69.25	NaN
69.35	1.006927657131214
69.44999999999999	1.005993019489829
69.55	1.0077457550223077
69.64999999999999	1.0079172651854469
69.75	1.0069320545452023
69.85	1.0068835570815888
69.94999999999999	1.0063963403501357
70.05	NaN
70.14999999999999	1.0043762093566446
70.25	1.0035430709364508
70.35	1.0040570028116875
70.44999999999999	1.0016943877528706
70.55	1.0010924515738322
70.64999999999999	1.0012285496831677
70.75	1.0015658373343193
70.85	0.999760511056107
70.94999999999999	0.9994826436138571
71.05	0.9984537494328835
71.14999999999999	NaN
71.25	0.9956158424810848
71.35	NaN
71.44999999999999	0.9949075648557508
71.55	0.9945112168330991
71.64999999999999	0.9940093500417608
71.75	0.9916036052165179
71.85	NaN
71.94999999999999	NaN
72.05	0.9934810605026956
72.14999999999999	NaN
72.25	0.9925982792962205
72.35	0.9930148835506547
72.44999999999999	NaN
72.55	NaN
72.64999999999999	0.9917027625054041
72.75	0.9939791870962267
72.85	0.9929769784051622
72.94999999999999	NaN
73.05	0.9931684173057033
73.14999999999999	0.9945527030501199
73.25	0.9960055644180575
73.35	0.9961635772325831
73.44999999999999	0.9978042833881632
73.55	0.9977263097346205
73.64999999999999	0.9980233816244326
73.75	0.9973225657768652
73.85	1.0003060362818472
73.94999999999999	NaN
74.05	NaN
74.14999999999999	1.001190397806959
74.25	1.002693671495468
74.35	1.004979705377545
74.44999999999999	1.0028064254561817
74.55	1.004014132896632
74.64999999999999	NaN
74.75	NaN
74.85	1.005961535673458
74.94999999999999	1.0069364012919748
75.05	1.0069662533443478
75.14999999999999	1.0081099757332652
75.25	1.0071693430567914
75.35	1.0062861597369863
75.44999999999999	1.0067034038592262
75.55	1.0081387286573051
75.64999999999999	1.0072554804973721
75.75	NaN
75.85	1.0053588065669767
75.94999999999999	NaN
76.05	1.004448631931097
76.14999999999999	1.004172529765345
76.25	1.005440153015524
76.35	1.0038458269103334
76.44999999999999	NaN
76.55	1.0029131720424622
76.64999999999999	1.0054889233719295
76.75	NaN
76.85	1.0009007633149316
76.95	0.9996225890252886
77.05	0.9985741922162459
77.14999999999999	0.9994694505092724
77.25	NaN
77.35	NaN
77.45	NaN
77.55	0.9955878265147712
77.64999999999999	NaN
77.75	0.9955017604216454
77.85	0.9934614923922449
77.95	NaN
78.05	0.9956657969269793
78.14999999999999	NaN
78.25	0.9939654343921824
78.35	0.993794497878157
78.45	NaN
78.55	NaN
78.64999999999999	NaN
78.75	0.993266162174393
78.85	0.9955999368140439
78.95	0.9929391449807703
79.05	NaN
79.14999999999999	NaN
79.25	0.9950398167365658
79.35	0.9956286675108329
79.45	NaN
79.55	0.9979945336892503
79.64999999999999	NaN
79.75	0.9974443970272989
79.85	0.997915029893908
