0.15	0.018656254940871916
0.25	0.018839734741005212
0.35	0.018992604951055213
0.45	0.019146034869374703
0.55	0.019300348740717285
0.65	0.01954090067737958
0.7500000000000001	0.01959551660500229
0.85	0.019794568855886905
0.95	0.020114515624258453
1.05	0.020591773163325167
1.15	0.020862855532427126
1.25	0.021062208384447285
1.35	0.021561284408776273
1.45	0.021916710763036713
1.55	0.022473870303734628
1.65	0.02304919796028291
1.75	0.023556317508872132
1.85	0.02430514491332338
1.95	0.025042734375098696
2.05	0.02577082340774893
2.15	0.026646292847805314
2.25	0.02763674505389586
2.35	0.02860112320180226
2.45	0.02952625789418049
2.5500000000000003	0.03075135812961522
2.65	0.03207103248213946
2.75	0.033355992503712496
2.85	0.03481851328182242
2.95	0.03663565244206205
3.0500000000000003	0.03828449234529206
3.15	0.040324337123736086
3.25	0.042455367493953323
3.35	0.04506746228970784
3.45	0.04757583878613143
3.5500000000000003	0.05049830138685413
3.65	0.053674512772469554
3.75	0.05756759121301157
3.85	0.06085938501924661
3.95	0.06579297029654628
4.05	0.07072567923396948
4.1499999999999995	0.07634591085912862
4.25	0.08237173695628429
4.35	0.09003592354551741
4.449999999999999	0.0977753372473485
4.55	0.10661653278864196
4.6499999999999995	0.11654650370840401
4.75	0.12907035959051505
4.85	0.14277087717448103
4.95	0.15954766613559526
5.05	0.1770646193017054
5.1499999999999995	0.19985079899022645
5.25	0.22457039058693104
5.35	0.2550146076585609
5.45	0.2919387550576445
5.55	0.33529875125089803
5.6499999999999995	0.38708084177094887
5.75	0.45362533501686214
5.85	0.5303544504331388
5.95	0.6260355737396665
6.05	0.7465724958039358
6.1499999999999995	0.9012463021478541
6.25	1.081656293980527
6.35	1.3021206588623235
6.45	1.5788106628798995
6.55	1.8871764792704417
6.6499999999999995	2.2241065881657605
6.75	2.539305387084456
6.85	2.7924954909835873
6.95	2.9215589534224327
7.05	2.917536268094845
7.1499999999999995	2.774214449907332
7.25	2.556300979161119
7.35	2.291446945599605
7.45	2.0390066388393873
7.55	1.8178791458972177
7.6499999999999995	1.6037986970466778
7.75	1.434511598862014
7.85	1.2822629674486221
7.95	1.163790089057677
8.05	1.0605033271892896
8.15	0.9751314355059989
8.25	0.9013097907202405
8.350000000000001	0.838962621246274
8.450000000000001	0.788403102862289
8.55	0.7433344929493396
8.65	0.706399163068496
8.75	0.6763416186198861
8.850000000000001	0.6506541152591959
8.950000000000001	0.6289202953845149
9.05	0.6120722896411844
9.15	0.5974535891034686
9.25	0.5862114142036579
9.350000000000001	0.5790458008949848
9.450000000000001	0.5725920626366667
9.55	0.5698913119782428
9.65	0.5684110820555738
9.750000000000002	0.5688323978052865
9.85	0.5733621141323306
9.95	0.5769040432379967
10.049999999999999	0.5849736765017421
10.149999999999999	0.5932893802052741
10.25	0.605661846434596
10.35	0.6184428532945782
10.45	0.6354195622116977
10.549999999999999	0.6511318515075489
10.649999999999999	0.6720536360921392
10.75	0.6954869024896382
10.85	0.7200726344023661
10.95	0.7486585189574252
11.049999999999999	0.7782468313109188
11.149999999999999	0.8111050252441981
11.25	0.8445779864593899
11.35	0.8821317810837791
11.45	0.9208543929687218
11.549999999999999	0.961532025715087
11.649999999999999	1.0041413169591524
11.75	1.0446474458176653
11.85	1.0845322776385091
11.95	1.126883843712379
12.049999999999999	1.1632382777046355
12.149999999999999	1.1999727504468936
12.25	1.231896343714934
12.35	1.259193343643142
12.45	1.2844910195348869
12.549999999999999	1.3044046946241707
12.649999999999999	1.3196204648145617
12.75	1.3295945350858684
12.85	1.3370014723546957
12.95	1.3392644686532544
13.049999999999999	1.3392957894609339
13.149999999999999	1.3349566358708858
13.25	1.3264957790384817
13.35	1.3166748770291727
13.45	1.3022680606879486
13.549999999999999	1.2858937734836602
13.649999999999999	1.265005722358038
13.75	1.2436608561575
13.85	1.219113602629173
13.95	1.1886962959371719
14.049999999999999	1.1597382020301565
14.149999999999999	1.130163145197289
14.25	1.097028955405721
14.35	1.0642855038511574
14.45	1.0338376578351198
14.549999999999999	1.0042055024380383
14.649999999999999	0.9749304627544044
14.75	0.9449588728895489
14.85	0.9202905028770215
14.95	0.8968831676282866
15.049999999999999	0.8765192477834837
15.149999999999999	0.8592839983080466
15.25	0.8396858014080896
15.35	0.8263744227332472
15.45	0.8130719141967934
15.549999999999999	0.8041040280399135
15.649999999999999	0.7959029532651014
15.75	0.789283570484848
15.85	0.7849006374005775
15.95	0.7825926829061552
16.05	0.7825960899719844
16.15	0.7835454394289271
16.25	0.7849726821731724
16.349999999999998	0.791065472432929
16.45	0.7997129689547665
16.55	0.8070242184907847
16.65	0.8168221237262913
16.75	0.8280623107366134
16.849999999999998	0.8401166084100896
16.95	0.8542939065458512
17.05	0.8712517743472485
17.15	0.8842384849967979
17.25	0.9032129242337983
17.349999999999998	0.9217997506669868
17.45	0.9431628640509266
17.55	0.9633821312012516
17.65	0.9836878445372332
17.75	1.0044187669393596
17.849999999999998	1.0268670150585795
17.95	1.0459359753374569
18.05	1.0633747650484553
18.15	1.0871361633567953
18.25	1.1034078219902015
18.349999999999998	1.1190378176888807
18.45	1.1345887494361728
18.55	1.1454454477874614
18.65	1.156855821150055
18.75	1.167318471064955
18.849999999999998	1.1696617477271334
18.95	1.174170048241592
19.05	1.1779779410702431
19.15	1.176577161885323
19.25	1.1720631900062088
19.35	1.1673427468622815
19.45	1.1604887215554067
19.55	1.1547342752512537
19.65	1.1448438815882696
19.75	1.1307840268401939
19.85	1.1215251255092182
19.95	1.1070761105327735
20.05	1.0953455793909395
20.15	1.0817696409154518
20.25	1.067183010032427
20.35	1.0552561692725635
20.45	1.0388096625058194
20.55	1.0225185730958704
20.65	1.0092387903028393
20.75	0.9982589140809978
20.85	0.9828938021095472
20.95	0.9712735156745107
21.05	0.958858119327219
21.15	0.9453214581165729
21.25	0.9368616067433834
21.35	0.9265744922564433
21.45	0.9185406445311968
21.55	0.9098715039940782
21.65	0.9027904065893756
21.75	0.8948604708176623
21.85	0.8933337145250924
21.95	0.8882575828109569
22.05	0.8829382355644334
22.15	0.8805085152443831
22.25	0.8815544387113567
22.35	0.8796925946660232
22.45	0.8808736903737645
22.55	0.8836328438917781
22.65	0.8875373106251782
22.75	0.891430221905099
22.85	0.8968810023275127
22.95	NaN
23.05	0.9100131108869116
23.15	0.9162677325556376
23.25	0.9252829475872804
23.35	0.9340829509650452
23.45	0.9490939278041598
23.55	0.9571249222546093
23.65	0.9668995771401335
23.75	0.981042444250914
23.85	0.9899875044407894
23.95	1.0030835667286657
24.05	1.013939926321209
24.15	1.0251663173768437
24.25	1.037902709290694
24.35	1.050204144335969
24.45	1.058846215534867
24.55	1.0660315906433673
24.65	1.0767566813145912
24.75	1.0850133541929783
24.85	1.0894896720231522
24.95	1.0972922208196954
25.05	1.0995448830473007
25.15	1.1037165247289655
25.25	1.1054369103946393
25.35	1.1059349775187484
25.45	1.101252032041661
25.55	1.10019808529447
25.65	1.098489177319082
25.75	1.0952372157050803
25.85	1.0873340479709113
25.95	1.083682853718865
26.05	1.0762346197214472
26.15	1.0682405545473632
26.25	1.060240287061712
26.35	1.0532954623725406
26.45	1.0426460058007236
26.55	1.036284335617374
26.65	1.0246640954521753
26.75	1.013950642999301
26.85	1.007045932638727
26.95	1.0000781029037387
27.05	0.9902375956581425
27.15	0.9834636880574864
27.25	0.974161438467549
27.35	0.9650920564375716
27.45	0.958414801224868
27.55	0.9534706101306214
27.65	0.9473310695919205
27.75	0.9433376682878799
27.85	0.9357049490608575
27.95	0.9343022055600088
28.05	0.930103373895569
28.15	0.9262431618089659
28.25	0.9245970002444434
28.35	0.9262935337266146
28.45	0.9238188422454032
28.55	0.9242185752716441
28.65	0.9231900509477062
28.75	0.9258267498141589
28.85	0.9262695473583681
28.95	0.9302785387387146
29.05	0.9330889259487585
29.15	0.9379604417107809
29.25	0.9439340492107265
29.35	0.947808257129727
29.45	0.9537079932919069
29.55	0.9587444301277632
29.65	0.9646669394908072
29.75	0.9720164594461802
29.85	0.9791729620408444
29.95	0.9851932116098494
30.05	0.992273307362072
30.15	1.0019975794919038
30.25	1.0077617843189663
30.35	1.015477938448352
30.45	1.0214486285679167
30.55	1.0296097119669732
30.65	1.0369669415284748
30.75	1.0435473089260912
30.85	1.053115610035165
30.95	1.0517522678439362
31.05	1.0574662521308718
31.15	1.0606258716560393
31.25	1.0655597421904746
31.35	1.0645616910190032
31.45	1.06607355651328
31.55	1.0663895716203518
31.65	1.0683383403674303
31.75	1.0665441822736421
31.85	1.065876504812202
31.95	1.0626113072381875
32.05	1.0573636650640221
32.15	1.0564053743101316
32.25	1.0527531502843896
32.35	1.048856048188466
32.45	1.041601538883416
32.55	1.0358058941260373
32.65	1.0315555822640718
32.75	1.024840659222203
32.85	1.0185043356706023
32.95	1.0146982652461962
33.05	1.007559065134341
33.15	1.0009334599626298
33.25	0.9964328764755901
33.35	0.9911559740177951
33.45	0.9852772030434501
33.55	0.9789992866494663
33.65	0.975810550570011
33.75	0.9699837868110938
33.85	0.9652854866227358
33.95	0.9651389738641732
34.05	0.9595478665776015
34.15	0.9542613846027679
34.25	0.9530406609971028
34.35	0.9516194473065377
34.45	0.9495820476301081
34.55	0.9457385362430835
34.65	0.9475302801286859
34.75	0.9499492816990333
34.85	0.947580516585966
34.95	0.9494787994121485
35.05	0.9505517304988823
35.15	0.9509223753864352
35.25	0.9534355648734621
35.35	0.9548489424761237
35.45	0.9586013937023571
35.55	0.9622828246616362
35.65	0.9667527979556267
35.75	0.9687109074063166
35.85	0.9738493635497375
35.95	0.9785125956659941
36.05	0.9856794243854594
36.15	0.9889558196662965
36.25	0.9962190340621219
36.35	0.9960295703568051
36.45	1.004856633198283
36.55	NaN
36.65	1.0132676045787323
36.75	1.0197241947769498
36.85	1.0217787241576735
36.95	1.0269839296032568
37.05	1.0316464440364612
37.15	1.0348078534546012
37.25	1.0386045602492249
37.35	1.0416539368461766
37.45	1.0421773235484548
37.55	1.0458879286577762
37.65	NaN
37.75	1.0480345195864404
37.85	1.0451187145124303
37.95	1.0468827158502547
38.05	1.044921661368046
38.15	1.0444940315194242
38.25	1.044669528319376
38.35	1.04155063282565
38.45	1.0368565661144293
38.550000000000004	1.0353967394791697
38.65	1.0334416918286407
38.75	1.0274634407857697
38.85	1.0259306105625985
38.95	1.021190863302571
39.050000000000004	1.014894591912207
39.15	NaN
39.25	NaN
39.35	NaN
39.45	NaN
39.550000000000004	0.9963342198632471
39.65	0.9918491580470981
39.75	0.9883272284062088
39.85	0.9840179783539902
39.95	0.9799997612215562
40.050000000000004	0.9769824138819526
40.15	NaN
40.25	0.9715093794383338
40.35	0.9675175567855361
40.45	0.966169858560202
40.550000000000004	0.9660506367035598
40.65	0.9647798689059728
40.75	0.9618964649838337
40.85	0.9609291351038548
40.95	0.9613673092210574
41.050000000000004	0.9603640423469283
41.15	0.9616945074921179
41.25	0.9638628373441928
41.35	0.9623931107992078
41.45	0.9653803375640572
41.550000000000004	NaN
41.65	0.9676335494182652
41.75	0.9706818103759138
41.85	0.9725264326397226
41.95	0.9770112954737185
42.050000000000004	0.9798466955628137
42.15	NaN
42.25	0.9867724748586282
42.35	0.9922951106711636
42.45	0.9954108045547356
42.550000000000004	0.9974128634024991
42.65	0.9997801628681804
42.75	1.00551648154882
42.85	1.0098818588596672
42.95	1.0119364310384544
43.050000000000004	1.014794375372104
43.15	1.0182515485446568
43.25	1.0215410183886526
43.35	1.0244653244004847
43.45	1.0310504058550516
43.550000000000004	1.0295962195635138
43.65	NaN
43.75	1.0323555503548951
43.85	1.0341910200236692
43.95	1.0342257541694797
44.050000000000004	1.0349051171895138
44.15	1.032904415974312
44.25	NaN
44.35	1.0329736923178108
44.45	1.0348199614145366
44.550000000000004	1.030219599112628
44.65	1.0286624245442202
44.75	1.0283012417621205
44.85	1.0258647791887987
44.95	1.0239204762580216
45.050000000000004	1.0211471623580965
45.15	1.0201200310501581
45.25	1.0155337600360672
45.35	NaN
45.45	1.009462153932328
45.550000000000004	1.0071574577457871
45.65	NaN
45.75	0.9953689602616487
45.85	0.9967738028536064
45.95	0.9947915482782507
46.050000000000004	0.9887850890127595
46.15	0.9863040141297695
46.25	0.9853730419947426
46.35	0.9814816297331361
46.45	0.97985203262749
46.550000000000004	0.9776707540040463
46.65	NaN
46.75	0.972566870267428
46.85	0.9749089937712504
46.95	0.97199012655671
47.050000000000004	0.9708158353587474
47.15	0.9716480090243469
47.25	0.9698832014698592
47.35	0.9729673735046497
47.45	0.970414394163569
47.550000000000004	0.9705511924588791
47.65	0.9728265689099354
47.75	0.9744664796959259
47.85	0.97642978028806
47.95	0.9762017295449013
48.050000000000004	0.9780489457310679
48.15	0.9825896749817858
48.25	0.9844460532337722
48.35	0.9857004633863634
48.45	0.9881067632326227
48.550000000000004	0.9920732453088615
48.65	0.9939655054986357
48.75	0.997837535129962
48.85	0.9992661116797218
48.95	1.0015274151066227
49.050000000000004	1.0046092198670813
49.15	NaN
49.25	1.0090097324128597
49.35	1.013580488607301
49.45	1.0137748506270217
49.550000000000004	1.0164574154170967
49.65	1.019082878630352
49.75	1.0201179282327055
49.85	1.023940862414572
49.95	1.02347463342297
50.050000000000004	1.0263478570824194
50.15	1.0254687768079067
50.25	1.0271894611548587
50.35	1.0268049686369352
50.45	1.0255587374573454
50.550000000000004	1.0261459616361444
50.65	1.0265469995400096
50.75	1.0243166963530985
50.85	1.022339321843749
50.95	NaN
51.050000000000004	1.0205206477302744
51.15	1.0208852151106533
51.25	1.0174633671811542
51.35	1.0162301553730306
51.45	1.0124859618481044
51.550000000000004	NaN
51.65	1.0117370651458168
51.75	1.0060601858604332
51.85	1.0018566236450037
51.95	0.9985751593190506
52.050000000000004	NaN
52.15	0.9971694459666098
52.25	0.993133324140649
52.35	0.9911329357998453
52.45	0.9904982896764988
52.550000000000004	0.9871966908056188
52.65	0.9834934763749673
52.75	0.9840840992544772
52.85	0.9825324960443952
52.95	NaN
53.050000000000004	0.9790369891491962
53.15	NaN
53.25	0.9769500255086541
53.35	0.9775208366911761
53.45	0.9773982017379266
53.550000000000004	NaN
53.65	0.9764344262036123
53.75	NaN
53.85	0.9800695435377672
53.95	0.9786283352835036
54.050000000000004	NaN
54.15	0.980446091709397
54.25	NaN
54.35	0.9830735370232968
54.45	0.985506816853425
54.550000000000004	NaN
54.65	0.9894383925097787
54.75	0.9939056200850936
54.85	0.9933695880386274
54.95	0.9965351859864128
55.050000000000004	0.9987100838216899
55.15	0.9992174843566841
55.25	1.0024709436571442
55.35	1.0048058028357278
55.45	1.0061153671421168
55.550000000000004	1.0113931425901164
55.65	1.0136771286954769
55.75	1.0139308248202579
55.85	1.0136320925476976
55.95	1.0153005100739405
56.050000000000004	1.0154382863159903
56.15	1.0177331514171193
56.25	1.0181347922936812
56.35	1.0201672564953335
56.45	1.0206108884156029
56.550000000000004	1.0203146616922696
56.65	1.0215458976005891
56.75	NaN
56.85	1.0211352504171105
56.95	1.0214337255132149
57.050000000000004	1.0192880467772178
57.15	1.017536649906943
57.25	1.0196675707775624
57.35	NaN
57.45	1.0150268940199527
57.550000000000004	1.013510686278554
57.65	1.009844837726264
57.75	1.0080468130056905
57.85	1.0063538665227687
57.95	1.002773640419644
58.050000000000004	1.0025369935583683
58.15	1.0014589439344193
58.25	0.9997711692292135
58.35	0.9982575917861178
58.45	NaN
58.550000000000004	0.9939432612548058
58.65	0.9920536469327491
58.75	NaN
58.85	0.9883200614968806
58.95	NaN
59.050000000000004	0.9856200523688906
59.15	0.9838629918766834
59.25	0.9836284707619016
59.35	0.9831708245172445
59.45	0.9823484972087602
59.550000000000004	0.9810955634513091
59.65	0.9801430325515808
59.75	0.9796530384391504
59.85	NaN
59.95	0.9829446917113739
60.050000000000004	NaN
60.15	0.9825312510113733
60.25	0.9834957854067287
60.35	NaN
60.45	0.985214678678672
60.550000000000004	0.9867466244449942
60.65	0.9918011235992099
60.75	0.9895207052430707
60.85	0.9914275543871127
60.95	0.9917109279203667
61.050000000000004	0.9940163073928864
61.15	0.9951840655474476
61.25	0.9985567833323924
61.35	0.9981129510801253
61.45	1.001664341106327
61.550000000000004	NaN
61.65	1.0038140248599599
61.75	NaN
61.85	NaN
61.95	1.010907006467896
62.050000000000004	1.0099647021394524
62.15	1.0132658927461662
62.25	1.014828438787646
62.35	1.0157659704453241
62.45	1.0166255744429948
62.550000000000004	1.0160336404119292
62.65	1.0158035060387534
62.75	1.019144741758679
62.85	1.0173049688164248
62.95	1.0176831922042733
63.050000000000004	1.0148638119428721
63.15	1.0169022853158802
63.25	NaN
63.35	1.0166451611968506
63.45	1.0144418555656878
63.550000000000004	1.015697958242641
63.65	1.0134928373876546
63.75	1.0118783779369125
63.85	1.011050166723018
63.95	1.007190789853283
64.05	1.0077180740037397
64.14999999999999	1.0048115977120198
64.25	1.0041482418869674
64.35	1.0020531364287972
64.44999999999999	0.9994496527189372
64.55	0.998334441647844
64.64999999999999	0.998291303052065
64.75	0.9992403926744456
64.85	0.9966100749102105
64.94999999999999	0.9930647427882334
65.05	0.9907948879206803
65.14999999999999	0.9893189053072209
65.25	NaN
65.35	0.9893284588001963
65.44999999999999	NaN
65.55	0.9868217539753075
65.64999999999999	0.9862131126350167
65.75	0.9855387717118018
65.85	0.9841781288476162
65.94999999999999	0.9847614303189062
66.05	NaN
66.14999999999999	0.9848134407162081
66.25	0.9864240051642352
66.35	0.9857021646255256
66.44999999999999	0.9832229351656087
66.55	0.9863722076992582
66.64999999999999	NaN
66.75	0.9879773928190236
66.85	NaN
66.94999999999999	NaN
67.05	0.9905928577580281
67.14999999999999	0.9919125427174492
67.25	0.9924060896743531
67.35	0.9955763887420749
67.44999999999999	0.9972196168356597
67.55	0.9966772439626882
67.64999999999999	NaN
67.75	NaN
67.85	1.001364312806792
67.94999999999999	1.0043273006925368
68.05	1.0046184151010489
68.14999999999999	1.0083095296296387
68.25	NaN
68.35	1.0081113000897148
68.44999999999999	1.0091264584244026
68.55	1.0099742547257904
68.64999999999999	NaN
68.75	1.0128780069524632
68.85	1.0129133317971224
68.94999999999999	1.0132311753711016
69.05	1.015259431621086
69.14999999999999	1.0153086005853436
69.25	1.0134527755059437
69.35	1.0137442595177393
69.44999999999999	NaN
69.55	1.0149732143377244
69.64999999999999	1.01462986041752
69.75	NaN
69.85	1.0116834981881206
69.94999999999999	NaN
70.05	1.0099922362771327
70.14999999999999	1.0075496276310738
70.25	NaN
70.35	1.0071503232139136
70.44999999999999	NaN
70.55	1.003151872547607
70.64999999999999	1.004545761400048
70.75	0.9980694484898973
70.85	0.9984882621335729
70.94999999999999	0.9973635940918599
71.05	0.9960476824451784
71.14999999999999	0.9966508831467801
71.25	NaN
71.35	0.9932692344607672
71.44999999999999	0.992326490303199
71.55	0.9913255877357077
71.64999999999999	0.9889618876325307
71.75	0.9909601438455041
71.85	0.98955780139685
71.94999999999999	0.9879902935128654
72.05	NaN
72.14999999999999	NaN
72.25	NaN
72.35	NaN
72.44999999999999	0.9875513133843574
72.55	0.9871539651495076
72.64999999999999	0.986144982637982
72.75	NaN
72.85	0.9881286827048515
72.94999999999999	0.9887243023422501
73.05	0.9898029857837559
73.14999999999999	0.991547911768846
73.25	0.9925436340589668
73.35	0.9943121798786694
73.44999999999999	NaN
73.55	0.9940141509308036
73.64999999999999	NaN
73.75	NaN
73.85	0.9977101130813396
73.94999999999999	0.9993081467270449
74.05	1.0019591428109527
74.14999999999999	1.0064112185159557
74.25	1.0051430914302268
74.35	1.0062194355725147
74.44999999999999	1.00445311864366
74.55	1.005832983404846
74.64999999999999	1.0087388585523143
74.75	1.0097892672866005
74.85	1.0097286699937662
74.94999999999999	1.006741679202798
75.05	1.0109790353666694
75.14999999999999	1.0110068416473794
75.25	NaN
75.35	NaN
75.44999999999999	NaN
75.55	1.0111906405182243
75.64999999999999	NaN
75.75	NaN
75.85	1.0110731491744513
75.94999999999999	1.010968639937594
76.05	1.0108874781662414
76.14999999999999	1.009482772765064
76.25	NaN
76.35	1.007550621605399
76.44999999999999	NaN
76.55	1.0067831411013617
76.64999999999999	1.0063295516052333
76.75	NaN
76.85	NaN
76.95	NaN
77.05	NaN
77.14999999999999	0.9978224075986937
77.25	0.9979229344357342
77.35	0.998981246868291
77.45	0.9961332458734722
77.55	0.9949118619720703
77.64999999999999	0.9938955928647492
77.75	0.9945535393784681
77.85	0.9921626283238351
77.95	0.9915465168797946
78.05	0.9897576649239281
78.14999999999999	0.990482755474974
78.25	0.9913084283315519
78.35	0.9893770627290528
78.45	NaN
78.55	NaN
78.64999999999999	0.9910440221791628
78.75	0.9890182256133674
78.85	NaN
78.95	0.9896602744041906
79.05	NaN
79.14999999999999	NaN
79.25	0.9914745011939073
79.35	NaN
79.45	0.9936026605538605
79.55	0.9929172608268455
79.64999999999999	NaN
79.75	0.9967161744705924
79.85	0.995921473536491
