0.15	0.01915606869593968
0.25	0.018657414205128172
0.35	0.01965954928394145
0.45	0.019096569250389665
0.55	0.019327968456474207
0.65	0.019355777631864926
0.7500000000000001	0.01960237211576575
0.85	0.01988135958282321
0.95	0.020191063027942175
1.05	0.02051571308159644
1.15	0.02074158399264605
1.25	0.021144646578749822
1.35	0.021608369705788177
1.45	0.022004499571949863
1.55	0.02254192029256834
1.65	0.02304514358792088
1.75	0.023706831878871182
1.85	0.02433657739942679
1.95	0.025052458630599107
2.05	0.02588494904191775
2.15	0.026624980936379564
2.25	0.027504338365986626
2.35	0.02864068615128196
2.45	0.029462275935358998
2.5500000000000003	0.030792294263782622
2.65	0.03207308370040225
2.75	0.03333090052672309
2.85	0.03492847289869133
2.95	0.03661403254993488
3.0500000000000003	0.038323843885592165
3.15	0.04026660255195911
3.25	0.042456311923459146
3.35	0.045137251159829035
3.45	0.04757358315914994
3.5500000000000003	0.05059017060977871
3.65	0.05366863718220595
3.75	0.05747218386709367
3.85	0.06085658462548138
3.95	0.06564566617455818
4.05	0.07089160713400446
4.1499999999999995	0.07643775478134782
4.25	0.0823768921865334
4.35	0.0899816267868293
4.449999999999999	0.09765815172430367
4.55	0.10643816440087357
4.6499999999999995	0.11661116399144092
4.75	0.12913705324562844
4.85	0.14303201526982723
4.95	0.1594061892461826
5.05	0.17750822297419822
5.1499999999999995	0.2000989189654109
5.25	0.22423892005469515
5.35	0.25487373937627056
5.45	0.2914088640075225
5.55	0.3352887381003241
5.6499999999999995	0.38754527762867863
5.75	0.4534541858464807
5.85	0.5293088836461946
5.95	0.6261473262959787
6.05	0.7463041483630376
6.1499999999999995	0.9001562621327014
6.25	1.080990384922347
6.35	1.3016770133795172
6.45	1.5789128715963274
6.55	1.8879436811575199
6.6499999999999995	2.2242780771874275
6.75	2.53564734359582
6.85	2.784381659415962
6.95	2.925350523942149
7.05	2.9129582782694925
7.1499999999999995	2.7694346048891623
7.25	2.5483333231366436
7.35	2.2960347924164894
7.45	2.039961262084595
7.55	1.8160962640659992
7.6499999999999995	1.6058698374494866
7.75	1.4299118053533522
7.85	1.2818937581917953
7.95	1.1614841656590087
8.05	1.0614821303164585
8.15	0.9754342698747571
8.25	0.9011109581623047
8.350000000000001	0.8381158570179023
8.450000000000001	0.7884979819618994
8.55	0.7429408716610989
8.65	0.7058420117937572
8.75	0.6768875261132036
8.850000000000001	0.6505350107229754
8.950000000000001	0.6289833594211931
9.05	0.6122138572301592
9.15	0.5971499411422034
9.25	0.5874432545141507
9.350000000000001	0.5789690438054382
9.450000000000001	0.5726612650232652
9.55	0.5681754189244121
9.65	0.5679024340507807
9.750000000000002	0.56888490971629
9.85	0.572525670658489
9.95	0.5786901279297508
10.049999999999999	0.5855329067403356
10.149999999999999	0.5949755391510592
10.25	0.6049115337711696
10.35	0.6190414144366183
10.45	0.6351452185295111
10.549999999999999	0.65230731522915
10.649999999999999	0.6723084928802607
10.75	0.6968678786868445
10.85	0.7208774097866967
10.95	0.745831935798242
11.049999999999999	0.7773937401744787
11.149999999999999	0.8107928423059383
11.25	0.8450539102355042
11.35	0.8815416286574894
11.45	0.920180605756331
11.549999999999999	0.9595155775327164
11.649999999999999	1.0027863720899373
11.75	1.043202410303609
11.85	1.084051913355904
11.95	1.1243640245635724
12.049999999999999	1.165611853492596
12.149999999999999	1.2001542063470523
12.25	1.231129196128298
12.35	1.2571795316724366
12.45	1.2850325934317552
12.549999999999999	1.3039420593878743
12.649999999999999	1.3156130286712249
12.75	1.3298010826062472
12.85	1.333459049954843
12.95	1.3394752662232259
13.049999999999999	1.3385739194935737
13.149999999999999	1.333942571916506
13.25	1.326947044508017
13.35	1.3180428653811131
13.45	1.3029042977313885
13.549999999999999	1.2890683689797147
13.649999999999999	1.2632541199909917
13.75	1.2446776428475343
13.85	1.2164230159314604
13.95	1.190109660161525
14.049999999999999	1.1602645603909099
14.149999999999999	1.1268459615044244
14.25	1.0964510278486943
14.35	1.0652919005329635
14.45	1.0337934630063126
14.549999999999999	1.004649231129246
14.649999999999999	0.9755845147313266
14.75	0.946329358716812
14.85	0.9195560246568285
14.95	0.8964914404901144
15.049999999999999	0.8775375920915924
15.149999999999999	0.8574741160072615
15.25	0.840056068867962
15.35	0.8265742282154451
15.45	0.8137121669694001
15.549999999999999	0.8030793033496557
15.649999999999999	0.7954403504127161
15.75	0.7906510205448132
15.85	0.7865492339466384
15.95	0.7822135276558995
16.05	0.7817528992831353
16.15	0.7833834447549565
16.25	0.7863404872640701
16.349999999999998	0.7922455431871629
16.45	0.7990083810400989
16.55	0.8051492417968975
16.65	0.8153997336976117
16.75	0.8285331475702459
16.849999999999998	0.8404410271266389
16.95	0.8538855447889117
17.05	0.8692669163252488
17.15	0.8860700592726083
17.25	0.9045345281910022
17.349999999999998	0.9217820704080107
17.45	0.9431409700393171
17.55	0.962988520865763
17.65	0.9837148579755297
17.75	1.0037420821728118
17.849999999999998	1.0267200753673467
17.95	1.0456796038451004
18.05	1.0650722628536637
18.15	1.0856529187832777
18.25	1.1019885450364473
18.349999999999998	1.1195980515542974
18.45	1.1350907517861675
18.55	1.1487548732548722
18.65	1.1581169119142969
18.75	1.1659946608142882
18.849999999999998	1.1706228155065739
18.95	1.176842768371336
19.05	1.1771730195084709
19.15	1.1762728547758063
19.25	1.1719331154676826
19.35	1.1676412596294867
19.45	1.1603161065844623
19.55	1.152434455892779
19.65	1.1434931684223184
19.75	1.1326552264114522
19.85	1.119431779196152
19.95	1.1069254152783852
20.05	1.0949649934693848
20.15	1.0815456897362763
20.25	1.0658232551181774
20.35	1.052624692808113
20.45	1.0393719471432836
20.55	1.0228593640015067
20.65	1.0109227867549087
20.75	0.9985668051600343
20.85	0.9850500165725504
20.95	0.9709214668530614
21.05	0.9584316946553812
21.15	0.946664139988474
21.25	0.9371472084109926
21.35	0.9269829957808559
21.45	0.916743705055634
21.55	0.9081660156551867
21.65	0.9016779738106193
21.75	0.8963401470945962
21.85	0.8905316044813429
21.95	0.8875610976663227
22.05	0.8847274341005326
22.15	0.8819155714812064
22.25	0.8795941071937662
22.35	0.8808614490641041
22.45	0.8814014277179675
22.55	0.8819218194724526
22.65	0.8868243491477529
22.75	0.8923141567569604
22.85	0.8963277332065155
22.95	NaN
23.05	0.9073630422525673
23.15	0.9169817121296254
23.25	0.9268695772251703
23.35	0.9361622881120413
23.45	0.948407918493644
23.55	0.9551343074971674
23.65	0.9689497457341268
23.75	0.9781165449467593
23.85	0.9917019419437958
23.95	1.0024130890920127
24.05	1.0157360837109204
24.15	1.0278611907428656
24.25	1.0354026049074512
24.35	1.045638030356124
24.45	1.0598827161712077
24.55	1.069227998146627
24.65	1.0766363022671879
24.75	1.0846747385109283
24.85	1.0911832426281927
24.95	1.0965510957276725
25.05	1.0988172932534717
25.15	1.1016176294979492
25.25	1.104666746101714
25.35	1.1060036216789104
25.45	1.1037326791360687
25.55	1.1023602896092877
25.65	1.0991714810886513
25.75	1.0940082492649335
25.85	1.0884886208727398
25.95	1.0813057817226497
26.05	1.0755469888364309
26.15	1.0669951846604404
26.25	1.0593672997924308
26.35	1.0499174696787343
26.45	1.0444704106644327
26.55	1.0333842469723729
26.65	1.0258770445395187
26.75	1.017234347728338
26.85	1.0075271252266347
26.95	0.9959313794077287
27.05	0.9910437355246926
27.15	0.9833364576485989
27.25	0.9752647400541195
27.35	0.9657925941713947
27.45	0.9604218442041492
27.55	0.9542357188255446
27.65	0.9476968581070618
27.75	0.9420416476909056
27.85	0.9368432568896058
27.95	0.934773323071522
28.05	0.929623487825748
28.15	0.9297557616026996
28.25	0.9250775562391012
28.35	0.9233315652905236
28.45	0.9232216923373897
28.55	0.9243808123230971
28.65	0.9226203908432938
28.75	0.926033285803568
28.85	0.9287442077267286
28.95	0.9303649368815843
29.05	0.9344076070421067
29.15	0.9383814561801981
29.25	0.9437380677131542
29.35	0.9464686266510849
29.45	0.9516449500909553
29.55	0.9597743855622739
29.65	0.9658432611704761
29.75	0.974536362876406
29.85	0.9796087874669867
29.95	0.9855727895846599
30.05	0.9938853112238732
30.15	1.006464758102022
30.25	1.0083180659517192
30.35	1.0140755223537077
30.45	1.021579495330178
30.55	1.0288504821272113
30.65	1.0348496674576269
30.75	1.0402045836671936
30.85	1.0474899922450565
30.95	1.051062476983749
31.05	1.0540412493297584
31.15	1.0616873586700062
31.25	1.0628485177800924
31.35	1.065261936433949
31.45	1.0667222073647706
31.55	1.0678736965224709
31.65	1.0664888255442675
31.75	1.0647482146781215
31.85	1.0649910685725894
31.95	1.0630694325783243
32.05	1.0595331439876408
32.15	1.056527757843084
32.25	1.0535818260817342
32.35	1.0475589118079285
32.45	1.0411499206986932
32.55	1.0358811547292086
32.65	1.0331623531571523
32.75	1.0266134145664796
32.85	1.020134580955366
32.95	1.013419053427322
33.05	1.0065587774533762
33.15	1.0025461428808424
33.25	0.9955704402239494
33.35	0.9900811007627508
33.45	0.9844669185778814
33.55	0.9777075167244861
33.65	0.9734230969624915
33.75	0.9705998513202237
33.85	0.9647579020109117
33.95	0.9665673917272999
34.05	0.9579589738506896
34.15	0.9552505709675924
34.25	0.9536350033736833
34.35	0.9494496681193787
34.45	0.9493323967531295
34.55	0.9468405044858754
34.65	0.9462626277817552
34.75	0.946024547615091
34.85	0.9479433107603659
34.95	0.9475213119076711
35.05	0.9493807225350235
35.15	0.9507678659178305
35.25	0.9521943803911475
35.35	0.9545513107214387
35.45	0.9578284564757411
35.55	0.9625705186741268
35.65	0.9655157208327582
35.75	0.9696341004511365
35.85	0.9755328421868544
35.95	0.9801816702996492
36.05	0.9835033502065641
36.15	0.9890661297203992
36.25	0.9932173716963661
36.35	1.0002588614248873
36.45	1.0024942881136136
36.55	NaN
36.65	1.0148053055915254
36.75	1.0193494961661334
36.85	1.0228260177387838
36.95	1.026278207338427
37.05	1.0304236011265544
37.15	1.0352770783541099
37.25	1.0383274433053864
37.35	1.0397205551427222
37.45	1.0436930095254413
37.55	1.0448817137053992
37.65	NaN
37.75	1.0461266225837835
37.85	1.0484726534966093
37.95	1.047240857498056
38.05	1.0459447603669998
38.15	1.0464118365453916
38.25	1.0431352565495546
38.35	1.040915277155915
38.45	1.0381114841175902
38.550000000000004	1.0358786044209052
38.65	1.032555159073416
38.75	1.0284980786890627
38.85	1.0250707904959353
38.95	1.0218194555023141
39.050000000000004	1.018613089234707
39.15	NaN
39.25	NaN
39.35	NaN
39.45	NaN
39.550000000000004	0.993840280228135
39.65	0.9899716074816999
39.75	0.9878189676128613
39.85	0.9844925528904317
39.95	0.9799985355529481
40.050000000000004	0.9756268373550204
40.15	NaN
40.25	0.9706627793405509
40.35	0.9693322795148493
40.45	0.9657947740852063
40.550000000000004	0.9632130149030684
40.65	0.9627592199853232
40.75	0.964192238467033
40.85	0.9627927541007261
40.95	0.9608374572749426
41.050000000000004	0.9621338095548456
41.15	0.9601656222935719
41.25	0.9593648139619837
41.35	0.9633810337320508
41.45	0.9657178882295796
41.550000000000004	NaN
41.65	0.9687476499279082
41.75	0.9702550554065655
41.85	0.9752930792539234
41.95	0.9775538388319645
42.050000000000004	0.9797301944580956
42.15	NaN
42.25	0.9860221454850542
42.35	0.9889185707645465
42.45	0.9935145005222494
42.550000000000004	0.9978121863816948
42.65	0.9996038141856894
42.75	1.004621872106303
42.85	1.00922068404386
42.95	1.0134779834392125
43.050000000000004	1.014830321285214
43.15	1.0207014620996393
43.25	1.0217322554585453
43.35	1.0246609622260736
43.45	1.0286589916301958
43.550000000000004	1.0296981237501752
43.65	NaN
43.75	1.0324414692627342
43.85	1.0344302410188417
43.95	1.0335088671203712
44.050000000000004	1.0327330189043262
44.15	1.0365223345907786
44.25	NaN
44.35	1.034027984133706
44.45	1.0318051117481015
44.550000000000004	1.0300626498675618
44.65	1.031301992324416
44.75	1.0263241689963336
44.85	1.0250572357412986
44.95	1.0224902917782521
45.050000000000004	1.0209430773314572
45.15	1.0173856360856979
45.25	1.0133505561930531
45.35	NaN
45.45	1.0091372839026587
45.550000000000004	1.0057449206434514
45.65	NaN
45.75	1.0002217385725876
45.85	0.9949600317172339
45.95	0.9907322178679792
46.050000000000004	0.9884502608857528
46.15	0.9872555504898347
46.25	0.9830305146773283
46.35	0.9797485470911473
46.45	0.9799024815983851
46.550000000000004	0.976615368623425
46.65	NaN
46.75	0.9732962458639735
46.85	0.9735490230489054
46.95	0.9735449766845254
47.050000000000004	0.9698452266105727
47.15	0.9723773574438095
47.25	0.9716828754084034
47.35	0.9690865393875895
47.45	0.9682336094351565
47.550000000000004	0.9726763054347305
47.65	0.9728594776789556
47.75	0.9737028400409645
47.85	0.9755488130242151
47.95	0.9769550016500197
48.050000000000004	0.9794701598938568
48.15	0.9800125312870106
48.25	0.9836741570580724
48.35	0.9851116021741361
48.45	0.9887945443464389
48.550000000000004	0.9903251885684814
48.65	0.9935443775152227
48.75	0.9959343570300592
48.85	0.9977761529651311
48.95	1.0002570415576857
49.050000000000004	1.00424842588734
49.15	NaN
49.25	1.0102291955553326
49.35	1.014040788104917
49.45	1.0155909452123468
49.550000000000004	1.0172518872073149
49.65	1.0202645823647214
49.75	1.020429428640075
49.85	1.0219257274757154
49.95	1.025206736457394
50.050000000000004	1.0251411319757684
50.15	1.0265072713418775
50.25	1.0254049936604184
50.35	1.0284048272832766
50.45	1.02468719778176
50.550000000000004	1.025871565963868
50.65	1.0256836832984364
50.75	1.0254813321580127
50.85	1.024132352155139
50.95	NaN
51.050000000000004	1.0202069637454625
51.15	1.0191663386876801
51.25	1.0159723957261124
51.35	1.016083548965179
51.45	1.0116699706384875
51.550000000000004	NaN
51.65	1.0071293365369867
51.75	1.0053368687873052
51.85	1.0014933204818253
51.95	0.9983053009837479
52.050000000000004	NaN
52.15	0.9949443882312152
52.25	0.9935871062726019
52.35	0.9915430389268169
52.45	0.9891538187270187
52.550000000000004	0.9843549540913306
52.65	0.9853428602845575
52.75	0.9824893904589836
52.85	0.9812840174477196
52.95	NaN
53.050000000000004	0.9784688497895312
53.15	NaN
53.25	0.9773285505131928
53.35	0.9775789433504671
53.45	0.9769829725951865
53.550000000000004	NaN
53.65	0.9763214151493758
53.75	NaN
53.85	0.9780029725344775
53.95	0.978375473458941
54.050000000000004	NaN
54.15	0.9832155305834749
54.25	NaN
54.35	0.9833724340282912
54.45	0.9851779081343134
54.550000000000004	NaN
54.65	0.9893038052393954
54.75	0.9935484266490813
54.85	0.9923352173688106
54.95	0.9972791836809637
55.050000000000004	0.9981276251504289
55.15	1.0023431405700503
55.25	1.0026476882511441
55.35	1.0075781882780288
55.45	1.0052587662309251
55.550000000000004	1.010421220407036
55.65	1.0132275890446965
55.75	1.0138293020068294
55.85	1.0146498876927985
55.95	1.0166313941141567
56.050000000000004	1.0192597484850718
56.15	1.0185455034814321
56.25	1.0156351167440907
56.35	1.0195415234459904
56.45	1.0198867343881033
56.550000000000004	1.0224067989275492
56.65	1.0210313800270214
56.75	NaN
56.85	1.0199592454658049
56.95	1.021675316224464
57.050000000000004	1.0191379554795088
57.15	1.0194558144167578
57.25	1.0139688413513648
57.35	NaN
57.45	1.01579882136194
57.550000000000004	1.0127879415660366
57.65	1.010338720751755
57.75	1.0091200654380543
57.85	1.0054326042750037
57.95	1.003926519395527
58.050000000000004	1.0046877044730698
58.15	1.0006560767119923
58.25	0.9993349845540608
58.35	0.9980212645957516
58.45	NaN
58.550000000000004	0.9947322224809818
58.65	0.9922065983251079
58.75	NaN
58.85	0.9900687173136178
58.95	NaN
59.050000000000004	0.9864256671717713
59.15	0.9867404157518646
59.25	0.9861081553087251
59.35	0.9826186547428777
59.45	0.9826353917057183
59.550000000000004	0.9809939755253221
59.65	0.9810925215165374
59.75	0.9817198476264417
59.85	NaN
59.95	0.9819128816883118
60.050000000000004	NaN
60.15	0.9835992584384029
60.25	0.9832243669513928
60.35	NaN
60.45	0.9847354187152086
60.550000000000004	0.9852545835128018
60.65	0.9878539105924643
60.75	0.9881227680048722
60.85	0.9876266367115007
60.95	0.9913263166504197
61.050000000000004	0.9946442408798283
61.15	0.9956896524231729
61.25	0.9976873272185642
61.35	0.9975554767351783
61.45	1.0013363846617387
61.550000000000004	NaN
61.65	1.0041933828783458
61.75	NaN
61.85	NaN
61.95	1.008203012555085
62.050000000000004	1.0118731155340857
62.15	1.0141199358437745
62.25	1.012261669288365
62.35	1.0112312885163197
62.45	1.0142711290840634
62.550000000000004	1.015332279776118
62.65	1.0141235739173138
62.75	1.0160555764612225
62.85	1.017999044810347
62.95	1.0168030864204058
63.050000000000004	1.01902485806706
63.15	1.0171787322503996
63.25	NaN
63.35	1.0156224502408526
63.45	1.0144940856001003
63.550000000000004	1.0140353677318341
63.65	1.0145592384246258
63.75	1.0114242344582594
63.85	1.0116818052989502
63.95	1.0079945620816981
64.05	1.0083061583458166
64.14999999999999	1.0062893472632524
64.25	1.0060573995487057
64.35	1.0046324574940833
64.44999999999999	0.9997563211780811
64.55	0.999055516713278
64.64999999999999	0.9966337907872782
64.75	0.9968234241439434
64.85	0.993383773838915
64.94999999999999	0.9943834220556017
65.05	0.9916769584169928
65.14999999999999	0.9911595542735061
65.25	NaN
65.35	0.9885159004217404
65.44999999999999	NaN
65.55	0.9873613590232516
65.64999999999999	0.9838927681503131
65.75	0.9865945542786936
65.85	0.9849373693457383
65.94999999999999	0.9852794278335424
66.05	NaN
66.14999999999999	0.9827263641897444
66.25	0.9853800504657536
66.35	0.9829559115704752
66.44999999999999	0.9863107622282922
66.55	0.9866873179339273
66.64999999999999	NaN
66.75	0.9879892529535073
66.85	NaN
66.94999999999999	NaN
67.05	0.9923901412164219
67.14999999999999	0.9925526005849294
67.25	0.9936059257382694
67.35	0.9947300308437684
67.44999999999999	0.9968202682867783
67.55	0.997248043731704
67.64999999999999	NaN
67.75	NaN
67.85	0.9995404645457272
67.94999999999999	1.0045140059757671
68.05	1.005518944634214
68.14999999999999	1.0058374803558778
68.25	NaN
68.35	1.009037714724734
68.44999999999999	1.0093578544514823
68.55	1.0115722583589244
68.64999999999999	NaN
68.75	1.0125542981726743
68.85	1.0117963759123108
68.94999999999999	1.0144820444507698
69.05	1.0149341484645815
69.14999999999999	1.0135794080321678
69.25	1.0148364897053812
69.35	1.0132642591064247
69.44999999999999	NaN
69.55	1.0136588339230979
69.64999999999999	1.0139318389477758
69.75	NaN
69.85	1.0113660009872611
69.94999999999999	NaN
70.05	1.0095748596766112
70.14999999999999	1.0090579381653322
70.25	NaN
70.35	1.0053374773742498
70.44999999999999	NaN
70.55	1.0055760062445436
70.64999999999999	1.0034668028329874
70.75	1.000777452583811
70.85	0.999013931999142
70.94999999999999	0.9976971048999661
71.05	0.9977903642882144
71.14999999999999	0.9939880332197903
71.25	NaN
71.35	0.9934840666084799
71.44999999999999	0.9922439722989935
71.55	0.9908667797199274
71.64999999999999	0.9905310564335644
71.75	0.9888851189848589
71.85	0.9890725225533565
71.94999999999999	0.9869764446832395
72.05	NaN
72.14999999999999	NaN
72.25	NaN
72.35	NaN
72.44999999999999	0.9877616305264244
72.55	0.987921515695098
72.64999999999999	0.9885144016059033
72.75	NaN
72.85	0.9909393282059993
72.94999999999999	0.9901909182238813
73.05	0.9910757246431228
73.14999999999999	0.9914632602716481
73.25	0.9925550335442977
73.35	0.9924762091995291
73.44999999999999	NaN
73.55	0.9969060911185882
73.64999999999999	NaN
73.75	NaN
73.85	0.998992545573498
73.94999999999999	1.000577489541266
74.05	1.0009770198147905
74.14999999999999	1.0009045505200862
74.25	1.003007272293491
74.35	1.0038371325174265
74.44999999999999	1.0041508366434655
74.55	1.0058438467631297
74.64999999999999	1.008537627528792
74.75	1.0089274164537736
74.85	1.0101332026573189
74.94999999999999	1.0087068554539185
75.05	1.0108912292183736
75.14999999999999	1.0117484124578464
75.25	NaN
75.35	NaN
75.44999999999999	NaN
75.55	1.0118305922762387
75.64999999999999	NaN
75.75	NaN
75.85	1.0092443551492756
75.94999999999999	1.0101950590433983
76.05	1.0104729731621125
76.14999999999999	1.008978216252476
76.25	NaN
76.35	1.0067520947315607
76.44999999999999	NaN
76.55	1.0048368135132426
76.64999999999999	1.0069726472599674
76.75	NaN
76.85	NaN
76.95	NaN
77.05	NaN
77.14999999999999	0.9979720427920832
77.25	0.9967912493547141
77.35	0.9968686231586981
77.45	0.995604188482599
77.55	0.9951839909187473
77.64999999999999	0.9938372738727078
77.75	0.9939505165031544
77.85	0.9922721207330253
77.95	0.9925499074672717
78.05	0.9907335469077477
78.14999999999999	0.9896469566880787
78.25	0.988807288463337
78.35	0.9907083760979245
78.45	NaN
78.55	NaN
78.64999999999999	0.9885935664634102
78.75	0.9893126211884196
78.85	NaN
78.95	0.9895918590873645
79.05	NaN
79.14999999999999	NaN
79.25	0.9929265484448152
79.35	NaN
79.45	0.9945860491726003
79.55	0.9943517936808509
79.64999999999999	NaN
79.75	0.9966428188478992
79.85	0.9962223622600798
