0.15	0.019248240513503805
0.25	0.019583672429685246
0.35	0.01877397800716465
0.45	0.0192716778360351
0.55	0.019231888672229698
0.65	0.019459979187028145
0.7500000000000001	0.019691580256753275
0.85	0.019898831587706396
0.95	0.020059202780718478
1.05	0.02048394897296958
1.15	0.020825968149111935
1.25	0.02116170165601576
1.35	0.021553560892408858
1.45	0.021953554147797486
1.55	0.022551205304357856
1.65	0.023089351838763723
1.75	0.023618383405181933
1.85	0.024327829552132987
1.95	0.02513198290185941
2.05	0.025736592228203074
2.15	0.026644726925073074
2.25	0.027564004263588092
2.35	0.028608038537400633
2.45	0.029486567891268793
2.5500000000000003	0.030722159167193386
2.65	0.03206834906751833
2.75	0.03343381002369131
2.85	0.03487788578193957
2.95	0.03669680197687276
3.0500000000000003	0.03826156708953202
3.15	0.04022735747983505
3.25	0.04244726616489601
3.35	0.044973562015763795
3.45	0.04748929727809225
3.5500000000000003	0.05059525590819976
3.65	0.05368317861585482
3.75	0.05745670561447184
3.85	0.06094924370464527
3.95	0.06579059923385974
4.05	0.07072323102546134
4.1499999999999995	0.07644681427897326
4.25	0.0823478881393868
4.35	0.08992111615337352
4.449999999999999	0.09747532307548935
4.55	0.10668335051735452
4.6499999999999995	0.11678676340767496
4.75	0.12889537190955905
4.85	0.1429885347032026
4.95	0.15950908521643714
5.05	0.17708092909809448
5.1499999999999995	0.199938299296227
5.25	0.22457939293773638
5.35	0.2551838266980941
5.45	0.2924143018712871
5.55	0.33595562381435345
5.6499999999999995	0.38734512147497335
5.75	0.4539207243819961
5.85	0.5289589025776555
5.95	0.6261247090270398
6.05	0.7468107082178117
6.1499999999999995	0.8985843131446168
6.25	1.082858972418562
6.35	1.3008565383967283
6.45	1.5786753223727008
6.55	1.887406399471437
6.6499999999999995	2.222231662688683
6.75	2.539900329264708
6.85	2.789895398348683
6.95	2.9347277129161427
7.05	2.9096633164710464
7.1499999999999995	2.7711660167033463
7.25	2.5495144626529838
7.35	2.29241654432392
7.45	2.0472400866311458
7.55	1.8175432624246097
7.6499999999999995	1.6065555890999035
7.75	1.4336100094766164
7.85	1.2822170959457888
7.95	1.1610053070908486
8.05	1.0600600055636806
8.15	0.9741467004987853
8.25	0.9004383554733633
8.350000000000001	0.838666622609049
8.450000000000001	0.7871368190980993
8.55	0.7435913478666788
8.65	0.7075723051705477
8.75	0.6769296638808086
8.850000000000001	0.651632183832982
8.950000000000001	0.6303786615956868
9.05	0.6117075866693482
9.15	0.5974722804470928
9.25	0.5865362193591613
9.350000000000001	0.5795384955057703
9.450000000000001	0.5724450354340795
9.55	0.5688842965756562
9.65	0.5671695953980204
9.750000000000002	0.5691811836568346
9.85	0.5731033382525187
9.95	0.5780417576997436
10.049999999999999	0.5850549212724846
10.149999999999999	0.5940056824705037
10.25	0.6060256983219965
10.35	0.6180794940176436
10.45	0.634541487245856
10.549999999999999	0.653133989815684
10.649999999999999	0.6724953586248602
10.75	0.6948799160704173
10.85	0.7206493031585396
10.95	0.7461388122594418
11.049999999999999	0.7782196477734452
11.149999999999999	0.8103735540220125
11.25	0.844159889291203
11.35	0.8824513275106507
11.45	0.9210063549626738
11.549999999999999	0.9601938833463132
11.649999999999999	1.0021317160311254
11.75	1.0432055360284795
11.85	1.086742424577315
11.95	1.125485135736098
12.049999999999999	1.1624119004559461
12.149999999999999	1.1990424937411184
12.25	1.2324715731711515
12.35	1.2598516547816418
12.45	1.2847394940918517
12.549999999999999	1.302358891363944
12.649999999999999	1.3199388734092068
12.75	1.331974664324041
12.85	1.3356661465080424
12.95	1.3378367808969405
13.049999999999999	1.338747132106034
13.149999999999999	1.3331781984776572
13.25	1.3278902615254706
13.35	1.317255247283797
13.45	1.304510516387357
13.549999999999999	1.2871771285500873
13.649999999999999	1.2638566267272353
13.75	1.243016019851588
13.85	1.2189954891923183
13.95	1.190164625627219
14.049999999999999	1.159721424743638
14.149999999999999	1.128519061090575
14.25	1.095565466950319
14.35	1.0645312627760684
14.45	1.0337784278494708
14.549999999999999	1.0022565364012268
14.649999999999999	0.9747919636874417
14.75	0.9465914362319406
14.85	0.921443088138865
14.95	0.8981775780457188
15.049999999999999	0.874691629094301
15.149999999999999	0.8582537823133838
15.25	0.841565898922299
15.35	0.8263149818021782
15.45	0.8151146863842331
15.549999999999999	0.8038946551364947
15.649999999999999	0.7965838657661501
15.75	0.7895598392182382
15.85	0.7838735241691359
15.95	0.7831164690240736
16.05	0.7820297680171231
16.15	0.7841939916051504
16.25	0.7879704554275695
16.349999999999998	0.7921961257295953
16.45	0.7984963309261262
16.55	0.8051491265581938
16.65	0.8143874376017296
16.75	0.8262518411945178
16.849999999999998	0.8393841143713505
16.95	0.8534451029878597
17.05	0.869468642034532
17.15	0.8861088093509717
17.25	0.9034782327711818
17.349999999999998	0.9223021815080888
17.45	0.9434686164041897
17.55	0.9614831881805155
17.65	0.9845118310065375
17.75	1.00599088618528
17.849999999999998	1.0258222475340149
17.95	1.0453935739311013
18.05	1.0637639301318222
18.15	1.0862830975485829
18.25	1.1022500581390322
18.349999999999998	1.119452560305161
18.45	1.1350341605682175
18.55	1.1465246722508997
18.65	1.1589434718788305
18.75	1.1661627814333875
18.849999999999998	1.171356891104568
18.95	1.174153416077452
19.05	1.17788120973286
19.15	1.1759400502774813
19.25	1.1716541552596034
19.35	1.1684530699526956
19.45	1.1600547338781433
19.55	1.1513744024024526
19.65	1.142564370430558
19.75	1.1307973884441351
19.85	1.1207231523094163
19.95	1.108018159874962
20.05	1.0936017461565837
20.15	1.08017893119803
20.25	1.064540980114327
20.35	1.0531176716788977
20.45	1.0404143234766694
20.55	1.025665037650368
20.65	1.0102650276313458
20.75	0.9967386804051978
20.85	0.9846500358951783
20.95	0.971212460469472
21.05	0.9591654776655332
21.15	0.9456898803663376
21.25	0.9364948004343314
21.35	0.9282361323792633
21.45	0.9185380679980883
21.55	0.9103631930515057
21.65	0.9031894840739402
21.75	0.8959648547630211
21.85	0.8900395421009882
21.95	0.887958234136624
22.05	0.8846341204056805
22.15	0.8821082630921154
22.25	0.8808468222411733
22.35	0.8805362927781366
22.45	0.8812283914026979
22.55	0.8837802436790195
22.65	0.8859152549777406
22.75	0.8903535565692606
22.85	0.8947487308038332
22.95	NaN
23.05	0.9095498976199964
23.15	0.9180081055113246
23.25	0.9269749578516899
23.35	0.9358802008403907
23.45	0.9443375889578768
23.55	0.9579240973443147
23.65	0.969045859664217
23.75	0.9783561600802865
23.85	0.9898105403999314
23.95	1.0021349771942751
24.05	1.0145145097806385
24.15	1.0255018153907136
24.25	1.0375482712184716
24.35	1.048042282684139
24.45	1.058338799900155
24.55	1.069359576320696
24.65	1.0775869522636414
24.75	1.0852941834857295
24.85	1.0896395277400173
24.95	1.0967403051828182
25.05	1.1004942453789084
25.15	1.1022645765073729
25.25	1.1050677670447444
25.35	1.1050531970209214
25.45	1.1015677637486163
25.55	1.101143102993129
25.65	1.098440263918379
25.75	1.0926790273748725
25.85	1.0874471179254028
25.95	1.0820604277089017
26.05	1.0786407490777128
26.15	1.0676070669655904
26.25	1.061742255710192
26.35	1.052196655509421
26.45	1.042793887629126
26.55	1.03407617402336
26.65	1.0244570425311046
26.75	1.017643288720289
26.85	1.0057623991008882
26.95	0.9973571677581403
27.05	0.9912717400353539
27.15	0.9820502183879906
27.25	0.9742325953758126
27.35	0.966942600078687
27.45	0.9609581201752245
27.55	0.9533149815822815
27.65	0.946941214969639
27.75	0.9433708089616721
27.85	0.9403408081016905
27.95	0.934861154611227
28.05	0.9304475258507976
28.15	0.9283772013410598
28.25	0.9275387875054105
28.35	0.9257649218961805
28.45	0.9252486967088651
28.55	0.9256841106899398
28.65	0.9223887173938042
28.75	0.9257607892235947
28.85	0.9298985557151616
28.95	0.9317640778831267
29.05	0.9328892518486772
29.15	0.9376017190131726
29.25	0.9422467637470701
29.35	0.9464905422433925
29.45	0.9505980288981685
29.55	0.9576145029695384
29.65	0.9649603519492672
29.75	0.9720535971237454
29.85	0.9791794877333413
29.95	0.98612057165776
30.05	0.9934701966146924
30.15	1.0004373819770271
30.25	1.0067410776972556
30.35	1.0149343184087318
30.45	1.0225003542060176
30.55	1.029718615818638
30.65	1.036259330534481
30.75	1.0419532538166865
30.85	1.0490444405451247
30.95	1.052279803292524
31.05	1.0559250899466113
31.15	1.059607860007018
31.25	1.0624850449199632
31.35	1.065586767361493
31.45	1.0663230402318482
31.55	1.067517717955192
31.65	1.0668953775459542
31.75	1.0657759229319468
31.85	1.0657690337380632
31.95	1.0613422915939008
32.05	1.060386077673684
32.15	1.0565911879679892
32.25	1.053618215675018
32.35	1.0491725285456954
32.45	1.04438493288138
32.55	1.0362915087882785
32.65	1.0341229689527842
32.75	1.0269913287414796
32.85	1.0214543224855672
32.95	1.0136731810562056
33.05	1.0076409030325366
33.15	1.001871279764945
33.25	0.9944052599900173
33.35	0.9911031029096588
33.45	0.9853568324876452
33.55	0.9773755820567557
33.65	0.9731370423196535
33.75	0.9703032561282718
33.85	0.9653540909477817
33.95	0.9594830847856156
34.05	0.958186279731821
34.15	0.9542693635354457
34.25	0.9526283381218398
34.35	0.9508282060683769
34.45	0.9508755213743346
34.55	0.9477409765451575
34.65	0.9448975468240663
34.75	0.9458980735776357
34.85	0.9471240178446979
34.95	0.947422988258306
35.05	0.9500485501441401
35.15	0.9513858120122146
35.25	0.9524027976964251
35.35	0.958112133734834
35.45	0.9586486365964005
35.55	0.9638246957949702
35.65	0.966047159548735
35.75	0.969377657395308
35.85	0.9750389263046584
35.95	0.9799379321855665
36.05	0.9835218084104032
36.15	0.9894605628646513
36.25	0.9937889034453845
36.35	0.9996128229681862
36.45	1.0031676790315762
36.55	NaN
36.65	1.014192551438644
36.75	1.0182398654250193
36.85	1.017834683434739
36.95	1.0265816995827644
37.05	1.0288193391927345
37.15	1.0344090934899257
37.25	1.0396370400056008
37.35	1.040623239678192
37.45	1.0424636002645529
37.55	1.0429408289487372
37.65	NaN
37.75	1.0451118866849005
37.85	1.047119574803064
37.95	1.0487069182053839
38.05	1.0462684201283952
38.15	1.0458125669247358
38.25	1.040944808061361
38.35	1.0410870147548
38.45	1.0361627207636932
38.550000000000004	1.033388054778073
38.65	1.0311475818503353
38.75	1.0301760668364877
38.85	1.0245107287048707
38.95	1.0193824768781141
39.050000000000004	1.0165568359971002
39.15	NaN
39.25	NaN
39.35	NaN
39.45	NaN
39.550000000000004	0.9958028054930476
39.65	0.9908647497324368
39.75	0.9884562367827912
39.85	0.9832775978357067
39.95	0.9797030887152247
40.050000000000004	0.9781832356444949
40.15	NaN
40.25	0.9705192314173116
40.35	0.9718920271181315
40.45	0.967312249052668
40.550000000000004	0.9649014128581507
40.65	0.9616000735039801
40.75	0.9625496531577157
40.85	0.9623972816968117
40.95	0.96082174502357
41.050000000000004	0.9625412526847836
41.15	0.960694184168606
41.25	0.9628737237833849
41.35	0.9655965268063518
41.45	0.965774038808751
41.550000000000004	NaN
41.65	0.9685297197377168
41.75	0.971894419512047
41.85	0.973536795058908
41.95	0.9769491717698419
42.050000000000004	0.9804059711964846
42.15	NaN
42.25	0.986592966117927
42.35	0.9879072580759258
42.45	0.9929794726654886
42.550000000000004	0.9973658633662656
42.65	1.0028087276417095
42.75	1.0043385878533595
42.85	1.0091984285207833
42.95	1.013183074926614
43.050000000000004	1.01514860616934
43.15	1.0168356097874447
43.25	1.0214981770018703
43.35	1.0239783575192596
43.45	1.0261576794521385
43.550000000000004	1.0278551731676433
43.65	NaN
43.75	1.0330084703501368
43.85	1.032854467291399
43.95	1.0343980546323472
44.050000000000004	1.0339723689545126
44.15	1.0330876719083486
44.25	NaN
44.35	1.0326285335229102
44.45	1.0323928912163314
44.550000000000004	1.0314871837043202
44.65	1.0294687673818554
44.75	1.0284900166139141
44.85	1.0238430363148183
44.95	1.0231433952444415
45.050000000000004	1.017727429462853
45.15	1.0180049626535164
45.25	1.0154539575168193
45.35	NaN
45.45	1.0092539263998754
45.550000000000004	1.007250538465463
45.65	NaN
45.75	0.9996956769197898
45.85	0.9956148056905615
45.95	0.9919754729747512
46.050000000000004	0.9906082071376072
46.15	0.9859422983643715
46.25	0.9861729985509
46.35	0.9807614736246177
46.45	0.9797916761728968
46.550000000000004	0.9767072600280798
46.65	NaN
46.75	0.9737895039215602
46.85	0.9734715989885128
46.95	0.9723112901063814
47.050000000000004	0.9723567858664406
47.15	0.9696386381897314
47.25	0.9712309042342986
47.35	0.968831860989588
47.45	0.9722745672835604
47.550000000000004	0.9708358300357386
47.65	0.973004580422506
47.75	0.9719570642905063
47.85	0.9745326491625426
47.95	0.9770702126484262
48.050000000000004	0.9787132646982131
48.15	0.9811635298104275
48.25	0.9826139857358958
48.35	0.9855828257498888
48.45	0.9870393279276309
48.550000000000004	0.9918332556376723
48.65	0.9938721579804711
48.75	0.9956204600291524
48.85	0.9979484446746245
48.95	1.0025842667122604
49.050000000000004	1.0045992601897293
49.15	NaN
49.25	1.0095278804779249
49.35	1.013428369614915
49.45	1.0155017917766789
49.550000000000004	1.0170433142754618
49.65	1.0206256319606857
49.75	1.0212787847563531
49.85	1.0231203927717591
49.95	1.019309156640239
50.050000000000004	1.0244713118752973
50.15	1.0253190738308886
50.25	1.025810950302461
50.35	1.0248892772253697
50.45	1.0265449805343643
50.550000000000004	1.0246263195581673
50.65	1.0249166347904777
50.75	1.025145509190252
50.85	1.0253331160325383
50.95	NaN
51.050000000000004	1.0206402767410558
51.15	1.0187823572019274
51.25	1.0168884372655709
51.35	1.0125536954064491
51.45	1.0137875963675842
51.550000000000004	NaN
51.65	1.0081847530837231
51.75	1.0051664359426837
51.85	1.002003986398779
51.95	0.9993049185860486
52.050000000000004	NaN
52.15	0.9964713420253908
52.25	0.9938888130011517
52.35	0.9906347562542772
52.45	0.9910808910838241
52.550000000000004	0.9866263177383067
52.65	0.9858093002330438
52.75	0.9834314602538634
52.85	0.9817821325891389
52.95	NaN
53.050000000000004	0.9789402009951312
53.15	NaN
53.25	0.9771121745033643
53.35	0.9777220157158891
53.45	0.9748221773045852
53.550000000000004	NaN
53.65	0.9769869330609326
53.75	NaN
53.85	0.9784492047543973
53.95	0.9795422553933507
54.050000000000004	NaN
54.15	0.9791425604408907
54.25	NaN
54.35	0.9825319886276783
54.45	0.9850806451656484
54.550000000000004	NaN
54.65	0.9908445242904809
54.75	0.9918433499341155
54.85	0.9922345042476118
54.95	0.9954574904187622
55.050000000000004	0.999289598056075
55.15	1.0004221055298002
55.25	1.0026164534973716
55.35	1.0094026474674125
55.45	1.0076093598254912
55.550000000000004	1.0078888792348975
55.65	1.0148156882460653
55.75	1.010251914742515
55.85	1.013389170278579
55.95	1.0161324281960515
56.050000000000004	1.0156451217637792
56.15	1.020715167248707
56.25	1.0194018391182724
56.35	1.0202969833033997
56.45	1.0203190376934574
56.550000000000004	1.0243712684172748
56.65	1.0225660350167443
56.75	NaN
56.85	1.022060391953627
56.95	1.0181128836051199
57.050000000000004	1.0202518887684624
57.15	1.0190627241563426
57.25	1.0179405074902141
57.35	NaN
57.45	1.0136527400718442
57.550000000000004	1.0137717754220141
57.65	1.0086407811048228
57.75	1.010807104111264
57.85	1.007908110997385
57.95	1.004231968631986
58.050000000000004	1.003312206838225
58.15	1.0006592093195485
58.25	1.0000560289273215
58.35	0.9994682966232609
58.45	NaN
58.550000000000004	0.9941400204279472
58.65	0.9912921410090434
58.75	NaN
58.85	0.9901196179415317
58.95	NaN
59.050000000000004	0.9867853773368406
59.15	0.985350471706985
59.25	0.9852796378157916
59.35	0.9840968382370243
59.45	0.9831234246901817
59.550000000000004	0.9807078631128895
59.65	0.9813491865409708
59.75	0.9792850970697143
59.85	NaN
59.95	0.9825926151094804
60.050000000000004	NaN
60.15	0.9834604979153004
60.25	0.9845823232072477
60.35	NaN
60.45	0.9854420644298304
60.550000000000004	0.9842920524617189
60.65	0.9864625443119752
60.75	0.9900297553967257
60.85	0.989302546902638
60.95	0.9923043434574438
61.050000000000004	0.9936078980889278
61.15	0.9952106124718768
61.25	0.9957736025648593
61.35	1.0002443017473472
61.45	1.0013180502016117
61.550000000000004	NaN
61.65	1.0043500333729767
61.75	NaN
61.85	NaN
61.95	1.0093512889257217
62.050000000000004	1.0103163076154984
62.15	1.011578764953283
62.25	1.0115521795117104
62.35	1.013761564506548
62.45	1.0146932835881128
62.550000000000004	1.0161304510027866
62.65	1.0171036874507506
62.75	1.0156472325277879
62.85	1.0174321850130987
62.95	1.0179829984567634
63.050000000000004	1.018036404703922
63.15	1.0148125274329063
63.25	NaN
63.35	1.0154280377656597
63.45	1.0127667618600282
63.550000000000004	1.015037874351407
63.65	1.0102167295181583
63.75	1.012312495957205
63.85	1.009892409070065
63.95	1.0086801629718234
64.05	1.0076706665731858
64.14999999999999	1.0045399572431801
64.25	1.0031682960211648
64.35	1.004995608302735
64.44999999999999	0.9998692848523104
64.55	0.9996059724419742
64.64999999999999	0.9989312079312267
64.75	0.9975323836636205
64.85	0.994400059794038
64.94999999999999	0.9919571969337024
65.05	0.991522058769985
65.14999999999999	0.990683505397022
65.25	NaN
65.35	0.9895137062828759
65.44999999999999	NaN
65.55	0.9853871764902256
65.64999999999999	0.9869917051799937
65.75	0.9846861752124526
65.85	0.983379526593046
65.94999999999999	0.9851768453225296
66.05	NaN
66.14999999999999	0.9843678925315806
66.25	0.9850284488623885
66.35	0.9850451885921313
66.44999999999999	0.9867732828064281
66.55	0.9869476881665893
66.64999999999999	NaN
66.75	0.9871591564679684
66.85	NaN
66.94999999999999	NaN
67.05	0.9918366476526522
67.14999999999999	0.993834318363344
67.25	0.9945881198071093
67.35	0.9951548884762201
67.44999999999999	0.9961550778674053
67.55	0.9990871059588164
67.64999999999999	NaN
67.75	NaN
67.85	1.0012903956636503
67.94999999999999	1.0043935774025683
68.05	1.0061522819965254
68.14999999999999	1.0062856884423717
68.25	NaN
68.35	1.0098812843055067
68.44999999999999	1.01015082176018
68.55	1.0111370379680866
68.64999999999999	NaN
68.75	1.0127607812275234
68.85	1.0124275119979145
68.94999999999999	1.0140746607303355
69.05	1.014743449377762
69.14999999999999	1.0133599105347517
69.25	1.0139179364157467
69.35	1.0133413363627837
69.44999999999999	NaN
69.55	1.0147376079186468
69.64999999999999	1.0113074784730145
69.75	NaN
69.85	1.0115281174047341
69.94999999999999	NaN
70.05	1.0089153614221842
70.14999999999999	1.0084428016313167
70.25	NaN
70.35	1.0047559275196298
70.44999999999999	NaN
70.55	1.0025114915807225
70.64999999999999	1.0012163564772414
70.75	0.9998727949571319
70.85	0.9996045453598451
70.94999999999999	0.9983239687454123
71.05	0.9939880551990147
71.14999999999999	0.9936039089015926
71.25	NaN
71.35	0.9926525293040648
71.44999999999999	0.9921669559686408
71.55	0.9904957183041153
71.64999999999999	0.9910360182959997
71.75	0.9882924486644452
71.85	0.9886334883966834
71.94999999999999	0.9889190354604244
72.05	NaN
72.14999999999999	NaN
72.25	NaN
72.35	NaN
72.44999999999999	0.9860658848799106
72.55	0.9870895515971474
72.64999999999999	0.9875120178644525
72.75	NaN
72.85	0.9857185947101665
72.94999999999999	0.988604822081128
73.05	0.9901513660739756
73.14999999999999	0.9913451264945304
73.25	0.9932956399283409
73.35	0.9944290664228899
73.44999999999999	NaN
73.55	0.9944051299768122
73.64999999999999	NaN
73.75	NaN
73.85	0.9979849610904684
73.94999999999999	0.9997049424230372
74.05	1.0006586455609088
74.14999999999999	1.0036318148082155
74.25	1.004414408991374
74.35	1.0046926767481066
74.44999999999999	1.006304790324977
74.55	1.0066884766114013
74.64999999999999	1.0057039599323672
74.75	1.0087052556829468
74.85	1.0094422699028567
74.94999999999999	1.0109357832259773
75.05	1.0103907068384008
75.14999999999999	1.010274098207219
75.25	NaN
75.35	NaN
75.44999999999999	NaN
75.55	1.0109981344676975
75.64999999999999	NaN
75.75	NaN
75.85	1.009616391907458
75.94999999999999	1.0101415280732542
76.05	1.0095968249959826
76.14999999999999	1.0097829920879495
76.25	NaN
76.35	1.0078625386348337
76.44999999999999	NaN
76.55	1.0056991696647777
76.64999999999999	1.0045013165136771
76.75	NaN
76.85	NaN
76.95	NaN
77.05	NaN
77.14999999999999	0.998317911651859
77.25	0.9978543633075955
77.35	0.9968382759295188
77.45	0.9964107624769383
77.55	0.9948282783390842
77.64999999999999	0.994651108433956
77.75	0.9938592038738655
77.85	0.9925825689609803
77.95	0.9916667527950953
78.05	0.9900903718069856
78.14999999999999	0.9915751755430354
78.25	0.989708365127102
78.35	0.9883570674359229
78.45	NaN
78.55	NaN
78.64999999999999	0.988885965335998
78.75	0.9888429561937837
78.85	NaN
78.95	0.9889080926405857
79.05	NaN
79.14999999999999	NaN
79.25	0.9897597358172995
79.35	NaN
79.45	0.9917616366528944
79.55	0.9930200848263009
79.64999999999999	NaN
79.75	0.9953741795105854
79.85	0.9958103243128167
