0.15	0.01990862398945053
0.25	0.01864525130502282
0.35	0.018800920922905005
0.45	0.01897747162746083
0.55	0.01933291600025739
0.65	0.019240108596393312
0.7500000000000001	0.01978828583469663
0.85	0.01975855695461051
0.95	0.020137622760386737
1.05	0.02047818717310891
1.15	0.020729930352858826
1.25	0.02117434877327316
1.35	0.021536851490609268
1.45	0.021971313957865134
1.55	0.022591820233003476
1.65	0.022973360778653407
1.75	0.023631540201604836
1.85	0.024416738085570974
1.95	0.02513151414664612
2.05	0.0257393936664665
2.15	0.026694808380472054
2.25	0.02749901154779592
2.35	0.028584509350798887
2.45	0.029506246264361415
2.5500000000000003	0.03069368466018834
2.65	0.032060468941302316
2.75	0.03347153505893453
2.85	0.03486737188935716
2.95	0.036655369597697995
3.0500000000000003	0.03830776446810886
3.15	0.040283076719493466
3.25	0.04240340388550687
3.35	0.045111213367922946
3.45	0.047505478583481704
3.5500000000000003	0.05055411271479018
3.65	0.053667520520383746
3.75	0.05740610789811098
3.85	0.060906910739577005
3.95	0.06577084734252417
4.05	0.07062085576229366
4.1499999999999995	0.07640768679023399
4.25	0.08247073842899953
4.35	0.08997182367540285
4.449999999999999	0.09760348652601027
4.55	0.10670922102602697
4.6499999999999995	0.11659044897486995
4.75	0.12913910709355228
4.85	0.142972196607735
4.95	0.1595218767868478
5.05	0.17722207560965886
5.1499999999999995	0.19995908064933215
5.25	0.2247076432623461
5.35	0.2548484762747943
5.45	0.29151102428903874
5.55	0.3358493508800194
5.6499999999999995	0.3869756995811146
5.75	0.45290130452063015
5.85	0.5303533733903327
5.95	0.6250371351778437
6.05	0.7475114303211066
6.1499999999999995	0.8988797403845145
6.25	1.0849198152629265
6.35	1.3028258467547473
6.45	1.578384432843893
6.55	1.8886873670819802
6.6499999999999995	2.224451693472276
6.75	2.538211118417603
6.85	2.791808279713302
6.95	2.933846386187747
7.05	2.917988326350393
7.1499999999999995	2.7699390412672997
7.25	2.5486223420057703
7.35	2.2926590597429355
7.45	2.0388285383791804
7.55	1.8175122304572184
7.6499999999999995	1.6080059081984246
7.75	1.4324338098866802
7.85	1.280742838579523
7.95	1.1633558741039909
8.05	1.06207567019008
8.15	0.9741158243457824
8.25	0.9006402790375331
8.350000000000001	0.837676848111565
8.450000000000001	0.7882952692970872
8.55	0.7438651978319669
8.65	0.7067150538576823
8.75	0.6761702860094163
8.850000000000001	0.6512632903839238
8.950000000000001	0.629828768491784
9.05	0.6112451973245354
9.15	0.59864409694663
9.25	0.5870919485120899
9.350000000000001	0.579297490461331
9.450000000000001	0.573114315151649
9.55	0.5694098032946459
9.65	0.5686175193312096
9.750000000000002	0.5688152757339203
9.85	0.5725778677490158
9.95	0.5782165643342755
10.049999999999999	0.5845535393422567
10.149999999999999	0.5940782641324364
10.25	0.6053806959942846
10.35	0.619568160387197
10.45	0.6344054729472928
10.549999999999999	0.6524893091589605
10.649999999999999	0.672065820568245
10.75	0.6957160331319691
10.85	0.7206647180517777
10.95	0.7468524172830459
11.049999999999999	0.7776980693952162
11.149999999999999	0.8098552151908596
11.25	0.8441164388693543
11.35	0.8821550171586172
11.45	0.920155288137701
11.549999999999999	0.9617623160666042
11.649999999999999	1.0033732867564449
11.75	1.0450239843449636
11.85	1.0848322460551014
11.95	1.128217746892386
12.049999999999999	1.1638968256753666
12.149999999999999	1.2010582902545075
12.25	1.2301795372402249
12.35	1.2603933620508712
12.45	1.2864292961289328
12.549999999999999	1.303820169023673
12.649999999999999	1.3170718029363326
12.75	1.3287418856452329
12.85	1.3375043109343632
12.95	1.3376130632187104
13.049999999999999	1.3384241702646702
13.149999999999999	1.3345674925614464
13.25	1.3271175896148353
13.35	1.3189205149784107
13.45	1.3020054226199331
13.549999999999999	1.286035129696294
13.649999999999999	1.267223528437764
13.75	1.2437413578759564
13.85	1.2193518277985724
13.95	1.1899197729452045
14.049999999999999	1.1614608067448389
14.149999999999999	1.1299266239594625
14.25	1.0956627948393938
14.35	1.066750168762978
14.45	1.0328470027956658
14.549999999999999	1.0008732145452648
14.649999999999999	0.9722515898972193
14.75	0.9469294595735759
14.85	0.920895369577736
14.95	0.8977192570693563
15.049999999999999	0.8761819465039056
15.149999999999999	0.8581674825131828
15.25	0.8415972842103415
15.35	0.8270403009421847
15.45	0.8150550416322598
15.549999999999999	0.8049272279308503
15.649999999999999	0.7960021158834509
15.75	0.7888198572055839
15.85	0.7856687100028448
15.95	0.7831558317649457
16.05	0.7812709575915218
16.15	0.7851483504321096
16.25	0.7862501162785058
16.349999999999998	0.7894166101222516
16.45	0.7974243980496732
16.55	0.8071097801884851
16.65	0.8143034987958492
16.75	0.8283293311210664
16.849999999999998	0.8391254625702698
16.95	0.8532417141921956
17.05	0.8689438904333872
17.15	0.8880055962581883
17.25	0.904686027721437
17.349999999999998	0.9230229306826149
17.45	0.9435465367981052
17.55	0.9626081978199603
17.65	0.9832207450655149
17.75	1.003336724589896
17.849999999999998	1.0246852203830643
17.95	1.0456455784488206
18.05	1.0653889603949596
18.15	1.0881152306249782
18.25	1.1037464903938143
18.349999999999998	1.119882856917664
18.45	1.1327996067485802
18.55	1.1487371390287293
18.65	1.159481234954385
18.75	1.167426359592964
18.849999999999998	1.172658885000097
18.95	1.177302018368407
19.05	1.1765707649796568
19.15	1.1748434680199038
19.25	1.1721991733823225
19.35	1.1664213131121965
19.45	1.1617200795321156
19.55	1.152700370873429
19.65	1.143591851459527
19.75	1.131961059196507
19.85	1.1221291375084061
19.95	1.1087105401529682
20.05	1.0925504520851395
20.15	1.0791555829280057
20.25	1.0671127396880076
20.35	1.053386111076791
20.45	1.0391023823241279
20.55	1.0237875690343787
20.65	1.0091728497608978
20.75	0.995356550912673
20.85	0.9841992969622129
20.95	0.9701448222137469
21.05	0.9591219670759379
21.15	0.9493030361794845
21.25	0.937632460117561
21.35	0.9267812284803219
21.45	0.9180994308006956
21.55	0.9095910847040218
21.65	0.9010491047780222
21.75	0.8965725589938414
21.85	0.8929459670561396
21.95	0.886156189184775
22.05	0.8836739724605998
22.15	0.8807693293984193
22.25	0.8803379220382876
22.35	0.8795259905749823
22.45	0.8819510985242279
22.55	0.8841786528333977
22.65	0.8857788247008898
22.75	0.8915801954111504
22.85	0.8973015351272379
22.95	NaN
23.05	0.9096701158502951
23.15	0.9162285124346126
23.25	0.9270103006276095
23.35	0.932618666133127
23.45	0.9466694430264846
23.55	0.9579385238382928
23.65	0.9692883481347536
23.75	0.9799351642603757
23.85	0.9917369222462765
23.95	1.0015606637561045
24.05	1.014345320883416
24.15	1.027585533571902
24.25	1.037605375417118
24.35	1.0479003554761246
24.45	1.0577768563381884
24.55	1.0674251572510305
24.65	1.0768233253824362
24.75	1.0840845383355628
24.85	1.0910182120567915
24.95	1.0950509562878687
25.05	1.099121390517903
25.15	1.1034187995238962
25.25	1.1059710570850767
25.35	1.1052643207152113
25.45	1.1040046886997477
25.55	1.1019489472663364
25.65	1.0976161258543307
25.75	1.0927364933181891
25.85	1.088683536114038
25.95	1.0816865957015884
26.05	1.075191703794524
26.15	1.069328998478749
26.25	1.0598765079050347
26.35	1.0481903891162188
26.45	1.0427250172000153
26.55	1.0336955744811678
26.65	1.0265517736537781
26.75	1.0142216761465936
26.85	1.008383481177578
26.95	0.9951226905521882
27.05	0.9898091856689866
27.15	0.981345689881322
27.25	0.9744986247338165
27.35	0.966384357487667
27.45	0.9587526672983158
27.55	0.9538468197860331
27.65	0.9482466242399749
27.75	0.9438540147331279
27.85	0.9380646664230639
27.95	0.9347556363561054
28.05	0.9326405831047717
28.15	0.9298038280131445
28.25	0.9281276263673188
28.35	0.9253809358346852
28.45	0.9243951435504963
28.55	0.9244668728875756
28.65	0.9225682171157957
28.75	0.9263034619050784
28.85	0.9280574449992517
28.95	0.9312842276606552
29.05	0.9330005884269528
29.15	0.9393137758219519
29.25	0.9435842155137172
29.35	0.9488864557519696
29.45	0.9517166083574304
29.55	0.9590647582042364
29.65	0.9653710181686281
29.75	0.9717332941373117
29.85	0.9779566209589529
29.95	0.9872786583473643
30.05	0.9936166263152805
30.15	0.9970915528204229
30.25	1.007736945097668
30.35	1.0151696625706645
30.45	1.022107650951438
30.55	1.0291042346012558
30.65	1.0344130116147965
30.75	1.0428469383186825
30.85	1.0458474917846798
30.95	1.0523157558663978
31.05	1.0565882820017516
31.15	1.0597541533401056
31.25	1.0620307986595585
31.35	1.0660423146110902
31.45	1.066573876372344
31.55	1.0667849193396717
31.65	1.0681801381772609
31.75	1.0688483691557664
31.85	1.0657678954978698
31.95	1.0652773085753706
32.05	1.0599381760453344
32.15	1.0550457603509042
32.25	1.0527473493654538
32.35	1.0521936760439443
32.45	1.0420929258129874
32.55	1.038029990948847
32.65	1.0301609184615086
32.75	1.026339848518495
32.85	1.0197226124192607
32.95	1.0148276400029612
33.05	1.00941889912699
33.15	1.0036799649143933
33.25	0.9950764693928965
33.35	0.9890823154396974
33.45	0.9853654400475214
33.55	0.9790235647863034
33.65	0.975135239335993
33.75	0.9707192186190445
33.85	0.9655550861612907
33.95	0.9598961157767982
34.05	0.9591124287379456
34.15	0.955602413552466
34.25	0.9525698437157294
34.35	0.9532476006500515
34.45	0.948892341080299
34.55	0.9480426434033712
34.65	0.948055324421417
34.75	0.9462469614980537
34.85	0.9476109167557775
34.95	0.9487670943959555
35.05	0.9518999795735265
35.15	0.9507607652780496
35.25	0.9527726668300542
35.35	0.955060968565087
35.45	0.9613942128094767
35.55	0.9635648586664715
35.65	0.9665487555296226
35.75	0.9706307935326414
35.85	0.9748697623913868
35.95	0.9791097755265138
36.05	0.9853053293723248
36.15	0.9894016768218135
36.25	0.9945813804469386
36.35	0.9989933853447193
36.45	1.0038718573228362
36.55	NaN
36.65	1.0149700356872124
36.75	1.019548937931857
36.85	1.0200015167713257
36.95	1.0266332644142713
37.05	1.0318467413801804
37.15	1.0347744896099877
37.25	1.037088042726219
37.35	1.0402955685826447
37.45	1.0444783602712644
37.55	1.0453400177648662
37.65	NaN
37.75	1.049495662005281
37.85	1.0473361864127055
37.95	1.045947671924269
38.05	1.0459410072193485
38.15	1.045740446470754
38.25	1.0417340274121853
38.35	1.0404401667001584
38.45	1.037390293472862
38.550000000000004	1.0360104266345922
38.65	1.0330980671877956
38.75	1.0294654682398396
38.85	1.0248464713513061
38.95	1.0215426633190103
39.050000000000004	1.0156313891756457
39.15	NaN
39.25	NaN
39.35	NaN
39.45	NaN
39.550000000000004	0.9960837019187544
39.65	0.9899124700126267
39.75	0.9874434262613571
39.85	0.9844893694958635
39.95	0.9801449708462376
40.050000000000004	0.9751902417806063
40.15	NaN
40.25	0.9712696459631074
40.35	0.9698940470785982
40.45	0.967290466626184
40.550000000000004	0.965118487492915
40.65	0.9637226463024615
40.75	0.9611249020291432
40.85	0.9632744047741617
40.95	0.9600462323749062
41.050000000000004	0.9635929749619246
41.15	0.9636407819650479
41.25	0.9628651980814221
41.35	0.9630934227060793
41.45	0.9632923272504333
41.550000000000004	NaN
41.65	0.9682860713879714
41.75	0.9713585333460023
41.85	0.9745170215167974
41.95	0.9777560828717554
42.050000000000004	0.9795221455639922
42.15	NaN
42.25	0.9867959829910763
42.35	0.9901941253491927
42.45	0.9936743061720696
42.550000000000004	0.997811382479437
42.65	1.0016633902946346
42.75	1.004484702077718
42.85	1.007720145604532
42.95	1.0096058201698717
43.050000000000004	1.0158244536015566
43.15	1.0201031506636873
43.25	1.0226405563158039
43.35	1.0233080727860517
43.45	1.0294741432871983
43.550000000000004	1.027259538472047
43.65	NaN
43.75	1.0313080615659103
43.85	1.0327146127960847
43.95	1.0330948181178452
44.050000000000004	1.0336383550092563
44.15	1.0333529135891024
44.25	NaN
44.35	1.0345082433135784
44.45	1.0331384363112284
44.550000000000004	1.0294949190331821
44.65	1.0294589782147254
44.75	1.027585422914084
44.85	1.0258297485989871
44.95	1.0229876025992946
45.050000000000004	1.0207917274394867
45.15	1.0189598965436615
45.25	1.0146514177674806
45.35	NaN
45.45	1.0084826597750627
45.550000000000004	1.004428112446333
45.65	NaN
45.75	0.9979380242415353
45.85	0.9948374798412422
45.95	0.9923346040323139
46.050000000000004	0.9908042889922637
46.15	0.9883250507841121
46.25	0.9846161334525896
46.35	0.9818597791940417
46.45	0.9793304342748688
46.550000000000004	0.9772985215513513
46.65	NaN
46.75	0.9736815358187475
46.85	0.9718016727823853
46.95	0.973917353693299
47.050000000000004	0.969727204097494
47.15	0.970827502592212
47.25	0.9693053269110234
47.35	0.9709840589834413
47.45	0.9706659534613683
47.550000000000004	0.9742383887419784
47.65	0.9727954851013537
47.75	0.9755682365281952
47.85	0.9759664143647175
47.95	0.9774250934775818
48.050000000000004	0.9792848897371355
48.15	0.9850926518944628
48.25	0.9815231227333937
48.35	0.9867114868587012
48.45	0.9883236462620508
48.550000000000004	0.9904931711135226
48.65	0.9936681229269898
48.75	0.9956018834786018
48.85	0.997275984402294
48.95	1.003046955210924
49.050000000000004	1.0037102850857151
49.15	NaN
49.25	1.012081217494076
49.35	1.0121591563057908
49.45	1.0154938413250696
49.550000000000004	1.0176408849469563
49.65	1.0203874065857188
49.75	1.0227933302005523
49.85	1.0234606555272576
49.95	1.0274961229831703
50.050000000000004	1.024896831851917
50.15	1.0259169604375145
50.25	1.0263195940721654
50.35	1.0285065489425342
50.45	1.0267392181996173
50.550000000000004	1.0258633442774945
50.65	1.0252034056380737
50.75	1.023629565733921
50.85	1.0244283300131103
50.95	NaN
51.050000000000004	1.0200196288738308
51.15	1.0187150468810238
51.25	1.0184407671078146
51.35	1.0143106994467268
51.45	1.0122552774506892
51.550000000000004	NaN
51.65	1.0081802173691066
51.75	1.0070359634659427
51.85	1.0034675800305777
51.95	0.9985281816128723
52.050000000000004	NaN
52.15	0.995611289451873
52.25	0.993205768077199
52.35	0.9901078891297913
52.45	0.9888548432279932
52.550000000000004	0.9903811095872336
52.65	0.9865516352421322
52.75	0.9837563431757913
52.85	0.9803441135119969
52.95	NaN
53.050000000000004	0.9798451675071629
53.15	NaN
53.25	0.9775328896338816
53.35	0.9762650968158374
53.45	0.9782052138914517
53.550000000000004	NaN
53.65	0.9751243992364355
53.75	NaN
53.85	0.9793994090493829
53.95	0.9770577798269507
54.050000000000004	NaN
54.15	0.9796633716168243
54.25	NaN
54.35	0.983156853839704
54.45	0.9849573483001816
54.550000000000004	NaN
54.65	0.9908964089135351
54.75	0.9894347072643722
54.85	0.9935908807690074
54.95	0.996780158602743
55.050000000000004	0.998131163045809
55.15	1.0012979363951666
55.25	1.0028806551122535
55.35	1.0106883361968642
55.45	1.0051153065770824
55.550000000000004	1.0097083957124757
55.65	1.0087364762169035
55.75	1.011830609223564
55.85	1.0134475609750748
55.95	1.0141454135651895
56.050000000000004	1.0210690621957643
56.15	1.019228011989108
56.25	1.0212285265095662
56.35	1.0192551108078258
56.45	1.0198854780639242
56.550000000000004	1.0185838437198689
56.65	1.0219088005803019
56.75	NaN
56.85	1.0221482030097309
56.95	1.0211808617914797
57.050000000000004	1.019583164338137
57.15	1.0188273103115353
57.25	1.018825722953236
57.35	NaN
57.45	1.0142198638013513
57.550000000000004	1.0135185995012828
57.65	1.0122169828772973
57.75	1.0095691116130951
57.85	1.0090423690439345
57.95	1.0056617183982768
58.050000000000004	1.0023914388438047
58.15	1.0018014617336601
58.25	1.0006365648908033
58.35	0.9982319049182306
58.45	NaN
58.550000000000004	0.9939883249810235
58.65	0.9925880307599318
58.75	NaN
58.85	0.9897659402515248
58.95	NaN
59.050000000000004	0.9860017109347252
59.15	0.9841674477343332
59.25	0.9842910139973553
59.35	0.9835831273790989
59.45	0.9820894393340565
59.550000000000004	0.981520916650852
59.65	0.9822639480134833
59.75	0.9812844521836893
59.85	NaN
59.95	0.9824572775840654
60.050000000000004	NaN
60.15	0.9819946954910698
60.25	0.9819894564205797
60.35	NaN
60.45	0.9853345693973218
60.550000000000004	0.990873082949411
60.65	0.9861691025106768
60.75	0.9888772573624155
60.85	0.9931804542432332
60.95	0.9930762446088872
61.050000000000004	0.9942631253254834
61.15	0.994865127641509
61.25	0.9956897810852807
61.35	1.0010393080357045
61.45	1.0020539108031763
61.550000000000004	NaN
61.65	1.0054414336705486
61.75	NaN
61.85	NaN
61.95	1.0103444354845383
62.050000000000004	1.0114199938345223
62.15	1.0125062893853483
62.25	1.0153129635872358
62.35	1.0147897740789096
62.45	1.0153550669953515
62.550000000000004	1.0164228651631355
62.65	1.0164004008675762
62.75	1.0163346500241928
62.85	1.0159440937235589
62.95	1.016599337778683
63.050000000000004	1.0147767110619514
63.15	1.0154667257410053
63.25	NaN
63.35	1.0151811674722433
63.45	1.0149274171508469
63.550000000000004	1.014028945863895
63.65	1.0115136414456711
63.75	1.011533791959844
63.85	1.0097744620062976
63.95	1.0083882178529302
64.05	1.0077031098684162
64.14999999999999	1.0075660712412942
64.25	1.0041116027119956
64.35	1.0022768179831394
64.44999999999999	0.9993996041786765
64.55	0.9990554002500442
64.64999999999999	0.9985795714673033
64.75	0.9965238419260333
64.85	0.9952743213039671
64.94999999999999	0.9933649110955431
65.05	0.9913833034964943
65.14999999999999	0.9917574818621901
65.25	NaN
65.35	0.98979563724606
65.44999999999999	NaN
65.55	0.9865738820485352
65.64999999999999	0.9867381748294148
65.75	0.9859619565199372
65.85	0.985427513408673
65.94999999999999	0.984654576531357
66.05	NaN
66.14999999999999	0.9841022110323003
66.25	0.985345778759815
66.35	0.9878368353923429
66.44999999999999	0.9859026442806362
66.55	0.9846850654451902
66.64999999999999	NaN
66.75	0.9856614802560005
66.85	NaN
66.94999999999999	NaN
67.05	0.9921150925679689
67.14999999999999	0.9914397344663957
67.25	0.9943199668791705
67.35	0.9966930266708154
67.44999999999999	0.9965702526654932
67.55	0.9982557361549026
67.64999999999999	NaN
67.75	NaN
67.85	1.004388692342275
67.94999999999999	1.003325657572634
68.05	1.0056335812862727
68.14999999999999	1.006373340557403
68.25	NaN
68.35	1.009140060949366
68.44999999999999	1.0114650183249094
68.55	1.009980315649806
68.64999999999999	NaN
68.75	1.0119908617840316
68.85	1.0108929390894055
68.94999999999999	1.0130581849669724
69.05	1.0148025436877786
69.14999999999999	1.01373236244347
69.25	1.0132078397831277
69.35	1.0135191680759752
69.44999999999999	NaN
69.55	1.0151009657932502
69.64999999999999	1.0117036553378396
69.75	NaN
69.85	1.0128777076014408
69.94999999999999	NaN
70.05	1.0095336306409883
70.14999999999999	1.0075000779723406
70.25	NaN
70.35	1.0052692185568926
70.44999999999999	NaN
70.55	1.0034333492995842
70.64999999999999	1.0050445302530024
70.75	1.0001114910737632
70.85	0.9994537857116602
70.94999999999999	0.996998352923383
71.05	0.998646546123689
71.14999999999999	0.9973437224560514
71.25	NaN
71.35	0.9935934425091576
71.44999999999999	0.9924444156114465
71.55	0.9909726059598652
71.64999999999999	0.9902741799929641
71.75	0.9891835643003738
71.85	0.9884302278964349
71.94999999999999	0.9880197633268049
72.05	NaN
72.14999999999999	NaN
72.25	NaN
72.35	NaN
72.44999999999999	0.987569266441449
72.55	0.9891318945927462
72.64999999999999	0.9879051907035341
72.75	NaN
72.85	0.9901581958489684
72.94999999999999	0.9894113278507402
73.05	0.9894426890275327
73.14999999999999	0.9912837979929271
73.25	0.9901379258222957
73.35	0.9929860585940259
73.44999999999999	NaN
73.55	0.9942054349344305
73.64999999999999	NaN
73.75	NaN
73.85	0.9996632666816866
73.94999999999999	0.9993122468564564
74.05	1.0019231781464075
74.14999999999999	1.004462773391771
74.25	1.005466151066375
74.35	1.0041711043359787
74.44999999999999	1.0059551966228393
74.55	1.0068780504256791
74.64999999999999	1.0076234143856564
74.75	1.0081199222493935
74.85	1.0092254811596262
74.94999999999999	1.0105611923484086
75.05	1.0107403323599822
75.14999999999999	1.0122669449243957
75.25	NaN
75.35	NaN
75.44999999999999	NaN
75.55	1.01204251899211
75.64999999999999	NaN
75.75	NaN
75.85	1.0111656137895477
75.94999999999999	1.0104534083058612
76.05	1.0105454514995889
76.14999999999999	1.0087333313391622
76.25	NaN
76.35	1.0074812762756202
76.44999999999999	NaN
76.55	1.0055150464323652
76.64999999999999	1.0058135239399206
76.75	NaN
76.85	NaN
76.95	NaN
77.05	NaN
77.14999999999999	0.9985666611852063
77.25	0.9981879312017531
77.35	0.9970457614410305
77.45	0.9978860528476927
77.55	0.9947563793558482
77.64999999999999	0.9955801607493044
77.75	0.9940475134732338
77.85	0.9925457323698085
77.95	0.9921953978351623
78.05	0.9911386279368407
78.14999999999999	0.9893493798834133
78.25	0.9923018758654257
78.35	0.9888046890128218
78.45	NaN
78.55	NaN
78.64999999999999	0.9900891348904245
78.75	0.9888098525478882
78.85	NaN
78.95	0.990286366727235
79.05	NaN
79.14999999999999	NaN
79.25	0.9912954488818223
79.35	NaN
79.45	0.9931653349604754
79.55	0.9936466021238926
79.64999999999999	NaN
79.75	0.9964492225048283
79.85	0.995586823371036
