0.15	0.03458482729652808
0.25	0.03628279622405032
0.35	0.03791915310185523
0.45	0.03700370353679273
0.55	0.03708220646285238
0.65	0.03752175924625752
0.7500000000000001	0.038086278027433175
0.85	0.038985030098572196
0.95	0.039241390802616335
1.05	0.03945702007007874
1.15	0.04026013593896606
1.25	0.04099701888297911
1.35	0.04181496350010677
1.45	0.042631186800440424
1.55	0.04369397840238664
1.65	0.04501986052818385
1.75	0.04605357274560845
1.85	0.04759831451638774
1.95	0.04877430167357412
2.05	0.05040667764320293
2.15	0.05216174843377524
2.25	0.05398333635668914
2.35	0.055866591141521295
2.45	0.057920010018757066
2.5500000000000003	0.06029253635566105
2.65	0.06317859671780732
2.75	0.06599841993086746
2.85	0.06901693077561422
2.95	0.0724692353611812
3.0500000000000003	0.07623467756568025
3.15	0.08029925805486743
3.25	0.08482595805110475
3.35	0.08999219548666518
3.45	0.0954355971392018
3.5500000000000003	0.1014210838457682
3.65	0.1079297241473145
3.75	0.11586223676471806
3.85	0.12389611849939121
3.95	0.13377371629628235
4.05	0.14356986823360066
4.1499999999999995	0.15527598772357004
4.25	0.16852735683415151
4.35	0.18359698741687608
4.449999999999999	0.20059011113278233
4.55	0.22007825320172766
4.6499999999999995	0.2414769414218971
4.75	0.26780882213237245
4.85	0.2953250568103745
4.95	0.3302791365141632
5.05	0.3687864184770545
5.1499999999999995	0.41320584933462434
5.25	0.46357790590875425
5.35	0.5244085008452186
5.45	0.5974802346026775
5.55	0.6760658076397909
5.6499999999999995	0.774040390585234
5.75	0.8856256598700594
5.85	1.0151889599453394
5.95	1.1494429565938744
6.05	1.3102771042253134
6.1499999999999995	1.4805350145383063
6.25	1.6497499070235027
6.35	1.8126218098636322
6.45	1.955505315537017
6.55	2.05907621081174
6.6499999999999995	2.1220733023631113
6.75	2.13568151547992
6.85	2.105664299665394
6.95	2.0287228899605783
7.05	1.9308214298438604
7.1499999999999995	1.8199081370054075
7.25	1.7027345331919141
7.35	1.5910485680389426
7.45	1.4720014286801508
7.55	1.3724383233336603
7.6499999999999995	1.2789360928405893
7.75	1.1968922876933081
7.85	1.123745287721399
7.95	1.0558005403794353
8.05	0.998529409786084
8.15	0.9480843263888402
8.25	0.9043417045485297
8.350000000000001	0.8631488844478025
8.450000000000001	0.8291822861606042
8.55	0.8016215405989993
8.65	0.7762077262479323
8.75	0.7549150551184709
8.850000000000001	0.7369634630442367
8.950000000000001	0.7224896169818629
9.05	0.7094338391360865
9.15	0.700069577303548
9.25	0.6938393386128519
9.350000000000001	0.6892169478045711
9.450000000000001	0.6867148700976922
9.55	0.6878426034399946
9.65	0.6871359932371375
9.750000000000002	0.6902300869962528
9.85	0.6975763016839197
9.95	0.7028743823992184
10.049999999999999	0.7116372478281998
10.149999999999999	0.7210930662537164
10.25	0.7338026734266636
10.35	0.7474192839050726
10.45	0.7629570400965985
10.549999999999999	0.7793461891661174
10.649999999999999	0.7987268703816407
10.75	0.8176145401499679
10.85	0.8392303974452017
10.95	0.8614141384718864
11.049999999999999	0.884916720281667
11.149999999999999	0.9094020084455299
11.25	0.9364125329246245
11.35	0.9639580738265731
11.45	0.9891012627243062
11.549999999999999	1.0174350460389774
11.649999999999999	1.045304787906917
11.75	1.070940657618847
11.85	1.097236748906744
11.95	1.123815168524548
12.049999999999999	1.1453435065213111
12.149999999999999	1.1667722781511973
12.25	1.1856105452787247
12.35	1.2011701771670467
12.45	1.216432956677305
12.549999999999999	1.226629193236682
12.649999999999999	1.2340583509916752
12.75	1.238531945960015
12.85	1.2425706272242236
12.95	1.2385086619505483
13.049999999999999	1.233028893095725
13.149999999999999	1.228671894196152
13.25	1.2135792329990602
13.35	1.2052572082064779
13.45	1.1869085439239793
13.549999999999999	1.1654049179994161
13.649999999999999	1.148583808621654
13.75	1.1282932900399514
13.85	1.1095384298108535
13.95	1.0869486727895379
14.049999999999999	1.067169523122683
14.149999999999999	1.0463327797971065
14.25	1.0261294406275003
14.35	1.0057144911088718
14.45	0.9874805760596326
14.549999999999999	0.9691306925859533
14.649999999999999	0.9539878729607362
14.75	0.9375614495014842
14.85	0.9224570803122021
14.95	0.9110363111568975
15.049999999999999	0.8982433013823509
15.149999999999999	0.8900105556540361
15.25	0.8802600470122443
15.35	0.8737340759316351
15.45	0.8681506900743244
15.549999999999999	0.8642000425877554
15.649999999999999	0.8613788820960356
15.75	0.8585375466513198
15.85	0.8580157593843938
15.95	0.8574350818288952
16.05	0.8595562198713914
16.15	0.8625945441192676
16.25	0.868473332330386
16.349999999999998	0.8724970616104889
16.45	0.8796361943709328
16.55	0.8861393929822015
16.65	0.8945858562739748
16.75	0.9014474907127408
16.849999999999998	0.9128585426627334
16.95	0.9221324312307589
17.05	0.9344395566142087
17.15	0.9462975069763697
17.25	0.9583566309787861
17.349999999999998	0.9710241785508722
17.45	0.9814368698727622
17.55	0.9948511398881423
17.65	1.0061178215374806
17.75	1.021244926658833
17.849999999999998	1.03509024300431
17.95	1.0438459679935008
18.05	1.0554594517243827
18.15	1.0655085215540625
18.25	1.0757089876289962
18.349999999999998	1.0854730466545326
18.45	1.0940123148820373
18.55	1.0971800823324855
18.65	1.101221594652354
18.75	1.1055657190076131
18.849999999999998	1.1101082030634148
18.95	1.1124884775873405
19.05	1.1112606905768057
19.15	1.1097193146504534
19.25	1.108166599877577
19.35	1.1032397131715241
19.45	1.0968366350623249
19.55	1.0930223865510311
19.65	1.0856785979586074
19.75	1.0785824949642828
19.85	1.0699540158590863
19.95	1.0613203373604692
20.05	1.0522095819932242
20.15	1.0420177734166989
20.25	1.034322031433578
20.35	1.025044797493509
20.45	1.0156222703625797
20.55	1.0081336207345946
20.65	0.9962770646723419
20.75	0.9872770634738023
20.85	0.9773595568654366
20.95	0.9723618105575609
21.05	0.962002150687446
21.15	0.9573680612953002
21.25	0.9502383770040966
21.35	0.9429401862283567
21.45	0.9378842285829535
21.55	0.9348033604173253
21.65	0.9311207620438514
21.75	0.9276675344285968
21.85	0.9244946209531495
21.95	0.9230407850650968
22.05	0.922114871347495
22.15	0.9238832339715638
22.25	0.924059756552571
22.35	0.9253571211168641
22.45	0.9277700290282617
22.55	0.9302353242265528
22.65	0.929431721226067
22.75	0.9345840521926441
22.85	0.9420090788164799
22.95	0.9458795673310446
23.05	0.9511514291940082
23.15	0.9559518014456554
23.25	0.9635428533347637
23.35	0.9684182901685995
23.45	0.9753183279848541
23.55	0.9806509697761132
23.65	0.988314655552432
23.75	0.9987888957277741
23.85	1.0023371848494016
23.95	1.011663115464375
24.05	1.0191640758470566
24.15	1.0248851847693885
24.25	1.0296339131938292
24.35	1.036882189504601
24.45	1.0427563542412261
24.55	1.0454309366914496
24.65	1.053564053535367
24.75	1.0539073796246614
24.85	1.057937870108426
24.95	1.059216762505569
25.05	1.0582768852038178
25.15	1.065145286782089
25.25	1.061839051973189
25.35	1.0625440671570812
25.45	1.06103789265136
25.55	1.0601570265090259
25.65	1.0563016071370628
25.75	1.056047633343964
25.85	1.0513065767056966
25.95	1.0478928895271071
26.05	1.0438988292929134
26.15	1.0396916094363424
26.25	1.0310874649028627
26.35	1.0259229252814017
26.45	1.023405325475796
26.55	1.0174184212083228
26.65	1.0154979116947322
26.75	1.0073460245408978
26.85	0.999912881150115
26.95	0.9938768695244545
27.05	0.9889785587651159
27.15	0.9843382591022654
27.25	0.9792494418566701
27.35	0.9749999616918302
27.45	0.9706975336505158
27.55	0.9668782157875255
27.65	0.9623363707676706
27.75	0.9603977518956569
27.85	0.9571807097479204
27.95	0.9558933565428221
28.05	0.9544233485769648
28.15	0.9520537382112382
28.25	0.9520098881508158
28.35	0.9537827373446641
28.45	0.9533573068233823
28.55	0.9506848917125708
28.65	0.9526052405225669
28.75	0.9541064580569509
28.85	0.9590862218445623
28.95	0.9595733581757727
29.05	0.9601240161309672
29.15	0.9643134774005183
29.25	0.967141306011642
29.35	0.9725493239296918
29.45	0.9754366056164379
29.55	0.9816480398787872
29.65	0.9833590740452748
29.75	0.9871324938784946
29.85	0.9921563935164304
29.95	NaN
30.05	1.0010454082048539
30.15	1.0058081527621698
30.25	1.0093362269390502
30.35	1.016799999084337
30.45	1.0160219522814213
30.55	1.0219209389546946
30.65	1.0261865484342045
30.75	1.0295134027894643
30.85	1.0307043826030382
30.95	1.0353595386100394
31.05	1.0352192586841997
31.15	1.0397237766702234
31.25	1.0400262749165008
31.35	1.0405657360513616
31.45	1.0385816213953616
31.55	1.0402289466384138
31.65	1.040083914890375
31.75	NaN
31.85	1.0376101629385803
31.95	1.0374497599907269
32.05	1.0355807371007715
32.15	1.0322408905860763
32.25	1.0306204412419144
32.35	1.0268056359920996
32.45	1.024014695727533
32.55	1.0221053664526718
32.65	1.01657205877493
32.75	1.0142938347277461
32.85	1.0087260818111872
32.95	1.005941210616885
33.05	1.0028814525941971
33.15	0.9979611305878444
33.25	0.997215070396821
33.35	0.9944957151622401
33.45	0.9895039529316784
33.55	0.9837772407051955
33.65	0.9841619846626697
33.75	0.9793092716006807
33.85	0.9756241875537838
33.95	0.9748645613244599
34.05	0.9711327860233413
34.15	0.9717473660529902
34.25	0.9702283429287728
34.35	0.9674894324944745
34.45	0.9638243230125477
34.55	0.9677964181870693
34.65	0.9668865964133069
34.75	0.967384788189338
34.85	0.9679840454092219
34.95	0.9693605907429557
35.05	0.9694494353153004
35.15	0.9728509671937214
35.25	0.9731996988030396
35.35	0.9757421269606511
35.45	0.9780945385859087
35.55	0.9788079269614499
35.65	0.98170294419367
35.75	0.9845389055741226
35.85	0.9863269291902966
35.95	0.9920126416330034
36.05	0.9931431025749319
36.15	0.996562835871713
36.25	0.9999343260320194
36.35	1.0020591197058344
36.45	1.00438613967433
36.55	1.0060653239525426
36.65	NaN
36.75	1.0120840299257785
36.85	1.017738561039864
36.95	1.019188370056132
37.05	1.0209066657926253
37.15	1.0220864849869364
37.25	1.0240543469002281
37.35	1.024081837457687
37.45	1.0263991297570834
37.55	1.025859825895399
37.65	1.026442327098925
37.75	1.0278984409383811
37.85	1.0309600951277658
37.95	1.0259590149312667
38.05	NaN
38.15	NaN
38.25	1.024693541806025
38.35	1.0220187305369208
38.45	1.0209343793868364
38.550000000000004	1.020089330048842
38.65	1.0186579137275722
38.75	1.0155149704391684
38.85	1.0130209856018297
38.95	1.011573153036983
39.050000000000004	1.0078928652145431
39.15	1.0055330436001904
39.25	1.0011085906645185
39.35	1.000869907083323
39.45	0.9979793967320532
39.550000000000004	0.9956207982099513
39.65	NaN
39.75	0.9892329180453069
39.85	0.9878535928569508
39.95	0.986912730187453
40.050000000000004	0.983976800334028
40.15	0.9838977427804624
40.25	0.9835188109475215
40.35	NaN
40.45	0.9785158999745099
40.550000000000004	0.9771008206902027
40.65	0.978105837853041
40.75	0.9786008727266413
40.85	0.9766966732883148
40.95	0.9772163842237654
41.050000000000004	0.9774613192277616
41.15	0.9761580515860984
41.25	0.9776500062261911
41.35	0.9782992746797565
41.45	0.981017520134974
41.550000000000004	0.9797728589660779
41.65	0.9817482551618038
41.75	0.9844802251343483
41.85	0.986081985460105
41.95	0.9878103475793244
42.050000000000004	0.988992275016122
42.15	0.9905433242482644
42.25	0.9943920916620589
42.35	0.9957917648020018
42.45	0.9995437905312907
42.550000000000004	1.0007373035763725
42.65	1.0053067428221594
42.75	1.005271284012221
42.85	1.006376903301655
42.95	1.0096517467233852
43.050000000000004	1.0096451766593881
43.15	NaN
43.25	1.0141273652353289
43.35	1.0146287889364234
43.45	1.0183856032910854
43.550000000000004	1.0140922234854635
43.65	NaN
43.75	NaN
43.85	1.020032182712276
43.95	1.0228798320313122
44.050000000000004	1.0191880186569309
44.15	1.0203584490405915
44.25	1.017690836694443
44.35	1.0209356630010145
44.45	NaN
44.550000000000004	1.0182074287100424
44.65	1.016500950490238
44.75	1.0168791914770035
44.85	1.0148374008173355
44.95	1.0129118213013082
45.050000000000004	1.0106705838342924
45.15	1.0108020765979742
45.25	1.0084612338827317
45.35	1.0062243533614021
45.45	1.0042554676786113
45.550000000000004	1.0013820162712455
45.65	0.9985813560916936
45.75	NaN
45.85	0.9953930268922825
45.95	NaN
46.050000000000004	0.9915994511921125
46.15	0.9889271024726849
46.25	0.9876010595251505
46.35	NaN
46.45	0.9878741536623662
46.550000000000004	0.9871761555796034
46.65	NaN
46.75	0.9834208133090383
46.85	0.9849242683621862
46.95	0.9819604508197155
47.050000000000004	0.9806287715790497
47.15	0.9824237230481286
47.25	0.981190065903078
47.35	0.9812016436194239
47.45	NaN
47.550000000000004	0.9818602852625135
47.65	0.9832004106585236
47.75	0.9849262670894945
47.85	0.9869724307398837
47.95	0.987267358197543
48.050000000000004	0.9898518930592871
48.15	0.990332436757357
48.25	0.9903019586702276
48.35	0.993892825032875
48.45	0.9941555899499813
48.550000000000004	0.9945807790647888
48.65	0.9952434665394141
48.75	0.9978110175186898
48.85	1.0002930933337617
48.95	1.0036702467286576
49.050000000000004	1.0044794144996938
49.15	1.0065775674829358
49.25	1.0063938940083152
49.35	1.0090551992000036
49.45	1.0113330268429075
49.550000000000004	1.0113415102431542
49.65	1.0109309310883732
49.75	NaN
49.85	1.0138005938672334
49.95	1.0143598582967948
50.050000000000004	1.0177098049183981
50.15	1.0141001339742817
50.25	1.0170686117338654
50.35	1.0154104055672784
50.45	1.0132335145113818
50.550000000000004	1.0152553815428829
50.65	1.0184124874113512
50.75	1.0129316873925847
50.85	1.012769657761275
50.95	1.013425256604463
51.050000000000004	1.0115912936214684
51.15	1.0111077294914737
51.25	1.008856207194031
51.35	1.0084783139402154
51.45	1.006285750463784
51.550000000000004	1.0047021084201322
51.65	1.0035077948309918
51.75	1.000297458325835
51.85	1.0007927396301208
51.95	0.9990958764631307
52.050000000000004	0.9972735859061984
52.15	NaN
52.25	0.9939065600334838
52.35	0.9942864822148056
52.45	0.992593246645372
52.550000000000004	0.9894615891723675
52.65	0.991717144250994
52.75	0.9896930134759844
52.85	0.9885692220710077
52.95	0.9878531785838245
53.050000000000004	0.986519931542398
53.15	0.9862652676438949
53.25	0.9860479696100188
53.35	0.9858063850191506
53.45	0.986136182257354
53.550000000000004	0.9874665860397125
53.65	0.9856421918726918
53.75	0.9892256601130156
53.85	0.9876033550512517
53.95	0.987013201871438
54.050000000000004	0.9880511131063315
54.15	0.9876086333493409
54.25	0.9901366205435318
54.35	0.9907884541578299
54.45	0.9920595931471027
54.550000000000004	NaN
54.65	0.993536823018109
54.75	0.9952938237058646
54.85	0.9968029338978805
54.95	0.9977440434381246
55.050000000000004	1.0017341725048086
55.15	1.0006244922991743
55.25	1.0044661617814137
55.35	1.004211997163547
55.45	1.0041555547470613
55.550000000000004	1.007957539849561
55.65	NaN
55.75	1.009425194880178
55.85	1.0092599124951882
55.95	1.0121297008754517
56.050000000000004	1.0109961117667188
56.15	1.0126788416561285
56.25	1.0133680563093372
56.35	1.0068357942758968
56.45	1.01528141351411
56.550000000000004	1.014450783036013
56.65	1.0132965982343294
56.75	1.0093069301696922
56.85	1.0123435813644055
56.95	1.012340911113631
57.050000000000004	1.0127557753678311
57.15	1.0120815984324723
57.25	1.0096726104048113
57.35	1.010122122694265
57.45	1.0120339583113038
57.550000000000004	NaN
57.65	1.0079634811762104
57.75	1.006177658422248
57.85	1.0046754612245508
57.95	1.0037343709240487
58.050000000000004	NaN
58.15	1.0009163705617308
58.25	0.9998505065842148
58.35	0.9989805024587929
58.45	0.9969106234870995
58.550000000000004	0.9963368816682503
58.65	0.9947278518383899
58.75	NaN
58.85	0.9928669156758504
58.95	0.9913272562266066
59.050000000000004	0.9910824371821149
59.15	0.9904945774477086
59.25	0.9909859701562385
59.35	0.9910867867993909
59.45	0.9888570659491791
59.550000000000004	0.9874244025570866
59.65	NaN
59.75	0.9909202388601392
59.85	0.989409297144042
59.95	0.9876075345365399
60.050000000000004	0.9876457026809113
60.15	0.9895886151917889
60.25	0.9876159017067331
60.35	NaN
60.45	0.991118099020935
60.550000000000004	0.991583476037949
60.65	0.9943734268443368
60.75	0.9939014744092618
60.85	NaN
60.95	0.996072889297259
61.050000000000004	0.9969955638388698
61.15	0.9976421165288225
61.25	0.998634621103066
61.35	1.0017791720074567
61.45	1.0017059136673223
61.550000000000004	1.0012596794310822
61.65	1.002332857798432
61.75	1.0040254417703425
61.85	1.0044403421412325
61.95	NaN
62.050000000000004	1.0117628440141717
62.15	1.0061721935812848
62.25	1.0089167236720722
62.35	1.009817020166433
62.45	NaN
62.550000000000004	1.0119592811518172
62.65	NaN
62.75	NaN
62.85	1.0101909986035984
62.95	1.0121768612891482
63.050000000000004	1.0105076317241966
63.15	1.0116152590920322
63.25	1.0087317948366377
63.35	1.0095692377993255
63.45	1.008239047513023
63.550000000000004	1.0075522327236877
63.65	NaN
63.75	1.0046223132416574
63.85	NaN
63.95	1.0041698581434768
64.05	1.0045245233914901
64.14999999999999	1.0033788769999514
64.25	1.0008354987506791
64.35	NaN
64.44999999999999	0.9996552276647455
64.55	0.9993795712947668
64.64999999999999	0.9999267783823651
64.75	0.9951521072287548
64.85	0.9956658386574639
64.94999999999999	0.9953320442977206
65.05	0.995215024126213
65.14999999999999	NaN
65.25	0.9944355963125395
65.35	0.9919754787387635
65.44999999999999	0.9929969660042341
65.55	0.9917884652167348
65.64999999999999	NaN
65.75	0.989260048409481
65.85	0.9921752958325766
65.94999999999999	NaN
66.05	NaN
66.14999999999999	0.990896306110934
66.25	0.9914642173652827
66.35	0.9908334458557143
66.44999999999999	0.9901561677615628
66.55	NaN
66.64999999999999	0.9920585076079459
66.75	0.9938617733879098
66.85	NaN
66.94999999999999	NaN
67.05	NaN
67.14999999999999	NaN
67.25	0.9975477988082115
67.35	NaN
67.44999999999999	NaN
67.55	1.0002531226880238
67.64999999999999	1.0005159925377416
67.75	1.0015626670288609
67.85	1.002707743482913
67.94999999999999	NaN
68.05	1.0030544827398598
68.14999999999999	1.00505929834674
68.25	1.0049771952062374
68.35	1.0052648491447134
68.44999999999999	1.0071575232700134
68.55	1.0078770279736793
68.64999999999999	NaN
68.75	1.00842565284459
68.85	1.00833534074957
68.94999999999999	1.0094433235571763
69.05	NaN
69.14999999999999	1.0090672784730537
69.25	NaN
69.35	1.0085113990060803
69.44999999999999	1.0088932713020606
69.55	1.0076047407886912
69.64999999999999	1.0071397845951988
69.75	1.0070475894654822
69.85	1.005733402927771
69.94999999999999	1.0048504159594998
70.05	NaN
70.14999999999999	1.0053597959654237
70.25	1.0023592164076731
70.35	1.0030436669681495
70.44999999999999	1.0017956413443516
70.55	1.0015606119624492
70.64999999999999	1.0018962191578535
70.75	1.002183979834358
70.85	0.999987966801432
70.94999999999999	0.9981737862795801
71.05	0.9963464211453437
71.14999999999999	NaN
71.25	0.9964054384717663
71.35	NaN
71.44999999999999	0.9960393134575783
71.55	0.9951693686751155
71.64999999999999	0.9928592462461012
71.75	0.9904504664171403
71.85	NaN
71.94999999999999	NaN
72.05	0.9920000587282836
72.14999999999999	NaN
72.25	0.991065303788374
72.35	0.9921216207994632
72.44999999999999	NaN
72.55	NaN
72.64999999999999	0.9934075332314477
72.75	0.9930441425360146
72.85	0.9941809493858949
72.94999999999999	NaN
73.05	0.993446826150392
73.14999999999999	0.9940454300526138
73.25	0.9951131701589933
73.35	0.99574650995963
73.44999999999999	0.9976552818024201
73.55	0.9983413838788062
73.64999999999999	0.9991564291335453
73.75	0.9975212238229754
73.85	1.0000877042215468
73.94999999999999	NaN
74.05	NaN
74.14999999999999	1.0021094397379768
74.25	1.0032822705030888
74.35	1.004342702414849
74.44999999999999	1.0048709913400669
74.55	1.0046841559694868
74.64999999999999	NaN
74.75	NaN
74.85	1.0040723945085592
74.94999999999999	1.0066156449205974
75.05	1.008205006419519
75.14999999999999	1.0058926176105631
75.25	1.0063089413993542
75.35	1.007573324826767
75.44999999999999	1.0071656338770092
75.55	1.0072842532125355
75.64999999999999	1.007418443832632
75.75	NaN
75.85	1.0046446964867202
75.94999999999999	NaN
76.05	1.0076370233152903
76.14999999999999	1.0056087245657772
76.25	1.0047705214384075
76.35	1.00490173438448
76.44999999999999	NaN
76.55	1.002995247953948
76.64999999999999	1.0028861492079812
76.75	NaN
76.85	1.0040895389520899
76.95	1.002021699895797
77.05	0.9980813296620135
77.14999999999999	0.9994438950872061
77.25	NaN
77.35	NaN
77.45	NaN
77.55	0.9975086281172513
77.64999999999999	NaN
77.75	0.9956914579517749
77.85	0.99539565892776
77.95	NaN
78.05	0.9934438064071346
78.14999999999999	NaN
78.25	0.9940978622096407
78.35	0.9937276130270015
78.45	NaN
78.55	NaN
78.64999999999999	NaN
78.75	0.9938720535834474
78.85	0.9946446117359097
78.95	0.9929968552620111
79.05	NaN
79.14999999999999	NaN
79.25	0.9948195906514757
79.35	0.9955624280005096
79.45	NaN
79.55	0.9994711713447691
79.64999999999999	NaN
79.75	0.9977846152625938
79.85	0.9987874654394782
