0.15	0.037304978479847616
0.25	0.03731030921706976
0.35	0.036880951053845375
0.45	0.03731254837797254
0.55	0.03744132895457488
0.65	0.037448163303281025
0.7500000000000001	0.03810296901944096
0.85	0.03838792396795115
0.95	0.039160074087927675
1.05	0.039574458557371094
1.15	0.04032551706748925
1.25	0.041106686357849864
1.35	0.041804030358796394
1.45	0.042710922368002474
1.55	0.043682951576797364
1.65	0.044859799152045944
1.75	0.04609491781844093
1.85	0.047457255682128864
1.95	0.048721314399500504
2.05	0.05035768517029784
2.15	0.05203660550632521
2.25	0.05397053126785584
2.35	0.05590735813968826
2.45	0.05807741821740594
2.5500000000000003	0.06031497802318278
2.65	0.06309163145494513
2.75	0.06606205731892106
2.85	0.06910661356462795
2.95	0.07249893572665117
3.0500000000000003	0.07628983830544762
3.15	0.08042742281263691
3.25	0.08472260268651578
3.35	0.09016678685329264
3.45	0.09549552050487758
3.5500000000000003	0.10146130020283836
3.65	0.10784631595659745
3.75	0.11569132566455519
3.85	0.12384039129892982
3.95	0.13358151884105235
4.05	0.14368953062055367
4.1499999999999995	0.15509412083198618
4.25	0.16818254114766043
4.35	0.18349467839391848
4.449999999999999	0.20029131240261555
4.55	0.22026599093491206
4.6499999999999995	0.24201397427217997
4.75	0.26797364578519905
4.85	0.2950574874021937
4.95	0.33050945543486565
5.05	0.36893833674696075
5.1499999999999995	0.4132289386955458
5.25	0.4639645048620878
5.35	0.5235717905007967
5.45	0.5960004812880462
5.55	0.6751353548836325
5.6499999999999995	0.7745453045876136
5.75	0.8861937641226131
5.85	1.0142102759875906
5.95	1.150740971075291
6.05	1.310433804351208
6.1499999999999995	1.479629914384176
6.25	1.6512897111071454
6.35	1.8144971609509817
6.45	1.955744994239488
6.55	2.064032717502536
6.6499999999999995	2.1235134230055346
6.75	2.1375003208816667
6.85	2.1046039290734475
6.95	2.0285672075066215
7.05	1.930281130234241
7.1499999999999995	1.8190496542023662
7.25	1.7025255659249805
7.35	1.585254705113664
7.45	1.4718287217138182
7.55	1.3708815453940124
7.6499999999999995	1.2823004296898943
7.75	1.1952133211409182
7.85	1.123756959380368
7.95	1.0546822700624083
8.05	0.9968107363709721
8.15	0.9463183507343487
8.25	0.9020539373759265
8.350000000000001	0.8643511959084127
8.450000000000001	0.8291495804267147
8.55	0.8005443836194497
8.65	0.7762241783306016
8.75	0.7548915772187917
8.850000000000001	0.737572875068244
8.950000000000001	0.7220066750489738
9.05	0.7119100561966383
9.15	0.7002900475914515
9.25	0.694539844193808
9.350000000000001	0.6904871516359697
9.450000000000001	0.6876154076417951
9.55	0.6842800718904557
9.65	0.6896177859854745
9.750000000000002	0.6894161477715232
9.85	0.69546577267248
9.95	0.7033853185400476
10.049999999999999	0.7103332392954966
10.149999999999999	0.7210506893266591
10.25	0.7334773716581693
10.35	0.7460857983040932
10.45	0.762566782016047
10.549999999999999	0.7777563407359286
10.649999999999999	0.7973959092511846
10.75	0.8195416369403031
10.85	0.8389821559382831
10.95	0.8618048551505552
11.049999999999999	0.8845917073934557
11.149999999999999	0.9117738528182049
11.25	0.9374102976539557
11.35	0.963109326600756
11.45	0.9907458670497462
11.549999999999999	1.0170128520384425
11.649999999999999	1.0459567644914516
11.75	1.0715600873392523
11.85	1.0989160632671935
11.95	1.1222786436012977
12.049999999999999	1.1453268713468956
12.149999999999999	1.167144457816668
12.25	1.1847863264508278
12.35	1.2006723515403308
12.45	1.2156800470198355
12.549999999999999	1.2295775002713094
12.649999999999999	1.2352382946190774
12.75	1.2412617403686685
12.85	1.2388532639980645
12.95	1.2371713136165252
13.049999999999999	1.2351419176567768
13.149999999999999	1.2259988369514532
13.25	1.2156584785953959
13.35	1.2031939910405556
13.45	1.187062967127085
13.549999999999999	1.1679306756710939
13.649999999999999	1.1485857302636289
13.75	1.1310673096571346
13.85	1.1081326215895921
13.95	1.0874343841399585
14.049999999999999	1.067035697615429
14.149999999999999	1.044772419084358
14.25	1.025522648439975
14.35	1.0059196593812607
14.45	0.9887489202665795
14.549999999999999	0.9706567099813203
14.649999999999999	0.9547993167972688
14.75	0.9375421362360343
14.85	0.9246689823914368
14.95	0.9101462849393318
15.049999999999999	0.8990566630345964
15.149999999999999	0.8890232293431507
15.25	0.8817385860671146
15.35	0.8734840564893236
15.45	0.8679191160123977
15.549999999999999	0.8666631010883765
15.649999999999999	0.8616297057436436
15.75	0.8582533126463657
15.85	0.8570461766307638
15.95	0.8605556238619682
16.05	0.8616682256699942
16.15	0.8634136509246998
16.25	0.8680881310694974
16.349999999999998	0.8726173382878921
16.45	0.8794509878603162
16.55	0.8858378835768186
16.65	0.8954943835539313
16.75	0.9040584024283651
16.849999999999998	0.9126588648274259
16.95	0.9236500597004196
17.05	0.9341271155249542
17.15	0.9447931526957515
17.25	0.9567290064444531
17.349999999999998	0.9698743669907444
17.45	0.9832061832238178
17.55	0.9951446604155693
17.65	1.0078876671690133
17.75	1.0208081059243441
17.849999999999998	1.0354700881702503
17.95	1.0431712056342977
18.05	1.0537449761856055
18.15	1.0655033547994133
18.25	1.0761537669736767
18.349999999999998	1.0882057588523886
18.45	1.0910843523502167
18.55	1.0974635457969462
18.65	1.1014091482009083
18.75	1.1083757600257444
18.849999999999998	1.1088257108336348
18.95	1.1111922902774831
19.05	1.109782684554839
19.15	1.110417681846197
19.25	1.108073414438869
19.35	1.10267209162691
19.45	1.09651817408325
19.55	1.09246257885214
19.65	1.0849359467689634
19.75	1.0790833862529003
19.85	1.0670781524006865
19.95	1.0609907938706675
20.05	1.051247597611491
20.15	1.043346612486957
20.25	1.0336160112089312
20.35	1.020562846228734
20.45	1.0176811696034271
20.55	1.0058852314324636
20.65	0.9946404428877548
20.75	0.9887602958474886
20.85	0.9807336305013561
20.95	0.969618857414301
21.05	0.9625006961131409
21.15	0.9576944053414593
21.25	0.9491189661204679
21.35	0.9436609092092997
21.45	0.9398729974331806
21.55	0.9350469815385823
21.65	0.9302951711820331
21.75	0.9267976268039616
21.85	0.9264878116164397
21.95	0.9246703758399447
22.05	0.9226473011293693
22.15	0.9240378959281472
22.25	0.9228636890440406
22.35	0.9254474884267643
22.45	0.9273149356835743
22.55	0.928472798297216
22.65	0.931473223826452
22.75	0.9362272704298021
22.85	0.9405771129388361
22.95	0.9451087567871624
23.05	0.9502549723795837
23.15	0.9557578681132023
23.25	0.9637558947449841
23.35	0.9696840270383557
23.45	0.9751724737144141
23.55	0.984915123881252
23.65	0.9889213637221023
23.75	0.9938988580033479
23.85	1.0050904220410113
23.95	1.012123532331145
24.05	1.01750114783553
24.15	1.0255547825226718
24.25	1.0291965147164615
24.35	1.0366642300779902
24.45	1.0403606560103074
24.55	1.0473875672827706
24.65	1.0515800052142699
24.75	1.0562024058568007
24.85	1.059015865839528
24.95	1.0593154555212525
25.05	1.0625238716522687
25.15	1.0633129209116092
25.25	1.0650378927872741
25.35	1.0646209872321761
25.45	1.0617631075865646
25.55	1.0599930903743058
25.65	1.0570011703181086
25.75	1.0559171268540368
25.85	1.0521399430681002
25.95	1.0467592847810387
26.05	1.0421772542474508
26.15	1.0388958778677262
26.25	1.0334177507582185
26.35	1.0292881395858446
26.45	1.02258618019597
26.55	1.0163790918368427
26.65	1.014460300107121
26.75	1.0056484481725418
26.85	1.0010482892370176
26.95	0.9950256682421721
27.05	0.9887821933068092
27.15	0.9862986305381746
27.25	0.97890091121897
27.35	0.976523523904235
27.45	0.9697499808334411
27.55	0.967003327814508
27.65	0.963472304633069
27.75	0.9598199346130212
27.85	0.955426052138714
27.95	0.9557247825581268
28.05	0.9543059971146044
28.15	0.9541747824517658
28.25	0.9537802821191084
28.35	0.9508065302774593
28.45	0.9521978631529966
28.55	0.9497805350552785
28.65	0.9538717589575272
28.75	0.9543119148925548
28.85	0.958537494742449
28.95	0.959834021116868
29.05	0.9622081145277301
29.15	0.9637732700682378
29.25	0.9683460164018859
29.35	0.9724568196576416
29.45	0.973737147126898
29.55	0.9821274806946204
29.65	0.9849139502915646
29.75	0.9875340431219298
29.85	0.9915404523955967
29.95	NaN
30.05	1.0008058691370558
30.15	1.0061785133424959
30.25	1.0080827441136875
30.35	1.0155010850596145
30.45	1.018276671021149
30.55	1.0232915667005928
30.65	1.0238351860879813
30.75	1.0294085886113995
30.85	1.0322136379887465
30.95	1.0337756586613738
31.05	1.0368345539768862
31.15	1.0383098525775745
31.25	1.0394124144947554
31.35	1.0411565503597857
31.45	1.040565800305608
31.55	1.04043521244464
31.65	1.0424627510342257
31.75	NaN
31.85	1.0387301599262295
31.95	1.0379874821659234
32.05	1.0336300231013715
32.15	1.0328940293927291
32.25	1.031456300261478
32.35	1.0258264137165047
32.45	1.0239706179981356
32.55	1.018481755982534
32.65	1.0169528442199407
32.75	1.0129132699068697
32.85	1.0064762186732408
32.95	1.007252309685796
33.05	1.0003579785741583
33.15	0.9992005769009558
33.25	0.993676687818749
33.35	0.9922896944228606
33.45	0.98692587740138
33.55	0.9842784759882479
33.65	0.9812803395236743
33.75	0.9787831691578818
33.85	0.9763137059557437
33.95	0.9741668437271127
34.05	0.973795102263715
34.15	0.9714874558060514
34.25	0.9690683219543722
34.35	0.9703381974405597
34.45	0.9677409849958888
34.55	0.9675603686360551
34.65	0.9677415002967282
34.75	0.9663451925478453
34.85	0.9686734535495518
34.95	0.9685915073629296
35.05	0.9673832275606027
35.15	0.970463483987495
35.25	0.9741148261993676
35.35	0.9752592954154784
35.45	0.9755171987136487
35.55	0.9799828761510664
35.65	0.9794524667532335
35.75	0.9851553981988862
35.85	0.9871976711805555
35.95	0.990425215316724
36.05	0.992703271080924
36.15	0.9961054055660484
36.25	0.999032392175398
36.35	1.002368351220312
36.45	1.004108165312888
36.55	1.0107607552113114
36.65	NaN
36.75	1.0132169071953863
36.85	1.016489516268873
36.95	1.0200206487153647
37.05	1.0200069415023136
37.15	1.0230925418014918
37.25	1.0246597800963664
37.35	1.0241826836480339
37.45	1.027223072548568
37.55	1.0292154890487877
37.65	1.027515342611177
37.75	1.027774897318071
37.85	1.0240309192885617
37.95	1.028352187069945
38.05	NaN
38.15	NaN
38.25	1.0263476956154514
38.35	1.0245909877841464
38.45	1.0228850442334414
38.550000000000004	1.0216532334255788
38.65	1.0186126508595899
38.75	1.0157489757717595
38.85	1.0134895710488074
38.95	1.0115636912428612
39.050000000000004	1.007568052081658
39.15	1.0058480891631096
39.25	1.0023981481634512
39.35	0.9997305895263382
39.45	0.9968745507824749
39.550000000000004	0.9963408014071812
39.65	NaN
39.75	0.9924714908267869
39.85	0.9876821333521346
39.95	0.9871506181869338
40.050000000000004	0.9860786436072022
40.15	0.9820044996837005
40.25	0.9809286930168886
40.35	NaN
40.45	0.9798594912131412
40.550000000000004	0.9774806778974247
40.65	0.9759918094453671
40.75	0.9753307035316068
40.85	0.9775401843489134
40.95	0.976499275029261
41.050000000000004	0.9744152834912023
41.15	0.9777284487143646
41.25	0.9772851355661979
41.35	0.9772959674356149
41.45	0.9795592881343319
41.550000000000004	0.9824804399296643
41.65	0.9823649563096805
41.75	0.9836377453197238
41.85	0.9849023049499889
41.95	0.9874163270377747
42.050000000000004	0.9902863122909636
42.15	0.992115291629665
42.25	0.993987358538582
42.35	0.9941716028520187
42.45	0.9987079907532238
42.550000000000004	0.9999538426947129
42.65	1.0016590186267682
42.75	1.0024414723504953
42.85	1.0090727211787431
42.95	1.0096454815284805
43.050000000000004	1.0124118454672997
43.15	NaN
43.25	1.013045593434138
43.35	1.0167515217066336
43.45	1.0174573030103613
43.550000000000004	1.0162705147191544
43.65	NaN
43.75	NaN
43.85	1.020766591898034
43.95	1.020801152166667
44.050000000000004	1.0214469015545249
44.15	1.0214184563682895
44.25	1.020709536095226
44.35	1.0188382535113116
44.45	NaN
44.550000000000004	1.016614816883868
44.65	1.016505663192675
44.75	1.018195482982636
44.85	1.0143248086073748
44.95	1.0137472998195
45.050000000000004	1.0112676291045382
45.15	1.0095157959079568
45.25	1.0062540363267547
45.35	1.006145315730323
45.45	1.0031157317000414
45.550000000000004	1.0020445761883243
45.65	0.9995384254291464
45.75	NaN
45.85	0.9968275849919379
45.95	NaN
46.050000000000004	0.9916592519367996
46.15	0.9894892415209768
46.25	0.9898413807675415
46.35	NaN
46.45	0.9862578007383618
46.550000000000004	0.9854430224976095
46.65	NaN
46.75	0.9826699117172564
46.85	0.9848897390763366
46.95	0.9820804540793321
47.050000000000004	0.9836109176655591
47.15	0.9815304287234096
47.25	0.9820282373056293
47.35	0.9824223043391527
47.45	NaN
47.550000000000004	0.9842691145818531
47.65	0.9841064593668233
47.75	0.9848169612486607
47.85	0.9847375185415986
47.95	0.9860553166007315
48.050000000000004	0.9881907910544249
48.15	0.9888104280015431
48.25	0.9897769062006266
48.35	0.9923883998107567
48.45	0.9942749598469887
48.550000000000004	0.9959943606014657
48.65	0.997909340799835
48.75	0.9980606029177953
48.85	1.000583131886479
48.95	1.0004949595316537
49.050000000000004	1.003899888720918
49.15	1.0046133880582908
49.25	1.0071985900180132
49.35	1.0081162533296053
49.45	1.0105923973762885
49.550000000000004	1.0138395285992192
49.65	1.0130102415344457
49.75	NaN
49.85	1.0125366810027978
49.95	1.0164000899078156
50.050000000000004	1.015186138480552
50.15	1.0168787012138283
50.25	1.0153602097447283
50.35	1.0174389506219688
50.45	1.0163868359638164
50.550000000000004	1.016985314279206
50.65	1.0159735956329785
50.75	1.0137657610045612
50.85	1.0144031466777228
50.95	1.0136293554731013
51.050000000000004	1.01300041087012
51.15	1.011887413128504
51.25	1.008674797224381
51.35	1.0087415499418502
51.45	1.0076055944340707
51.550000000000004	1.0060441159310531
51.65	1.0038298043974971
51.75	1.0051879014952618
51.85	1.0004227281574316
51.95	0.9999094295118759
52.050000000000004	1.0005450261412172
52.15	NaN
52.25	0.9972131349408805
52.35	0.9940440011068277
52.45	0.9923616684582838
52.550000000000004	0.9890367957307883
52.65	0.988208333130937
52.75	0.9888362611892308
52.85	0.9883801697099917
52.95	0.986860034339582
53.050000000000004	0.9864882539277833
53.15	0.986008344506947
53.25	0.9869925323308705
53.35	0.9874242727855554
53.45	0.9873645276293551
53.550000000000004	0.9872190488940318
53.65	0.9860844009024411
53.75	0.9892319916465818
53.85	0.9879011347118232
53.95	0.9847964044732986
54.050000000000004	0.9887251345390644
54.15	0.9894914122431396
54.25	0.9899177619895856
54.35	0.9906463471812011
54.45	0.991432237993106
54.550000000000004	NaN
54.65	0.9955696590436792
54.75	0.9959565285709204
54.85	0.9963862191959945
54.95	0.9996681990100869
55.050000000000004	0.9993408711207007
55.15	1.0013873751595623
55.25	1.0020393278530433
55.35	1.0042322010418976
55.45	1.0028634763072872
55.550000000000004	1.0071991663451347
55.65	NaN
55.75	1.0094460991793845
55.85	1.008146671500745
55.95	1.008909859255018
56.050000000000004	1.010331675486312
56.15	1.0120627258809003
56.25	1.013419558463162
56.35	1.0183964801920309
56.45	1.0119308865536563
56.550000000000004	1.0120181452187
56.65	1.0126307869811564
56.75	1.0152738978517366
56.85	1.0118203873259453
56.95	1.0136240691666503
57.050000000000004	1.010190894207224
57.15	1.0102456610746309
57.25	1.0115303325370395
57.35	1.0098831748738069
57.45	1.0079219501877892
57.550000000000004	NaN
57.65	1.0069837703487077
57.75	1.0045510839693659
57.85	1.0028650824465368
57.95	1.0035521554037166
58.050000000000004	NaN
58.15	1.0001506068139792
58.25	0.9986415058411647
58.35	0.9962764029860375
58.45	0.9976150206844623
58.550000000000004	0.9957141898027603
58.65	0.9946642295000009
58.75	NaN
58.85	0.9935780715550043
58.95	0.9924052447675198
59.050000000000004	0.9923385271943899
59.15	0.9894839055921234
59.25	0.990454777823194
59.35	0.9895473934668405
59.45	0.989677835056436
59.550000000000004	0.9895056623641707
59.65	NaN
59.75	0.9879269261559882
59.85	0.9893665602844621
59.95	0.9889444502471981
60.050000000000004	0.9909147354865114
60.15	0.9881749341472357
60.25	0.9906567329324054
60.35	NaN
60.45	0.9931153912366784
60.550000000000004	0.992336866411381
60.65	0.9934598992432356
60.75	0.9928154437667083
60.85	NaN
60.95	0.9950119121217353
61.050000000000004	0.9963547796730965
61.15	0.9975099458328065
61.25	1.0002399187468636
61.35	1.001892160085764
61.45	1.0023428057789443
61.550000000000004	1.002164755138536
61.65	1.0013469633301035
61.75	1.0031054751064152
61.85	1.004772855740311
61.95	NaN
62.050000000000004	1.0066872063423056
62.15	1.0070700654897577
62.25	1.0081724814724955
62.35	1.0091796117888743
62.45	NaN
62.550000000000004	1.0105795382083649
62.65	NaN
62.75	NaN
62.85	1.0076073086937891
62.95	1.0098142917486819
63.050000000000004	1.0091255019274115
63.15	1.0102670620112366
63.25	1.0097347037018525
63.35	1.0091914856907533
63.45	1.0098268837944215
63.550000000000004	1.0068696505096195
63.65	NaN
63.75	1.004704233804254
63.85	NaN
63.95	1.0049388200553588
64.05	1.004473088890584
64.14999999999999	1.0040242413603837
64.25	1.001768719444778
64.35	NaN
64.44999999999999	0.9990931554243342
64.55	1.0007602834784552
64.64999999999999	0.9985018986836661
64.75	0.9979553379592657
64.85	0.9940065859620276
64.94999999999999	0.9961204901547459
65.05	0.9942653044102258
65.14999999999999	NaN
65.25	0.9928377283026314
65.35	0.9965829380386063
65.44999999999999	0.9932816227685458
65.55	0.992544154204303
65.64999999999999	NaN
65.75	0.9915084003395724
65.85	0.9921249357750831
65.94999999999999	NaN
66.05	NaN
66.14999999999999	0.9915490348091495
66.25	0.9905032062302175
66.35	0.9916954550270592
66.44999999999999	0.9922838943370851
66.55	NaN
66.64999999999999	0.9934818537388813
66.75	0.9945468370922333
66.85	NaN
66.94999999999999	NaN
67.05	NaN
67.14999999999999	NaN
67.25	0.9962646917699868
67.35	NaN
67.44999999999999	NaN
67.55	0.9985531757083493
67.64999999999999	1.000098135347633
67.75	1.0010900188983358
67.85	1.0016791403547418
67.94999999999999	NaN
68.05	1.003784449141796
68.14999999999999	1.0052056225358257
68.25	1.0057087171013956
68.35	1.0058738628361747
68.44999999999999	1.0073884750521884
68.55	1.0068732131023423
68.64999999999999	NaN
68.75	1.0066988056775228
68.85	1.0080742568815797
68.94999999999999	1.0074512757584033
69.05	NaN
69.14999999999999	1.0088652803149736
69.25	NaN
69.35	1.0077838877776624
69.44999999999999	1.0048810117168065
69.55	1.0078203848395686
69.64999999999999	1.0077180106953922
69.75	1.0075043216941812
69.85	1.0057921923256383
69.94999999999999	1.005008491307742
70.05	NaN
70.14999999999999	1.0046502444750223
70.25	1.0034288755306653
70.35	1.0020231998350146
70.44999999999999	1.001557097215031
70.55	0.999411303247257
70.64999999999999	1.0006752602415152
70.75	0.9980140326438971
70.85	0.99928644073508
70.94999999999999	0.9987373212068544
71.05	0.9975919037217914
71.14999999999999	NaN
71.25	0.9971454903377384
71.35	NaN
71.44999999999999	0.9952029409764227
71.55	0.9947753251999397
71.64999999999999	0.9929336127060054
71.75	0.9943290424936531
71.85	NaN
71.94999999999999	NaN
72.05	0.9911947450955519
72.14999999999999	NaN
72.25	0.9920706785911633
72.35	0.9921830837714732
72.44999999999999	NaN
72.55	NaN
72.64999999999999	0.9944895558698303
72.75	0.9941326020948572
72.85	0.9929711381888913
72.94999999999999	NaN
73.05	0.9948753274152485
73.14999999999999	0.9945375828645108
73.25	0.9926626428763106
73.35	0.9969887418425266
73.44999999999999	0.997942697934322
73.55	0.9979557981371965
73.64999999999999	0.999258682781545
73.75	0.9977088621220507
73.85	0.9992275735147751
73.94999999999999	NaN
74.05	NaN
74.14999999999999	1.0020725695430146
74.25	1.0024157302804118
74.35	1.0028495816841108
74.44999999999999	1.0022069701559695
74.55	1.004412380250036
74.64999999999999	NaN
74.75	NaN
74.85	1.005893909248803
74.94999999999999	1.0064544290143174
75.05	1.0083524547647034
75.14999999999999	1.0070081850346002
75.25	1.0061763806568378
75.35	1.0059959571724406
75.44999999999999	1.006657185246749
75.55	1.0069499441412564
75.64999999999999	1.0077553952266267
75.75	NaN
75.85	1.0065378275906385
75.94999999999999	NaN
76.05	1.005861105975765
76.14999999999999	1.0066639588198378
76.25	1.0041222320149081
76.35	1.00405947475602
76.44999999999999	NaN
76.55	1.0029258997656205
76.64999999999999	1.0019866094930543
76.75	NaN
76.85	1.001590970720189
76.95	0.9986835507839564
77.05	1.0001243376375726
77.14999999999999	0.9982242903238513
77.25	NaN
77.35	NaN
77.45	NaN
77.55	0.9953498798520337
77.64999999999999	NaN
77.75	0.9929460640654646
77.85	0.9949707264309411
77.95	NaN
78.05	0.9958973126988566
78.14999999999999	NaN
78.25	0.9926590117821996
78.35	0.9937577894641302
78.45	NaN
78.55	NaN
78.64999999999999	NaN
78.75	0.9936666949506239
78.85	0.994029879150247
78.95	0.9933979401562045
79.05	NaN
79.14999999999999	NaN
79.25	0.9943614998474438
79.35	0.9952457719109802
79.45	NaN
79.55	0.9963300932221911
79.64999999999999	NaN
79.75	0.9963960337612181
79.85	0.999666161083939
