0.15	0.03708178941538676
0.25	0.037243426175720636
0.35	0.037111583105294124
0.45	0.037326341450516276
0.55	0.0374253347563758
0.65	0.03797879472857006
0.7500000000000001	0.03826492085601481
0.85	0.03872724699429876
0.95	0.03916670025150751
1.05	0.039818279232597564
1.15	0.0403478284425245
1.25	0.04097882484312698
1.35	0.04195626363304466
1.45	0.04291313616990775
1.55	0.04361657931094305
1.65	0.04482755917939828
1.75	0.046069180918650796
1.85	0.04743271806446415
1.95	0.04876396579588666
2.05	0.050381330561471024
2.15	0.05187730724057329
2.25	0.05412289719289377
2.35	0.05582635649951212
2.45	0.05787126016480995
2.5500000000000003	0.060354947856012246
2.65	0.06302370976979624
2.75	0.06587049541433375
2.85	0.06904014906253272
2.95	0.07257744422361731
3.0500000000000003	0.07617572727017352
3.15	0.08030498051332241
3.25	0.0848589542789845
3.35	0.0899195569797161
3.45	0.09564435299629191
3.5500000000000003	0.1013448334917016
3.65	0.10809003319791197
3.75	0.11590683394769578
3.85	0.1238054004095201
3.95	0.1338397159878881
4.05	0.14358527405781857
4.1499999999999995	0.1552104034250536
4.25	0.16801885855058105
4.35	0.18347139299445236
4.449999999999999	0.20022766569034625
4.55	0.21983891046276122
4.6499999999999995	0.2420903121520821
4.75	0.26793848709012763
4.85	0.2951048264385876
4.95	0.3302236298956025
5.05	0.36934131826018995
5.1499999999999995	0.413401706654454
5.25	0.4641681708165251
5.35	0.5239919793924517
5.45	0.5974216773603872
5.55	0.6767944103468689
5.6499999999999995	0.7719795785728202
5.75	0.8855467612614042
5.85	1.014431857662883
5.95	1.1534660147708575
6.05	1.3101025212399793
6.1499999999999995	1.4806531806851349
6.25	1.6497096989748479
6.35	1.8152326874182338
6.45	1.956877617549516
6.55	2.0630849043859776
6.6499999999999995	2.124811688657789
6.75	2.1349780993505765
6.85	2.1051196887185832
6.95	2.0334268095497467
7.05	1.9318496092211705
7.1499999999999995	1.8196660463694447
7.25	1.70559603933448
7.35	1.5878560739168452
7.45	1.4718726662130723
7.55	1.3716407949859477
7.6499999999999995	1.2824557958143257
7.75	1.1957457944983632
7.85	1.122786770951156
7.95	1.055442993058101
8.05	0.9982153241898776
8.15	0.946393177244271
8.25	0.9016707264952963
8.350000000000001	0.8644368204698987
8.450000000000001	0.831327139586471
8.55	0.8000828302258511
8.65	0.7769396046735889
8.75	0.7545001433899126
8.850000000000001	0.7369197445609642
8.950000000000001	0.722410269560583
9.05	0.7110700761351296
9.15	0.6999519204496443
9.25	0.6939109295737771
9.350000000000001	0.6889443752191535
9.450000000000001	0.6868862432105238
9.55	0.6861879804780722
9.65	0.687367523578784
9.750000000000002	0.69143375785195
9.85	0.6949040309505332
9.95	0.702320199336041
10.049999999999999	0.7107113234024309
10.149999999999999	0.7215743055652097
10.25	0.7346409532982607
10.35	0.7480740185268313
10.45	0.7620843993780938
10.549999999999999	0.7797925753408513
10.649999999999999	0.7980726161679771
10.75	0.8176978673304784
10.85	0.8386900365113708
10.95	0.8618045888618205
11.049999999999999	0.8848466885637624
11.149999999999999	0.9089105011252739
11.25	0.9365381015114544
11.35	0.96515110773105
11.45	0.9913367436389512
11.549999999999999	1.016120690418991
11.649999999999999	1.0453112927054284
11.75	1.0724262300967693
11.85	1.0973918162273255
11.95	1.1233281082306183
12.049999999999999	1.147357742909881
12.149999999999999	1.167961546988397
12.25	1.1857461894114587
12.35	1.201150905034341
12.45	1.216507063754476
12.549999999999999	1.2278274875687318
12.649999999999999	1.235107981921187
12.75	1.2396165999848086
12.85	1.2412197053592875
12.95	1.2398171259879003
13.049999999999999	1.2359936052023
13.149999999999999	1.2260407450896686
13.25	1.215689017885548
13.35	1.2016568950503146
13.45	1.1859897463915794
13.549999999999999	1.1698912810343436
13.649999999999999	1.1489953486384124
13.75	1.1298343129257429
13.85	1.1094904143861253
13.95	1.0887845630037627
14.049999999999999	1.0668880936565392
14.149999999999999	1.0473261298806713
14.25	1.0262776750638483
14.35	1.0062007449351118
14.45	0.987927708065569
14.549999999999999	0.9705824718725488
14.649999999999999	0.952817372080957
14.75	0.9383066083163678
14.85	0.9236707817921264
14.95	0.9100506164666947
15.049999999999999	0.9000140508360557
15.149999999999999	0.8894530928409651
15.25	0.881529933535894
15.35	0.8753643780521176
15.45	0.8678731599133507
15.549999999999999	0.8641328532300974
15.649999999999999	0.8596384632825242
15.75	0.858928657116603
15.85	0.8574611988398487
15.95	0.8588605712968259
16.05	0.8602018140302824
16.15	0.8629646506845892
16.25	0.8674381656967869
16.349999999999998	0.8737635634053265
16.45	0.8787038018723272
16.55	0.8840975181934545
16.65	0.8929966429190502
16.75	0.9016273709880517
16.849999999999998	0.9121196701307949
16.95	0.9222849645259146
17.05	0.9332761038060681
17.15	0.9461027293516795
17.25	0.956753721423973
17.349999999999998	0.9712332914448343
17.45	0.9806418773651325
17.55	0.9970732956210336
17.65	1.0089985037364466
17.75	1.019977427163156
17.849999999999998	1.034313162661595
17.95	1.0439077898623146
18.05	1.0541968032060232
18.15	1.067054151951863
18.25	1.0752056448514535
18.349999999999998	1.0841636737151754
18.45	1.092610944627124
18.55	1.098062085100664
18.65	1.1019143389818642
18.75	1.1089458615750072
18.849999999999998	1.110095240738057
18.95	1.1148017231549505
19.05	1.1119946834036196
19.15	1.1091468779603524
19.25	1.1081081283120013
19.35	1.1028616285528208
19.45	1.0996525406484066
19.55	1.091434411529511
19.65	1.0866338358651906
19.75	1.0781616753368481
19.85	1.0709367524661546
19.95	1.0624366449473936
20.05	1.0518311138083147
20.15	1.0431890956529501
20.25	1.0333247941200971
20.35	1.02555953595307
20.45	1.0149440124346671
20.55	1.0053907721689845
20.65	0.995787537900447
20.75	0.9890772257191418
20.85	0.9786767955260381
20.95	0.970794239707113
21.05	0.9630076972148914
21.15	0.957497771545176
21.25	0.9492445516404489
21.35	0.9437667684784223
21.45	0.9384920073952323
21.55	0.9336428855955207
21.65	0.9300639626811699
21.75	0.9281383365445771
21.85	0.9261182789732639
21.95	0.9245155600014473
22.05	0.923069371591659
22.15	0.9239145814512021
22.25	0.9228273557991138
22.35	0.9245559838527376
22.45	0.9244451467054566
22.55	0.928444722343151
22.65	0.9333377964879299
22.75	0.936421190995628
22.85	0.9402968874891101
22.95	0.9453074631364687
23.05	0.9516958047451229
23.15	0.9564093439780192
23.25	0.9621938807328738
23.35	0.9679743338057851
23.45	0.976277796182436
23.55	0.9810922726850491
23.65	0.9892402622337044
23.75	0.9967198396593719
23.85	1.0033944233368763
23.95	1.0108906367645845
24.05	1.0176724279473632
24.15	1.0241770089681421
24.25	1.0288600577166465
24.35	1.036970756373155
24.45	1.0409255473933978
24.55	1.0486132608075727
24.65	1.0507937656632402
24.75	1.0560266853267344
24.85	1.058809849819978
24.95	1.0618135378501352
25.05	1.0632827173967043
25.15	1.0651213571767755
25.25	1.0624752516788893
25.35	1.0631461279793024
25.45	1.062525813626871
25.55	1.0612716498250334
25.65	1.0569760787037559
25.75	1.0551578646708883
25.85	1.0493612310460338
25.95	1.0461690411047524
26.05	1.043119660813512
26.15	1.0390180056380198
26.25	1.0342781681148279
26.35	1.0296155534101907
26.45	1.022463893001814
26.55	1.0172451299490666
26.65	1.0139629503258256
26.75	1.0059353163305225
26.85	0.998853675368892
26.95	0.9950283347118628
27.05	0.991069617027789
27.15	0.9850943306396125
27.25	0.9786248457133591
27.35	0.9762992603526954
27.45	0.9704680058628388
27.55	0.9681540862998745
27.65	0.9613889842176667
27.75	0.9599609595206818
27.85	0.957239518871319
27.95	0.9554294231879663
28.05	0.9553097989356633
28.15	0.9528438178720626
28.25	0.9530326972266491
28.35	0.9530568934578955
28.45	0.9532283723078947
28.55	0.9532605644469565
28.65	0.9543111544453455
28.75	0.9558422315654568
28.85	0.958426855356539
28.95	0.9609255740928785
29.05	0.961152355412181
29.15	0.9645256718031504
29.25	0.9678470060804996
29.35	0.97306461398207
29.45	0.9753474122906437
29.55	0.9821023370715268
29.65	0.9838246421843743
29.75	0.9870278675932364
29.85	0.9916442717774471
29.95	NaN
30.05	0.9999133339018532
30.15	1.0058897505219628
30.25	1.0085794364575131
30.35	1.014785448537157
30.45	1.0176722559837814
30.55	1.021970240115798
30.65	1.0244316616085714
30.75	1.0280011348931353
30.85	1.0317529003652492
30.95	1.034251119561823
31.05	1.0352157059711198
31.15	1.0395895986037023
31.25	1.0400707745665247
31.35	1.0407168417288297
31.45	1.0408115532660231
31.55	1.041425937728427
31.65	1.0385780877171749
31.75	NaN
31.85	1.0403989469322596
31.95	1.036785153270522
32.05	1.0364762176057842
32.15	1.033405131873642
32.25	1.029603998249662
32.35	1.026780878211407
32.45	1.0247058867585728
32.55	1.021584814654856
32.65	1.015560679817388
32.75	1.012320299753315
32.85	1.008750278325372
32.95	1.008055981573955
33.05	1.003261040443242
33.15	0.9989994701317609
33.25	0.995289482815016
33.35	0.9905160746508314
33.45	0.9881378164189284
33.55	0.9855549921823196
33.65	0.9817937268840491
33.75	0.9799801118700601
33.85	0.9777719635520736
33.95	0.9743778421699277
34.05	0.970780014156353
34.15	0.9706871044622033
34.25	0.9700211380421399
34.35	0.969174037830455
34.45	0.969342453681852
34.55	0.966689508885657
34.65	0.9674332945428916
34.75	0.9681355043804166
34.85	0.9677500462502581
34.95	0.9698551570713014
35.05	0.9754782737567762
35.15	0.9699562927875871
35.25	0.9734114914124405
35.35	0.9754268521305592
35.45	0.9780694959568837
35.55	0.9786631650681216
35.65	0.9812561528070038
35.75	0.9835494407903009
35.85	0.9868082291893354
35.95	0.9912513660371924
36.05	0.9935959180480988
36.15	0.9956549624962181
36.25	0.9994432668287152
36.35	1.0018481309880567
36.45	1.0048229401769853
36.55	1.0072223339385808
36.65	NaN
36.75	1.0130228453251122
36.85	1.0164998837359063
36.95	1.020126696935631
37.05	1.0239070974157811
37.15	1.0205047882291385
37.25	1.0249246773439082
37.35	1.0270525193030249
37.45	1.0266101577524696
37.55	1.0281972775419734
37.65	1.0296048729517993
37.75	1.0284235582452994
37.85	1.028607409578871
37.95	1.029139441408924
38.05	NaN
38.15	NaN
38.25	1.0241141062991823
38.35	1.022613586747867
38.45	1.0213473192471125
38.550000000000004	1.0183582792485737
38.65	1.0172455183682774
38.75	1.0168098036012794
38.85	1.0137370782024722
38.95	1.0104986035819692
39.050000000000004	1.0076781589895107
39.15	1.0065551228611238
39.25	1.0026522173867922
39.35	1.0004707100644907
39.45	0.999181636152414
39.550000000000004	0.9943387158906979
39.65	NaN
39.75	0.9906156479878329
39.85	0.9902303163381355
39.95	0.9866774691065857
40.050000000000004	0.9862962742552781
40.15	0.9810143714203092
40.25	0.981802639589908
40.35	NaN
40.45	0.979176089533084
40.550000000000004	0.9790090718918046
40.65	0.9759688315849108
40.75	0.977068375439743
40.85	0.9778298721175298
40.95	0.9761350079834697
41.050000000000004	0.9758453883475692
41.15	0.9775458739419148
41.25	0.9777119003877067
41.35	0.9793292548240339
41.45	0.9784548133587685
41.550000000000004	0.9805536332082304
41.65	0.9822881323524105
41.75	0.9838588053796511
41.85	0.9866763061485256
41.95	0.9879459788763911
42.050000000000004	0.989292454264925
42.15	0.9915024754237893
42.25	0.9924188477568946
42.35	0.9957257147756186
42.45	0.9989116723636768
42.550000000000004	1.000079952388622
42.65	1.0001932218044927
42.75	1.0085659275155439
42.85	1.0073213888842134
42.95	1.0112983192020681
43.050000000000004	1.0100373110854615
43.15	NaN
43.25	1.0157497745308293
43.35	1.0169708389253203
43.45	1.017534319473552
43.550000000000004	1.0224752243211201
43.65	NaN
43.75	NaN
43.85	1.0187294988431563
43.95	1.0194752957360849
44.050000000000004	1.0196661519913697
44.15	1.0207103926705718
44.25	1.0222126066971131
44.35	1.0180121669750124
44.45	NaN
44.550000000000004	1.0174537692961354
44.65	1.0177559070703621
44.75	1.0145727939880202
44.85	1.014433902236271
44.95	1.014792285811225
45.050000000000004	1.008881384214513
45.15	1.0116789439970473
45.25	1.0083309236927058
45.35	1.0053373866241562
45.45	1.0045509137078297
45.550000000000004	1.0019805331931033
45.65	1.0007748302433188
45.75	NaN
45.85	0.9973826702328824
45.95	NaN
46.050000000000004	0.9911015016253701
46.15	0.9925774340957707
46.25	0.9880332638067555
46.35	NaN
46.45	0.9886874006691173
46.550000000000004	0.9868917039137108
46.65	NaN
46.75	0.9836176449266905
46.85	0.9838780922654993
46.95	0.9818757740571532
47.050000000000004	0.9829431979324823
47.15	0.982226058803036
47.25	0.981173937955731
47.35	0.9828265611564834
47.45	NaN
47.550000000000004	0.982190442417616
47.65	0.9876551278070289
47.75	0.9839877826715983
47.85	0.9871295230441954
47.95	0.9877020133623257
48.050000000000004	0.9869378639693369
48.15	0.9892027005714905
48.25	0.990580142959914
48.35	0.9932676665923263
48.45	0.9934664068659047
48.550000000000004	0.9937816655768595
48.65	0.9960299871247045
48.75	0.9969598544089622
48.85	1.0003970409108311
48.95	1.0025588096041005
49.050000000000004	1.003358453898406
49.15	1.007425740036736
49.25	1.0073895634122785
49.35	1.0083014651119293
49.45	1.0108825140050406
49.550000000000004	1.0089717275074295
49.65	1.0120272836777346
49.75	NaN
49.85	1.01475365898047
49.95	1.0151620469965628
50.050000000000004	1.014857383283773
50.15	1.0137061664895337
50.25	1.0174625261488313
50.35	1.0180253011534677
50.45	1.0152384711885563
50.550000000000004	1.0147816081465921
50.65	1.016742326146937
50.75	1.014862977296252
50.85	1.0129929270744804
50.95	1.0149511207220776
51.050000000000004	1.0125513680123057
51.15	1.0106090218951214
51.25	1.01020049447295
51.35	1.0069784570894655
51.45	1.007426635742323
51.550000000000004	1.0062542085768116
51.65	1.0044714621496764
51.75	1.00171940310218
51.85	1.000605830485869
51.95	0.9991440217277814
52.050000000000004	0.997434773358258
52.15	NaN
52.25	0.9949782579370942
52.35	0.9946233432914056
52.45	0.9920832177551273
52.550000000000004	0.9911531550533238
52.65	0.990306178865434
52.75	0.9888696894388984
52.85	0.988775135308727
52.95	0.9869154480660157
53.050000000000004	0.9896661877027506
53.15	0.9846328690400232
53.25	0.9866839649810631
53.35	0.9853834694744309
53.45	0.9856660966899646
53.550000000000004	0.9858129450431409
53.65	0.985724558092841
53.75	0.9883465936312038
53.85	0.9882062643086985
53.95	0.9867258891954004
54.050000000000004	0.9877788247526198
54.15	0.9890517467842236
54.25	0.9885814019871699
54.35	0.9923390677685686
54.45	0.991519098110602
54.550000000000004	NaN
54.65	0.9947963000596536
54.75	0.995362189972472
54.85	0.9957734243932999
54.95	0.9985420728032663
55.050000000000004	0.9985438805940922
55.15	1.0002917989118996
55.25	1.00145865115459
55.35	1.0046398827171847
55.45	1.0070632771286132
55.550000000000004	1.0062419778314766
55.65	NaN
55.75	1.0061253417169762
55.85	1.0092400559907488
55.95	1.0084224655304672
56.050000000000004	1.0092843694052442
56.15	1.0104098323527595
56.25	1.0162562943154332
56.35	1.0054783041772204
56.45	1.0135633900736005
56.550000000000004	1.0139258099403745
56.65	1.0130497248654067
56.75	1.0110708639072097
56.85	1.0118163373410398
56.95	1.0127942795946892
57.050000000000004	1.0131819862372435
57.15	1.0090303408841956
57.25	1.0082325515596935
57.35	1.0079709513203279
57.45	1.010586779817534
57.550000000000004	NaN
57.65	1.0052155427100578
57.75	1.0029408414222638
57.85	1.0059840789284231
57.95	1.0016956251460274
58.050000000000004	NaN
58.15	1.0007292773695236
58.25	0.9988724490649213
58.35	0.9965738762212186
58.45	0.9968667794993554
58.550000000000004	0.99640743696522
58.65	0.995563940509749
58.75	NaN
58.85	0.9935861682658235
58.95	0.9918686772199532
59.050000000000004	0.9922748694050566
59.15	0.9910187661917844
59.25	0.9915359052529004
59.35	0.989255058271652
59.45	0.9883747696998322
59.550000000000004	0.9880438033664671
59.65	NaN
59.75	0.9891896956985903
59.85	0.9886100864791828
59.95	0.9890067358472289
60.050000000000004	0.9887152739748252
60.15	0.9909738113214301
60.25	0.9915981145584905
60.35	NaN
60.45	0.9921364965158224
60.550000000000004	0.9918237086086514
60.65	0.9933219045966073
60.75	0.9940717422196532
60.85	NaN
60.95	0.9967465815898008
61.050000000000004	0.9981768229267903
61.15	0.9981018136128055
61.25	0.9982607447165743
61.35	0.9999203457502815
61.45	1.0004257308476079
61.550000000000004	1.0033273504011873
61.65	1.0012248528630276
61.75	1.004458850875777
61.85	1.0053295225541792
61.95	NaN
62.050000000000004	1.0061532740000199
62.15	1.008114796876185
62.25	1.0077608385275485
62.35	1.0103825820521266
62.45	NaN
62.550000000000004	1.0080286614587641
62.65	NaN
62.75	NaN
62.85	1.0085245744695228
62.95	1.0100771074387016
63.050000000000004	1.0099565655631788
63.15	1.0101788715181936
63.25	1.0085502550744647
63.35	1.009354208041047
63.45	1.0090150516821428
63.550000000000004	1.0085410669233303
63.65	NaN
63.75	1.0070231532998553
63.85	NaN
63.95	1.0049927481903842
64.05	1.003176782074721
64.14999999999999	1.0042663237208478
64.25	1.0007270889675988
64.35	NaN
64.44999999999999	1.0006448128157361
64.55	0.9998664922034467
64.64999999999999	0.9984730968705497
64.75	0.9965298079346935
64.85	0.9958056148248127
64.94999999999999	0.9977090025541742
65.05	0.9949413241378867
65.14999999999999	NaN
65.25	0.9930584038602417
65.35	0.99179421919438
65.44999999999999	0.992902216340795
65.55	0.9917060464613083
65.64999999999999	NaN
65.75	0.9911721164869095
65.85	0.9914603731391537
65.94999999999999	NaN
66.05	NaN
66.14999999999999	0.9910411323085393
66.25	0.9909589571433404
66.35	0.9926578195472315
66.44999999999999	0.9914036687010502
66.55	NaN
66.64999999999999	0.9926690760361696
66.75	0.9934189334079023
66.85	NaN
66.94999999999999	NaN
67.05	NaN
67.14999999999999	NaN
67.25	0.9974894894048336
67.35	NaN
67.44999999999999	NaN
67.55	0.9997742618282276
67.64999999999999	1.002367203091203
67.75	1.000810324197551
67.85	1.0012066539291147
67.94999999999999	NaN
68.05	1.0034698670054474
68.14999999999999	1.0032262019107117
68.25	1.0063654273561524
68.35	1.0065929992973275
68.44999999999999	1.006297518037246
68.55	1.0066034364127636
68.64999999999999	NaN
68.75	1.0095382723216977
68.85	1.007742704209037
68.94999999999999	1.0073589201828173
69.05	NaN
69.14999999999999	1.0092878036830428
69.25	NaN
69.35	1.0091272762640713
69.44999999999999	1.0061961861551696
69.55	1.008232247964902
69.64999999999999	1.0064341743646894
69.75	1.0079892796991012
69.85	1.0069172439216452
69.94999999999999	1.006362054846534
70.05	NaN
70.14999999999999	1.006099629290122
70.25	1.0037259288503368
70.35	1.0037225942490329
70.44999999999999	1.0029209619796005
70.55	1.0007962101382823
70.64999999999999	0.9998358004066588
70.75	0.9983605177075164
70.85	0.9998638093978688
70.94999999999999	1.0001708092796053
71.05	0.9967513621297186
71.14999999999999	NaN
71.25	0.9955489166772239
71.35	NaN
71.44999999999999	0.9964286837621024
71.55	0.9949489879968794
71.64999999999999	0.993442134001871
71.75	0.9948108882847354
71.85	NaN
71.94999999999999	NaN
72.05	0.9917354172315473
72.14999999999999	NaN
72.25	0.9921977438435203
72.35	0.9915902800680658
72.44999999999999	NaN
72.55	NaN
72.64999999999999	0.9922576441710996
72.75	0.9935097439382216
72.85	0.9943621548647229
72.94999999999999	NaN
73.05	0.9948659024444901
73.14999999999999	0.995103047817359
73.25	0.9941057335857704
73.35	0.995818308401704
73.44999999999999	0.9978489887211771
73.55	0.995855367073213
73.64999999999999	0.9970478383616036
73.75	0.9985428862521714
73.85	1.0005072027524702
73.94999999999999	NaN
74.05	NaN
74.14999999999999	1.0027350823677994
74.25	1.001819217742516
74.35	1.0038842101996324
74.44999999999999	1.0030425678871433
74.55	1.0050863025753205
74.64999999999999	NaN
74.75	NaN
74.85	1.0058031265025484
74.94999999999999	1.005849683174829
75.05	1.005234483405977
75.14999999999999	1.0069027706748586
75.25	1.0067101068564503
75.35	1.0058211091552074
75.44999999999999	1.0054092469756324
75.55	1.0072418914478782
75.64999999999999	1.006775551537923
75.75	NaN
75.85	1.007264377783992
75.94999999999999	NaN
76.05	1.0058716777936683
76.14999999999999	1.0066511235478084
76.25	1.0059757268394602
76.35	1.0045365671753004
76.44999999999999	NaN
76.55	1.004030021762754
76.64999999999999	1.0024688439197522
76.75	NaN
76.85	0.9994053491191861
76.95	0.9994660843989026
77.05	0.9995482556523774
77.14999999999999	0.9989354118946853
77.25	NaN
77.35	NaN
77.45	NaN
77.55	0.9968200653430298
77.64999999999999	NaN
77.75	0.9959953725545996
77.85	0.9953350148042767
77.95	NaN
78.05	0.9946090965327105
78.14999999999999	NaN
78.25	0.9940035096323133
78.35	0.9932541244121771
78.45	NaN
78.55	NaN
78.64999999999999	NaN
78.75	0.9935747965864935
78.85	0.9941854375950792
78.95	0.9940716422881942
79.05	NaN
79.14999999999999	NaN
79.25	0.9957515752707784
79.35	0.99531294060308
79.45	NaN
79.55	0.9972066795388268
79.64999999999999	NaN
79.75	0.9980589237922375
79.85	0.9975992712449773
