0.15	0.01897488493802985
0.25	0.019015595322281975
0.35	0.01890201323193204
0.45	0.01897766957206491
0.55	0.01937746582172342
0.65	0.019436078985977233
0.7500000000000001	0.019616975070290348
0.85	0.019890409595617227
0.95	0.02011811423178262
1.05	0.020458434764117545
1.15	0.020958816238723157
1.25	0.021098408976279518
1.35	0.021454823885315957
1.45	0.022001348828099898
1.55	0.02260895549486819
1.65	0.023105886058724157
1.75	0.023595117322782733
1.85	0.024383446585912495
1.95	0.02510898858055542
2.05	0.025733581996793785
2.15	0.02662373438140142
2.25	0.027570237703551086
2.35	0.02856320152177506
2.45	0.029627687374150547
2.5500000000000003	0.03081756810020384
2.65	0.032028115518111584
2.75	0.03344416018592184
2.85	0.03486293830609857
2.95	0.03665612071646259
3.0500000000000003	0.0382555959216426
3.15	0.040311508319758216
3.25	0.04254019045092743
3.35	0.045123511743148076
3.45	0.04756233797431298
3.5500000000000003	0.0505485688483263
3.65	0.05379607872418988
3.75	0.05758278801683676
3.85	0.06095826274185203
3.95	0.06588378737503024
4.05	0.07067330536719561
4.1499999999999995	0.07631576836553161
4.25	0.08248748813109907
4.35	0.08993992696083694
4.449999999999999	0.09764111981788723
4.55	0.10663216046410529
4.6499999999999995	0.11668604206687466
4.75	0.12903950714263573
4.85	0.14318615938688883
4.95	0.1595198750168632
5.05	0.1775257216393951
5.1499999999999995	0.19974372881441038
5.25	0.22412424133954192
5.35	0.2552235750500843
5.45	0.2920703492195477
5.55	0.3352427033290137
5.6499999999999995	0.3866168582427161
5.75	0.4531340975827974
5.85	0.5306227805206155
5.95	0.6250929195206888
6.05	0.745948247833286
6.1499999999999995	0.8985344027807829
6.25	1.082795219115351
6.35	1.3027601007525091
6.45	1.5800443386869527
6.55	1.8878284077732446
6.6499999999999995	2.2235742294765055
6.75	2.5419280975810032
6.85	2.7909397233361712
6.95	2.926569079092988
7.05	2.9099474631787383
7.1499999999999995	2.772086190818517
7.25	2.5553746091491543
7.35	2.2910959592170945
7.45	2.0439576364886824
7.55	1.8141141434361399
7.6499999999999995	1.6076835800930782
7.75	1.4299165648504926
7.85	1.2794881403410772
7.95	1.1612804865893382
8.05	1.0589985369602857
8.15	0.9757181105245054
8.25	0.8991089328798394
8.350000000000001	0.8373027759934474
8.450000000000001	0.7874885895656275
8.55	0.7433866530624186
8.65	0.7068210446562108
8.75	0.6771703767154353
8.850000000000001	0.6509026779637955
8.950000000000001	0.6287397976901485
9.05	0.6122623034821355
9.15	0.598377840933917
9.25	0.586919284199605
9.350000000000001	0.57901527299774
9.450000000000001	0.5733119726781847
9.55	0.5682231964739101
9.65	0.567598734928681
9.750000000000002	0.5693404469866057
9.85	0.5719500313233976
9.95	0.5775909978847126
10.049999999999999	0.5849117419098692
10.149999999999999	0.593645998191232
10.25	0.6048639026052788
10.35	0.6183508395294558
10.45	0.6341420526750595
10.549999999999999	0.6517603422412507
10.649999999999999	0.6728812156882327
10.75	0.6953213828488054
10.85	0.7187958263685911
10.95	0.7477932127092687
11.049999999999999	0.778654253063523
11.149999999999999	0.8107040226953918
11.25	0.8459986326201222
11.35	0.8806508337854746
11.45	0.9206986717315585
11.549999999999999	0.9617719946137053
11.649999999999999	1.003364923125299
11.75	1.0440206001487171
11.85	1.0859189934967086
11.95	1.1276112975782333
12.049999999999999	1.1645137182446856
12.149999999999999	1.2010410759328511
12.25	1.23316581279715
12.35	1.2633611768375226
12.45	1.284338908494155
12.549999999999999	1.3011132181597418
12.649999999999999	1.3196816823346136
12.75	1.329025905000686
12.85	1.3364573070336663
12.95	1.3378347177213052
13.049999999999999	1.3367107816969734
13.149999999999999	1.3340164060523318
13.25	1.3279334474922453
13.35	1.3141198261277818
13.45	1.3031163999834245
13.549999999999999	1.2870290617749685
13.649999999999999	1.2663774927609168
13.75	1.2434065291916336
13.85	1.2166869777087315
13.95	1.1889578629338304
14.049999999999999	1.1597521704426794
14.149999999999999	1.1281759463447099
14.25	1.0971783913410342
14.35	1.0651495421045074
14.45	1.0333492555556367
14.549999999999999	1.001980449860745
14.649999999999999	0.9736192591450461
14.75	0.9459444901838662
14.85	0.9218290958171849
14.95	0.8978920363959484
15.049999999999999	0.8758578393589083
15.149999999999999	0.8573777840543354
15.25	0.8406933530141506
15.35	0.8273672974929914
15.45	0.8141080457087634
15.549999999999999	0.8043910855344492
15.649999999999999	0.7960025948927345
15.75	0.790510405960684
15.85	0.7853124195589576
15.95	0.7827117819244588
16.05	0.7807973691705
16.15	0.783398057687291
16.25	0.7864273329822657
16.349999999999998	0.7911479024161577
16.45	0.7974170064124437
16.55	0.8058095376148267
16.65	0.815149264695483
16.75	0.8265373932702461
16.849999999999998	0.8396138786988312
16.95	0.852429630947395
17.05	0.8692532259936073
17.15	0.8872885986611077
17.25	0.9030010593791964
17.349999999999998	0.9223395973014221
17.45	0.9413196684282412
17.55	0.9616174648924072
17.65	0.9841373433349568
17.75	1.0066447238695049
17.849999999999998	1.0260884976740137
17.95	1.0448652709494959
18.05	1.067033611386839
18.15	1.0856204092579007
18.25	1.1042059519969492
18.349999999999998	1.1204766208925747
18.45	1.1329596732631853
18.55	1.1457269520944187
18.65	1.1574060722236372
18.75	1.1659548356943363
18.849999999999998	1.1721683114816692
18.95	1.1718359603698203
19.05	1.1773718263596207
19.15	1.1757317599111898
19.25	1.1720611368452578
19.35	1.16680040125799
19.45	1.1615412568669836
19.55	1.1535683984766758
19.65	1.142460243223369
19.75	1.132364694327223
19.85	1.1216275878411128
19.95	1.1075224082487267
20.05	1.0944213825458395
20.15	1.0814701720683908
20.25	1.0655696920617415
20.35	1.0520069377093346
20.45	1.0392858524424409
20.55	1.0232418853619012
20.65	1.0100053439480579
20.75	0.9961311383234432
20.85	0.9827579667293597
20.95	0.9700296928501774
21.05	0.9582969427899366
21.15	0.9456948521085439
21.25	0.9357303030961651
21.35	0.9285808798685957
21.45	0.9179404181868492
21.55	0.910130765538951
21.65	0.9025998958938877
21.75	0.8951664018302877
21.85	0.8913625619687441
21.95	0.8854563270989031
22.05	0.8817546406386112
22.15	0.8820152765163072
22.25	0.8814077435508657
22.35	0.8795634668073294
22.45	0.8812262365357562
22.55	0.8844845848848629
22.65	0.8868293220755381
22.75	0.8919791463379295
22.85	0.8964605459305628
22.95	NaN
23.05	0.9097789956387882
23.15	0.9161518922402976
23.25	0.924358191479801
23.35	0.9328335115141182
23.45	0.9461328969860665
23.55	0.957193137135225
23.65	0.9688738215134143
23.75	0.9796673940368035
23.85	0.9907258100416995
23.95	1.002810254960844
24.05	1.0145920428083557
24.15	1.0276938668103899
24.25	1.037475196477541
24.35	1.0482077803333012
24.45	1.0595835472211186
24.55	1.0670581897850089
24.65	1.0762890468352266
24.75	1.0831759519052535
24.85	1.088742573091751
24.95	1.0943130456586794
25.05	1.0997432112092658
25.15	1.1014080452710695
25.25	1.104095525601265
25.35	1.1057022418735907
25.45	1.105893398453401
25.55	1.1005639862457577
25.65	1.0968632174259216
25.75	1.0930842871477708
25.85	1.0888341429489747
25.95	1.081533781552154
26.05	1.075243515732741
26.15	1.0679247394764373
26.25	1.0603731890887154
26.35	1.0455436468781756
26.45	1.0428576465527741
26.55	1.0338016923219988
26.65	1.0248105350664887
26.75	1.0133754017241379
26.85	1.0074851571165284
26.95	0.9980661543764641
27.05	0.9929062835501281
27.15	0.983558938144964
27.25	0.9736495770359159
27.35	0.9673728060311512
27.45	0.9600511920940594
27.55	0.9517185749547198
27.65	0.9501269614900489
27.75	0.9437673842879942
27.85	0.9363982332341124
27.95	0.9356297523945388
28.05	0.9302694120004834
28.15	0.9290088433368392
28.25	0.9267441802308072
28.35	0.9252258011129447
28.45	0.9252042287567949
28.55	0.9245717551370009
28.65	0.9277898875594988
28.75	0.9253550760836807
28.85	0.9287949995148426
28.95	0.933181739212831
29.05	0.9347345994962436
29.15	0.9373739437082691
29.25	0.9433665529271713
29.35	0.950034316554613
29.45	0.9527682683945601
29.55	0.9588911217125989
29.65	0.9646152707537221
29.75	0.9729565957867449
29.85	0.9785307136031195
29.95	0.9867632423144387
30.05	0.9907290458317888
30.15	0.9979556797764793
30.25	1.0082531845438762
30.35	1.0157347841286555
30.45	1.0214976729847132
30.55	1.0300615829395976
30.65	1.0357792787209714
30.75	1.0410690929479935
30.85	1.046872222989148
30.95	1.0532460392138994
31.05	1.0554884535065057
31.15	1.0618799668886687
31.25	1.0638786523848256
31.35	1.0656242180940771
31.45	1.0670492290550346
31.55	1.0687003935591943
31.65	1.0663646620956313
31.75	1.0668344866706991
31.85	1.0647634766656546
31.95	1.0641116007113034
32.05	1.0597935053951224
32.15	1.0580490391212853
32.25	1.0548584621166641
32.35	1.0514101533428821
32.45	1.0440121845375465
32.55	1.036893773645598
32.65	1.0340788272061043
32.75	1.024217034247812
32.85	1.0198328243340749
32.95	1.0148769345984052
33.05	1.0056413245048983
33.15	0.9985163191792511
33.25	0.9961739468664317
33.35	0.9897135757758613
33.45	0.9857250803729054
33.55	0.9796732406905145
33.65	0.9738095295801383
33.75	0.9698080440528599
33.85	0.9649043457637676
33.95	0.9537075122187937
34.05	0.9587872642270479
34.15	0.9547486077003626
34.25	0.9530664564547633
34.35	0.9528834950869268
34.45	0.9495332622110813
34.55	0.9483287027142108
34.65	0.9484161538757844
34.75	0.9461280593231786
34.85	0.9483650132331761
34.95	0.946167509681012
35.05	0.9493659168400634
35.15	0.9516278953176802
35.25	0.9530410132276552
35.35	0.9554660671293542
35.45	0.9605587651356456
35.55	0.9627049593625634
35.65	0.9658129961156829
35.75	0.9680104609871879
35.85	0.9774266692935603
35.95	0.9794605841407891
36.05	0.984019758675656
36.15	0.9890493755479502
36.25	0.9936377499590641
36.35	0.9996991208442099
36.45	1.0043972787003317
36.55	NaN
36.65	1.0139297857222733
36.75	1.0207619063894848
36.85	1.0296507645851514
36.95	1.027106240050382
37.05	1.0314454512658804
37.15	1.0357134493648572
37.25	1.038318733101618
37.35	1.040938029443607
37.45	1.0428796353260716
37.55	1.0450917708197853
37.65	NaN
37.75	1.0496148342022742
37.85	1.0448806488563966
37.95	1.0459001892107231
38.05	1.0478844948005945
38.15	1.0438555327874055
38.25	1.0437962992276393
38.35	1.0412580442245234
38.45	1.0415447579520898
38.550000000000004	1.0350370690307975
38.65	1.0288296828719095
38.75	1.0284950945734623
38.85	1.025750511739667
38.95	1.0218754053997774
39.050000000000004	1.0188506132790394
39.15	NaN
39.25	NaN
39.35	NaN
39.45	NaN
39.550000000000004	0.9956602374178395
39.65	0.992344175967825
39.75	0.9882118448334467
39.85	0.9838821696861844
39.95	0.9799753680164088
40.050000000000004	0.9766024020173332
40.15	NaN
40.25	0.9718214575944477
40.35	0.9690712408721178
40.45	0.9657755483618105
40.550000000000004	0.9646459662951536
40.65	0.9640501713035268
40.75	0.9623176004446093
40.85	0.964101962919115
40.95	0.9620685811176438
41.050000000000004	0.9603362660229314
41.15	0.9640412359043176
41.25	0.9624721276509014
41.35	0.9648876625117152
41.45	0.9635087409021963
41.550000000000004	NaN
41.65	0.9697351480327823
41.75	0.9703652049678112
41.85	0.9757963241568941
41.95	0.9764086156756715
42.050000000000004	0.9805650990430306
42.15	NaN
42.25	0.9872370254970892
42.35	0.9891139845159317
42.45	0.9941798418033184
42.550000000000004	0.998023439696033
42.65	0.9994892981237956
42.75	1.0052189434366565
42.85	1.0102024738371203
42.95	1.0132404602397236
43.050000000000004	1.0158328560684469
43.15	1.0189981388113565
43.25	1.0214457911978607
43.35	1.022668330068
43.45	1.029398524189651
43.550000000000004	1.0309881400136378
43.65	NaN
43.75	1.0323366250302175
43.85	1.032725191931803
43.95	1.0348169728472183
44.050000000000004	1.0348714913943322
44.15	1.0351085104143087
44.25	NaN
44.35	1.033180127660026
44.45	1.032903223637458
44.550000000000004	1.030937312246039
44.65	1.030211900946514
44.75	1.0277330898069645
44.85	1.0248695297815391
44.95	1.0214714061816086
45.050000000000004	1.0199259063528932
45.15	1.0174184034695888
45.25	1.0122741533013773
45.35	NaN
45.45	1.007330234723118
45.550000000000004	1.0044438256738921
45.65	NaN
45.75	0.9992134824644755
45.85	0.9959907958765168
45.95	0.9906056578923441
46.050000000000004	0.9892124325958127
46.15	0.9869460620944359
46.25	0.981779740149032
46.35	0.9794167555390029
46.45	0.9796414620077168
46.550000000000004	0.9781423624908129
46.65	NaN
46.75	0.9743917018433952
46.85	0.9729561995906687
46.95	0.971747343505279
47.050000000000004	0.9709687567448263
47.15	0.9707241186376019
47.25	0.9684956193686723
47.35	0.9701121624227503
47.45	0.9729965217621769
47.550000000000004	0.969838666587239
47.65	0.972187249348772
47.75	0.9725588849513587
47.85	0.9765377186372983
47.95	0.9771778809155587
48.050000000000004	0.9807701653001203
48.15	0.9826269492187351
48.25	0.9844226458976767
48.35	0.9864249273813
48.45	0.9870672398134468
48.550000000000004	0.9899955375731286
48.65	0.9937285121524014
48.75	0.9965010005240843
48.85	0.9984377778669827
48.95	1.0024928739810586
49.050000000000004	1.0043801598013073
49.15	NaN
49.25	1.010407070718455
49.35	1.0132455028633043
49.45	1.015902127062313
49.550000000000004	1.0173064999027448
49.65	1.0183654513322578
49.75	1.0210882759846414
49.85	1.0219038310100341
49.95	1.025910359236946
50.050000000000004	1.025272373100769
50.15	1.0255470558389146
50.25	1.027479921692178
50.35	1.0265571164214902
50.45	1.0271571742669152
50.550000000000004	1.02673244954302
50.65	1.0274733936158622
50.75	1.025336588393007
50.85	1.0211161565008664
50.95	NaN
51.050000000000004	1.0198169802002683
51.15	1.0179388780236163
51.25	1.0168308880592982
51.35	1.0138478304100957
51.45	1.011432670333478
51.550000000000004	NaN
51.65	1.0074276895637522
51.75	1.0069923659561142
51.85	1.0023916211538912
51.95	1.000128512798831
52.050000000000004	NaN
52.15	0.9946959575274372
52.25	0.9937787185195349
52.35	0.9915757529820749
52.45	0.9916826841659424
52.550000000000004	0.9874224717860142
52.65	0.9882470163048108
52.75	0.9832345798105732
52.85	0.981754961672698
52.95	NaN
53.050000000000004	0.9792114267286989
53.15	NaN
53.25	0.9776078024048344
53.35	0.9775478048372311
53.45	0.9750124715042296
53.550000000000004	NaN
53.65	0.9771648338769497
53.75	NaN
53.85	0.9777784393979436
53.95	0.9792748009391381
54.050000000000004	NaN
54.15	0.9796297427580279
54.25	NaN
54.35	0.9844764276760029
54.45	0.9857071030738718
54.550000000000004	NaN
54.65	0.9899754080266125
54.75	0.9886632895992734
54.85	0.9942630832783301
54.95	0.9957262378119707
55.050000000000004	0.9973278667922986
55.15	1.0012079077064324
55.25	1.0033101124871517
55.35	1.0042231698047992
55.45	1.0076523850195496
55.550000000000004	1.007321330128337
55.65	1.0077876330503786
55.75	1.0153786323869693
55.85	1.0150024215744926
55.95	1.0159382920662907
56.050000000000004	1.017254206273111
56.15	1.0171250336761823
56.25	1.0211000482445194
56.35	1.0202349903555583
56.45	1.0217997217808255
56.550000000000004	1.0195816193806173
56.65	1.0204839965141599
56.75	NaN
56.85	1.0220124265478714
56.95	1.020926617647678
57.050000000000004	1.0192280408409449
57.15	1.019146575788798
57.25	1.0151621950430791
57.35	NaN
57.45	1.0146687278730233
57.550000000000004	1.0118788971451218
57.65	1.0118715256237234
57.75	1.0090358141900237
57.85	1.0056591743789767
57.95	1.0059237411162298
58.050000000000004	1.0036115763720088
58.15	1.0026832367745395
58.25	0.9992632687271497
58.35	0.9976577299461534
58.45	NaN
58.550000000000004	0.9935787776755252
58.65	0.9935033823446856
58.75	NaN
58.85	0.9885999135924356
58.95	NaN
59.050000000000004	0.9848513971230047
59.15	0.9856436459814503
59.25	0.9840213191671388
59.35	0.9818507526995759
59.45	0.9808403649080077
59.550000000000004	0.9813567441127875
59.65	0.9797686501175827
59.75	0.9809200868627335
59.85	NaN
59.95	0.9817548997641096
60.050000000000004	NaN
60.15	0.9822845472250247
60.25	0.9838080247405826
60.35	NaN
60.45	0.9841284691938662
60.550000000000004	0.9862576129308469
60.65	0.9901858825466539
60.75	0.9898726932992167
60.85	0.9876700605034716
60.95	0.9912129264556832
61.050000000000004	0.9941312916133115
61.15	0.9959777795278839
61.25	0.9970303538287134
61.35	0.9990346389094553
61.45	1.000042608636129
61.550000000000004	NaN
61.65	1.0035307152421327
61.75	NaN
61.85	NaN
61.95	1.0101757278514556
62.050000000000004	1.0118311048695534
62.15	1.01205308063518
62.25	1.0129808894782713
62.35	1.013636146960123
62.45	1.0141864893607682
62.550000000000004	1.0150604916452366
62.65	1.0143318468316076
62.75	1.0149657129275467
62.85	1.0167934973180675
62.95	1.016114517949553
63.050000000000004	1.0174140188506309
63.15	1.0174218068014005
63.25	NaN
63.35	1.0158878786508787
63.45	1.0138568950365214
63.550000000000004	1.014240941964665
63.65	1.0109175555315448
63.75	1.0104566019223156
63.85	1.0096568653842666
63.95	1.008894539574735
64.05	1.0070637747640239
64.14999999999999	1.0065327605335355
64.25	1.0044871922040643
64.35	1.0035741623267969
64.44999999999999	1.001043786355875
64.55	0.9993058981305261
64.64999999999999	0.9982453478028467
64.75	0.9965826664011053
64.85	0.9954430387764394
64.94999999999999	0.9932663071296712
65.05	0.9917390219442961
65.14999999999999	0.9901310903098778
65.25	NaN
65.35	0.9890341085219153
65.44999999999999	NaN
65.55	0.9867477171704219
65.64999999999999	0.9820298657504791
65.75	0.9860487499401356
65.85	0.9845432247291069
65.94999999999999	0.9849051634066249
66.05	NaN
66.14999999999999	0.9841642325802656
66.25	0.9854378664019998
66.35	0.9862683211779057
66.44999999999999	0.9862325039132662
66.55	0.986302273993872
66.64999999999999	NaN
66.75	0.9873734631168842
66.85	NaN
66.94999999999999	NaN
67.05	0.990392141227273
67.14999999999999	0.9925926725295726
67.25	0.9946533704852515
67.35	0.9949825128360873
67.44999999999999	0.9966832044062541
67.55	0.9986633130759494
67.64999999999999	NaN
67.75	NaN
67.85	1.0003301175423667
67.94999999999999	1.0034453736967797
68.05	1.0040859108955404
68.14999999999999	1.007269102055187
68.25	NaN
68.35	1.0093682054304216
68.44999999999999	1.0121320398667457
68.55	1.0116645590926883
68.64999999999999	NaN
68.75	1.0123056120147171
68.85	1.0142885350067694
68.94999999999999	1.0135338360029893
69.05	1.0144746083150566
69.14999999999999	1.0122402045518537
69.25	1.0140903555606875
69.35	1.0147788857417748
69.44999999999999	NaN
69.55	1.0147253245486494
69.64999999999999	1.0126692504175465
69.75	NaN
69.85	1.0125687140275208
69.94999999999999	NaN
70.05	1.0082447292077126
70.14999999999999	1.0094637385186684
70.25	NaN
70.35	1.0055343485838324
70.44999999999999	NaN
70.55	1.0038080924913129
70.64999999999999	1.0002724350212502
70.75	1.0015892111452454
70.85	0.9998475502391375
70.94999999999999	0.9973691959527553
71.05	0.9986328926278836
71.14999999999999	0.9939957393616006
71.25	NaN
71.35	0.9949529786621373
71.44999999999999	0.9919462286415767
71.55	0.9907179953344221
71.64999999999999	0.9908581067807514
71.75	0.9890773243533594
71.85	0.9890484640817381
71.94999999999999	0.9880711622880126
72.05	NaN
72.14999999999999	NaN
72.25	NaN
72.35	NaN
72.44999999999999	0.9858684489553196
72.55	0.9870017460071854
72.64999999999999	0.9871347161117016
72.75	NaN
72.85	0.9878063552068662
72.94999999999999	0.9902433979221467
73.05	0.9900189130726822
73.14999999999999	0.9908009136988999
73.25	0.9913822391768712
73.35	0.9936743739468705
73.44999999999999	NaN
73.55	0.9966921821559032
73.64999999999999	NaN
73.75	NaN
73.85	1.0002979674055372
73.94999999999999	0.9989207923786069
74.05	1.001193005629667
74.14999999999999	1.0031908034268702
74.25	1.0033420638677517
74.35	1.0055996555770297
74.44999999999999	1.0058180929349811
74.55	1.0056876688107217
74.64999999999999	1.0097541367417382
74.75	1.0065725737000315
74.85	1.0085179256521164
74.94999999999999	1.007094567932146
75.05	1.009929266279459
75.14999999999999	1.0111767646591603
75.25	NaN
75.35	NaN
75.44999999999999	NaN
75.55	1.011484770414901
75.64999999999999	NaN
75.75	NaN
75.85	1.0115495250839022
75.94999999999999	1.0104464233277126
76.05	1.011055482835102
76.14999999999999	1.0085401267436596
76.25	NaN
76.35	1.0081543707121023
76.44999999999999	NaN
76.55	1.0070971503369068
76.64999999999999	1.0044253415847566
76.75	NaN
76.85	NaN
76.95	NaN
77.05	NaN
77.14999999999999	1.000419714413504
77.25	0.9986383422662475
77.35	0.9974525434884685
77.45	0.9966352666368014
77.55	0.9941283108689525
77.64999999999999	0.9944168594530101
77.75	0.9935265258587289
77.85	0.9928340326233025
77.95	0.9899585821989367
78.05	0.9912334203840778
78.14999999999999	0.990570735138955
78.25	0.9891802984464573
78.35	0.9901378837443592
78.45	NaN
78.55	NaN
78.64999999999999	0.9894591797032931
78.75	0.9876181094183015
78.85	NaN
78.95	0.9886396208825798
79.05	NaN
79.14999999999999	NaN
79.25	0.9923787971172752
79.35	NaN
79.45	0.9937103084932813
79.55	0.9943222516852964
79.64999999999999	NaN
79.75	0.9947858700093666
79.85	0.9969218554548374
